1718211590045 0.04 10
1718211603308 0.08 20
1718211616560 0.12 30
1718211629740 0.16 40
1718211642746 0.2 50
1718211656236 0.24 60
1718211669517 0.28 70
1718211682823 0.32 80
1718211695992 0.36 90
1718211708921 0.4 100
1718211722387 0.44 110
1718211735760 0.48 120
1718211749113 0.52 130
1718211762233 0.56 140
1718211775122 0.6 150
1718211788597 0.64 160
1718211801965 0.68 170
1718211815319 0.72 180
1718211828573 0.76 190
1718211841630 0.8 200
1718211855045 0.84 210
1718211868485 0.88 220
1718211881801 0.92 230
1718211895036 0.96 240
1718211907866 1.0 250
1718211907866 1.0 250
