1718211590045 2.9108023643493652 10
1718211603308 0.7099550366401672 20
1718211616560 0.3280578553676605 30
1718211629740 0.533561110496521 40
1718211642746 0.6087246537208557 50
1718211656236 0.23194599151611328 60
1718211669517 0.3229186534881592 70
1718211682823 0.41984856128692627 80
1718211695992 0.87838214635849 90
1718211708921 0.16721035540103912 100
1718211722387 1.5712308883666992 110
1718211735760 0.6035619378089905 120
1718211749113 0.4798184633255005 130
1718211762233 0.6560958027839661 140
1718211775122 0.9066596031188965 150
1718211788597 0.2343658208847046 160
1718211801965 0.4358021020889282 170
1718211815319 1.018973708152771 180
1718211828573 0.7520849704742432 190
1718211841630 0.43459609150886536 200
1718211855045 0.5737852454185486 210
1718211868485 0.22927899658679962 220
1718211881801 0.25839394330978394 230
1718211895036 0.33768725395202637 240
1718211907866 0.28369882702827454 250
