1718211590045 0.0001999915737775817 10
1718211603308 0.0001989821441880933 20
1718211616560 0.00019630694141514464 30
1718211629740 0.0001920109865186052 40
1718211642746 0.0001861665762396974 50
1718211656236 0.00017887206631718203 60
1718211669517 0.00017025021625596853 70
1718211682823 0.00016044612340408466 80
1718211695992 0.00014962478110547918 90
1718211708921 0.0001379683020225714 100
1718211722387 0.00012567285335732633 110
1718211735760 0.00011294535554810354 120
1718211749113 0.0001 130
1718211762233 8.705464445189647e-05 140
1718211775122 7.432714664267373e-05 150
1718211788597 6.203169797742861e-05 160
1718211801965 5.0375218894520834e-05 170
1718211815319 3.9553876595915375e-05 180
1718211828573 2.974978374403147e-05 190
1718211841630 2.112793368281799e-05 200
1718211855045 1.3833423760302611e-05 210
1718211868485 7.989013481394814e-06 220
1718211881801 3.693058584855369e-06 230
1718211895036 1.0178558119067315e-06 240
1718211907866 8.426222418311814e-09 250
