1718211590045 1.7741 10
1718211603308 0.2145 20
1718211616560 0.1571 30
1718211629740 0.1529 40
1718211642746 0.1174 50
1718211656236 0.3449 60
1718211669517 0.1466 70
1718211682823 0.1215 80
1718211695992 0.1276 90
1718211708921 0.096 100
1718211722387 0.1674 110
1718211735760 0.1578 120
1718211749113 0.1312 130
1718211762233 0.1458 140
1718211775122 0.1226 150
1718211788597 0.1135 160
1718211801965 0.1076 170
1718211815319 0.137 180
1718211828573 0.1667 190
1718211841630 0.1243 200
1718211855045 0.1055 210
1718211868485 0.0848 220
1718211881801 0.0867 230
1718211895036 0.108 240
1718211907866 0.1064 250
