1718411594271 0.02 10
1718411614447 0.03 20
1718411634680 0.05 30
1718411654929 0.06 40
1718411676253 0.08 50
1718411697552 0.1 60
1718411717685 0.11 70
1718411737792 0.13 80
1718411757849 0.14 90
1718411777774 0.16 100
1718411798093 0.18 110
1718411818163 0.19 120
1718411838304 0.21 130
1718411858354 0.22 140
1718411878599 0.24 150
1718411899815 0.26 160
1718411920610 0.27 170
1718411940989 0.29 180
1718411961238 0.3 190
1718411981255 0.32 200
1718412001681 0.34 210
1718412021978 0.35 220
1718412042212 0.37 230
1718412062251 0.38 240
1718412082088 0.4 250
1718412102336 0.42 260
1718412122442 0.43 270
1718412142532 0.45 280
1718412162561 0.46 290
1718412182441 0.48 300
1718412279917 0.48 300
1718412302613 0.5 310
1718412322870 0.51 320
1718412343089 0.53 330
1718412363282 0.54 340
1718412383322 0.56 350
1718412403751 0.58 360
1718412423944 0.59 370
1718412444050 0.61 380
1718412464115 0.62 390
1718412483992 0.64 400
1718412504244 0.66 410
1718412524395 0.67 420
1718412544472 0.69 430
1718412564483 0.7 440
1718412584265 0.72 450
1718412604517 0.74 460
1718412624706 0.75 470
1718412644894 0.77 480
1718412665021 0.78 490
1718412684689 0.8 500
1718412704950 0.82 510
1718412725051 0.83 520
1718412745232 0.85 530
1718412765452 0.86 540
1718412785389 0.88 550
1718412805669 0.9 560
1718412825799 0.91 570
1718412845920 0.93 580
1718412865949 0.94 590
1718412885665 0.96 600
1718412982708 0.96 600
1718413004985 0.98 610
1718413025246 0.99 620
1718413035411 1.0 625
