1718411594271 43.0551872253418 10
1718411614447 6.284538269042969 20
1718411634680 4.343379497528076 30
1718411654929 1.8034780025482178 40
1718411676253 1.8299057483673096 50
1718411697552 49.80956268310547 60
1718411717685 14.803071022033691 70
1718411737792 4.221334934234619 80
1718411757849 2.3568084239959717 90
1718411777774 11.118349075317383 100
1718411798093 2.373070478439331 110
1718411818163 2.6867523193359375 120
1718411838304 1.291477918624878 130
1718411858354 2.4999794960021973 140
1718411878599 0.4659271836280823 150
1718411899815 2.874415159225464 160
1718411920610 1.756525993347168 170
1718411940989 4.420309066772461 180
1718411961238 1.2266159057617188 190
1718411981255 1.1714520454406738 200
1718412001681 1.7087373733520508 210
1718412021978 1.7542085647583008 220
1718412042212 1.6075146198272705 230
1718412062251 1.3061728477478027 240
1718412082088 1.0879687070846558 250
1718412102336 412.19036865234375 260
1718412122442 13.259759902954102 270
1718412142532 7.116446495056152 280
1718412162561 10.367294311523438 290
1718412182441 17.474279403686523 300
1718412302613 18.312461853027344 310
1718412322870 19.83330535888672 320
1718412343089 1.033339500427246 330
1718412363282 2.7236545085906982 340
1718412383322 0.7388578653335571 350
1718412403751 1.0259407758712769 360
1718412423944 0.4698168635368347 370
1718412444050 1.0308758020401 380
1718412464115 2.251330852508545 390
1718412483992 27.421186447143555 400
1718412504244 1.665374994277954 410
1718412524395 0.9790860414505005 420
1718412544472 0.7681741714477539 430
1718412564483 1.2267554998397827 440
1718412584265 0.9844211935997009 450
1718412604517 0.3885590732097626 460
1718412624706 2.367117166519165 470
1718412644894 3.3055360317230225 480
1718412665021 7.526844024658203 490
1718412684689 2.370490074157715 500
1718412704950 1.0664098262786865 510
1718412725051 1.8142191171646118 520
1718412745232 1.085083246231079 530
1718412765452 0.5281667709350586 540
1718412785389 0.80274498462677 550
1718412805669 0.4741308093070984 560
1718412825799 1.3723313808441162 570
1718412845920 0.9663055539131165 580
1718412865949 2.0827274322509766 590
1718412885665 0.4115138351917267 600
1718413004985 2.4534010887145996 610
1718413025246 1.2938334941864014 620
