1718411594271 6.31578947368421e-05 10
1718411614447 0.00016842105263157895 20
1718411634680 0.00019993416256221895 30
1718411654929 0.0001996119021565693 40
1718411676253 0.00019902199100196697 50
1718411697552 0.00019816601415159263 60
1718411717685 0.00019704627155997108 70
1718411737792 0.00019566577190314197 80
1718411757849 0.00019402822449454153 90
1718411777774 0.00019213802931831696 100
1718411798093 0.00019000026520685302 110
1718411818163 0.00018762067619427746 120
1718411838304 0.00018500565608261214 130
1718411858354 0.00018216223126204007 140
1718411878599 0.0001790980418314484 150
1718411899815 0.00017582132106997616 160
1718411920610 0.00017234087331472497 170
1718411940989 0.0001686660503040737 180
1718411961238 0.0001648067260501611 190
1718411981255 0.0001607732703080532 200
1718412001681 0.0001565765207128805 210
1718412021978 0.00015222775365981273 220
1718412042212 0.00014773865400511272 230
1718412062251 0.00014312128366968243 240
1718412082088 0.00013838804922946027 250
1718412102336 0.0001335516685797525 260
1718412122442 0.00012862513676307008 270
1718412142532 0.00012362169105228826 280
1718412162561 0.00011855477538294935 290
1718412182441 0.00011343800423027582 300
1718412302613 0.00010828512602795462 310
1718412322870 0.0001031099862269837 320
1718412343089 9.844481880796491e-05 330
1718412363282 9.326571030931637e-05 340
1718412383322 8.810469641222001e-05 350
1718412403751 8.297564442776014e-05 360
1718412423944 7.789233578742582e-05 370
1718412444050 7.286842901329412e-05 380
1718412464115 6.791742301846326e-05 390
1718412483992 6.305262083634488e-05 400
1718412504244 5.828709387627218e-05 410
1718412524395 5.363364680146725e-05 420
1718412544472 4.9104783123737566e-05 430
1718412564483 4.471267160734731e-05 440
1718412584265 4.046911357233343e-05 450
1718412604517 3.638551118512089e-05 460
1718412624706 3.2472836821637744e-05 470
1718412644894 2.874160358524931e-05 480
1718412665021 2.5201837058728505e-05 490
1718412684689 2.1863048366162208e-05 500
1718412704950 1.8734208617174988e-05 510
1718412725051 1.5823724802136865e-05 520
1718412745232 1.3139417203123027e-05 530
1718412765452 1.0688498381320855e-05 540
1718412785389 8.47755379734373e-06 550
1718412805669 6.512524116523633e-06 560
1718412825799 4.798689246727006e-06 570
1718412845920 3.3406541515832003e-06 580
1718412865949 2.1423364772445887e-06 590
1718412885665 1.2069560259243328e-06 600
1718413004985 5.370261044956971e-07 610
1718413025246 1.3434677139885222e-07 620
