1718411594271 9.4604 10
1718411614447 0.5723 20
1718411634680 0.355 30
1718411654929 0.2576 40
1718411676253 0.2648 50
1718411697552 0.5118 60
1718411717685 0.6951 70
1718411737792 0.1885 80
1718411757849 0.1672 90
1718411777774 0.1374 100
1718411798093 0.8328 110
1718411818163 0.2625 120
1718411838304 0.1948 130
1718411858354 0.1792 140
1718411878599 0.1651 150
1718411899815 0.2254 160
1718411920610 0.2813 170
1718411940989 0.1972 180
1718411961238 0.1486 190
1718411981255 0.1065 200
1718412001681 0.1665 210
1718412021978 0.1305 220
1718412042212 0.3921 230
1718412062251 0.3861 240
1718412082088 0.1099 250
1718412102336 0.4014 260
1718412122442 4.9108 270
1718412142532 2.8248 280
1718412162561 1.603 290
1718412182441 0.4605 300
1718412302613 0.2606 310
1718412322870 0.1592 320
1718412343089 0.3266 330
1718412363282 0.3648 340
1718412383322 0.2998 350
1718412403751 0.1202 360
1718412423944 0.099 370
1718412444050 0.1277 380
1718412464115 0.1076 390
1718412483992 0.1556 400
1718412504244 0.118 410
1718412524395 0.1198 420
1718412544472 0.1058 430
1718412564483 0.0973 440
1718412584265 0.0896 450
1718412604517 0.0757 460
1718412624706 0.0921 470
1718412644894 0.0935 480
1718412665021 0.1009 490
1718412684689 0.0726 500
1718412704950 0.1114 510
1718412725051 0.1045 520
1718412745232 0.0709 530
1718412765452 0.0707 540
1718412785389 0.0884 550
1718412805669 0.0742 560
1718412825799 0.065 570
1718412845920 0.0662 580
1718412865949 0.0544 590
1718412885665 0.0717 600
1718413004985 0.0734 610
1718413025246 0.0647 620
