1718216473431 0.01 10
1718216485618 0.02 20
1718216497883 0.02 30
1718216510231 0.03 40
1718216522302 0.04 50
1718216534687 0.05 60
1718216546968 0.06 70
1718216559205 0.06 80
1718216571370 0.07 90
1718216583376 0.08 100
1718216595819 0.09 110
1718216608169 0.1 120
1718216620372 0.1 130
1718216632655 0.11 140
1718216644680 0.12 150
1718216657044 0.13 160
1718216669422 0.14 170
1718216681819 0.14 180
1718216694106 0.15 190
1718216706333 0.16 200
1718216718710 0.17 210
1718216731154 0.18 220
1718216744024 0.18 230
1718216756837 0.19 240
1718216769610 0.2 250
1718216782479 0.21 260
1718216794945 0.22 270
1718216807646 0.22 280
1718216820272 0.23 290
1718216832729 0.24 300
1718216955705 0.24 300
1718216971431 0.25 310
1718216984233 0.26 320
1718216997063 0.26 330
1718217009604 0.27 340
1718217022044 0.28 350
1718217034891 0.29 360
1718217047676 0.3 370
1718217060323 0.3 380
1718217072831 0.31 390
1718217085335 0.32 400
1718217098385 0.33 410
1718217111237 0.34 420
1718217124070 0.34 430
1718217136807 0.35 440
1718217149187 0.36 450
1718217162190 0.37 460
1718217174779 0.38 470
1718217187490 0.38 480
1718217200117 0.39 490
1718217212959 0.4 500
1718217225674 0.41 510
1718217238076 0.42 520
1718217250620 0.42 530
1718217262941 0.43 540
1718217274872 0.44 550
1718217287284 0.45 560
1718217300052 0.46 570
1718217312885 0.46 580
1718217325372 0.47 590
1718217338032 0.48 600
1718217461497 0.48 600
1718217476542 0.49 610
1718217489234 0.5 620
1718217501962 0.5 630
1718217514778 0.51 640
1718217527438 0.52 650
1718217540383 0.53 660
1718217553243 0.54 670
1718217566061 0.54 680
1718217578618 0.55 690
1718217591292 0.56 700
1718217604211 0.57 710
1718217616869 0.58 720
1718217629606 0.58 730
1718217642274 0.59 740
1718217654762 0.6 750
1718217667564 0.61 760
1718217680467 0.62 770
1718217693123 0.62 780
1718217705936 0.63 790
1718217718527 0.64 800
1718217731521 0.65 810
1718217744263 0.66 820
1718217757075 0.66 830
1718217769587 0.67 840
1718217782097 0.68 850
1718217795028 0.69 860
1718217807604 0.7 870
1718217820356 0.7 880
1718217832940 0.71 890
1718217845313 0.72 900
1718217966661 0.72 900
1718217981289 0.73 910
1718217993805 0.74 920
1718218006292 0.74 930
1718218018644 0.75 940
1718218030874 0.76 950
1718218043461 0.77 960
1718218055838 0.78 970
1718218068438 0.78 980
1718218081046 0.79 990
1718218093587 0.8 1000
1718218106590 0.81 1010
1718218119565 0.82 1020
1718218132197 0.82 1030
1718218144890 0.83 1040
1718218157709 0.84 1050
1718218170859 0.85 1060
1718218183743 0.86 1070
1718218196662 0.86 1080
1718218209224 0.87 1090
1718218221624 0.88 1100
1718218234418 0.89 1110
1718218247216 0.9 1120
1718218259994 0.9 1130
1718218272711 0.91 1140
1718218285165 0.92 1150
1718218297973 0.93 1160
1718218310735 0.94 1170
1718218323434 0.94 1180
1718218336239 0.95 1190
1718218348968 0.96 1200
1718218472676 0.96 1200
1718218488941 0.97 1210
1718218501807 0.98 1220
1718218514586 0.98 1230
1718218527377 0.99 1240
1718218539778 1.0 1250
1718218540018 1.0 1250
