1718216473431 3.271284580230713 10
1718216485618 1.9050641059875488 20
1718216497883 1.2008750438690186 30
1718216510231 1.723250150680542 40
1718216522302 0.36461004614830017 50
1718216534687 1.3560302257537842 60
1718216546968 0.5863498449325562 70
1718216559205 0.7696481347084045 80
1718216571370 0.9387319087982178 90
1718216583376 0.06888724118471146 100
1718216595819 0.1597101092338562 110
1718216608169 0.7632158994674683 120
1718216620372 0.47294485569000244 130
1718216632655 0.1526326686143875 140
1718216644680 0.924781858921051 150
1718216657044 0.44234398007392883 160
1718216669422 0.09072606265544891 170
1718216681819 1.1129485368728638 180
1718216694106 0.8314133882522583 190
1718216706333 0.282633513212204 200
1718216718710 1.3446747064590454 210
1718216731154 0.23585191369056702 220
1718216744024 0.25601476430892944 230
1718216756837 0.6118780970573425 240
1718216769610 1.392677664756775 250
1718216782479 0.2209305614233017 260
1718216794945 0.55999755859375 270
1718216807646 1.5418301820755005 280
1718216820272 0.5374166369438171 290
1718216832729 0.19109435379505157 300
1718216971431 0.809775173664093 310
1718216984233 0.8711109161376953 320
1718216997063 1.5735222101211548 330
1718217009604 0.4473015367984772 340
1718217022044 1.214861273765564 350
1718217034891 0.4617745578289032 360
1718217047676 0.3020547330379486 370
1718217060323 0.1343650221824646 380
1718217072831 0.30576199293136597 390
1718217085335 0.5074324011802673 400
1718217098385 0.41019749641418457 410
1718217111237 0.10577019304037094 420
1718217124070 0.7638736367225647 430
1718217136807 0.0283042062073946 440
1718217149187 0.33801573514938354 450
1718217162190 0.43964898586273193 460
1718217174779 0.6543023586273193 470
1718217187490 0.706984281539917 480
1718217200117 0.6160429120063782 490
1718217212959 0.8750227093696594 500
1718217225674 0.4719581604003906 510
1718217238076 0.2669034004211426 520
1718217250620 0.1549074798822403 530
1718217262941 4.471778869628906 540
1718217274872 0.1348632127046585 550
1718217287284 0.7383792400360107 560
1718217300052 0.4975026249885559 570
1718217312885 0.5426576137542725 580
1718217325372 1.3142919540405273 590
1718217338032 0.1805846095085144 600
1718217476542 0.41302648186683655 610
1718217489234 1.2895071506500244 620
1718217501962 0.17181923985481262 630
1718217514778 0.3938690423965454 640
1718217527438 0.3662263751029968 650
1718217540383 0.06622523814439774 660
1718217553243 0.33183202147483826 670
1718217566061 0.27584579586982727 680
1718217578618 0.13273508846759796 690
1718217591292 0.6841380596160889 700
1718217604211 0.6493015289306641 710
1718217616869 0.7590256929397583 720
1718217629606 0.5001436471939087 730
1718217642274 0.2975051999092102 740
1718217654762 0.1431492120027542 750
1718217667564 0.11935228854417801 760
1718217680467 0.7779489755630493 770
1718217693123 0.2514602541923523 780
1718217705936 0.39817360043525696 790
1718217718527 0.4642025828361511 800
1718217731521 0.5120460987091064 810
1718217744263 0.7231918573379517 820
1718217757075 0.9820338487625122 830
1718217769587 0.0837254449725151 840
1718217782097 0.44352608919143677 850
1718217795028 0.3526923358440399 860
1718217807604 0.4105163514614105 870
1718217820356 0.35612955689430237 880
1718217832940 0.20460285246372223 890
1718217845313 0.08181779086589813 900
1718217981289 0.37144845724105835 910
1718217993805 0.2925582230091095 920
1718218006292 0.38887885212898254 930
1718218018644 0.43565720319747925 940
1718218030874 0.09299047291278839 950
1718218043461 0.38639548420906067 960
1718218055838 0.12226314842700958 970
1718218068438 0.6980063319206238 980
1718218081046 0.2659164071083069 990
1718218093587 0.5273334383964539 1000
1718218106590 0.2315409779548645 1010
1718218119565 0.7339761257171631 1020
1718218132197 0.2786473035812378 1030
1718218144890 0.10664079338312149 1040
1718218157709 0.5416268110275269 1050
1718218170859 0.4398115873336792 1060
1718218183743 0.8210301399230957 1070
1718218196662 0.20402003824710846 1080
1718218209224 0.44557419419288635 1090
1718218221624 0.4433176517486572 1100
1718218234418 0.39976441860198975 1110
1718218247216 0.20348210632801056 1120
1718218259994 0.12819203734397888 1130
1718218272711 0.18769845366477966 1140
1718218285165 0.31555816531181335 1150
1718218297973 0.35826677083969116 1160
1718218310735 0.479096919298172 1170
1718218323434 0.4087490737438202 1180
1718218336239 0.4660997986793518 1190
1718218348968 0.38948842883110046 1200
1718218488941 0.1475827991962433 1210
1718218501807 1.7704545259475708 1220
1718218514586 0.42456504702568054 1230
1718218527377 0.5136536955833435 1240
1718218539778 0.26316705346107483 1250
