1718216473431 4.736842105263158e-05 10
1718216485618 0.0001 20
1718216497883 0.00015263157894736845 30
1718216510231 0.00019999966405802826 40
1718216522302 0.00019995935375248606 50
1718216534687 0.000199851886084842 60
1718216546968 0.0001996773332568941 70
1718216559205 0.0001994358125413841 80
1718216571370 0.00019912748620320794 90
1718216583376 0.00019875256139039902 100
1718216595819 0.00019831128999495606 110
1718216608169 0.0001978039684836106 120
1718216620372 0.00019723093769864663 130
1718216632655 0.00019659258262890683 140
1718216644680 0.00019588933215113926 150
1718216657044 0.00019512165874185767 160
1718216669422 0.00019429007815990993 170
1718216681819 0.00019339514909996706 180
1718216694106 0.000192437472817166 190
1718216706333 0.00019141769272315858 200
1718216718710 0.00019033649395383702 210
1718216731154 0.00018919460290902826 220
1718216744024 0.00018799278676446423 230
1718216756837 0.0001867318529563574 240
1718216769610 0.00018541264863892754 250
1718216782479 0.000184036060115244 260
1718216794945 0.00018260301224176558 270
1718216807646 0.00018111446780697929 280
1718216820272 0.00017957142688455362 290
1718216832729 0.00017797492616144256 300
1718216971431 0.00017632603824139085 310
1718216984233 0.00017462587092430875 320
1718216997063 0.00017287556646200018 330
1718217009604 0.00017107630079074478 340
1718217022044 0.00016922928274124886 350
1718217034891 0.00016733575322649657 360
1718217047676 0.00016539698440804661 370
1718217060323 0.0001634142788413346 380
1718217072831 0.00016138896860055555 390
1718217085335 0.0001593224143837142 400
1718217098385 0.00015721600459844468 410
1718217111237 0.0001550711544292131 420
1718217124070 0.00015288930488653094 430
1718217136807 0.00015067192183881658 440
1718217149187 0.0001484204950275565 450
1718217162190 0.0001461365370664276 460
1718217174779 0.00014382158242505234 470
1718217187490 0.0001414771863980707 480
1718217200117 0.00013910492406022033 490
1718217212959 0.000136706389208128 500
1718217225674 0.00013428319328952253 510
1718217238076 0.00013183696432058888 520
1718217250620 0.00012936934579219094 530
1718217262941 0.00012688199556569753 540
1718217274872 0.00012437658475915377 550
1718217287284 0.00012185479662454595 560
1718217300052 0.00011931832541691418 570
1718217312885 0.00011676887525607271 580
1718217325372 0.0001142081589817027 590
1718217338032 0.00011163789700258655 600
1718217476542 0.00010905981614075693 610
1718217489234 0.000106475648471337 620
1718217501962 0.00010388713015885161 630
1718217514778 0.00010129600029079072 640
1718217527438 9.870399970920932e-05 650
1718217540383 9.611286984114841e-05 660
1718217553243 9.352435152866298e-05 670
1718217566061 9.09401838592431e-05 680
1718217578618 8.836210299741346e-05 690
1718217591292 8.579184101829734e-05 700
1718217604211 8.323112474392731e-05 710
1718217616869 8.068167458308582e-05 720
1718217629606 7.814520337545406e-05 730
1718217642274 7.562341524084623e-05 740
1718217654762 7.311800443430251e-05 750
1718217667564 7.06306542078091e-05 760
1718217680467 6.816303567941112e-05 770
1718217693123 6.571680671047749e-05 780
1718217705936 6.329361079187199e-05 790
1718217718527 6.08950759397797e-05 800
1718217731521 5.8522813601929324e-05 810
1718217744263 5.617841757494762e-05 820
1718217757075 5.386346293357242e-05 830
1718217769587 5.15795049724435e-05 840
1718217782097 4.9328078161183464e-05 850
1718217795028 4.7110695113469085e-05 860
1718217807604 4.492884557078688e-05 870
1718217820356 4.278399540155536e-05 880
1718217832940 4.0677585616285774e-05 890
1718217845313 3.861103139944449e-05 900
1718217981289 3.658572115866541e-05 910
1718217993805 3.4603015591953395e-05 920
1718218006292 3.266424677350346e-05 930
1718218018644 3.077071725875116e-05 940
1718218030874 2.8923699209255284e-05 950
1718218043461 2.712443353799984e-05 960
1718218055838 2.5374129075691265e-05 970
1718218068438 2.3673961758609152e-05 980
1718218081046 2.2025073838557454e-05 990
1718218093587 2.0428573115446392e-05 1000
1718218106590 1.8885532193020704e-05 1010
1718218119565 1.739698775823442e-05 1020
1718218132197 1.5963939884756042e-05 1030
1718218144890 1.4587351361072454e-05 1040
1718218157709 1.326814704364262e-05 1050
1718218170859 1.2007213235535786e-05 1060
1718218183743 1.0805397090971737e-05 1070
1718218196662 9.663506046162985e-06 1080
1718218209224 8.582307276841462e-06 1090
1718218221624 7.562527182833978e-06 1100
1718218234418 6.604850900032955e-06 1110
1718218247216 5.7099218400900716e-06 1120
1718218259994 4.87834125814235e-06 1130
1718218272711 4.1106678488607495e-06 1140
1718218285165 3.40741737109318e-06 1150
1718218297973 2.7690623013533976e-06 1160
1718218310735 2.1960315163894075e-06 1170
1718218323434 1.6887100050439587e-06 1180
1718218336239 1.2474386096010039e-06 1190
1718218348968 8.725137967920738e-07 1200
1718218488941 5.64187458615939e-07 1210
1718218501807 3.2266674310589273e-07 1220
1718218514586 1.481139151579991e-07 1230
1718218527377 4.064624751394242e-08 1240
1718218539778 3.3594197175190745e-10 1250
