1718216473431 2.2372 10
1718216485618 0.4054 20
1718216497883 0.1473 30
1718216510231 0.2309 40
1718216522302 0.1604 50
1718216534687 0.2091 60
1718216546968 0.1794 70
1718216559205 0.1241 80
1718216571370 0.1043 90
1718216583376 0.0934 100
1718216595819 0.1845 110
1718216608169 0.1053 120
1718216620372 0.2482 130
1718216632655 0.1077 140
1718216644680 0.1483 150
1718216657044 0.1936 160
1718216669422 0.1705 170
1718216681819 0.232 180
1718216694106 0.2145 190
1718216706333 0.0961 200
1718216718710 0.207 210
1718216731154 0.1319 220
1718216744024 0.181 230
1718216756837 0.1122 240
1718216769610 0.1595 250
1718216782479 0.124 260
1718216794945 0.1019 270
1718216807646 0.1762 280
1718216820272 0.1163 290
1718216832729 0.1254 300
1718216971431 0.1299 310
1718216984233 0.1362 320
1718216997063 0.1052 330
1718217009604 0.1326 340
1718217022044 0.171 350
1718217034891 0.1913 360
1718217047676 0.1214 370
1718217060323 0.1225 380
1718217072831 0.2096 390
1718217085335 0.1212 400
1718217098385 0.1374 410
1718217111237 0.0961 420
1718217124070 0.1503 430
1718217136807 0.0774 440
1718217149187 0.1795 450
1718217162190 0.1437 460
1718217174779 0.1322 470
1718217187490 0.1317 480
1718217200117 0.1259 490
1718217212959 0.1632 500
1718217225674 0.1024 510
1718217238076 0.1998 520
1718217250620 0.1257 530
1718217262941 0.0924 540
1718217274872 0.0882 550
1718217287284 0.1524 560
1718217300052 0.0758 570
1718217312885 0.1051 580
1718217325372 0.1664 590
1718217338032 0.1161 600
1718217476542 0.11 610
1718217489234 0.1344 620
1718217501962 0.1084 630
1718217514778 0.1637 640
1718217527438 0.1613 650
1718217540383 0.1427 660
1718217553243 0.0974 670
1718217566061 0.1504 680
1718217578618 0.1102 690
1718217591292 0.209 700
1718217604211 0.1053 710
1718217616869 0.1312 720
1718217629606 0.1135 730
1718217642274 0.1219 740
1718217654762 0.0793 750
1718217667564 0.1332 760
1718217680467 0.1205 770
1718217693123 0.1024 780
1718217705936 0.0843 790
1718217718527 0.1222 800
1718217731521 0.1434 810
1718217744263 0.1123 820
1718217757075 0.1419 830
1718217769587 0.0852 840
1718217782097 0.0785 850
1718217795028 0.1685 860
1718217807604 0.1402 870
1718217820356 0.1295 880
1718217832940 0.0887 890
1718217845313 0.0976 900
1718217981289 0.0974 910
1718217993805 0.1292 920
1718218006292 0.0947 930
1718218018644 0.1138 940
1718218030874 0.0749 950
1718218043461 0.093 960
1718218055838 0.1337 970
1718218068438 0.1718 980
1718218081046 0.115 990
1718218093587 0.1089 1000
1718218106590 0.1064 1010
1718218119565 0.096 1020
1718218132197 0.1267 1030
1718218144890 0.115 1040
1718218157709 0.1311 1050
1718218170859 0.1262 1060
1718218183743 0.0933 1070
1718218196662 0.1231 1080
1718218209224 0.095 1090
1718218221624 0.1237 1100
1718218234418 0.108 1110
1718218247216 0.1099 1120
1718218259994 0.0741 1130
1718218272711 0.0967 1140
1718218285165 0.1082 1150
1718218297973 0.1131 1160
1718218310735 0.0997 1170
1718218323434 0.0609 1180
1718218336239 0.0913 1190
1718218348968 0.1331 1200
1718218488941 0.1268 1210
1718218501807 0.1046 1220
1718218514586 0.1142 1230
1718218527377 0.1097 1240
1718218539778 0.1088 1250
