1717947842000 0.0 0
1717947852013 17.7 1
1717947862040 19.6 2
1717947872055 18.1 3
1717947882076 17.0 4
1717947892090 21.7 5
1717947902105 25.0 6
1717947912116 18.0 7
1717947922128 17.0 8
1717947932140 17.8 9
1717947942153 20.3 10
1717947952166 18.9 11
1717947962178 16.7 12
1717947972190 17.9 13
1717947982203 17.0 14
1717947992219 16.1 15
1717948002236 18.2 16
1717948012250 20.2 17
1717948022279 20.1 18
1717948032295 19.7 19
1717948042310 18.1 20
1717948052328 17.8 21
1717948062342 18.0 22
1717948072359 19.6 23
1717948082372 18.2 24
1717948092391 19.1 25
1717948102404 16.9 26
1717948112424 16.8 27
1717948122441 17.8 28
1717948132458 17.3 29
1717948142470 17.1 30
1717948152493 16.7 31
1717948162513 18.5 32
1717948172558 16.4 33
1717948182576 17.9 34
1717948192591 16.2 35
1717948202607 16.8 36
1717948212620 20.1 37
1717948222633 22.2 38
1717948232659 20.4 39
1717948242672 17.4 40
1717948252686 16.2 41
1717948262699 15.6 42
1717948272711 15.4 43
1717948282726 16.5 44
1717948292748 15.2 45
1717948302763 15.6 46
1717948312785 20.2 47
1717948322800 18.4 48
1717948332816 19.8 49
1717948342831 14.9 50
1717948352845 7.4 51
1717948362900 6.7 52
1717948372914 6.9 53
1717948382929 6.8 54
1717948392943 6.8 55
1717948402962 6.6 56
1717948412974 8.7 57
1717948422988 9.0 58
1717948433006 8.2 59
1717948443022 8.3 60
1717948453044 8.4 61
1717948463059 8.3 62
1717948473074 8.3 63
1717948483090 8.0 64
1717948493106 8.4 65
1717948503123 9.6 66
1717948513139 12.7 67
1717948523154 12.7 68
1717948533169 12.4 69
1717948543185 12.2 70
1717948553229 12.7 71
1717948563250 12.5 72
1717948573266 12.3 73
1717948583281 9.4 74
1717948593308 8.1 75
1717948603325 8.2 76
1717948613340 8.2 77
1717948623359 8.4 78
1717948633377 8.6 79
1717948643396 8.6 80
1717948653414 8.5 81
1717948663430 8.5 82
1717948673451 8.6 83
1717948683465 8.4 84
1717948693483 8.0 85
1717948703497 8.8 86
1717948713512 8.8 87
1717948723530 9.0 88
1717948733546 9.9 89
1717948743562 9.2 90
1717948753583 12.3 91
1717948763598 17.1 92
1717948773617 14.5 93
1717948783633 16.3 94
1717948793649 16.3 95
1717948803672 16.6 96
1717948813690 16.8 97
1717948823708 18.3 98
1717948833724 18.6 99
1717948843738 16.0 100
1717948853754 15.4 101
1717948863767 14.5 102
1717948873781 15.8 103
1717948883797 14.4 104
1717948893811 15.7 105
1717948903824 16.3 106
1717948913840 19.3 107
1717948923857 19.3 108
1717948933876 18.9 109
1717948943892 20.0 110
1717948953910 19.5 111
1717948963927 18.0 112
1717948973944 19.1 113
1717948983960 17.2 114
1717948993979 18.1 115
1717949003999 17.0 116
1717949014025 18.8 117
1717949024045 19.1 118
1717949034125 19.9 119
1717949044140 18.7 120
1717949054163 14.8 121
1717949064231 9.5 122
1717949074256 8.0 123
1717949084279 8.0 124
1717949094302 8.3 125
1717949104376 8.4 126
1717949114403 8.0 127
1717949124425 8.3 128
1717949134475 8.9 129
1717949144527 9.2 130
1717949154545 12.0 131
1717949164563 12.3 132
1717949174586 12.7 133
1717949184605 12.4 134
1717949194623 12.8 135
1717949204645 12.2 136
1717949214664 12.2 137
1717949224683 10.9 138
1717949234705 8.1 139
1717949244735 8.4 140
1717949254800 8.2 141
1717949264828 8.2 142
1717949274857 8.4 143
1717949284926 8.1 144
1717949294944 8.2 145
1717949304978 8.6 146
1717949315042 8.6 147
1717949325106 8.0 148
1717949335125 8.2 149
1717949345143 8.6 150
1717949355165 8.7 151
1717949365197 9.2 152
1717949375219 8.3 153
1717949385239 8.0 154
1717949395310 8.2 155
1717949405374 8.4 156
1717949415411 8.1 157
1717949425434 8.7 158
1717949435507 8.5 159
1717949445527 8.3 160
1717949455544 8.4 161
1717949465562 9.4 162
1717949475583 8.7 163
1717949485617 9.1 164
1717949495644 7.2 165
1717949505670 7.3 166
1717949515693 7.8 167
1717949525717 6.6 168
1717949535739 7.0 169
1717949545823 6.7 170
1717949555897 6.5 171
1717949565922 6.3 172
1717949575981 12.9 173
1717949585998 11.5 174
1717949596022 6.5 175
1717949606101 7.8 176
1717949616177 6.9 177
1717949626210 7.1 178
1717949637038 6.9 179
1717949647058 15.2 180
1717949657075 8.9 181
1717949667092 9.2 182
1717949677108 9.8 183
1717949687142 8.7 184
1717949697165 8.4 185
1717949707184 7.7 186
1717949717205 8.2 187
1717949727225 8.6 188
1717949737247 11.8 189
1717949747285 8.6 190
1717949757307 11.3 191
1717949767340 9.5 192
1717949777375 13.8 193
1717949787393 13.5 194
1717949797411 12.6 195
1717949807432 13.6 196
1717949817458 12.5 197
1717949827474 12.8 198
1717949837493 13.2 199
1717949847513 11.5 200
1717949857531 9.0 201
1717949867549 7.0 202
1717949877575 6.9 203
1717949887605 7.7 204
1717949897627 6.8 205
1717949907647 9.1 206
1717949917667 7.6 207
1717949927700 6.8 208
1717949937771 6.2 209
1717949947829 6.0 210
1717949957853 6.3 211
1717949967875 6.6 212
1717949977898 6.7 213
1717949987917 7.1 214
1717949997946 7.0 215
1717950008019 7.7 216
1717950018067 6.9 217
1717950028091 6.2 218
1717950038162 6.5 219
1717950048244 7.1 220
1717950058320 8.1 221
1717950068344 6.9 222
1717950078370 7.2 223
1717950088398 7.3 224
1717950098426 9.8 225
1717950108445 7.4 226
1717950118465 5.9 227
1717950128483 5.9 228
1717950138507 6.0 229
1717950148528 6.3 230
1717950158546 6.8 231
1717950168564 6.6 232
1717950178585 6.1 233
1717950188607 6.5 234
1717950198642 6.7 235
1717950208670 7.0 236
1717950218696 6.8 237
1717950228725 7.5 238
1717950238744 9.4 239
1717950248764 7.9 240
1717950258788 7.8 241
1717950268809 8.0 242
1717950278830 8.1 243
1717950288859 10.1 244
1717950298946 9.7 245
1717950308979 7.9 246
1717950319016 9.5 247
1717950329051 7.9 248
1717950339088 7.0 249
1717950349109 6.4 250
1717950359127 6.9 251
1717950369157 10.1 252
1717950379187 10.3 253
1717950389209 12.0 254
1717950399229 10.5 255
1717950409246 10.1 256
1717950419267 11.5 257
1717950429298 11.1 258
1717950439324 7.3 259
1717950449344 6.8 260
1717950459364 6.6 261
1717950469439 7.5 262
1717950479509 7.1 263
1717950489537 8.0 264
1717950499565 6.7 265
1717950509591 8.5 266
1717950519614 6.2 267
1717950529652 7.1 268
1717950539676 6.7 269
1717950549701 8.1 270
1717950559729 7.3 271
1717950569765 6.9 272
1717950579794 7.8 273
1717950589828 8.1 274
1717950599912 7.2 275
1717950609947 7.0 276
1717950619979 7.3 277
1717950630007 7.5 278
1717950640040 8.8 279
1717950650082 9.0 280
1717950660130 7.2 281
1717950670158 6.7 282
1717950680190 10.5 283
1717950690210 10.0 284
1717950700237 10.1 285
1717950710329 8.6 286
1717950720353 7.4 287
1717950730375 7.3 288
1717950740398 7.7 289
1717950750419 12.9 290
1717950760450 12.4 291
1717950770478 8.5 292
1717950780500 7.7 293
1717950790535 7.6 294
1717950800557 7.5 295
1717950810645 11.2 296
1717950820683 8.6 297
1717950830750 9.2 298
1717950840828 9.0 299
1717950850861 9.0 300
1717950860884 7.5 301
1717950870957 10.1 302
1717950880979 11.9 303
1717950891003 10.7 304
1717950901033 6.0 305
1717950911074 6.0 306
1717950921105 6.1 307
1717950931146 6.0 308
1717950941198 6.2 309
1717950951291 6.2 310
1717950961314 9.9 311
1717950971342 10.3 312
1717950981364 10.0 313
1717950991386 10.3 314
1717951001407 9.8 315
1717951011440 10.3 316
1717951021519 10.0 317
1717951031549 8.8 318
1717951041575 6.4 319
1717951051596 6.1 320
1717951061627 6.4 321
1717951071701 6.0 322
1717951081780 5.9 323
1717951091803 5.8 324
1717951101873 6.3 325
1717951111956 5.8 326
1717951121990 6.0 327
1717951132037 6.3 328
1717951142128 6.2 329
1717951152160 6.0 330
1717951162190 6.5 331
1717951172210 5.9 332
1717951182242 6.0 333
1717951192324 6.0 334
1717951202358 5.9 335
1717951212386 6.0 336
1717951222431 6.2 337
1717951232506 5.9 338
1717951242586 6.2 339
1717951252659 6.0 340
1717951262737 5.9 341
1717951272756 6.2 342
1717951282801 6.1 343
1717951292878 6.0 344
1717951302923 6.1 345
1717951312950 6.0 346
1717951322977 6.1 347
1717951333019 6.3 348
1717951343050 6.1 349
1717951353081 6.0 350
1717951363152 6.1 351
1717951373232 5.9 352
1717951383254 5.8 353
1717951393288 6.0 354
1717951403361 6.1 355
1717951413393 6.4 356
1717951423420 6.2 357
1717951433450 5.9 358
1717951443526 6.2 359
1717951453549 6.1 360
1717951463576 6.3 361
1717951473602 6.0 362
1717951483681 6.0 363
1717951493718 5.9 364
1717951503748 6.3 365
1717951513786 6.1 366
1717951524385 6.2 367
1717951534436 9.7 368
1717951544465 10.2 369
1717951554500 10.4 370
1717951564524 10.3 371
1717951574547 10.2 372
1717951584577 10.1 373
1717951594606 10.0 374
1717951604687 8.3 375
1717951614711 5.8 376
1717951624777 6.1 377
1717951634806 6.1 378
1717951644829 6.1 379
1717951654911 6.0 380
1717951664936 6.0 381
1717951674965 6.2 382
1717951685049 5.9 383
1717951695086 6.1 384
1717951705123 6.1 385
1717951715203 6.1 386
1717951725243 6.1 387
1717951735270 6.0 388
1717951745317 5.9 389
1717951755349 6.2 390
1717951765438 6.0 391
1717951775476 6.2 392
1717951785511 5.8 393
1717951795546 6.1 394
1717951805587 6.2 395
1717951815667 6.0 396
1717951825744 6.1 397
1717951835819 6.1 398
1717951845846 6.2 399
1717951855931 6.0 400
1717951866001 6.1 401
1717951876035 6.2 402
1717951886081 6.5 403
1717951896134 7.0 404
1717951906158 6.4 405
1717951916184 6.3 406
1717951926234 6.2 407
1717951936261 6.3 408
1717951946342 6.2 409
1717951956426 6.3 410
1717951966499 6.2 411
1717951976574 5.8 412
1717951986599 6.1 413
1717951996635 6.0 414
1717952006719 5.9 415
1717952016744 6.1 416
1717952026770 5.8 417
1717952036816 6.3 418
1717952046907 6.1 419
1717952056940 5.9 420
1717952066963 6.1 421
1717952077047 5.8 422
1717952087674 6.3 423
1717952097699 6.5 424
1717952107724 10.2 425
1717952117759 10.1 426
1717952127791 10.2 427
1717952137824 10.1 428
1717952147846 9.9 429
1717952157870 10.2 430
1717952167907 10.3 431
1717952177930 7.6 432
1717952188013 6.2 433
1717952198038 5.9 434
1717952208114 6.2 435
1717952218141 6.1 436
1717952228165 5.9 437
1717952238249 6.3 438
1717952248283 6.2 439
1717952258373 6.2 440
1717952268456 6.1 441
1717952278483 6.1 442
1717952288513 6.2 443
1717952298578 6.0 444
1717952308658 6.1 445
1717952318686 5.8 446
1717952328759 6.2 447
1717952338787 5.9 448
1717952348810 6.2 449
1717952358834 6.2 450
1717952368912 5.9 451
1717952378940 6.2 452
1717952388974 6.0 453
1717952399048 6.1 454
1717952409090 6.0 455
1717952419163 6.4 456
1717952429236 6.3 457
1717952439261 6.4 458
1717952449296 6.2 459
1717952459342 6.1 460
1717952469364 6.7 461
1717952479399 8.4 462
1717952489482 8.8 463
1717952499529 8.3 464
1717952509602 6.2 465
1717952519671 6.0 466
1717952529695 5.3 467
1717952539720 5.6 468
1717952549792 5.5 469
1717952559875 5.4 470
1717952569948 5.4 471
1717952579980 5.4 472
1717952590057 5.6 473
1717952600144 5.5 474
1717952610184 5.4 475
1717952620265 5.6 476
1717952630337 5.3 477
1717952640403 5.4 478
1717952650428 5.5 479
1717952660453 5.5 480
1717952670480 6.8 481
1717952680504 9.7 482
1717952690526 9.4 483
1717952700558 9.4 484
1717952710585 9.4 485
1717952720613 9.6 486
1717952730656 9.3 487
1717952740746 9.6 488
1717952750776 5.5 489
1717952760846 5.5 490
1717952770918 5.5 491
1717952780943 5.4 492
1717952790967 5.4 493
1717952801038 5.2 494
1717952811110 5.6 495
1717952821135 5.4 496
1717952831207 5.4 497
1717952841285 5.5 498
1717952851362 5.5 499
1717952861388 5.7 500
1717952871454 5.4 501
1717952881525 5.2 502
1717952891599 5.4 503
1717952901625 5.3 504
1717952911652 5.4 505
1717952921731 5.4 506
1717952931757 5.4 507
1717952941791 5.7 508
1717952951862 5.5 509
1717952961930 5.4 510
1717952972005 5.4 511
1717952982077 5.6 512
1717952992154 5.3 513
1717953002246 5.4 514
1717953012320 5.5 515
1717953022409 5.3 516
1717953032490 5.5 517
1717953042568 5.7 518
1717953052594 5.4 519
1717953062680 5.6 520
1717953072759 5.4 521
1717953082797 5.4 522
1717953092834 5.5 523
1717953102920 5.3 524
1717953113017 5.5 525
1717953123067 5.3 526
1717953133157 5.6 527
1717953143234 5.5 528
1717953153314 5.3 529
1717953163401 5.6 530
1717953173442 5.3 531
1717953183522 5.4 532
1717953193600 5.4 533
1717953203636 5.4 534
1717953213672 5.4 535
1717953223850 5.5 536
1717953233885 8.9 537
1717953243916 9.5 538
1717953253944 9.6 539
1717953263997 9.6 540
1717953274030 9.5 541
1717953284073 9.6 542
1717953294147 9.4 543
1717953304179 7.7 544
1717953314258 5.5 545
1717953324353 5.3 546
1717953334433 5.4 547
1717953344466 5.5 548
1717953354546 5.4 549
1717953364618 5.4 550
1717953374668 5.5 551
1717953384722 5.4 552
1717953394824 5.4 553
1717953404920 5.6 554
1717953415005 5.7 555
1717953425040 5.3 556
1717953435115 5.5 557
1717953445195 5.4 558
1717953455227 5.5 559
1717953465263 5.6 560
1717953475361 5.2 561
1717953485457 5.4 562
