1717947842000 158773.4 0
1717947852013 158772.1 1
1717947862040 158772.1 2
1717947872055 158775.0 3
1717947882076 158775.1 4
1717947892090 158775.1 5
1717947902105 158775.1 6
1717947912116 158775.1 7
1717947922128 158775.1 8
1717947932140 158775.1 9
1717947942153 158775.1 10
1717947952166 158775.1 11
1717947962178 158775.1 12
1717947972190 158775.1 13
1717947982203 158775.1 14
1717947992219 158775.1 15
1717948002236 158775.1 16
1717948012250 158781.8 17
1717948022279 158781.8 18
1717948032295 158781.5 19
1717948042310 158781.6 20
1717948052328 158781.6 21
1717948062342 158781.5 22
1717948072359 158781.3 23
1717948082372 158781.1 24
1717948092391 158781.1 25
1717948102404 158781.1 26
1717948112424 158781.1 27
1717948122441 158781.1 28
1717948132458 158781.1 29
1717948142470 158781.1 30
1717948152493 158781.1 31
1717948162513 158781.1 32
1717948172558 158781.1 33
1717948182576 158781.1 34
1717948192591 158781.1 35
1717948202607 158781.1 36
1717948212620 158781.1 37
1717948222633 158778.8 38
1717948232659 158779.0 39
1717948242672 158777.7 40
1717948252686 158778.1 41
1717948262699 158777.9 42
1717948272711 158777.2 43
1717948282726 158777.2 44
1717948292748 158769.4 45
1717948302763 158776.6 46
1717948312785 158777.2 47
1717948322800 158777.1 48
1717948332816 158777.0 49
1717948342831 158776.8 50
1717948352845 158776.8 51
1717948362900 158776.7 52
1717948372914 158776.7 53
1717948382929 158776.9 54
1717948392943 158776.8 55
1717948402962 158776.8 56
1717948412974 158776.8 57
1717948422988 158780.2 58
1717948433006 158780.3 59
1717948443022 158780.2 60
1717948453044 158780.2 61
1717948463059 158780.2 62
1717948473074 158780.2 63
1717948483090 158780.2 64
1717948493106 158780.2 65
1717948503123 157280.8 66
1717948513139 157280.8 67
1717948523154 157280.8 68
1717948533169 157272.5 69
1717948543185 157280.8 70
1717948553229 157280.8 71
1717948563250 157272.5 72
1717948573266 157280.8 73
1717948583281 157280.8 74
1717948593308 157280.8 75
1717948603325 157280.8 76
1717948613340 157281.8 77
1717948623359 157281.8 78
1717948633377 157281.4 79
1717948643396 157281.5 80
1717948653414 157281.4 81
1717948663430 157281.4 82
1717948673451 157281.4 83
1717948683465 157281.4 84
1717948693483 157281.4 85
1717948703497 157281.4 86
1717948713512 157281.4 87
1717948723530 157280.1 88
1717948733546 157278.2 89
1717948743562 157280.9 90
1717948753583 157280.1 91
1717948763598 157280.0 92
1717948773617 157280.1 93
1717948783633 157280.0 94
1717948793649 157276.9 95
1717948803672 157276.6 96
1717948813690 157276.6 97
1717948823708 157275.9 98
1717948833724 157275.8 99
1717948843738 157275.8 100
1717948853754 157275.8 101
1717948863767 157275.8 102
1717948873781 157275.7 103
1717948883797 157275.7 104
1717948893811 157275.7 105
1717948903824 157275.7 106
1717948913840 157275.2 107
1717948923857 157275.2 108
1717948933876 157273.5 109
1717948943892 157274.3 110
1717948953910 157275.7 111
1717948963927 157275.0 112
1717948973944 157274.3 113
1717948983960 157274.3 114
1717948993979 157274.3 115
1717949003999 157274.3 116
1717949014025 157273.9 117
1717949024045 157276.5 118
1717949034125 157276.2 119
1717949044140 157276.1 120
1717949054163 157276.1 121
1717949064231 157276.1 122
1717949074256 157276.1 123
1717949084279 157276.1 124
1717949094302 157276.1 125
1717949104376 157276.1 126
1717949114403 157276.1 127
1717949124425 157276.1 128
1717949134475 157276.1 129
1717949144527 157276.1 130
1717949154545 155776.7 131
1717949164563 155776.7 132
1717949174586 155776.6 133
1717949184605 155776.5 134
1717949194623 155776.5 135
1717949204645 155776.5 136
1717949214664 155776.5 137
1717949224683 155776.5 138
1717949234705 155776.5 139
1717949244735 155776.5 140
1717949254800 155776.5 141
1717949264828 155776.5 142
1717949274857 155776.5 143
1717949284926 155776.5 144
1717949294944 155776.5 145
1717949304978 155776.5 146
1717949315042 155776.5 147
1717949325106 155776.5 148
1717949335125 155776.5 149
1717949345143 155776.4 150
1717949355165 155776.4 151
1717949365197 155776.4 152
1717949375219 155776.4 153
1717949385239 155776.4 154
1717949395310 155776.4 155
1717949405374 155776.4 156
1717949415411 155776.4 157
1717949425434 155776.4 158
1717949435507 155776.4 159
1717949445527 155776.4 160
1717949455544 155776.4 161
1717949465562 155776.4 162
1717949475583 155776.4 163
1717949485617 155776.4 164
1717949495644 155776.4 165
1717949505670 155776.1 166
1717949515693 155776.0 167
1717949525717 155776.1 168
1717949535739 155776.1 169
1717949545823 155776.3 170
1717949555897 155776.3 171
1717949565922 155776.3 172
1717949575981 155776.3 173
1717949585998 155776.3 174
1717949596022 155776.3 175
1717949606101 155776.3 176
1717949616177 155776.2 177
1717949626210 155776.2 178
1717949637038 155776.2 179
1717949647058 155772.6 180
1717949657075 155768.3 181
1717949667092 155781.3 182
1717949677108 155777.0 183
1717949687142 155772.4 184
1717949697165 155777.4 185
1717949707184 155790.2 186
1717949717205 155786.2 187
1717949727225 155781.9 188
1717949737247 155777.3 189
1717949747285 155790.1 190
1717949757307 155785.7 191
1717949767340 154286.4 192
1717949777375 154277.8 193
1717949787393 154290.1 194
1717949797411 154285.2 195
1717949807432 154280.6 196
1717949817458 154276.0 197
1717949827474 154288.1 198
1717949837493 154284.8 199
1717949847513 154282.3 200
1717949857531 154277.6 201
1717949867549 154276.8 202
1717949877575 154276.4 203
1717949887605 154275.9 204
1717949897627 154275.3 205
1717949907647 154275.2 206
1717949917667 154278.3 207
1717949927700 154277.9 208
1717949937771 154277.9 209
1717949947829 154277.9 210
1717949957853 154277.9 211
1717949967875 154277.9 212
1717949977898 154277.8 213
1717949987917 154277.4 214
1717949997946 154277.3 215
1717950008019 154277.2 216
1717950018067 154277.2 217
1717950028091 154277.2 218
1717950038162 154277.2 219
1717950048244 154277.2 220
1717950058320 154277.2 221
1717950068344 154277.2 222
1717950078370 154277.2 223
1717950088398 154277.2 224
1717950098426 154277.1 225
1717950108445 154277.1 226
1717950118465 154277.1 227
1717950128483 154277.1 228
1717950138507 154277.1 229
1717950148528 154277.1 230
1717950158546 154277.1 231
1717950168564 154277.1 232
1717950178585 154277.1 233
1717950188607 154277.1 234
1717950198642 154277.1 235
1717950208670 154277.1 236
1717950218696 154277.1 237
1717950228725 154277.1 238
1717950238744 154277.1 239
1717950248764 154277.1 240
1717950258788 154277.1 241
1717950268809 154277.1 242
1717950278830 154277.1 243
1717950288859 154289.8 244
1717950298946 154285.5 245
1717950308979 154281.1 246
1717950319016 154276.8 247
1717950329051 154292.3 248
1717950339088 154292.3 249
1717950349109 154292.3 250
1717950359127 152792.9 251
1717950369157 152792.9 252
1717950379187 152792.9 253
1717950389209 152792.9 254
1717950399229 152792.9 255
1717950409246 152792.9 256
1717950419267 152792.9 257
1717950429298 152792.9 258
1717950439324 152792.9 259
1717950449344 152792.9 260
1717950459364 152792.9 261
1717950469439 152792.9 262
1717950479509 152792.9 263
1717950489537 152792.8 264
1717950499565 152792.8 265
1717950509591 152792.8 266
1717950519614 152792.8 267
1717950529652 152792.8 268
1717950539676 152792.8 269
1717950549701 152792.8 270
1717950559729 152792.8 271
1717950569765 152792.7 272
1717950579794 152791.1 273
1717950589828 152793.8 274
1717950599912 152792.6 275
1717950609947 152792.3 276
1717950619979 152792.4 277
1717950630007 152792.4 278
1717950640040 152789.8 279
1717950650082 152789.8 280
1717950660130 152789.8 281
1717950670158 152789.8 282
1717950680190 152785.5 283
1717950690210 152781.2 284
1717950700237 152774.1 285
1717950710329 152770.0 286
1717950720353 152782.9 287
1717950730375 152779.2 288
1717950740398 152774.3 289
1717950750419 152770.1 290
1717950760450 152784.6 291
1717950770478 152780.2 292
1717950780500 152776.0 293
1717950790535 152771.7 294
1717950800557 152784.9 295
1717950810645 152780.5 296
1717950820683 152776.3 297
1717950830750 152771.9 298
1717950840828 152784.5 299
1717950850861 152780.3 300
1717950860884 152776.0 301
1717950870957 152771.7 302
1717950880979 152784.9 303
1717950891003 152784.9 304
1717950901033 152784.9 305
1717950911074 152784.9 306
1717950921105 152784.9 307
1717950931146 152784.9 308
1717950941198 152784.9 309
1717950951291 152784.8 310
1717950961314 151285.4 311
1717950971342 151285.4 312
1717950981364 151285.4 313
1717950991386 151285.4 314
1717951001407 151285.4 315
1717951011440 151285.4 316
1717951021519 151285.4 317
1717951031549 151285.4 318
1717951041575 151285.4 319
1717951051596 151285.4 320
1717951061627 151285.4 321
1717951071701 151285.4 322
1717951081780 151285.4 323
1717951091803 151285.4 324
1717951101873 151285.4 325
1717951111956 151285.4 326
1717951121990 151285.4 327
1717951132037 151285.4 328
1717951142128 151285.4 329
1717951152160 151285.4 330
1717951162190 151285.4 331
1717951172210 151285.4 332
1717951182242 151285.4 333
1717951192324 151285.4 334
1717951202358 151285.4 335
1717951212386 151285.4 336
1717951222431 151285.4 337
1717951232506 151285.4 338
1717951242586 151285.4 339
1717951252659 151285.4 340
1717951262737 151285.4 341
1717951272756 151285.4 342
1717951282801 151285.4 343
1717951292878 151285.4 344
1717951302923 151285.4 345
1717951312950 151285.3 346
1717951322977 151285.3 347
1717951333019 151285.3 348
1717951343050 151285.3 349
1717951353081 151285.3 350
1717951363152 151285.3 351
1717951373232 151285.4 352
1717951383254 151285.3 353
1717951393288 151285.3 354
1717951403361 151285.3 355
1717951413393 151285.3 356
1717951423420 151285.3 357
1717951433450 151285.3 358
1717951443526 151285.3 359
1717951453549 151285.3 360
1717951463576 151285.3 361
1717951473602 151285.3 362
1717951483681 151285.3 363
1717951493718 151285.3 364
1717951503748 151285.3 365
1717951513786 151285.3 366
1717951524385 151285.3 367
1717951534436 149785.9 368
1717951544465 149785.9 369
1717951554500 149785.9 370
1717951564524 149785.9 371
1717951574547 149785.9 372
1717951584577 149785.9 373
1717951594606 149785.9 374
1717951604687 149785.9 375
1717951614711 149785.9 376
1717951624777 149785.9 377
1717951634806 149785.9 378
1717951644829 149785.9 379
1717951654911 149785.9 380
1717951664936 149785.9 381
1717951674965 149785.9 382
1717951685049 149785.9 383
1717951695086 149785.9 384
1717951705123 149785.9 385
1717951715203 149785.9 386
1717951725243 149785.9 387
1717951735270 149785.9 388
1717951745317 149785.9 389
1717951755349 149785.9 390
1717951765438 149785.9 391
1717951775476 149785.9 392
1717951785511 149785.9 393
1717951795546 149785.9 394
1717951805587 149785.9 395
1717951815667 149785.9 396
1717951825744 149785.8 397
1717951835819 149785.8 398
1717951845846 149785.8 399
1717951855931 149785.9 400
1717951866001 149785.8 401
1717951876035 149785.8 402
1717951886081 149775.0 403
1717951896134 149785.9 404
1717951906158 149785.9 405
1717951916184 149785.3 406
1717951926234 149785.3 407
1717951936261 149785.2 408
1717951946342 149785.2 409
1717951956426 149785.2 410
1717951966499 149785.2 411
1717951976574 149785.2 412
1717951986599 149785.2 413
1717951996635 149785.2 414
1717952006719 149785.2 415
1717952016744 149785.2 416
1717952026770 149785.2 417
1717952036816 149785.2 418
1717952046907 149785.2 419
1717952056940 149785.2 420
1717952066963 149785.2 421
1717952077047 149785.2 422
1717952087674 149785.2 423
1717952097699 148285.8 424
1717952107724 148285.8 425
1717952117759 148285.8 426
1717952127791 148285.8 427
1717952137824 148285.8 428
1717952147846 148285.8 429
1717952157870 148285.8 430
1717952167907 148285.8 431
1717952177930 148285.8 432
1717952188013 148285.8 433
1717952198038 148285.8 434
1717952208114 148285.8 435
1717952218141 148285.8 436
1717952228165 148285.8 437
1717952238249 148285.8 438
1717952248283 148285.8 439
1717952258373 148285.8 440
1717952268456 148285.8 441
1717952278483 148285.6 442
1717952288513 148285.5 443
1717952298578 148285.5 444
1717952308658 148285.5 445
1717952318686 148285.5 446
1717952328759 148285.5 447
1717952338787 148285.5 448
1717952348810 148285.5 449
1717952358834 148285.5 450
1717952368912 148285.5 451
1717952378940 148285.5 452
1717952388974 148285.5 453
1717952399048 148285.5 454
1717952409090 148285.5 455
1717952419163 148285.5 456
1717952429236 148285.5 457
1717952439261 148285.5 458
1717952449296 148285.5 459
1717952459342 148285.5 460
1717952469364 148285.5 461
1717952479399 148285.4 462
1717952489482 148293.4 463
1717952499529 148405.4 464
1717952509602 148405.4 465
1717952519671 148405.4 466
1717952529695 148405.4 467
1717952539720 148405.4 468
1717952549792 148405.4 469
1717952559875 148405.4 470
1717952569948 148405.4 471
1717952579980 148405.4 472
1717952590057 148405.4 473
1717952600144 148405.4 474
1717952610184 148405.4 475
1717952620265 148405.4 476
1717952630337 148405.4 477
1717952640403 148405.4 478
1717952650428 148405.4 479
1717952660453 148405.4 480
1717952670480 146906.0 481
1717952680504 146906.0 482
1717952690526 146906.0 483
1717952700558 146906.0 484
1717952710585 146906.0 485
1717952720613 146906.0 486
1717952730656 146906.0 487
1717952740746 146906.0 488
1717952750776 146906.0 489
1717952760846 146906.0 490
1717952770918 146906.0 491
1717952780943 146906.0 492
1717952790967 146906.0 493
1717952801038 146906.0 494
1717952811110 146906.0 495
1717952821135 146906.0 496
1717952831207 146906.0 497
1717952841285 146906.0 498
1717952851362 146906.0 499
1717952861388 146906.0 500
1717952871454 146906.0 501
1717952881525 146906.0 502
1717952891599 146906.0 503
1717952901625 146906.0 504
1717952911652 146906.0 505
1717952921731 146906.0 506
1717952931757 146906.0 507
1717952941791 146906.0 508
1717952951862 146906.0 509
1717952961930 146906.0 510
1717952972005 146906.0 511
1717952982077 146906.0 512
1717952992154 146906.0 513
1717953002246 146906.0 514
1717953012320 146906.0 515
1717953022409 146906.0 516
1717953032490 146906.0 517
1717953042568 146906.0 518
1717953052594 146906.0 519
1717953062680 146906.0 520
1717953072759 146906.0 521
1717953082797 146906.0 522
1717953092834 146906.0 523
1717953102920 146906.0 524
1717953113017 146906.0 525
1717953123067 146906.0 526
1717953133157 146906.0 527
1717953143234 146906.0 528
1717953153314 146906.0 529
1717953163401 146906.0 530
1717953173442 146906.0 531
1717953183522 146906.0 532
1717953193600 146906.0 533
1717953203636 146906.0 534
1717953213672 146906.0 535
1717953223850 146906.0 536
1717953233885 145406.5 537
1717953243916 145406.5 538
1717953253944 145406.5 539
1717953263997 145406.5 540
1717953274030 145406.5 541
1717953284073 145406.5 542
1717953294147 145406.5 543
1717953304179 145406.5 544
1717953314258 145406.5 545
1717953324353 145406.5 546
1717953334433 145406.5 547
1717953344466 145406.5 548
1717953354546 145406.5 549
1717953364618 145406.5 550
1717953374668 145406.5 551
1717953384722 145406.5 552
1717953394824 145406.5 553
1717953404920 145406.5 554
1717953415005 145406.5 555
1717953425040 145406.5 556
1717953435115 145406.5 557
1717953445195 145406.5 558
1717953455227 145406.5 559
1717953465263 145406.5 560
1717953475361 145406.5 561
1717953485457 145406.5 562
