1717947842000 83.0 0
1717947852013 83.0 1
1717947862040 83.0 2
1717947872055 83.0 3
1717947882076 83.0 4
1717947892090 83.0 5
1717947902105 83.0 6
1717947912116 83.0 7
1717947922128 83.0 8
1717947932140 83.0 9
1717947942153 83.0 10
1717947952166 83.0 11
1717947962178 83.0 12
1717947972190 83.0 13
1717947982203 83.0 14
1717947992219 83.0 15
1717948002236 83.0 16
1717948012250 83.0 17
1717948022279 83.0 18
1717948032295 83.0 19
1717948042310 83.0 20
1717948052328 83.0 21
1717948062342 83.0 22
1717948072359 83.0 23
1717948082372 83.0 24
1717948092391 83.0 25
1717948102404 83.0 26
1717948112424 83.0 27
1717948122441 83.0 28
1717948132458 83.0 29
1717948142470 83.0 30
1717948152493 83.0 31
1717948162513 83.0 32
1717948172558 83.0 33
1717948182576 83.0 34
1717948192591 83.0 35
1717948202607 83.0 36
1717948212620 83.0 37
1717948222633 83.0 38
1717948232659 83.0 39
1717948242672 83.0 40
1717948252686 83.0 41
1717948262699 83.0 42
1717948272711 83.0 43
1717948282726 83.0 44
1717948292748 83.0 45
1717948302763 83.0 46
1717948312785 83.0 47
1717948322800 83.0 48
1717948332816 83.0 49
1717948342831 83.0 50
1717948352845 83.0 51
1717948362900 83.0 52
1717948372914 83.0 53
1717948382929 83.0 54
1717948392943 83.0 55
1717948402962 83.0 56
1717948412974 83.0 57
1717948422988 83.0 58
1717948433006 83.0 59
1717948443022 83.0 60
1717948453044 83.0 61
1717948463059 83.0 62
1717948473074 83.0 63
1717948483090 83.0 64
1717948493106 83.0 65
1717948503123 83.1 66
1717948513139 83.1 67
1717948523154 83.1 68
1717948533169 83.1 69
1717948543185 83.1 70
1717948553229 83.1 71
1717948563250 83.1 72
1717948573266 83.1 73
1717948583281 83.1 74
1717948593308 83.1 75
1717948603325 83.1 76
1717948613340 83.1 77
1717948623359 83.1 78
1717948633377 83.1 79
1717948643396 83.1 80
1717948653414 83.1 81
1717948663430 83.1 82
1717948673451 83.1 83
1717948683465 83.1 84
1717948693483 83.1 85
1717948703497 83.1 86
1717948713512 83.1 87
1717948723530 83.1 88
1717948733546 83.1 89
1717948743562 83.1 90
1717948753583 83.1 91
1717948763598 83.1 92
1717948773617 83.1 93
1717948783633 83.1 94
1717948793649 83.1 95
1717948803672 83.1 96
1717948813690 83.1 97
1717948823708 83.1 98
1717948833724 83.1 99
1717948843738 83.1 100
1717948853754 83.1 101
1717948863767 83.1 102
1717948873781 83.1 103
1717948883797 83.1 104
1717948893811 83.1 105
1717948903824 83.1 106
1717948913840 83.1 107
1717948923857 83.1 108
1717948933876 83.1 109
1717948943892 83.1 110
1717948953910 83.1 111
1717948963927 83.1 112
1717948973944 83.1 113
1717948983960 83.1 114
1717948993979 83.1 115
1717949003999 83.1 116
1717949014025 83.1 117
1717949024045 83.1 118
1717949034125 83.1 119
1717949044140 83.1 120
1717949054163 83.1 121
1717949064231 83.1 122
1717949074256 83.1 123
1717949084279 83.1 124
1717949094302 83.1 125
1717949104376 83.1 126
1717949114403 83.1 127
1717949124425 83.1 128
1717949134475 83.1 129
1717949144527 83.1 130
1717949154545 83.3 131
1717949164563 83.3 132
1717949174586 83.3 133
1717949184605 83.3 134
1717949194623 83.3 135
1717949204645 83.3 136
1717949214664 83.3 137
1717949224683 83.3 138
1717949234705 83.3 139
1717949244735 83.3 140
1717949254800 83.3 141
1717949264828 83.3 142
1717949274857 83.3 143
1717949284926 83.3 144
1717949294944 83.3 145
1717949304978 83.3 146
1717949315042 83.3 147
1717949325106 83.3 148
1717949335125 83.3 149
1717949345143 83.3 150
1717949355165 83.3 151
1717949365197 83.3 152
1717949375219 83.3 153
1717949385239 83.3 154
1717949395310 83.3 155
1717949405374 83.3 156
1717949415411 83.3 157
1717949425434 83.3 158
1717949435507 83.3 159
1717949445527 83.3 160
1717949455544 83.3 161
1717949465562 83.3 162
1717949475583 83.3 163
1717949485617 83.3 164
1717949495644 83.3 165
1717949505670 83.3 166
1717949515693 83.3 167
1717949525717 83.3 168
1717949535739 83.3 169
1717949545823 83.3 170
1717949555897 83.3 171
1717949565922 83.3 172
1717949575981 83.3 173
1717949585998 83.3 174
1717949596022 83.3 175
1717949606101 83.3 176
1717949616177 83.3 177
1717949626210 83.3 178
1717949637038 83.3 179
1717949647058 83.3 180
1717949657075 83.3 181
1717949667092 83.3 182
1717949677108 83.3 183
1717949687142 83.3 184
1717949697165 83.3 185
1717949707184 83.3 186
1717949717205 83.3 187
1717949727225 83.3 188
1717949737247 83.3 189
1717949747285 83.3 190
1717949757307 83.3 191
1717949767340 83.5 192
1717949777375 83.5 193
1717949787393 83.5 194
1717949797411 83.5 195
1717949807432 83.5 196
1717949817458 83.5 197
1717949827474 83.5 198
1717949837493 83.5 199
1717949847513 83.5 200
1717949857531 83.5 201
1717949867549 83.5 202
1717949877575 83.5 203
1717949887605 83.5 204
1717949897627 83.5 205
1717949907647 83.5 206
1717949917667 83.5 207
1717949927700 83.5 208
1717949937771 83.5 209
1717949947829 83.5 210
1717949957853 83.5 211
1717949967875 83.5 212
1717949977898 83.5 213
1717949987917 83.5 214
1717949997946 83.5 215
1717950008019 83.5 216
1717950018067 83.5 217
1717950028091 83.5 218
1717950038162 83.5 219
1717950048244 83.5 220
1717950058320 83.5 221
1717950068344 83.5 222
1717950078370 83.5 223
1717950088398 83.5 224
1717950098426 83.5 225
1717950108445 83.5 226
1717950118465 83.5 227
1717950128483 83.5 228
1717950138507 83.5 229
1717950148528 83.5 230
1717950158546 83.5 231
1717950168564 83.5 232
1717950178585 83.5 233
1717950188607 83.5 234
1717950198642 83.5 235
1717950208670 83.5 236
1717950218696 83.5 237
1717950228725 83.5 238
1717950238744 83.5 239
1717950248764 83.5 240
1717950258788 83.5 241
1717950268809 83.5 242
1717950278830 83.5 243
1717950288859 83.5 244
1717950298946 83.5 245
1717950308979 83.5 246
1717950319016 83.5 247
1717950329051 83.5 248
1717950339088 83.5 249
1717950349109 83.5 250
1717950359127 83.6 251
1717950369157 83.6 252
1717950379187 83.6 253
1717950389209 83.6 254
1717950399229 83.6 255
1717950409246 83.6 256
1717950419267 83.6 257
1717950429298 83.6 258
1717950439324 83.6 259
1717950449344 83.6 260
1717950459364 83.6 261
1717950469439 83.6 262
1717950479509 83.6 263
1717950489537 83.6 264
1717950499565 83.6 265
1717950509591 83.6 266
1717950519614 83.6 267
1717950529652 83.6 268
1717950539676 83.6 269
1717950549701 83.6 270
1717950559729 83.6 271
1717950569765 83.6 272
1717950579794 83.6 273
1717950589828 83.6 274
1717950599912 83.6 275
1717950609947 83.6 276
1717950619979 83.6 277
1717950630007 83.6 278
1717950640040 83.6 279
1717950650082 83.6 280
1717950660130 83.6 281
1717950670158 83.6 282
1717950680190 83.6 283
1717950690210 83.6 284
1717950700237 83.6 285
1717950710329 83.6 286
1717950720353 83.6 287
1717950730375 83.6 288
1717950740398 83.6 289
1717950750419 83.6 290
1717950760450 83.6 291
1717950770478 83.6 292
1717950780500 83.6 293
1717950790535 83.6 294
1717950800557 83.6 295
1717950810645 83.6 296
1717950820683 83.6 297
1717950830750 83.6 298
1717950840828 83.6 299
1717950850861 83.6 300
1717950860884 83.6 301
1717950870957 83.6 302
1717950880979 83.6 303
1717950891003 83.6 304
1717950901033 83.6 305
1717950911074 83.6 306
1717950921105 83.6 307
1717950931146 83.6 308
1717950941198 83.6 309
1717950951291 83.6 310
1717950961314 83.8 311
1717950971342 83.8 312
1717950981364 83.8 313
1717950991386 83.8 314
1717951001407 83.8 315
1717951011440 83.8 316
1717951021519 83.8 317
1717951031549 83.8 318
1717951041575 83.8 319
1717951051596 83.8 320
1717951061627 83.8 321
1717951071701 83.8 322
1717951081780 83.8 323
1717951091803 83.8 324
1717951101873 83.8 325
1717951111956 83.8 326
1717951121990 83.8 327
1717951132037 83.8 328
1717951142128 83.8 329
1717951152160 83.8 330
1717951162190 83.8 331
1717951172210 83.8 332
1717951182242 83.8 333
1717951192324 83.8 334
1717951202358 83.8 335
1717951212386 83.8 336
1717951222431 83.8 337
1717951232506 83.8 338
1717951242586 83.8 339
1717951252659 83.8 340
1717951262737 83.8 341
1717951272756 83.8 342
1717951282801 83.8 343
1717951292878 83.8 344
1717951302923 83.8 345
1717951312950 83.8 346
1717951322977 83.8 347
1717951333019 83.8 348
1717951343050 83.8 349
1717951353081 83.8 350
1717951363152 83.8 351
1717951373232 83.8 352
1717951383254 83.8 353
1717951393288 83.8 354
1717951403361 83.8 355
1717951413393 83.8 356
1717951423420 83.8 357
1717951433450 83.8 358
1717951443526 83.8 359
1717951453549 83.8 360
1717951463576 83.8 361
1717951473602 83.8 362
1717951483681 83.8 363
1717951493718 83.8 364
1717951503748 83.8 365
1717951513786 83.8 366
1717951524385 83.8 367
1717951534436 83.9 368
1717951544465 83.9 369
1717951554500 83.9 370
1717951564524 83.9 371
1717951574547 83.9 372
1717951584577 83.9 373
1717951594606 83.9 374
1717951604687 83.9 375
1717951614711 83.9 376
1717951624777 83.9 377
1717951634806 83.9 378
1717951644829 83.9 379
1717951654911 83.9 380
1717951664936 83.9 381
1717951674965 83.9 382
1717951685049 83.9 383
1717951695086 83.9 384
1717951705123 83.9 385
1717951715203 83.9 386
1717951725243 83.9 387
1717951735270 83.9 388
1717951745317 83.9 389
1717951755349 83.9 390
1717951765438 83.9 391
1717951775476 83.9 392
1717951785511 83.9 393
1717951795546 83.9 394
1717951805587 83.9 395
1717951815667 83.9 396
1717951825744 83.9 397
1717951835819 83.9 398
1717951845846 83.9 399
1717951855931 83.9 400
1717951866001 83.9 401
1717951876035 83.9 402
1717951886081 83.9 403
1717951896134 83.9 404
1717951906158 83.9 405
1717951916184 83.9 406
1717951926234 83.9 407
1717951936261 83.9 408
1717951946342 83.9 409
1717951956426 83.9 410
1717951966499 83.9 411
1717951976574 83.9 412
1717951986599 83.9 413
1717951996635 83.9 414
1717952006719 83.9 415
1717952016744 83.9 416
1717952026770 83.9 417
1717952036816 83.9 418
1717952046907 83.9 419
1717952056940 83.9 420
1717952066963 83.9 421
1717952077047 83.9 422
1717952087674 83.9 423
1717952097699 84.1 424
1717952107724 84.1 425
1717952117759 84.1 426
1717952127791 84.1 427
1717952137824 84.1 428
1717952147846 84.1 429
1717952157870 84.1 430
1717952167907 84.1 431
1717952177930 84.1 432
1717952188013 84.1 433
1717952198038 84.1 434
1717952208114 84.1 435
1717952218141 84.1 436
1717952228165 84.1 437
1717952238249 84.1 438
1717952248283 84.1 439
1717952258373 84.1 440
1717952268456 84.1 441
1717952278483 84.1 442
1717952288513 84.1 443
1717952298578 84.1 444
1717952308658 84.1 445
1717952318686 84.1 446
1717952328759 84.1 447
1717952338787 84.1 448
1717952348810 84.1 449
1717952358834 84.1 450
1717952368912 84.1 451
1717952378940 84.1 452
1717952388974 84.1 453
1717952399048 84.1 454
1717952409090 84.1 455
1717952419163 84.1 456
1717952429236 84.1 457
1717952439261 84.1 458
1717952449296 84.1 459
1717952459342 84.1 460
1717952469364 84.1 461
1717952479399 84.1 462
1717952489482 84.1 463
1717952499529 84.1 464
1717952509602 84.1 465
1717952519671 84.1 466
1717952529695 84.1 467
1717952539720 84.1 468
1717952549792 84.1 469
1717952559875 84.1 470
1717952569948 84.1 471
1717952579980 84.1 472
1717952590057 84.1 473
1717952600144 84.1 474
1717952610184 84.1 475
1717952620265 84.1 476
1717952630337 84.1 477
1717952640403 84.1 478
1717952650428 84.1 479
1717952660453 84.1 480
1717952670480 84.3 481
1717952680504 84.3 482
1717952690526 84.3 483
1717952700558 84.3 484
1717952710585 84.3 485
1717952720613 84.3 486
1717952730656 84.3 487
1717952740746 84.3 488
1717952750776 84.3 489
1717952760846 84.3 490
1717952770918 84.3 491
1717952780943 84.3 492
1717952790967 84.3 493
1717952801038 84.3 494
1717952811110 84.3 495
1717952821135 84.3 496
1717952831207 84.3 497
1717952841285 84.3 498
1717952851362 84.3 499
1717952861388 84.3 500
1717952871454 84.3 501
1717952881525 84.3 502
1717952891599 84.3 503
1717952901625 84.3 504
1717952911652 84.3 505
1717952921731 84.3 506
1717952931757 84.3 507
1717952941791 84.3 508
1717952951862 84.3 509
1717952961930 84.3 510
1717952972005 84.3 511
1717952982077 84.3 512
1717952992154 84.3 513
1717953002246 84.3 514
1717953012320 84.3 515
1717953022409 84.3 516
1717953032490 84.3 517
1717953042568 84.3 518
1717953052594 84.3 519
1717953062680 84.3 520
1717953072759 84.3 521
1717953082797 84.3 522
1717953092834 84.3 523
1717953102920 84.3 524
1717953113017 84.3 525
1717953123067 84.3 526
1717953133157 84.3 527
1717953143234 84.3 528
1717953153314 84.3 529
1717953163401 84.3 530
1717953173442 84.3 531
1717953183522 84.3 532
1717953193600 84.3 533
1717953203636 84.3 534
1717953213672 84.3 535
1717953223850 84.3 536
1717953233885 84.4 537
1717953243916 84.4 538
1717953253944 84.4 539
1717953263997 84.4 540
1717953274030 84.4 541
1717953284073 84.4 542
1717953294147 84.4 543
1717953304179 84.4 544
1717953314258 84.4 545
1717953324353 84.4 546
1717953334433 84.4 547
1717953344466 84.4 548
1717953354546 84.4 549
1717953364618 84.4 550
1717953374668 84.4 551
1717953384722 84.4 552
1717953394824 84.4 553
1717953404920 84.4 554
1717953415005 84.4 555
1717953425040 84.4 556
1717953435115 84.4 557
1717953445195 84.4 558
1717953455227 84.4 559
1717953465263 84.4 560
1717953475361 84.4 561
1717953485457 84.4 562
