1717947842000 774047.4 0
1717947852013 774048.7 1
1717947862040 774048.7 2
1717947872055 774045.8 3
1717947882076 774045.7 4
1717947892090 774045.7 5
1717947902105 774045.7 6
1717947912116 774045.7 7
1717947922128 774045.7 8
1717947932140 774045.7 9
1717947942153 774045.7 10
1717947952166 774045.7 11
1717947962178 774045.7 12
1717947972190 774045.8 13
1717947982203 774045.8 14
1717947992219 774045.7 15
1717948002236 774045.8 16
1717948012250 774039.0 17
1717948022279 774039.0 18
1717948032295 774039.3 19
1717948042310 774039.2 20
1717948052328 774039.2 21
1717948062342 774039.3 22
1717948072359 774039.5 23
1717948082372 774039.8 24
1717948092391 774039.7 25
1717948102404 774039.7 26
1717948112424 774039.7 27
1717948122441 774039.7 28
1717948132458 774039.7 29
1717948142470 774039.7 30
1717948152493 774039.7 31
1717948162513 774039.7 32
1717948172558 774039.7 33
1717948182576 774039.7 34
1717948192591 774039.7 35
1717948202607 774039.7 36
1717948212620 774039.8 37
1717948222633 774042.0 38
1717948232659 774041.8 39
1717948242672 774043.1 40
1717948252686 774042.7 41
1717948262699 774042.9 42
1717948272711 774043.6 43
1717948282726 774043.6 44
1717948292748 774051.5 45
1717948302763 774044.2 46
1717948312785 774043.6 47
1717948322800 774043.7 48
1717948332816 774043.8 49
1717948342831 774044.0 50
1717948352845 774044.1 51
1717948362900 774044.1 52
1717948372914 774044.2 53
1717948382929 774044.0 54
1717948392943 774044.0 55
1717948402962 774044.0 56
1717948412974 774044.0 57
1717948422988 774040.6 58
1717948433006 774040.6 59
1717948443022 774040.6 60
1717948453044 774040.6 61
1717948463059 774040.6 62
1717948473074 774040.6 63
1717948483090 774040.6 64
1717948493106 774040.6 65
1717948503123 775540.0 66
1717948513139 775540.0 67
1717948523154 775540.0 68
1717948533169 775548.3 69
1717948543185 775540.0 70
1717948553229 775540.0 71
1717948563250 775548.3 72
1717948573266 775540.0 73
1717948583281 775540.0 74
1717948593308 775540.0 75
1717948603325 775540.0 76
1717948613340 775539.0 77
1717948623359 775539.0 78
1717948633377 775539.4 79
1717948643396 775539.4 80
1717948653414 775539.4 81
1717948663430 775539.4 82
1717948673451 775539.4 83
1717948683465 775539.4 84
1717948693483 775539.4 85
1717948703497 775539.4 86
1717948713512 775539.4 87
1717948723530 775540.7 88
1717948733546 775542.6 89
1717948743562 775539.9 90
1717948753583 775540.7 91
1717948763598 775540.8 92
1717948773617 775540.7 93
1717948783633 775540.8 94
1717948793649 775543.9 95
1717948803672 775544.2 96
1717948813690 775544.2 97
1717948823708 775544.9 98
1717948833724 775545.0 99
1717948843738 775545.0 100
1717948853754 775545.0 101
1717948863767 775545.0 102
1717948873781 775545.1 103
1717948883797 775545.1 104
1717948893811 775545.1 105
1717948903824 775545.1 106
1717948913840 775545.6 107
1717948923857 775545.6 108
1717948933876 775547.4 109
1717948943892 775546.5 110
1717948953910 775545.1 111
1717948963927 775545.8 112
1717948973944 775546.5 113
1717948983960 775546.5 114
1717948993979 775546.5 115
1717949003999 775546.5 116
1717949014025 775546.9 117
1717949024045 775544.4 118
1717949034125 775544.7 119
1717949044140 775544.7 120
1717949054163 775544.7 121
1717949064231 775544.7 122
1717949074256 775544.7 123
1717949084279 775544.7 124
1717949094302 775544.7 125
1717949104376 775544.7 126
1717949114403 775544.7 127
1717949124425 775544.7 128
1717949134475 775544.7 129
1717949144527 775544.7 130
1717949154545 777044.2 131
1717949164563 777044.1 132
1717949174586 777044.2 133
1717949184605 777044.3 134
1717949194623 777044.3 135
1717949204645 777044.3 136
1717949214664 777044.3 137
1717949224683 777044.3 138
1717949234705 777044.3 139
1717949244735 777044.3 140
1717949254800 777044.3 141
1717949264828 777044.3 142
1717949274857 777044.3 143
1717949284926 777044.3 144
1717949294944 777044.3 145
1717949304978 777044.3 146
1717949315042 777044.3 147
1717949325106 777044.4 148
1717949335125 777044.4 149
1717949345143 777044.4 150
1717949355165 777044.4 151
1717949365197 777044.4 152
1717949375219 777044.4 153
1717949385239 777044.4 154
1717949395310 777044.4 155
1717949405374 777044.4 156
1717949415411 777044.4 157
1717949425434 777044.4 158
1717949435507 777044.4 159
1717949445527 777044.4 160
1717949455544 777044.4 161
1717949465562 777044.4 162
1717949475583 777044.4 163
1717949485617 777044.4 164
1717949495644 777044.4 165
1717949505670 777044.7 166
1717949515693 777044.8 167
1717949525717 777044.7 168
1717949535739 777044.7 169
1717949545823 777044.5 170
1717949555897 777044.5 171
1717949565922 777044.5 172
1717949575981 777044.5 173
1717949585998 777044.5 174
1717949596022 777044.5 175
1717949606101 777044.5 176
1717949616177 777044.6 177
1717949626210 777044.6 178
1717949637038 777044.6 179
1717949647058 777048.2 180
1717949657075 777052.5 181
1717949667092 777039.5 182
1717949677108 777043.9 183
1717949687142 777048.4 184
1717949697165 777043.5 185
1717949707184 777030.6 186
1717949717205 777034.6 187
1717949727225 777038.9 188
1717949737247 777043.5 189
1717949747285 777030.7 190
1717949757307 777035.1 191
1717949767340 778534.4 192
1717949777375 778543.0 193
1717949787393 778530.7 194
1717949797411 778535.6 195
1717949807432 778540.2 196
1717949817458 778544.8 197
1717949827474 778532.7 198
1717949837493 778536.1 199
1717949847513 778538.6 200
1717949857531 778543.2 201
1717949867549 778544.0 202
1717949877575 778544.4 203
1717949887605 778544.9 204
1717949897627 778545.5 205
1717949907647 778545.6 206
1717949917667 778542.5 207
1717949927700 778542.9 208
1717949937771 778542.9 209
1717949947829 778542.9 210
1717949957853 778542.9 211
1717949967875 778542.9 212
1717949977898 778543.0 213
1717949987917 778543.5 214
1717949997946 778543.5 215
1717950008019 778543.6 216
1717950018067 778543.6 217
1717950028091 778543.6 218
1717950038162 778543.6 219
1717950048244 778543.6 220
1717950058320 778543.6 221
1717950068344 778543.6 222
1717950078370 778543.6 223
1717950088398 778543.6 224
1717950098426 778543.7 225
1717950108445 778543.7 226
1717950118465 778543.7 227
1717950128483 778543.7 228
1717950138507 778543.7 229
1717950148528 778543.7 230
1717950158546 778543.7 231
1717950168564 778543.7 232
1717950178585 778543.7 233
1717950188607 778543.7 234
1717950198642 778543.7 235
1717950208670 778543.7 236
1717950218696 778543.7 237
1717950228725 778543.7 238
1717950238744 778543.7 239
1717950248764 778543.7 240
1717950258788 778543.7 241
1717950268809 778543.7 242
1717950278830 778543.7 243
1717950288859 778531.0 244
1717950298946 778535.3 245
1717950308979 778539.7 246
1717950319016 778544.0 247
1717950329051 778528.5 248
1717950339088 778528.5 249
1717950349109 778528.5 250
1717950359127 780027.9 251
1717950369157 780027.9 252
1717950379187 780027.9 253
1717950389209 780027.9 254
1717950399229 780028.0 255
1717950409246 780028.0 256
1717950419267 780028.0 257
1717950429298 780028.0 258
1717950439324 780028.0 259
1717950449344 780028.0 260
1717950459364 780028.0 261
1717950469439 780028.0 262
1717950479509 780028.0 263
1717950489537 780028.0 264
1717950499565 780028.0 265
1717950509591 780028.0 266
1717950519614 780028.0 267
1717950529652 780028.0 268
1717950539676 780028.0 269
1717950549701 780028.0 270
1717950559729 780028.0 271
1717950569765 780028.1 272
1717950579794 780029.8 273
1717950589828 780027.0 274
1717950599912 780028.2 275
1717950609947 780028.6 276
1717950619979 780028.4 277
1717950630007 780028.4 278
1717950640040 780031.0 279
1717950650082 780031.0 280
1717950660130 780031.0 281
1717950670158 780031.0 282
1717950680190 780035.3 283
1717950690210 780039.6 284
1717950700237 780046.7 285
1717950710329 780050.8 286
1717950720353 780037.9 287
1717950730375 780041.6 288
1717950740398 780046.5 289
1717950750419 780050.8 290
1717950760450 780036.2 291
1717950770478 780040.6 292
1717950780500 780044.8 293
1717950790535 780049.1 294
1717950800557 780036.0 295
1717950810645 780040.3 296
1717950820683 780044.5 297
1717950830750 780049.0 298
1717950840828 780036.3 299
1717950850861 780040.6 300
1717950860884 780044.8 301
1717950870957 780049.1 302
1717950880979 780035.9 303
1717950891003 780035.9 304
1717950901033 780035.9 305
1717950911074 780035.9 306
1717950921105 780035.9 307
1717950931146 780035.9 308
1717950941198 780036.0 309
1717950951291 780036.0 310
1717950961314 781535.4 311
1717950971342 781535.4 312
1717950981364 781535.4 313
1717950991386 781535.4 314
1717951001407 781535.4 315
1717951011440 781535.4 316
1717951021519 781535.4 317
1717951031549 781535.4 318
1717951041575 781535.4 319
1717951051596 781535.4 320
1717951061627 781535.4 321
1717951071701 781535.4 322
1717951081780 781535.4 323
1717951091803 781535.4 324
1717951101873 781535.4 325
1717951111956 781535.4 326
1717951121990 781535.4 327
1717951132037 781535.4 328
1717951142128 781535.4 329
1717951152160 781535.4 330
1717951162190 781535.4 331
1717951172210 781535.4 332
1717951182242 781535.4 333
1717951192324 781535.4 334
1717951202358 781535.4 335
1717951212386 781535.4 336
1717951222431 781535.4 337
1717951232506 781535.4 338
1717951242586 781535.4 339
1717951252659 781535.4 340
1717951262737 781535.4 341
1717951272756 781535.4 342
1717951282801 781535.5 343
1717951292878 781535.5 344
1717951302923 781535.5 345
1717951312950 781535.5 346
1717951322977 781535.5 347
1717951333019 781535.5 348
1717951343050 781535.5 349
1717951353081 781535.5 350
1717951363152 781535.5 351
1717951373232 781535.5 352
1717951383254 781535.5 353
1717951393288 781535.5 354
1717951403361 781535.5 355
1717951413393 781535.5 356
1717951423420 781535.5 357
1717951433450 781535.5 358
1717951443526 781535.5 359
1717951453549 781535.5 360
1717951463576 781535.5 361
1717951473602 781535.5 362
1717951483681 781535.5 363
1717951493718 781535.5 364
1717951503748 781535.5 365
1717951513786 781535.5 366
1717951524385 781535.5 367
1717951534436 783034.9 368
1717951544465 783034.9 369
1717951554500 783034.9 370
1717951564524 783034.9 371
1717951574547 783034.9 372
1717951584577 783034.9 373
1717951594606 783034.9 374
1717951604687 783035.0 375
1717951614711 783034.9 376
1717951624777 783035.0 377
1717951634806 783035.0 378
1717951644829 783035.0 379
1717951654911 783035.0 380
1717951664936 783035.0 381
1717951674965 783035.0 382
1717951685049 783034.9 383
1717951695086 783035.0 384
1717951705123 783035.0 385
1717951715203 783034.9 386
1717951725243 783035.0 387
1717951735270 783035.0 388
1717951745317 783035.0 389
1717951755349 783035.0 390
1717951765438 783035.0 391
1717951775476 783035.0 392
1717951785511 783034.9 393
1717951795546 783035.0 394
1717951805587 783035.0 395
1717951815667 783035.0 396
1717951825744 783035.0 397
1717951835819 783035.0 398
1717951845846 783035.0 399
1717951855931 783034.9 400
1717951866001 783035.0 401
1717951876035 783035.0 402
1717951886081 783045.8 403
1717951896134 783034.9 404
1717951906158 783034.9 405
1717951916184 783035.5 406
1717951926234 783035.5 407
1717951936261 783035.6 408
1717951946342 783035.6 409
1717951956426 783035.6 410
1717951966499 783035.6 411
1717951976574 783035.6 412
1717951986599 783035.6 413
1717951996635 783035.6 414
1717952006719 783035.6 415
1717952016744 783035.6 416
1717952026770 783035.6 417
1717952036816 783035.6 418
1717952046907 783035.6 419
1717952056940 783035.6 420
1717952066963 783035.6 421
1717952077047 783035.6 422
1717952087674 783035.6 423
1717952097699 784535.0 424
1717952107724 784535.0 425
1717952117759 784535.0 426
1717952127791 784535.0 427
1717952137824 784535.0 428
1717952147846 784535.0 429
1717952157870 784535.0 430
1717952167907 784535.0 431
1717952177930 784535.0 432
1717952188013 784535.0 433
1717952198038 784535.0 434
1717952208114 784535.0 435
1717952218141 784535.0 436
1717952228165 784535.0 437
1717952238249 784535.0 438
1717952248283 784535.0 439
1717952258373 784535.0 440
1717952268456 784535.1 441
1717952278483 784535.2 442
1717952288513 784535.3 443
1717952298578 784535.3 444
1717952308658 784535.3 445
1717952318686 784535.3 446
1717952328759 784535.3 447
1717952338787 784535.3 448
1717952348810 784535.3 449
1717952358834 784535.3 450
1717952368912 784535.3 451
1717952378940 784535.3 452
1717952388974 784535.3 453
1717952399048 784535.3 454
1717952409090 784535.3 455
1717952419163 784535.3 456
1717952429236 784535.3 457
1717952439261 784535.3 458
1717952449296 784535.3 459
1717952459342 784535.3 460
1717952469364 784535.4 461
1717952479399 784535.4 462
1717952489482 784527.4 463
1717952499529 784415.4 464
1717952509602 784415.4 465
1717952519671 784415.4 466
1717952529695 784415.4 467
1717952539720 784415.4 468
1717952549792 784415.4 469
1717952559875 784415.4 470
1717952569948 784415.4 471
1717952579980 784415.4 472
1717952590057 784415.4 473
1717952600144 784415.4 474
1717952610184 784415.4 475
1717952620265 784415.4 476
1717952630337 784415.4 477
1717952640403 784415.4 478
1717952650428 784415.4 479
1717952660453 784415.4 480
1717952670480 785914.8 481
1717952680504 785914.8 482
1717952690526 785914.8 483
1717952700558 785914.8 484
1717952710585 785914.8 485
1717952720613 785914.8 486
1717952730656 785914.8 487
1717952740746 785914.8 488
1717952750776 785914.8 489
1717952760846 785914.8 490
1717952770918 785914.8 491
1717952780943 785914.8 492
1717952790967 785914.8 493
1717952801038 785914.8 494
1717952811110 785914.8 495
1717952821135 785914.8 496
1717952831207 785914.8 497
1717952841285 785914.8 498
1717952851362 785914.8 499
1717952861388 785914.8 500
1717952871454 785914.8 501
1717952881525 785914.8 502
1717952891599 785914.8 503
1717952901625 785914.8 504
1717952911652 785914.8 505
1717952921731 785914.8 506
1717952931757 785914.8 507
1717952941791 785914.8 508
1717952951862 785914.8 509
1717952961930 785914.8 510
1717952972005 785914.8 511
1717952982077 785914.8 512
1717952992154 785914.8 513
1717953002246 785914.8 514
1717953012320 785914.8 515
1717953022409 785914.8 516
1717953032490 785914.8 517
1717953042568 785914.8 518
1717953052594 785914.8 519
1717953062680 785914.8 520
1717953072759 785914.8 521
1717953082797 785914.8 522
1717953092834 785914.8 523
1717953102920 785914.8 524
1717953113017 785914.8 525
1717953123067 785914.8 526
1717953133157 785914.8 527
1717953143234 785914.8 528
1717953153314 785914.8 529
1717953163401 785914.8 530
1717953173442 785914.8 531
1717953183522 785914.8 532
1717953193600 785914.8 533
1717953203636 785914.8 534
1717953213672 785914.8 535
1717953223850 785914.8 536
1717953233885 787414.3 537
1717953243916 787414.3 538
1717953253944 787414.3 539
1717953263997 787414.3 540
1717953274030 787414.3 541
1717953284073 787414.3 542
1717953294147 787414.3 543
1717953304179 787414.3 544
1717953314258 787414.3 545
1717953324353 787414.3 546
1717953334433 787414.3 547
1717953344466 787414.3 548
1717953354546 787414.3 549
1717953364618 787414.3 550
1717953374668 787414.3 551
1717953384722 787414.3 552
1717953394824 787414.3 553
1717953404920 787414.3 554
1717953415005 787414.3 555
1717953425040 787414.3 556
1717953435115 787414.3 557
1717953445195 787414.3 558
1717953455227 787414.3 559
1717953465263 787414.3 560
1717953475361 787414.3 561
1717953485457 787414.3 562
