1717947842000 2217.1 0
1717947852013 8921.7 1
1717947862040 8867.1 2
1717947872055 8911.7 3
1717947882076 8843.2 4
1717947892090 8965.1 5
1717947902105 8952.3 6
1717947912116 8860.7 7
1717947922128 8825.7 8
1717947932140 8907.0 9
1717947942153 8892.1 10
1717947952166 8884.5 11
1717947962178 8821.0 12
1717947972190 8812.6 13
1717947982203 8812.6 14
1717947992219 8812.6 15
1717948002236 8949.9 16
1717948012250 9009.1 17
1717948022279 9071.8 18
1717948032295 9042.6 19
1717948042310 8949.1 20
1717948052328 8938.6 21
1717948062342 9010.2 22
1717948072359 9028.0 23
1717948082372 8945.5 24
1717948092391 9002.1 25
1717948102404 8949.1 26
1717948112424 8932.2 27
1717948122441 8880.5 28
1717948132458 8881.1 29
1717948142470 8880.5 30
1717948152493 8880.2 31
1717948162513 8880.2 32
1717948172558 8880.2 33
1717948182576 8880.2 34
1717948192591 8880.2 35
1717948202607 8880.2 36
1717948212620 8997.9 37
1717948222633 8994.4 38
1717948232659 8881.9 39
1717948242672 8890.8 40
1717948252686 8846.8 41
1717948262699 8841.1 42
1717948272711 8841.1 43
1717948282726 8843.3 44
1717948292748 8843.1 45
1717948302763 8853.3 46
1717948312785 8938.5 47
1717948322800 8936.9 48
1717948332816 9018.1 49
1717948342831 8965.2 50
1717948352845 8942.7 51
1717948362900 8932.6 52
1717948372914 8941.1 53
1717948382929 8866.0 54
1717948392943 8857.6 55
1717948402962 8932.7 56
1717948412974 8934.3 57
1717948422988 8789.4 58
1717948433006 8715.0 59
1717948443022 8710.8 60
1717948453044 8710.8 61
1717948463059 8710.8 62
1717948473074 8710.6 63
1717948483090 8710.6 64
1717948493106 8710.6 65
1717948503123 8710.6 66
1717948513139 8710.6 67
1717948523154 8710.6 68
1717948533169 8710.6 69
1717948543185 8710.6 70
1717948553229 8710.6 71
1717948563250 8681.1 72
1717948573266 8681.1 73
1717948583281 8681.1 74
1717948593308 8681.1 75
1717948603325 8681.1 76
1717948613340 8681.1 77
1717948623359 8681.1 78
1717948633377 8681.1 79
1717948643396 8681.1 80
1717948653414 8681.1 81
1717948663430 8681.1 82
1717948673451 8681.1 83
1717948683465 8681.1 84
1717948693483 8681.1 85
1717948703497 8681.1 86
1717948713512 8681.1 87
1717948723530 8684.3 88
1717948733546 8701.3 89
1717948743562 8702.2 90
1717948753583 8887.7 91
1717948763598 8817.3 92
1717948773617 8820.5 93
1717948783633 8829.8 94
1717948793649 8813.6 95
1717948803672 8808.2 96
1717948813690 8799.5 97
1717948823708 8939.0 98
1717948833724 8921.0 99
1717948843738 8889.1 100
1717948853754 8884.6 101
1717948863767 8867.8 102
1717948873781 8889.2 103
1717948883797 8892.0 104
1717948893811 8908.4 105
1717948903824 8905.3 106
1717948913840 8837.4 107
1717948923857 8876.2 108
1717948933876 8832.0 109
1717948943892 8855.7 110
1717948953910 8849.0 111
1717948963927 8777.6 112
1717948973944 8771.0 113
1717948983960 8749.6 114
1717948993979 8792.5 115
1717949003999 8745.7 116
1717949014025 8773.4 117
1717949024045 8823.6 118
1717949034125 8815.8 119
1717949044140 8856.7 120
1717949054163 8783.3 121
1717949064231 8764.5 122
1717949074256 8764.5 123
1717949084279 8692.0 124
1717949094302 8681.6 125
1717949104376 8666.9 126
1717949114403 8658.2 127
1717949124425 8658.2 128
1717949134475 8658.2 129
1717949144527 8658.2 130
1717949154545 8658.2 131
1717949164563 8658.2 132
1717949174586 8658.2 133
1717949184605 8658.2 134
1717949194623 8658.2 135
1717949204645 8658.2 136
1717949214664 8658.2 137
1717949224683 8658.2 138
1717949234705 8658.2 139
1717949244735 8658.2 140
1717949254800 8658.2 141
1717949264828 8658.2 142
1717949274857 8658.2 143
1717949284926 8654.0 144
1717949294944 8654.0 145
1717949304978 8654.0 146
1717949315042 8654.0 147
1717949325106 8624.5 148
1717949335125 8624.5 149
1717949345143 8624.5 150
1717949355165 8581.7 151
1717949365197 8581.7 152
1717949375219 8581.7 153
1717949385239 8581.7 154
1717949395310 8581.7 155
1717949405374 8581.7 156
1717949415411 8581.7 157
1717949425434 8581.7 158
1717949435507 8581.7 159
1717949445527 8581.7 160
1717949455544 8581.7 161
1717949465562 8578.7 162
1717949475583 8665.4 163
1717949485617 8767.1 164
1717949495644 8704.0 165
1717949505670 8797.2 166
1717949515693 8863.5 167
1717949525717 8819.0 168
1717949535739 8810.7 169
1717949545823 8821.3 170
1717949555897 8797.2 171
1717949565922 8797.2 172
1717949575981 8893.0 173
1717949585998 8857.8 174
1717949596022 8865.4 175
1717949606101 8859.4 176
1717949616177 8840.5 177
1717949626210 8839.6 178
1717949637038 8839.3 179
1717949647058 9087.2 180
1717949657075 8908.1 181
1717949667092 8895.5 182
1717949677108 8874.8 183
1717949687142 8862.2 184
1717949697165 8924.2 185
1717949707184 8849.3 186
1717949717205 8871.3 187
1717949727225 8896.2 188
1717949737247 9016.7 189
1717949747285 8848.4 190
1717949757307 8867.0 191
1717949767340 8824.4 192
1717949777375 8885.3 193
1717949787393 8874.8 194
1717949797411 8862.0 195
1717949807432 8878.8 196
1717949817458 8810.1 197
1717949827474 8869.5 198
1717949837493 8884.4 199
1717949847513 8874.2 200
1717949857531 8876.6 201
1717949867549 8872.8 202
1717949877575 8824.1 203
1717949887605 8864.5 204
1717949897627 8847.3 205
1717949907647 8892.1 206
1717949917667 8854.8 207
1717949927700 8717.6 208
1717949937771 8721.1 209
1717949947829 8715.0 210
1717949957853 8718.2 211
1717949967875 8720.8 212
1717949977898 8814.7 213
1717949987917 8807.1 214
1717949997946 8812.9 215
1717950008019 8814.9 216
1717950018067 8798.3 217
1717950028091 8759.1 218
1717950038162 8781.0 219
1717950048244 8789.8 220
1717950058320 8771.7 221
1717950068344 8767.0 222
1717950078370 8762.8 223
1717950088398 8767.6 224
1717950098426 8847.8 225
1717950108445 8757.1 226
1717950118465 8755.0 227
1717950128483 8760.7 228
1717950138507 8755.0 229
1717950148528 8770.2 230
1717950158546 8776.7 231
1717950168564 8780.6 232
1717950178585 8778.7 233
1717950188607 8778.1 234
1717950198642 8763.7 235
1717950208670 8755.5 236
1717950218696 8744.5 237
1717950228725 8712.4 238
1717950238744 8817.5 239
1717950248764 8761.7 240
1717950258788 8895.5 241
1717950268809 8830.1 242
1717950278830 8854.9 243
1717950288859 8825.7 244
1717950298946 8776.0 245
1717950308979 8780.3 246
1717950319016 8831.0 247
1717950329051 8809.5 248
1717950339088 8818.3 249
1717950349109 8814.4 250
1717950359127 8813.3 251
1717950369157 8810.7 252
1717950379187 8816.4 253
1717950389209 8819.4 254
1717950399229 8815.8 255
1717950409246 8818.1 256
1717950419267 8824.4 257
1717950429298 8832.6 258
1717950439324 8795.0 259
1717950449344 8827.2 260
1717950459364 8872.5 261
1717950469439 8822.4 262
1717950479509 8832.4 263
1717950489537 8893.4 264
1717950499565 8769.6 265
1717950509591 9014.3 266
1717950519614 8861.1 267
1717950529652 8838.3 268
1717950539676 8845.4 269
1717950549701 8816.2 270
1717950559729 8745.3 271
1717950569765 8802.4 272
1717950579794 8802.5 273
1717950589828 8808.8 274
1717950599912 8808.7 275
1717950609947 8770.0 276
1717950619979 8736.7 277
1717950630007 8722.3 278
1717950640040 8926.4 279
1717950650082 8903.7 280
1717950660130 8853.6 281
1717950670158 8828.0 282
1717950680190 8840.5 283
1717950690210 8812.8 284
1717950700237 8757.2 285
1717950710329 8759.2 286
1717950720353 8765.0 287
1717950730375 8759.2 288
1717950740398 8765.0 289
1717950750419 8820.9 290
1717950760450 8833.8 291
1717950770478 8784.1 292
1717950780500 8872.5 293
1717950790535 8863.1 294
1717950800557 8858.0 295
1717950810645 8912.1 296
1717950820683 8853.1 297
1717950830750 8853.5 298
1717950840828 8885.0 299
1717950850861 8854.4 300
1717950860884 8850.4 301
1717950870957 8845.7 302
1717950880979 8862.3 303
1717950891003 8890.8 304
1717950901033 8799.1 305
1717950911074 8799.1 306
1717950921105 8799.1 307
1717950931146 8799.1 308
1717950941198 8804.9 309
1717950951291 8805.4 310
1717950961314 8755.8 311
1717950971342 8761.6 312
1717950981364 8749.7 313
1717950991386 8750.2 314
1717951001407 8735.0 315
1717951011440 8739.5 316
1717951021519 8735.0 317
1717951031549 8735.0 318
1717951041575 8735.0 319
1717951051596 8735.0 320
1717951061627 8740.7 321
1717951071701 8735.0 322
1717951081780 8740.7 323
1717951091803 8732.9 324
1717951101873 8735.0 325
1717951111956 8735.0 326
1717951121990 8735.0 327
1717951132037 8739.4 328
1717951142128 8735.0 329
1717951152160 8735.0 330
1717951162190 8740.7 331
1717951172210 8735.0 332
1717951182242 8740.7 333
1717951192324 8735.0 334
1717951202358 8738.1 335
1717951212386 8735.0 336
1717951222431 8695.6 337
1717951232506 8700.9 338
1717951242586 8695.6 339
1717951252659 8700.1 340
1717951262737 8675.3 341
1717951272756 8681.0 342
1717951282801 8621.5 343
1717951292878 8611.9 344
1717951302923 8611.9 345
1717951312950 8611.9 346
1717951322977 8617.7 347
1717951333019 8611.9 348
1717951343050 8611.9 349
1717951353081 8616.3 350
1717951363152 8611.9 351
1717951373232 8616.3 352
1717951383254 8611.9 353
1717951393288 8609.8 354
1717951403361 8612.8 355
1717951413393 8610.4 356
1717951423420 8615.7 357
1717951433450 8609.9 358
1717951443526 8617.8 359
1717951453549 8612.0 360
1717951463576 8616.5 361
1717951473602 8612.0 362
1717951483681 8612.0 363
1717951493718 8612.0 364
1717951503748 8612.0 365
1717951513786 8617.8 366
1717951524385 8612.0 367
1717951534436 8612.0 368
1717951544465 8617.8 369
1717951554500 8612.0 370
1717951564524 8617.8 371
1717951574547 8612.0 372
1717951584577 8617.9 373
1717951594606 8612.1 374
1717951604687 8612.1 375
1717951614711 8612.1 376
1717951624777 8612.1 377
1717951634806 8616.5 378
1717951644829 8612.1 379
1717951654911 8617.9 380
1717951664936 8612.1 381
1717951674965 8612.1 382
1717951685049 8610.0 383
1717951695086 8612.1 384
1717951705123 8616.5 385
1717951715203 8612.1 386
1717951725243 8612.1 387
1717951735270 8617.9 388
1717951745317 8612.1 389
1717951755349 8617.9 390
1717951765438 8612.1 391
1717951775476 8612.1 392
1717951785511 8612.1 393
1717951795546 8612.1 394
1717951805587 8617.9 395
1717951815667 8612.1 396
1717951825744 8617.9 397
1717951835819 8612.1 398
1717951845846 8615.2 399
1717951855931 8612.1 400
1717951866001 8608.8 401
1717951876035 8509.1 402
1717951886081 8504.7 403
1717951896134 8510.4 404
1717951906158 8549.8 405
1717951916184 8544.0 406
1717951926234 8549.9 407
1717951936261 8544.0 408
1717951946342 8548.5 409
1717951956426 8544.0 410
1717951966499 8544.0 411
1717951976574 8544.0 412
1717951986599 8541.9 413
1717951996635 8547.7 414
1717952006719 8541.9 415
1717952016744 8546.4 416
1717952026770 8541.9 417
1717952036816 8541.9 418
1717952046907 8541.9 419
1717952056940 8541.9 420
1717952066963 8549.8 421
1717952077047 8544.0 422
1717952087674 8549.8 423
1717952097699 8548.5 424
1717952107724 8544.0 425
1717952117759 8548.5 426
1717952127791 8544.0 427
1717952137824 8548.5 428
1717952147846 8544.0 429
1717952157870 8544.0 430
1717952167907 8553.8 431
1717952177930 8543.9 432
1717952188013 8549.7 433
1717952198038 8543.9 434
1717952208114 8548.4 435
1717952218141 8543.9 436
1717952228165 8543.9 437
1717952238249 8543.9 438
1717952248283 8543.9 439
1717952258373 8549.7 440
1717952268456 8543.9 441
1717952278483 8549.7 442
1717952288513 8548.4 443
1717952298578 8543.9 444
1717952308658 8548.4 445
1717952318686 8543.9 446
1717952328759 8547.1 447
1717952338787 8543.9 448
1717952348810 8543.9 449
1717952358834 8549.7 450
1717952368912 8543.9 451
1717952378940 8548.4 452
1717952388974 8543.9 453
1717952399048 8548.4 454
1717952409090 8543.9 455
1717952419163 8552.7 456
1717952429236 8552.4 457
1717952439261 8552.4 458
1717952449296 8558.2 459
1717952459342 8548.3 460
1717952469364 8552.7 461
1717952479399 8658.9 462
1717952489482 8491.0 463
1717952499529 8309.6 464
1717952509602 8258.3 465
1717952519671 8157.8 466
1717952529695 8156.2 467
1717952539720 8156.2 468
1717952549792 8156.2 469
1717952559875 8156.2 470
1717952569948 8156.2 471
1717952579980 8156.2 472
1717952590057 8152.0 473
1717952600144 8152.0 474
1717952610184 8152.0 475
1717952620265 8152.0 476
1717952630337 8152.0 477
1717952640403 8152.0 478
1717952650428 8152.0 479
1717952660453 8152.0 480
1717952670480 8152.0 481
1717952680504 8152.0 482
1717952690526 8152.0 483
1717952700558 8152.0 484
1717952710585 8152.0 485
1717952720613 8152.0 486
1717952730656 8152.0 487
1717952740746 8152.0 488
1717952750776 8152.0 489
1717952760846 8146.3 490
1717952770918 8146.3 491
1717952780943 8146.3 492
1717952790967 8146.3 493
1717952801038 8146.3 494
1717952811110 8146.3 495
1717952821135 8146.3 496
1717952831207 8146.3 497
1717952841285 8146.3 498
1717952851362 8146.3 499
1717952861388 8146.3 500
1717952871454 8146.3 501
1717952881525 8146.3 502
1717952891599 8139.4 503
1717952901625 8139.4 504
1717952911652 8139.4 505
1717952921731 8139.4 506
1717952931757 8139.4 507
1717952941791 8139.4 508
1717952951862 8139.4 509
1717952961930 8139.4 510
1717952972005 8139.4 511
1717952982077 8139.4 512
1717952992154 8139.4 513
1717953002246 8139.4 514
1717953012320 8139.4 515
1717953022409 8139.4 516
1717953032490 8139.4 517
1717953042568 8139.4 518
1717953052594 8139.4 519
1717953062680 8128.6 520
1717953072759 8128.6 521
1717953082797 8128.6 522
1717953092834 8128.6 523
1717953102920 8128.6 524
1717953113017 8128.6 525
1717953123067 8128.6 526
1717953133157 8128.6 527
1717953143234 8128.6 528
1717953153314 8128.6 529
1717953163401 8128.6 530
1717953173442 8128.6 531
1717953183522 8128.6 532
1717953193600 8128.6 533
1717953203636 8128.6 534
1717953213672 8128.6 535
1717953223850 8128.6 536
1717953233885 8130.7 537
1717953243916 8130.7 538
1717953253944 8130.7 539
1717953263997 8130.7 540
1717953274030 8130.7 541
1717953284073 8130.7 542
1717953294147 8130.7 543
1717953304179 8130.7 544
1717953314258 8130.7 545
1717953324353 8130.7 546
1717953334433 8130.7 547
1717953344466 8130.7 548
1717953354546 8130.7 549
1717953364618 8130.7 550
1717953374668 8130.7 551
1717953384722 8130.7 552
1717953394824 8130.7 553
1717953404920 8130.7 554
1717953415005 8130.7 555
1717953425040 8130.7 556
1717953435115 8130.7 557
1717953445195 8130.7 558
1717953455227 8130.7 559
1717953465263 8130.7 560
1717953475361 8130.7 561
1717953485457 8130.7 562
