1717947842000 11.0 0
1717947852013 96.0 1
1717947862040 96.0 2
1717947872055 97.0 3
1717947882076 97.0 4
1717947892090 96.0 5
1717947902105 96.0 6
1717947912116 97.0 7
1717947922128 94.0 8
1717947932140 96.0 9
1717947942153 97.0 10
1717947952166 96.0 11
1717947962178 95.0 12
1717947972190 97.0 13
1717947982203 95.0 14
1717947992219 95.0 15
1717948002236 96.0 16
1717948012250 95.0 17
1717948022279 97.0 18
1717948032295 97.0 19
1717948042310 98.0 20
1717948052328 97.0 21
1717948062342 92.0 22
1717948072359 95.0 23
1717948082372 97.0 24
1717948092391 98.0 25
1717948102404 96.0 26
1717948112424 97.0 27
1717948122441 97.0 28
1717948132458 97.0 29
1717948142470 96.0 30
1717948152493 96.0 31
1717948162513 97.0 32
1717948172558 97.0 33
1717948182576 96.0 34
1717948192591 97.0 35
1717948202607 97.0 36
1717948212620 98.0 37
1717948222633 98.0 38
1717948232659 97.0 39
1717948242672 96.0 40
1717948252686 95.0 41
1717948262699 94.0 42
1717948272711 96.0 43
1717948282726 91.0 44
1717948292748 96.0 45
1717948302763 97.0 46
1717948312785 96.0 47
1717948322800 98.0 48
1717948332816 97.0 49
1717948342831 96.0 50
1717948352845 96.0 51
1717948362900 95.0 52
1717948372914 96.0 53
1717948382929 96.0 54
1717948392943 97.0 55
1717948402962 97.0 56
1717948412974 98.0 57
1717948422988 97.0 58
1717948433006 96.0 59
1717948443022 97.0 60
1717948453044 96.0 61
1717948463059 97.0 62
1717948473074 98.0 63
1717948483090 97.0 64
1717948493106 94.0 65
1717948503123 97.0 66
1717948513139 97.0 67
1717948523154 96.0 68
1717948533169 97.0 69
1717948543185 95.0 70
1717948553229 97.0 71
1717948563250 97.0 72
1717948573266 96.0 73
1717948583281 97.0 74
1717948593308 97.0 75
1717948603325 97.0 76
1717948613340 98.0 77
1717948623359 97.0 78
1717948633377 98.0 79
1717948643396 98.0 80
1717948653414 97.0 81
1717948663430 99.0 82
1717948673451 97.0 83
1717948683465 97.0 84
1717948693483 97.0 85
1717948703497 94.0 86
1717948713512 98.0 87
1717948723530 97.0 88
1717948733546 97.0 89
1717948743562 95.0 90
1717948753583 97.0 91
1717948763598 96.0 92
1717948773617 97.0 93
1717948783633 96.0 94
1717948793649 97.0 95
1717948803672 97.0 96
1717948813690 96.0 97
1717948823708 98.0 98
1717948833724 96.0 99
1717948843738 96.0 100
1717948853754 92.0 101
1717948863767 95.0 102
1717948873781 97.0 103
1717948883797 96.0 104
1717948893811 94.0 105
1717948903824 97.0 106
1717948913840 91.0 107
1717948923857 98.0 108
1717948933876 97.0 109
1717948943892 97.0 110
1717948953910 98.0 111
1717948963927 96.0 112
1717948973944 97.0 113
1717948983960 97.0 114
1717948993979 98.0 115
1717949003999 97.0 116
1717949014025 98.0 117
1717949024045 95.0 118
1717949034125 96.0 119
1717949044140 97.0 120
1717949054163 95.0 121
1717949064231 98.0 122
1717949074256 97.0 123
1717949084279 97.0 124
1717949094302 97.0 125
1717949104376 97.0 126
1717949114403 97.0 127
1717949124425 97.0 128
1717949134475 95.0 129
1717949144527 30.0 130
1717949154545 97.0 131
1717949164563 97.0 132
1717949174586 97.0 133
1717949184605 97.0 134
1717949194623 97.0 135
1717949204645 97.0 136
1717949214664 96.0 137
1717949224683 98.0 138
1717949234705 98.0 139
1717949244735 95.0 140
1717949254800 96.0 141
1717949264828 96.0 142
1717949274857 97.0 143
1717949284926 97.0 144
1717949294944 97.0 145
1717949304978 98.0 146
1717949315042 97.0 147
1717949325106 97.0 148
1717949335125 97.0 149
1717949345143 94.0 150
1717949355165 94.0 151
1717949365197 96.0 152
1717949375219 97.0 153
1717949385239 98.0 154
1717949395310 98.0 155
1717949405374 97.0 156
1717949415411 98.0 157
1717949425434 97.0 158
1717949435507 96.0 159
1717949445527 97.0 160
1717949455544 97.0 161
1717949465562 95.0 162
1717949475583 97.0 163
1717949485617 97.0 164
1717949495644 96.0 165
1717949505670 96.0 166
1717949515693 96.0 167
1717949525717 96.0 168
1717949535739 97.0 169
1717949545823 96.0 170
1717949555897 93.0 171
1717949565922 97.0 172
1717949575981 96.0 173
1717949585998 97.0 174
1717949596022 95.0 175
1717949606101 97.0 176
1717949616177 97.0 177
1717949626210 97.0 178
1717949637038 96.0 179
1717949647058 96.0 180
1717949657075 96.0 181
1717949667092 95.0 182
1717949677108 96.0 183
1717949687142 97.0 184
1717949697165 96.0 185
1717949707184 95.0 186
1717949717205 96.0 187
1717949727225 96.0 188
1717949737247 95.0 189
1717949747285 97.0 190
1717949757307 92.0 191
1717949767340 95.0 192
1717949777375 96.0 193
1717949787393 97.0 194
1717949797411 95.0 195
1717949807432 96.0 196
1717949817458 95.0 197
1717949827474 96.0 198
1717949837493 96.0 199
1717949847513 96.0 200
1717949857531 96.0 201
1717949867549 97.0 202
1717949877575 97.0 203
1717949887605 97.0 204
1717949897627 97.0 205
1717949907647 95.0 206
1717949917667 96.0 207
1717949927700 97.0 208
1717949937771 97.0 209
1717949947829 97.0 210
1717949957853 90.0 211
1717949967875 97.0 212
1717949977898 96.0 213
1717949987917 96.0 214
1717949997946 95.0 215
1717950008019 96.0 216
1717950018067 96.0 217
1717950028091 97.0 218
1717950038162 97.0 219
1717950048244 97.0 220
1717950058320 97.0 221
1717950068344 96.0 222
1717950078370 97.0 223
1717950088398 97.0 224
1717950098426 95.0 225
1717950108445 96.0 226
1717950118465 97.0 227
1717950128483 97.0 228
1717950138507 97.0 229
1717950148528 92.0 230
1717950158546 97.0 231
1717950168564 97.0 232
1717950178585 95.0 233
1717950188607 96.0 234
1717950198642 96.0 235
1717950208670 96.0 236
1717950218696 95.0 237
1717950228725 97.0 238
1717950238744 95.0 239
1717950248764 95.0 240
1717950258788 96.0 241
1717950268809 96.0 242
1717950278830 98.0 243
1717950288859 97.0 244
1717950298946 97.0 245
1717950308979 97.0 246
1717950319016 97.0 247
1717950329051 96.0 248
1717950339088 95.0 249
1717950349109 93.0 250
1717950359127 96.0 251
1717950369157 97.0 252
1717950379187 96.0 253
1717950389209 97.0 254
1717950399229 94.0 255
1717950409246 95.0 256
1717950419267 96.0 257
1717950429298 94.0 258
1717950439324 94.0 259
1717950449344 97.0 260
1717950459364 96.0 261
1717950469439 97.0 262
1717950479509 96.0 263
1717950489537 96.0 264
1717950499565 97.0 265
1717950509591 97.0 266
1717950519614 97.0 267
1717950529652 96.0 268
1717950539676 93.0 269
1717950549701 94.0 270
1717950559729 97.0 271
1717950569765 95.0 272
1717950579794 96.0 273
1717950589828 96.0 274
1717950599912 96.0 275
1717950609947 97.0 276
1717950619979 97.0 277
1717950630007 97.0 278
1717950640040 96.0 279
1717950650082 96.0 280
1717950660130 96.0 281
1717950670158 94.0 282
1717950680190 97.0 283
1717950690210 96.0 284
1717950700237 97.0 285
1717950710329 95.0 286
1717950720353 96.0 287
1717950730375 96.0 288
1717950740398 91.0 289
1717950750419 86.0 290
1717950760450 95.0 291
1717950770478 96.0 292
1717950780500 96.0 293
1717950790535 96.0 294
1717950800557 96.0 295
1717950810645 97.0 296
1717950820683 96.0 297
1717950830750 95.0 298
1717950840828 96.0 299
1717950850861 96.0 300
1717950860884 93.0 301
1717950870957 95.0 302
1717950880979 96.0 303
1717950891003 96.0 304
1717950901033 97.0 305
1717950911074 97.0 306
1717950921105 95.0 307
1717950931146 97.0 308
1717950941198 93.0 309
1717950951291 37.0 310
1717950961314 96.0 311
1717950971342 96.0 312
1717950981364 96.0 313
1717950991386 96.0 314
1717951001407 95.0 315
1717951011440 96.0 316
1717951021519 94.0 317
1717951031549 97.0 318
1717951041575 97.0 319
1717951051596 97.0 320
1717951061627 96.0 321
1717951071701 97.0 322
1717951081780 97.0 323
1717951091803 97.0 324
1717951101873 97.0 325
1717951111956 95.0 326
1717951121990 97.0 327
1717951132037 92.0 328
1717951142128 89.0 329
1717951152160 96.0 330
1717951162190 96.0 331
1717951172210 96.0 332
1717951182242 97.0 333
1717951192324 96.0 334
1717951202358 97.0 335
1717951212386 97.0 336
1717951222431 96.0 337
1717951232506 97.0 338
1717951242586 96.0 339
1717951252659 97.0 340
1717951262737 95.0 341
1717951272756 94.0 342
1717951282801 97.0 343
1717951292878 95.0 344
1717951302923 97.0 345
1717951312950 97.0 346
1717951322977 92.0 347
1717951333019 93.0 348
1717951343050 97.0 349
1717951353081 96.0 350
1717951363152 97.0 351
1717951373232 97.0 352
1717951383254 96.0 353
1717951393288 95.0 354
1717951403361 96.0 355
1717951413393 96.0 356
1717951423420 96.0 357
1717951433450 96.0 358
1717951443526 97.0 359
1717951453549 97.0 360
1717951463576 95.0 361
1717951473602 96.0 362
1717951483681 97.0 363
1717951493718 97.0 364
1717951503748 97.0 365
1717951513786 93.0 366
1717951524385 93.0 367
1717951534436 96.0 368
1717951544465 96.0 369
1717951554500 95.0 370
1717951564524 97.0 371
1717951574547 96.0 372
1717951584577 97.0 373
1717951594606 97.0 374
1717951604687 97.0 375
1717951614711 96.0 376
1717951624777 95.0 377
1717951634806 97.0 378
1717951644829 97.0 379
1717951654911 97.0 380
1717951664936 96.0 381
1717951674965 95.0 382
1717951685049 97.0 383
1717951695086 97.0 384
1717951705123 93.0 385
1717951715203 93.0 386
1717951725243 96.0 387
1717951735270 95.0 388
1717951745317 97.0 389
1717951755349 97.0 390
1717951765438 96.0 391
1717951775476 94.0 392
1717951785511 97.0 393
1717951795546 97.0 394
1717951805587 96.0 395
1717951815667 97.0 396
1717951825744 97.0 397
1717951835819 97.0 398
1717951845846 96.0 399
1717951855931 96.0 400
1717951866001 97.0 401
1717951876035 97.0 402
1717951886081 96.0 403
1717951896134 93.0 404
1717951906158 85.0 405
1717951916184 97.0 406
1717951926234 97.0 407
1717951936261 97.0 408
1717951946342 97.0 409
1717951956426 96.0 410
1717951966499 97.0 411
1717951976574 97.0 412
1717951986599 95.0 413
1717951996635 97.0 414
1717952006719 97.0 415
1717952016744 96.0 416
1717952026770 95.0 417
1717952036816 97.0 418
1717952046907 97.0 419
1717952056940 97.0 420
1717952066963 97.0 421
1717952077047 97.0 422
1717952087674 93.0 423
1717952097699 6.0 424
1717952107724 97.0 425
1717952117759 97.0 426
1717952127791 96.0 427
1717952137824 97.0 428
1717952147846 97.0 429
1717952157870 96.0 430
1717952167907 96.0 431
1717952177930 96.0 432
1717952188013 97.0 433
1717952198038 97.0 434
1717952208114 97.0 435
1717952218141 96.0 436
1717952228165 95.0 437
1717952238249 95.0 438
1717952248283 97.0 439
1717952258373 96.0 440
1717952268456 97.0 441
1717952278483 90.0 442
1717952288513 97.0 443
1717952298578 97.0 444
1717952308658 96.0 445
1717952318686 97.0 446
1717952328759 97.0 447
1717952338787 96.0 448
1717952348810 95.0 449
1717952358834 97.0 450
1717952368912 97.0 451
1717952378940 96.0 452
1717952388974 95.0 453
1717952399048 96.0 454
1717952409090 97.0 455
1717952419163 97.0 456
1717952429236 96.0 457
1717952439261 93.0 458
1717952449296 97.0 459
1717952459342 97.0 460
1717952469364 92.0 461
1717952479399 96.0 462
1717952489482 97.0 463
1717952499529 97.0 464
1717952509602 97.0 465
1717952519671 97.0 466
1717952529695 96.0 467
1717952539720 97.0 468
1717952549792 96.0 469
1717952559875 96.0 470
1717952569948 97.0 471
1717952579980 97.0 472
1717952590057 95.0 473
1717952600144 97.0 474
1717952610184 95.0 475
1717952620265 97.0 476
1717952630337 95.0 477
1717952640403 97.0 478
1717952650428 94.0 479
1717952660453 93.0 480
1717952670480 97.0 481
1717952680504 96.0 482
1717952690526 97.0 483
1717952700558 96.0 484
1717952710585 97.0 485
1717952720613 95.0 486
1717952730656 97.0 487
1717952740746 95.0 488
1717952750776 97.0 489
1717952760846 97.0 490
1717952770918 97.0 491
1717952780943 97.0 492
1717952790967 97.0 493
1717952801038 95.0 494
1717952811110 97.0 495
1717952821135 97.0 496
1717952831207 97.0 497
1717952841285 96.0 498
1717952851362 91.0 499
1717952861388 97.0 500
1717952871454 96.0 501
1717952881525 97.0 502
1717952891599 96.0 503
1717952901625 97.0 504
1717952911652 97.0 505
1717952921731 95.0 506
1717952931757 97.0 507
1717952941791 96.0 508
1717952951862 97.0 509
1717952961930 97.0 510
1717952972005 96.0 511
1717952982077 97.0 512
1717952992154 97.0 513
1717953002246 97.0 514
1717953012320 97.0 515
1717953022409 95.0 516
1717953032490 93.0 517
1717953042568 97.0 518
1717953052594 96.0 519
1717953062680 97.0 520
1717953072759 97.0 521
1717953082797 96.0 522
1717953092834 97.0 523
1717953102920 97.0 524
1717953113017 97.0 525
1717953123067 97.0 526
1717953133157 97.0 527
1717953143234 97.0 528
1717953153314 97.0 529
1717953163401 97.0 530
1717953173442 96.0 531
1717953183522 97.0 532
1717953193600 97.0 533
1717953203636 97.0 534
1717953213672 91.0 535
1717953223850 93.0 536
1717953233885 95.0 537
1717953243916 97.0 538
1717953253944 96.0 539
1717953263997 97.0 540
1717953274030 96.0 541
1717953284073 97.0 542
1717953294147 97.0 543
1717953304179 97.0 544
1717953314258 95.0 545
1717953324353 97.0 546
1717953334433 95.0 547
1717953344466 96.0 548
1717953354546 97.0 549
1717953364618 97.0 550
1717953374668 97.0 551
1717953384722 95.0 552
1717953394824 97.0 553
1717953404920 93.0 554
1717953415005 95.0 555
1717953425040 97.0 556
1717953435115 97.0 557
1717953445195 97.0 558
1717953455227 95.0 559
1717953465263 97.0 560
1717953475361 96.0 561
1717953485457 97.0 562
