1717947842000 17.2 0
1717947852013 69.2 1
1717947862040 68.8 2
1717947872055 69.2 3
1717947882076 68.6 4
1717947892090 69.6 5
1717947902105 69.5 6
1717947912116 68.8 7
1717947922128 68.5 8
1717947932140 69.1 9
1717947942153 69.0 10
1717947952166 69.0 11
1717947962178 68.5 12
1717947972190 68.4 13
1717947982203 68.4 14
1717947992219 68.4 15
1717948002236 69.5 16
1717948012250 69.9 17
1717948022279 70.4 18
1717948032295 70.2 19
1717948042310 69.5 20
1717948052328 69.4 21
1717948062342 69.9 22
1717948072359 70.1 23
1717948082372 69.4 24
1717948092391 69.9 25
1717948102404 69.5 26
1717948112424 69.3 27
1717948122441 68.9 28
1717948132458 68.9 29
1717948142470 68.9 30
1717948152493 68.9 31
1717948162513 68.9 32
1717948172558 68.9 33
1717948182576 68.9 34
1717948192591 68.9 35
1717948202607 68.9 36
1717948212620 69.8 37
1717948222633 69.8 38
1717948232659 68.9 39
1717948242672 69.0 40
1717948252686 68.7 41
1717948262699 68.6 42
1717948272711 68.6 43
1717948282726 68.6 44
1717948292748 68.6 45
1717948302763 68.7 46
1717948312785 69.4 47
1717948322800 69.4 48
1717948332816 70.0 49
1717948342831 69.6 50
1717948352845 69.4 51
1717948362900 69.3 52
1717948372914 69.4 53
1717948382929 68.8 54
1717948392943 68.7 55
1717948402962 69.3 56
1717948412974 69.3 57
1717948422988 68.2 58
1717948433006 67.6 59
1717948443022 67.6 60
1717948453044 67.6 61
1717948463059 67.6 62
1717948473074 67.6 63
1717948483090 67.6 64
1717948493106 67.6 65
1717948503123 67.6 66
1717948513139 67.6 67
1717948523154 67.6 68
1717948533169 67.6 69
1717948543185 67.6 70
1717948553229 67.6 71
1717948563250 67.4 72
1717948573266 67.4 73
1717948583281 67.4 74
1717948593308 67.4 75
1717948603325 67.4 76
1717948613340 67.4 77
1717948623359 67.4 78
1717948633377 67.4 79
1717948643396 67.4 80
1717948653414 67.4 81
1717948663430 67.4 82
1717948673451 67.4 83
1717948683465 67.4 84
1717948693483 67.4 85
1717948703497 67.4 86
1717948713512 67.4 87
1717948723530 67.4 88
1717948733546 67.5 89
1717948743562 67.5 90
1717948753583 69.0 91
1717948763598 68.4 92
1717948773617 68.5 93
1717948783633 68.5 94
1717948793649 68.4 95
1717948803672 68.4 96
1717948813690 68.3 97
1717948823708 69.4 98
1717948833724 69.2 99
1717948843738 69.0 100
1717948853754 69.0 101
1717948863767 68.8 102
1717948873781 69.0 103
1717948883797 69.0 104
1717948893811 69.1 105
1717948903824 69.1 106
1717948913840 68.6 107
1717948923857 68.9 108
1717948933876 68.5 109
1717948943892 68.7 110
1717948953910 68.7 111
1717948963927 68.1 112
1717948973944 68.1 113
1717948983960 67.9 114
1717948993979 68.2 115
1717949003999 67.9 116
1717949014025 68.1 117
1717949024045 68.5 118
1717949034125 68.4 119
1717949044140 68.7 120
1717949054163 68.2 121
1717949064231 68.0 122
1717949074256 68.0 123
1717949084279 67.5 124
1717949094302 67.4 125
1717949104376 67.3 126
1717949114403 67.2 127
1717949124425 67.2 128
1717949134475 67.2 129
1717949144527 67.2 130
1717949154545 67.2 131
1717949164563 67.2 132
1717949174586 67.2 133
1717949184605 67.2 134
1717949194623 67.2 135
1717949204645 67.2 136
1717949214664 67.2 137
1717949224683 67.2 138
1717949234705 67.2 139
1717949244735 67.2 140
1717949254800 67.2 141
1717949264828 67.2 142
1717949274857 67.2 143
1717949284926 67.2 144
1717949294944 67.2 145
1717949304978 67.2 146
1717949315042 67.2 147
1717949325106 66.9 148
1717949335125 66.9 149
1717949345143 66.9 150
1717949355165 66.6 151
1717949365197 66.6 152
1717949375219 66.6 153
1717949385239 66.6 154
1717949395310 66.6 155
1717949405374 66.6 156
1717949415411 66.6 157
1717949425434 66.6 158
1717949435507 66.6 159
1717949445527 66.6 160
1717949455544 66.6 161
1717949465562 66.6 162
1717949475583 67.3 163
1717949485617 68.0 164
1717949495644 67.6 165
1717949505670 68.3 166
1717949515693 68.8 167
1717949525717 68.4 168
1717949535739 68.4 169
1717949545823 68.5 170
1717949555897 68.3 171
1717949565922 68.3 172
1717949575981 69.0 173
1717949585998 68.7 174
1717949596022 68.8 175
1717949606101 68.8 176
1717949616177 68.6 177
1717949626210 68.6 178
1717949637038 68.6 179
1717949647058 70.5 180
1717949657075 69.1 181
1717949667092 69.0 182
1717949677108 68.9 183
1717949687142 68.8 184
1717949697165 69.3 185
1717949707184 68.7 186
1717949717205 68.9 187
1717949727225 69.0 188
1717949737247 70.0 189
1717949747285 68.7 190
1717949757307 68.8 191
1717949767340 68.5 192
1717949777375 69.0 193
1717949787393 68.9 194
1717949797411 68.8 195
1717949807432 68.9 196
1717949817458 68.4 197
1717949827474 68.8 198
1717949837493 69.0 199
1717949847513 68.9 200
1717949857531 68.9 201
1717949867549 68.9 202
1717949877575 68.5 203
1717949887605 68.8 204
1717949897627 68.7 205
1717949907647 69.0 206
1717949917667 68.7 207
1717949927700 67.7 208
1717949937771 67.7 209
1717949947829 67.6 210
1717949957853 67.7 211
1717949967875 67.7 212
1717949977898 68.4 213
1717949987917 68.4 214
1717949997946 68.4 215
1717950008019 68.4 216
1717950018067 68.3 217
1717950028091 68.0 218
1717950038162 68.1 219
1717950048244 68.2 220
1717950058320 68.1 221
1717950068344 68.0 222
1717950078370 68.0 223
1717950088398 68.0 224
1717950098426 68.7 225
1717950108445 68.0 226
1717950118465 67.9 227
1717950128483 68.0 228
1717950138507 67.9 229
1717950148528 68.1 230
1717950158546 68.1 231
1717950168564 68.1 232
1717950178585 68.1 233
1717950188607 68.1 234
1717950198642 68.0 235
1717950208670 68.0 236
1717950218696 67.9 237
1717950228725 67.6 238
1717950238744 68.4 239
1717950248764 68.0 240
1717950258788 69.0 241
1717950268809 68.5 242
1717950278830 68.7 243
1717950288859 68.5 244
1717950298946 68.1 245
1717950308979 68.1 246
1717950319016 68.5 247
1717950329051 68.4 248
1717950339088 68.4 249
1717950349109 68.4 250
1717950359127 68.4 251
1717950369157 68.4 252
1717950379187 68.4 253
1717950389209 68.4 254
1717950399229 68.4 255
1717950409246 68.4 256
1717950419267 68.5 257
1717950429298 68.6 258
1717950439324 68.3 259
1717950449344 68.5 260
1717950459364 68.9 261
1717950469439 68.5 262
1717950479509 68.5 263
1717950489537 69.0 264
1717950499565 68.1 265
1717950509591 70.0 266
1717950519614 68.8 267
1717950529652 68.6 268
1717950539676 68.6 269
1717950549701 68.4 270
1717950559729 67.9 271
1717950569765 68.3 272
1717950579794 68.3 273
1717950589828 68.4 274
1717950599912 68.4 275
1717950609947 68.1 276
1717950619979 67.8 277
1717950630007 67.7 278
1717950640040 69.3 279
1717950650082 69.1 280
1717950660130 68.7 281
1717950670158 68.5 282
1717950680190 68.6 283
1717950690210 68.4 284
1717950700237 68.0 285
1717950710329 68.0 286
1717950720353 68.0 287
1717950730375 68.0 288
1717950740398 68.0 289
1717950750419 68.5 290
1717950760450 68.6 291
1717950770478 68.2 292
1717950780500 68.9 293
1717950790535 68.8 294
1717950800557 68.7 295
1717950810645 69.2 296
1717950820683 68.7 297
1717950830750 68.7 298
1717950840828 69.0 299
1717950850861 68.7 300
1717950860884 68.7 301
1717950870957 68.7 302
1717950880979 68.8 303
1717950891003 69.0 304
1717950901033 68.3 305
1717950911074 68.3 306
1717950921105 68.3 307
1717950931146 68.3 308
1717950941198 68.3 309
1717950951291 68.3 310
1717950961314 68.0 311
1717950971342 68.0 312
1717950981364 67.9 313
1717950991386 67.9 314
1717951001407 67.8 315
1717951011440 67.8 316
1717951021519 67.8 317
1717951031549 67.8 318
1717951041575 67.8 319
1717951051596 67.8 320
1717951061627 67.8 321
1717951071701 67.8 322
1717951081780 67.8 323
1717951091803 67.8 324
1717951101873 67.8 325
1717951111956 67.8 326
1717951121990 67.8 327
1717951132037 67.8 328
1717951142128 67.8 329
1717951152160 67.8 330
1717951162190 67.8 331
1717951172210 67.8 332
1717951182242 67.8 333
1717951192324 67.8 334
1717951202358 67.8 335
1717951212386 67.8 336
1717951222431 67.5 337
1717951232506 67.5 338
1717951242586 67.5 339
1717951252659 67.5 340
1717951262737 67.3 341
1717951272756 67.4 342
1717951282801 66.9 343
1717951292878 66.8 344
1717951302923 66.8 345
1717951312950 66.8 346
1717951322977 66.9 347
1717951333019 66.8 348
1717951343050 66.8 349
1717951353081 66.9 350
1717951363152 66.8 351
1717951373232 66.9 352
1717951383254 66.8 353
1717951393288 66.8 354
1717951403361 66.8 355
1717951413393 66.8 356
1717951423420 66.9 357
1717951433450 66.8 358
1717951443526 66.9 359
1717951453549 66.8 360
1717951463576 66.9 361
1717951473602 66.8 362
1717951483681 66.8 363
1717951493718 66.8 364
1717951503748 66.8 365
1717951513786 66.9 366
1717951524385 66.8 367
1717951534436 66.8 368
1717951544465 66.9 369
1717951554500 66.8 370
1717951564524 66.9 371
1717951574547 66.8 372
1717951584577 66.9 373
1717951594606 66.8 374
1717951604687 66.8 375
1717951614711 66.8 376
1717951624777 66.8 377
1717951634806 66.9 378
1717951644829 66.8 379
1717951654911 66.9 380
1717951664936 66.8 381
1717951674965 66.8 382
1717951685049 66.8 383
1717951695086 66.8 384
1717951705123 66.9 385
1717951715203 66.8 386
1717951725243 66.8 387
1717951735270 66.9 388
1717951745317 66.8 389
1717951755349 66.9 390
1717951765438 66.8 391
1717951775476 66.8 392
1717951785511 66.8 393
1717951795546 66.8 394
1717951805587 66.9 395
1717951815667 66.8 396
1717951825744 66.9 397
1717951835819 66.8 398
1717951845846 66.9 399
1717951855931 66.8 400
1717951866001 66.8 401
1717951876035 66.0 402
1717951886081 66.0 403
1717951896134 66.0 404
1717951906158 66.4 405
1717951916184 66.3 406
1717951926234 66.4 407
1717951936261 66.3 408
1717951946342 66.3 409
1717951956426 66.3 410
1717951966499 66.3 411
1717951976574 66.3 412
1717951986599 66.3 413
1717951996635 66.3 414
1717952006719 66.3 415
1717952016744 66.3 416
1717952026770 66.3 417
1717952036816 66.3 418
1717952046907 66.3 419
1717952056940 66.3 420
1717952066963 66.4 421
1717952077047 66.3 422
1717952087674 66.4 423
1717952097699 66.3 424
1717952107724 66.3 425
1717952117759 66.3 426
1717952127791 66.3 427
1717952137824 66.3 428
1717952147846 66.3 429
1717952157870 66.3 430
1717952167907 66.4 431
1717952177930 66.3 432
1717952188013 66.4 433
1717952198038 66.3 434
1717952208114 66.3 435
1717952218141 66.3 436
1717952228165 66.3 437
1717952238249 66.3 438
1717952248283 66.3 439
1717952258373 66.4 440
1717952268456 66.3 441
1717952278483 66.4 442
1717952288513 66.3 443
1717952298578 66.3 444
1717952308658 66.3 445
1717952318686 66.3 446
1717952328759 66.3 447
1717952338787 66.3 448
1717952348810 66.3 449
1717952358834 66.4 450
1717952368912 66.3 451
1717952378940 66.3 452
1717952388974 66.3 453
1717952399048 66.3 454
1717952409090 66.3 455
1717952419163 66.4 456
1717952429236 66.4 457
1717952439261 66.4 458
1717952449296 66.4 459
1717952459342 66.3 460
1717952469364 66.4 461
1717952479399 67.2 462
1717952489482 65.9 463
1717952499529 64.5 464
1717952509602 64.1 465
1717952519671 63.3 466
1717952529695 63.3 467
1717952539720 63.3 468
1717952549792 63.3 469
1717952559875 63.3 470
1717952569948 63.3 471
1717952579980 63.3 472
1717952590057 63.3 473
1717952600144 63.3 474
1717952610184 63.3 475
1717952620265 63.3 476
1717952630337 63.3 477
1717952640403 63.3 478
1717952650428 63.3 479
1717952660453 63.3 480
1717952670480 63.3 481
1717952680504 63.3 482
1717952690526 63.3 483
1717952700558 63.3 484
1717952710585 63.3 485
1717952720613 63.3 486
1717952730656 63.3 487
1717952740746 63.3 488
1717952750776 63.3 489
1717952760846 63.2 490
1717952770918 63.2 491
1717952780943 63.2 492
1717952790967 63.2 493
1717952801038 63.2 494
1717952811110 63.2 495
1717952821135 63.2 496
1717952831207 63.2 497
1717952841285 63.2 498
1717952851362 63.2 499
1717952861388 63.2 500
1717952871454 63.2 501
1717952881525 63.2 502
1717952891599 63.2 503
1717952901625 63.2 504
1717952911652 63.2 505
1717952921731 63.2 506
1717952931757 63.2 507
1717952941791 63.2 508
1717952951862 63.2 509
1717952961930 63.2 510
1717952972005 63.2 511
1717952982077 63.2 512
1717952992154 63.2 513
1717953002246 63.2 514
1717953012320 63.2 515
1717953022409 63.2 516
1717953032490 63.2 517
1717953042568 63.2 518
1717953052594 63.2 519
1717953062680 63.1 520
1717953072759 63.1 521
1717953082797 63.1 522
1717953092834 63.1 523
1717953102920 63.1 524
1717953113017 63.1 525
1717953123067 63.1 526
1717953133157 63.1 527
1717953143234 63.1 528
1717953153314 63.1 529
1717953163401 63.1 530
1717953173442 63.1 531
1717953183522 63.1 532
1717953193600 63.1 533
1717953203636 63.1 534
1717953213672 63.1 535
1717953223850 63.1 536
1717953233885 63.1 537
1717953243916 63.1 538
1717953253944 63.1 539
1717953263997 63.1 540
1717953274030 63.1 541
1717953284073 63.1 542
1717953294147 63.1 543
1717953304179 63.1 544
1717953314258 63.1 545
1717953324353 63.1 546
1717953334433 63.1 547
1717953344466 63.1 548
1717953354546 63.1 549
1717953364618 63.1 550
1717953374668 63.1 551
1717953384722 63.1 552
1717953394824 63.1 553
1717953404920 63.1 554
1717953415005 63.1 555
1717953425040 63.1 556
1717953435115 63.1 557
1717953445195 63.1 558
1717953455227 63.1 559
1717953465263 63.1 560
1717953475361 63.1 561
1717953485457 63.1 562
