1717947842000 0.0001949999999908414 0
1717947852013 0.043475999999998294 1
1717947862040 0.3053769999999929 2
1717947872055 0.41698399999998514 3
1717947882076 0.5336599999999976 4
1717947892090 0.6348140000000058 5
1717947902105 0.8448909999999898 6
1717947912116 0.8480439999999874 7
1717947922128 1.0087540000000104 8
1717947932140 1.0637800000000084 9
1717947942153 1.0853239999999857 10
1717947952166 1.252914000000004 11
1717947962178 1.3018639999999948 12
1717947972190 1.5280290000000036 13
1717947982203 1.7875919999999894 14
1717947992219 1.891368 15
1717948002236 2.1256170000000054 16
1717948012250 2.225611999999984 17
1717948022279 2.506857999999994 18
1717948032295 2.6404819999999916 19
1717948042310 2.8227679999999964 20
1717948052328 2.9382070000000056 21
1717948062342 3.0771159999999895 22
1717948072359 3.3578540000000032 23
1717948082372 3.5079220000000078 24
1717948092391 3.715656999999993 25
1717948102404 3.761462999999992 26
1717948112424 3.87907899999999 27
1717948122441 4.142243000000008 28
1717948132458 4.255459000000002 29
1717948142470 4.38306399999999 30
1717948152493 4.434213 31
1717948162513 4.663648999999992 32
1717948172558 4.690014999999988 33
1717948182576 4.937116000000003 34
1717948192591 4.953327000000002 35
1717948202607 5.04228599999999 36
1717948212620 5.277503999999993 37
1717948222633 5.682482999999991 38
1717948232659 6.0104220000000055 39
1717948242672 6.136633999999987 40
1717948252686 6.403401000000002 41
1717948262699 6.500428999999997 42
1717948272711 6.573828999999989 43
1717948282726 6.817014 44
1717948292748 6.864359000000007 45
1717948302763 7.084153999999984 46
1717948312785 7.133700000000005 47
1717948322800 7.268315000000001 48
1717948332816 7.466196999999994 49
1717948342831 7.657282000000009 50
1717948352845 7.938798999999989 51
1717948362900 7.947389999999984 52
1717948372914 7.949085999999994 53
1717948382929 7.982224000000002 54
1717948392943 8.002121999999986 55
1717948402962 8.039085 56
1717948412974 8.057306000000011 57
1717948422988 8.109230999999994 58
1717948433006 8.118020999999999 59
1717948443022 8.123289 60
1717948453044 8.12854200000001 61
1717948463059 8.15565699999999 62
1717948473074 8.165651999999994 63
1717948483090 8.177416999999991 64
1717948493106 8.182512000000003 65
1717948503123 8.190663999999998 66
1717948513139 8.19575900000001 67
1717948523154 8.235229000000004 68
1717948533169 8.251137999999997 69
1717948543185 8.272504999999995 70
1717948553229 8.279019000000005 71
1717948563250 8.285708999999997 72
1717948573266 8.293828999999988 73
1717948583281 8.30725799999999 74
1717948593308 8.311379999999986 75
1717948603325 8.328152999999986 76
1717948613340 8.331600000000009 77
1717948623359 8.350199000000003 78
1717948633377 8.418249000000003 79
1717948643396 8.438805000000002 80
1717948653414 8.46655100000001 81
1717948663430 8.476634999999987 82
1717948673451 8.490545999999995 83
1717948683465 8.499847999999986 84
1717948693483 8.520117999999997 85
1717948703497 8.542530999999997 86
1717948713512 8.554603999999983 87
1717948723530 8.630863000000005 88
1717948733546 8.727101000000005 89
1717948743562 8.792035999999996 90
1717948753583 8.845758999999987 91
1717948763598 8.889195999999998 92
1717948773617 8.937851999999992 93
1717948783633 9.220898000000005 94
1717948793649 9.344546000000008 95
1717948803672 9.559577999999988 96
1717948813690 9.675167999999985 97
1717948823708 9.776983999999999 98
1717948833724 9.997570999999994 99
1717948843738 10.204970000000003 100
1717948853754 10.399454999999989 101
1717948863767 10.442667 102
1717948873781 10.480773999999997 103
1717948883797 10.505102999999991 104
1717948893811 10.769644999999997 105
1717948903824 10.920165999999995 106
1717948913840 11.074842999999987 107
1717948923857 11.293327000000005 108
1717948933876 11.410809999999998 109
1717948943892 11.696051000000011 110
1717948953910 11.865143999999987 111
1717948963927 12.121338000000009 112
1717948973944 12.22221300000001 113
1717948983960 12.290731999999991 114
1717948993979 12.428876000000002 115
1717949003999 12.493739000000005 116
1717949014025 12.697738999999984 117
1717949024045 12.776657999999998 118
1717949034125 13.008805999999993 119
1717949044140 13.06066899999999 120
1717949054163 13.173970999999995 121
1717949064231 13.39547300000001 122
1717949074256 13.408344 123
1717949084279 13.417561000000006 124
1717949094302 13.419152999999994 125
1717949104376 13.422940000000011 126
1717949114403 13.441338000000002 127
1717949124425 13.464442999999989 128
1717949134475 13.473565000000008 129
1717949144527 13.481739000000005 130
1717949154545 13.482706000000007 131
1717949164563 13.485037000000005 132
1717949174586 13.505336 133
1717949184605 13.520972 134
1717949194623 13.524480000000011 135
1717949204645 13.533317000000011 136
1717949214664 13.533997 137
1717949224683 13.563737000000003 138
1717949234705 13.576283999999987 139
1717949244735 13.594363999999985 140
1717949254800 13.598924000000011 141
1717949264828 13.607924999999994 142
1717949274857 13.609025000000003 143
1717949284926 13.61497399999999 144
1717949294944 13.626630000000006 145
1717949304978 13.66601700000001 146
1717949315042 13.668068000000005 147
1717949325106 13.676219000000003 148
1717949335125 13.676934999999986 149
1717949345143 13.691010000000006 150
1717949355165 13.704589999999996 151
1717949365197 13.733761999999984 152
1717949375219 13.735951 153
1717949385239 13.745083999999991 154
1717949395310 13.745892999999995 155
1717949405374 13.750687 156
1717949415411 13.756991 157
1717949425434 13.773201 158
1717949435507 13.774935999999997 159
1717949445527 13.803181999999993 160
1717949455544 13.832352999999983 161
1717949465562 13.83592200000001 162
1717949475583 13.848970000000008 163
1717949485617 13.89538300000001 164
1717949495644 13.920247999999987 165
1717949505670 13.952991999999995 166
1717949515693 14.028687999999988 167
1717949525717 14.038757000000004 168
1717949535739 14.050875999999988 169
1717949545823 14.070175000000006 170
1717949555897 14.075028000000003 171
1717949565922 14.086741999999987 172
1717949575981 14.089730000000003 173
1717949585998 14.092520000000007 174
1717949596022 14.218937000000011 175
1717949606101 14.480638999999996 176
1717949616177 14.591420999999997 177
1717949626210 14.717546999999996 178
1717949637038 14.747298 179
1717949647058 15.049097999999987 180
1717949657075 15.09848500000001 181
1717949667092 15.172483 182
1717949677108 15.22322299999999 183
1717949687142 15.28339299999999 184
1717949697165 15.327365999999984 185
1717949707184 15.374944999999997 186
1717949717205 15.419830999999988 187
1717949727225 15.474905000000007 188
1717949737247 15.531294000000003 189
1717949747285 15.578111000000007 190
1717949757307 15.67035100000001 191
1717949767340 15.70336900000001 192
1717949777375 15.899760999999984 193
1717949787393 16.083710999999994 194
1717949797411 16.272332000000006 195
1717949807432 16.415580000000006 196
1717949817458 16.555836 197
1717949827474 16.687611000000004 198
1717949837493 16.820022999999992 199
1717949847513 17.022163000000006 200
1717949857531 17.180668999999995 201
1717949867549 17.243583 202
1717949877575 17.273877 203
1717949887605 17.332605 204
1717949897627 17.376903 205
1717949907647 17.41695899999999 206
1717949917667 17.481873000000007 207
1717949927700 17.50587999999999 208
1717949937771 17.508582999999987 209
1717949947829 17.510366000000005 210
1717949957853 17.518798000000004 211
1717949967875 17.530869999999993 212
1717949977898 17.550689000000006 213
1717949987917 17.590182 214
1717949997946 17.60273699999999 215
1717950008019 17.60715400000001 216
1717950018067 17.623965999999996 217
1717950028091 17.63345000000001 218
1717950038162 17.641684999999995 219
1717950048244 17.65619699999999 220
1717950058320 17.66603699999999 221
1717950068344 17.682828999999998 222
1717950078370 17.701121 223
1717950088398 17.730503 224
1717950098426 17.736208000000005 225
1717950108445 17.79448099999999 226
1717950118465 17.79888299999999 227
1717950128483 17.809440999999993 228
1717950138507 17.814688999999987 229
1717950148528 17.925148000000007 230
1717950158546 17.929416000000003 231
1717950168564 17.936225000000007 232
1717950178585 17.939977999999996 233
1717950188607 17.943257999999986 234
1717950198642 17.959033000000005 235
1717950208670 17.99970300000001 236
1717950218696 18.009379999999993 237
1717950228725 18.01849899999999 238
1717950238744 18.048507999999998 239
1717950248764 18.05517599999999 240
1717950258788 18.069057999999984 241
1717950268809 18.093536999999998 242
1717950278830 18.126509 243
1717950288859 18.189258999999993 244
1717950298946 18.264084999999994 245
1717950308979 18.32783900000001 246
1717950319016 18.383974999999992 247
1717950329051 18.46889300000001 248
1717950339088 18.483832000000007 249
1717950349109 18.49532099999999 250
1717950359127 18.496790000000004 251
1717950369157 18.502744000000007 252
1717950379187 18.547796000000005 253
1717950389209 18.57028299999999 254
1717950399229 18.615745000000004 255
1717950409246 18.619778999999994 256
1717950419267 18.646433000000002 257
1717950429298 18.665845999999988 258
1717950439324 18.689787999999993 259
1717950449344 18.695809999999994 260
1717950459364 18.709614999999985 261
1717950469439 18.721100000000007 262
1717950479509 18.732394 263
1717950489537 18.747548999999992 264
1717950499565 18.769551000000007 265
1717950509591 18.777616999999992 266
1717950519614 18.78573800000001 267
1717950529652 18.79511500000001 268
1717950539676 18.800899999999984 269
1717950549701 18.80441400000001 270
1717950559729 18.830995 271
1717950569765 18.853379999999987 272
1717950579794 18.942892 273
1717950589828 19.006947999999994 274
1717950599912 19.069102999999984 275
1717950609947 19.087616999999995 276
1717950619979 19.110906 277
1717950630007 19.146390999999994 278
1717950640040 19.20547099999999 279
1717950650082 19.20694499999999 280
1717950660130 19.209858999999994 281
1717950670158 19.21593899999999 282
1717950680190 19.293498999999997 283
1717950690210 19.404472 284
1717950700237 19.593581999999998 285
1717950710329 19.689118000000008 286
1717950720353 19.825615999999997 287
1717950730375 19.93924899999999 288
1717950740398 20.101237999999995 289
1717950750419 20.212305999999984 290
1717950760450 20.311116 291
1717950770478 20.399977000000007 292
1717950780500 20.471261999999996 293
1717950790535 20.53017600000001 294
1717950800557 20.649444999999986 295
1717950810645 20.736775999999992 296
1717950820683 20.833101999999997 297
1717950830750 20.93967699999999 298
1717950840828 21.04278099999999 299
1717950850861 21.126010000000008 300
1717950860884 21.246177999999986 301
1717950870957 21.339957 302
1717950880979 21.46760900000001 303
1717950891003 21.487166000000002 304
1717950901033 21.499379000000005 305
1717950911074 21.501131999999984 306
1717950921105 21.526860999999997 307
1717950931146 21.534459999999996 308
1717950941198 21.541626000000008 309
1717950951291 21.54360600000001 310
1717950961314 21.54550900000001 311
1717950971342 21.54718299999999 312
1717950981364 21.57833199999999 313
1717950991386 21.619654999999995 314
1717951001407 21.62679399999999 315
1717951011440 21.628004000000004 316
1717951021519 21.63063600000001 317
1717951031549 21.636396999999988 318
1717951041575 21.657678000000004 319
1717951051596 21.665223999999995 320
1717951061627 21.672483 321
1717951071701 21.674597000000006 322
1717951081780 21.676535 323
1717951091803 21.677276000000006 324
1717951101873 21.70634000000001 325
1717951111956 21.70797300000001 326
1717951121990 21.715743000000003 327
1717951132037 21.717861 328
1717951142128 21.719065999999998 329
1717951152160 21.72722300000001 330
1717951162190 21.748051000000004 331
1717951172210 21.752917999999994 332
1717951182242 21.760024999999985 333
1717951192324 21.766085000000004 334
1717951202358 21.772914999999983 335
1717951212386 21.774338999999998 336
1717951222431 21.794410999999997 337
1717951232506 21.796010999999993 338
1717951242586 21.829351000000003 339
1717951252659 21.846708000000007 340
1717951262737 21.869012999999995 341
1717951272756 21.873072000000008 342
1717951282801 21.91117399999999 343
1717951292878 21.938222999999994 344
1717951302923 21.946181999999993 345
1717951312950 21.949179999999984 346
1717951322977 21.951775999999995 347
1717951333019 21.95922999999999 348
1717951343050 21.982957 349
1717951353081 21.98510300000001 350
1717951363152 21.991807999999992 351
1717951373232 21.993504 352
1717951383254 21.99497199999999 353
1717951393288 21.996927999999997 354
1717951403361 22.023266000000007 355
1717951413393 22.044711000000007 356
1717951423420 22.05278100000001 357
1717951433450 22.061105999999995 358
1717951443526 22.06777600000001 359
1717951453549 22.07093900000001 360
1717951463576 22.095429999999993 361
1717951473602 22.096997999999985 362
1717951483681 22.104971000000006 363
1717951493718 22.116591999999997 364
1717951503748 22.11830900000001 365
1717951513786 22.12020799999999 366
1717951524385 22.14640399999999 367
1717951534436 22.151614999999993 368
1717951544465 22.159084000000007 369
1717951554500 22.160548000000006 370
1717951564524 22.162161999999995 371
1717951574547 22.167587999999995 372
1717951584577 22.227476999999993 373
1717951594606 22.22887800000001 374
1717951604687 22.239215 375
1717951614711 22.243729000000002 376
1717951624777 22.24636799999999 377
1717951634806 22.248064 378
1717951644829 22.276628999999986 379
1717951654911 22.279352999999986 380
1717951664936 22.28704400000001 381
1717951674965 22.288735000000003 382
1717951685049 22.28988000000001 383
1717951695086 22.29135500000001 384
1717951705123 22.314749000000006 385
1717951715203 22.316913 386
1717951725243 22.325596999999988 387
1717951735270 22.32632799999999 388
1717951745317 22.327957999999995 389
1717951755349 22.32995600000001 390
1717951765438 22.346862999999985 391
1717951775476 22.349434000000002 392
1717951785511 22.358176999999984 393
1717951795546 22.370823 394
1717951805587 22.372972000000004 395
1717951815667 22.374021999999997 396
1717951825744 22.394574000000006 397
1717951835819 22.396107 398
1717951845846 22.403570000000002 399
1717951855931 22.405554999999993 400
1717951866001 22.407622000000003 401
1717951876035 22.467623000000003 402
1717951886081 22.520905 403
1717951896134 22.52749399999999 404
1717951906158 22.547179999999997 405
1717951916184 22.54940400000001 406
1717951926234 22.56161399999999 407
1717951936261 22.572220999999985 408
1717951946342 22.659133999999995 409
1717951956426 22.666837999999984 410
1717951966499 22.67541399999999 411
1717951976574 22.676803000000007 412
1717951986599 22.678147999999993 413
1717951996635 22.687726999999995 414
1717952006719 22.716098999999986 415
1717952016744 22.723393999999985 416
1717952026770 22.738980999999995 417
1717952036816 22.755256000000003 418
1717952046907 22.75698399999999 419
1717952056940 22.76231200000001 420
1717952066963 22.78976399999999 421
1717952077047 22.791180999999995 422
1717952087674 22.80322799999999 423
1717952097699 22.814954 424
1717952107724 22.81641400000001 425
1717952117759 22.834519999999998 426
1717952127791 22.847342999999995 427
1717952137824 22.84971200000001 428
1717952147846 22.869979 429
1717952157870 22.871814999999998 430
1717952167907 22.88453100000001 431
1717952177930 22.916353999999984 432
1717952188013 22.935686000000004 433
1717952198038 22.93740299999999 434
1717952208114 22.948177999999984 435
1717952218141 22.95671999999999 436
1717952228165 22.959528000000006 437
1717952238249 22.971062999999987 438
1717952248283 22.993785000000003 439
1717952258373 22.998152000000005 440
1717952268456 23.007644 441
1717952278483 23.019093999999996 442
1717952288513 23.020906999999994 443
1717952298578 23.027188999999993 444
1717952308658 23.050954999999988 445
1717952318686 23.057500000000005 446
1717952328759 23.065429999999992 447
1717952338787 23.067484000000007 448
1717952348810 23.069653999999986 449
1717952358834 23.075548999999995 450
1717952368912 23.10191900000001 451
1717952378940 23.105664999999988 452
1717952388974 23.116581999999994 453
1717952399048 23.133471999999983 454
1717952409090 23.13587000000001 455
1717952419163 23.158100999999988 456
1717952429236 23.161250999999993 457
1717952439261 23.170424999999994 458
1717952449296 23.17261400000001 459
1717952459342 23.175335999999987 460
1717952469364 23.21622400000001 461
1717952479399 23.233959999999996 462
1717952489482 23.29509300000001 463
1717952499529 23.345439999999996 464
1717952509602 23.345439999999996 465
1717952519671 23.345439999999996 466
1717952529695 23.346397999999994 467
1717952539720 23.350753999999995 468
1717952549792 23.350753999999995 469
1717952559875 23.350753999999995 470
1717952569948 23.350753999999995 471
1717952579980 23.350753999999995 472
1717952590057 23.350988 473
1717952600144 23.35517200000001 474
1717952610184 23.355245999999994 475
1717952620265 23.355890999999986 476
1717952630337 23.356209000000007 477
1717952640403 23.356209000000007 478
1717952650428 23.356209000000007 479
1717952660453 23.360392999999988 480
1717952670480 23.360478999999998 481
1717952680504 23.360540999999984 482
1717952690526 23.360540999999984 483
1717952700558 23.360540999999984 484
1717952710585 23.360540999999984 485
1717952720613 23.36487299999999 486
1717952730656 23.36487299999999 487
1717952740746 23.364947 488
1717952750776 23.364947 489
1717952760846 23.36503300000001 490
1717952770918 23.365094999999997 491
1717952780943 23.369279000000006 492
1717952790967 23.373885 493
1717952801038 23.379196000000007 494
1717952811110 23.37928199999999 495
1717952821135 23.380178 496
1717952831207 23.38026400000001 497
1717952841285 23.384619999999984 498
1717952851362 23.384681999999998 499
1717952861388 23.384841999999992 500
1717952871454 23.384841999999992 501
1717952881525 23.384841999999992 502
1717952891599 23.385075999999998 503
1717952901625 23.389260000000007 504
1717952911652 23.390003000000007 505
1717952921731 23.39023499999999 506
1717952931757 23.390321 507
1717952941791 23.390321 508
1717952951862 23.390321 509
1717952961930 23.39450500000001 510
1717952972005 23.39459099999999 511
1717952982077 23.394653000000005 512
1717952992154 23.39472699999999 513
1717953002246 23.39472699999999 514
1717953012320 23.39472699999999 515
1717953022409 23.399058999999994 516
1717953032490 23.399058999999994 517
1717953042568 23.421423000000004 518
1717953052594 23.436529000000007 519
1717953062680 23.436762999999985 520
1717953072759 23.436762999999985 521
1717953082797 23.440946999999994 522
1717953092834 23.448245999999983 523
1717953102920 23.45086599999999 524
1717953113017 23.451025999999985 525
1717953123067 23.452008000000006 526
1717953133157 23.452008000000006 527
1717953143234 23.456425999999993 528
1717953153314 23.456425999999993 529
1717953163401 23.456512000000004 530
1717953173442 23.456512000000004 531
1717953183522 23.456597999999985 532
1717953193600 23.45674600000001 533
1717953203636 23.46092999999999 534
1717953213672 23.461660999999992 535
1717953223850 23.461978999999985 536
1717953233885 23.462041 537
1717953243916 23.46211500000001 538
1717953253944 23.46211500000001 539
1717953263997 23.466298999999992 540
1717953274030 23.466446999999988 541
1717953284073 23.466446999999988 542
1717953294147 23.466446999999988 543
1717953304179 23.466446999999988 544
1717953314258 23.466533 545
1717953324353 23.470778999999993 546
1717953334433 23.470778999999993 547
1717953344466 23.470778999999993 548
1717953354546 23.470778999999993 549
1717953364618 23.471001 550
1717953374668 23.49096399999999 551
1717953384722 23.495319999999992 552
1717953394824 23.514758999999998 553
1717953404920 23.515558999999996 554
1717953415005 23.515558999999996 555
1717953425040 23.516762 556
1717953435115 23.516823999999986 557
1717953445195 23.521265999999997 558
1717953455227 23.521265999999997 559
1717953465263 23.521265999999997 560
1717953475361 23.521265999999997 561
1717953485457 23.52143799999999 562
