1717947842000 0.0 0
1717947852013 2.8737339999988762 1
1717947862040 48.386099999999715 2
1717947872055 48.49643299999843 3
1717947882076 73.57135500000004 4
1717947892090 92.1930799999991 5
1717947902105 141.3240709999991 6
1717947912116 141.32714099999976 7
1717947922128 172.32232699999986 8
1717947932140 186.83320099999946 9
1717947942153 186.93480799999998 10
1717947952166 236.9321609999988 11
1717947962178 242.69787299999916 12
1717947972190 265.8734139999997 13
1717947982203 292.82651899999837 14
1717947992219 306.95407499999965 15
1717948002236 343.2845019999986 16
1717948012250 353.5414219999984 17
1717948022279 398.30862199999865 18
1717948032295 400.08670600000005 19
1717948042310 429.205770999999 20
1717948052328 446.7850849999995 21
1717948062342 470.67637099999956 22
1717948072359 494.9638309999991 23
1717948082372 500.3201679999984 24
1717948092391 549.123755999999 25
1717948102404 549.1581189999997 26
1717948112424 570.3605479999987 27
1717948122441 607.9370119999985 28
1717948132458 626.0072009999985 29
1717948142470 654.9497789999987 30
1717948152493 662.8376929999995 31
1717948162513 709.2604599999995 32
1717948172558 710.6636329999983 33
1717948182576 769.1167949999999 34
1717948192591 769.1239619999997 35
1717948202607 781.0393159999985 36
1717948212620 823.7133859999994 37
1717948222633 829.2841439999993 38
1717948232659 870.9103809999997 39
1717948242672 879.9790009999997 40
1717948252686 917.8357349999987 41
1717948262699 932.3461419999985 42
1717948272711 941.6073189999988 43
1717948282726 985.9738319999997 44
1717948292748 991.4393309999996 45
1717948302763 1033.9345809999995 46
1717948312785 1040.4226119999985 47
1717948322800 1057.6062169999987 48
1717948332816 1088.677963 49
1717948342831 1109.3923029999987 50
1717948352845 1136.7793009999987 51
1717948362900 1136.782396999999 52
1717948372914 1136.7838599999995 53
1717948382929 1136.84634 54
1717948392943 1136.9673079999993 55
1717948402962 1136.9945659999994 56
1717948412974 1137.0264979999993 57
1717948422988 1137.0725699999984 58
1717948433006 1137.0839649999998 59
1717948443022 1137.0882389999988 60
1717948453044 1137.0932749999993 61
1717948463059 1137.113749 62
1717948473074 1137.1266369999994 63
1717948483090 1137.1325259999994 64
1717948493106 1137.1368139999995 65
1717948503123 1137.1491889999998 66
1717948513139 1137.1537669999998 67
1717948523154 1137.193588 68
1717948533169 1137.2150419999998 69
1717948543185 1137.2417399999995 70
1717948553229 1137.2474669999992 71
1717948563250 1137.25461 72
1717948573266 1137.261633 73
1717948583281 1137.2691419999992 74
1717948593308 1137.2724409999992 75
1717948603325 1137.2815359999986 76
1717948613340 1137.284282999999 77
1717948623359 1137.310250999999 78
1717948633377 1137.3968019999993 79
1717948643396 1137.4176239999997 80
1717948653414 1137.4690889999983 81
1717948663430 1137.4732909999984 82
1717948673451 1137.485510999999 83
1717948683465 1137.493472 84
1717948693483 1137.5146909999985 85
1717948703497 1137.5282079999997 86
1717948713512 1137.5448129999986 87
1717948723530 1137.661897 88
1717948733546 1137.8186609999993 89
1717948743562 1137.9298419999996 90
1717948753583 1138.0094809999991 91
1717948763598 1138.077883 92
1717948773617 1139.6494059999986 93
1717948783633 1185.7896439999986 94
1717948793649 1192.422983999999 95
1717948803672 1230.7082999999984 96
1717948813690 1247.3093329999992 97
1717948823708 1261.5887949999997 98
1717948833724 1310.150470999999 99
1717948843738 1352.834617999999 100
1717948853754 1393.3517119999997 101
1717948863767 1400.1930709999997 102
1717948873781 1400.2321469999988 103
1717948883797 1400.247868999999 104
1717948893811 1427.1143669999983 105
1717948903824 1452.1819329999998 106
1717948913840 1469.7461449999992 107
1717948923857 1501.5119669999985 108
1717948933876 1502.9094569999997 109
1717948943892 1544.5514199999998 110
1717948953910 1555.3755469999996 111
1717948963927 1594.3005429999994 112
1717948973944 1611.2502799999984 113
1717948983960 1623.7007639999993 114
1717948993979 1658.4709439999988 115
1717949003999 1669.4085169999998 116
1717949014025 1707.9664819999998 117
1717949024045 1708.0806649999995 118
1717949034125 1751.7192429999996 119
1717949044140 1762.564436999999 120
1717949054163 1781.3937879999994 121
1717949064231 1809.0330049999993 122
1717949074256 1809.0448509999987 123
1717949084279 1809.0491699999984 124
1717949094302 1809.051062999999 125
1717949104376 1809.054478 126
1717949114403 1809.0719099999988 127
1717949124425 1809.084757999999 128
1717949134475 1809.0959669999993 129
1717949144527 1809.0984559999997 130
1717949154545 1809.0994819999996 131
1717949164563 1809.101924999999 132
1717949174586 1809.1232439999985 133
1717949184605 1809.131684 134
1717949194623 1809.1350789999997 135
1717949204645 1809.1385719999998 136
1717949214664 1809.1390469999988 137
1717949224683 1809.1781599999995 138
1717949234705 1809.198656999999 139
1717949244735 1809.2081849999995 140
1717949254800 1809.2128639999992 141
1717949264828 1809.2163249999994 142
1717949274857 1809.217403999999 143
1717949284926 1809.2254999999986 144
1717949294944 1809.2470959999991 145
1717949304978 1809.2680279999986 146
1717949315042 1809.2700639999985 147
1717949325106 1809.2724789999993 148
1717949335125 1809.2730469999988 149
1717949345143 1809.294618 150
1717949355165 1809.307578 151
1717949365197 1809.3357719999985 152
1717949375219 1809.3373729999985 153
1717949385239 1809.3409969999993 154
1717949395310 1809.3417869999994 155
1717949405374 1809.3471139999983 156
1717949415411 1809.3531249999996 157
1717949425434 1809.3610229999995 158
1717949435507 1809.362665999999 159
1717949445527 1809.4075639999992 160
1717949455544 1809.4630119999983 161
1717949465562 1809.4953669999995 162
1717949475583 1809.5100129999992 163
1717949485617 1809.5576259999998 164
1717949495644 1809.6059239999995 165
1717949505670 1809.6752359999991 166
1717949515693 1809.7306479999988 167
1717949525717 1809.7352119999996 168
1717949535739 1809.7462889999988 169
1717949545823 1809.75756 170
1717949555897 1809.7596379999995 171
1717949565922 1809.764788999999 172
1717949575981 1809.7675279999985 173
1717949585998 1809.7699139999986 174
1717949596022 1820.4977979999985 175
1717949606101 1859.157901999999 176
1717949616177 1876.3933639999996 177
1717949626210 1907.566107999999 178
1717949637038 1907.9190839999992 179
1717949647058 1949.287989999999 180
1717949657075 1953.813388999999 181
1717949667092 1958.3635609999983 182
1717949677108 1963.1111299999993 183
1717949687142 1967.708865999999 184
1717949697165 1972.2886449999987 185
1717949707184 1976.8735339999985 186
1717949717205 1981.2971429999998 187
1717949727225 1985.748239999999 188
1717949737247 1990.3157299999984 189
1717949747285 1994.8664879999997 190
1717949757307 1999.3879749999996 191
1717949767340 1999.818890999999 192
1717949777375 2008.3585559999992 193
1717949787393 2012.934991 194
1717949797411 2017.5957979999985 195
1717949807432 2022.1651809999985 196
1717949817458 2026.597679999999 197
1717949827474 2031.2797549999996 198
1717949837493 2035.7088919999987 199
1717949847513 2040.5020489999988 200
1717949857531 2044.9508499999993 201
1717949867549 2045.0285179999992 202
1717949877575 2045.0717489999988 203
1717949887605 2045.1316069999993 204
1717949897627 2045.1898869999986 205
1717949907647 2045.2082009999995 206
1717949917667 2045.2975569999999 207
1717949927700 2045.327224999999 208
1717949937771 2045.329388 209
1717949947829 2045.3309769999996 210
1717949957853 2045.3401089999988 211
1717949967875 2045.3457019999987 212
1717949977898 2045.3511749999998 213
1717949987917 2045.4005879999986 214
1717949997946 2045.4087479999998 215
1717950008019 2045.4134209999993 216
1717950018067 2045.4288099999994 217
1717950028091 2045.432664 218
1717950038162 2045.4420519999985 219
1717950048244 2045.4608979999994 220
1717950058320 2045.4740579999998 221
1717950068344 2045.4893239999983 222
1717950078370 2045.5174039999984 223
1717950088398 2045.541937 224
1717950098426 2045.5485209999988 225
1717950108445 2045.582703 226
1717950118465 2045.5864069999989 227
1717950128483 2045.5964059999988 228
1717950138507 2045.6014809999997 229
1717950148528 2045.623900999999 230
1717950158546 2045.6300419999989 231
1717950168564 2045.6316799999986 232
1717950178585 2045.6359499999999 233
1717950188607 2045.639475 234
1717950198642 2045.655229 235
1717950208670 2045.685711 236
1717950218696 2045.6984409999986 237
1717950228725 2045.7014899999995 238
1717950238744 2046.0672559999985 239
1717950248764 2046.251123 240
1717950258788 2046.3180999999986 241
1717950268809 2046.5326849999983 242
1717950278830 2047.4231189999991 243
1717950288859 2052.150769 244
1717950298946 2056.9143049999984 245
1717950308979 2061.4909449999996 246
1717950319016 2066.040504999999 247
1717950329051 2070.5322939999987 248
1717950339088 2070.536893999999 249
1717950349109 2070.559041999999 250
1717950359127 2070.5602919999983 251
1717950369157 2070.571775999999 252
1717950379187 2070.6316799999986 253
1717950389209 2070.649863999999 254
1717950399229 2070.6736679999995 255
1717950409246 2070.6784849999985 256
1717950419267 2070.6866789999985 257
1717950429298 2070.906510999999 258
1717950439324 2070.923084 259
1717950449344 2070.928388999999 260
1717950459364 2070.9338819999994 261
1717950469439 2070.93902 262
1717950479509 2070.9476729999988 263
1717950489537 2071.1718309999997 264
1717950499565 2071.1859829999994 265
1717950509591 2071.1929999999993 266
1717950519614 2071.195653999999 267
1717950529652 2071.2390849999992 268
1717950539676 2071.2484159999985 269
1717950549701 2071.2528949999996 270
1717950559729 2071.2707629999986 271
1717950569765 2071.2860819999987 272
1717950579794 2071.4399809999995 273
1717950589828 2071.5464629999988 274
1717950599912 2071.6586709999992 275
1717950609947 2071.6906199999994 276
1717950619979 2071.704180999999 277
1717950630007 2072.348899999999 278
1717950640040 2075.333887999999 279
1717950650082 2075.335122999999 280
1717950660130 2075.3378509999984 281
1717950670158 2075.3460779999987 282
1717950680190 2079.8356949999998 283
1717950690210 2084.638841 284
1717950700237 2092.0759019999987 285
1717950710329 2096.4074599999985 286
1717950720353 2101.143276999999 287
1717950730375 2105.001322 288
1717950740398 2110.1543439999987 289
1717950750419 2114.640658999999 290
1717950760450 2119.1716929999984 291
1717950770478 2123.833172999999 292
1717950780500 2128.208763999999 293
1717950790535 2132.6752849999993 294
1717950800557 2137.1737839999987 295
1717950810645 2141.763972999999 296
1717950820683 2146.1664789999995 297
1717950830750 2150.809825999999 298
1717950840828 2155.4207189999997 299
1717950850861 2159.843642 300
1717950860884 2164.3532989999985 301
1717950870957 2168.845808 302
1717950880979 2173.3146049999996 303
1717950891003 2173.3333999999995 304
1717950901033 2173.345571 305
1717950911074 2173.347135 306
1717950921105 2173.3636879999995 307
1717950931146 2173.3706999999995 308
1717950941198 2173.3722259999995 309
1717950951291 2173.374027 310
1717950961314 2173.375602 311
1717950971342 2173.377149 312
1717950981364 2173.3991129999995 313
1717950991386 2173.4349299999994 314
1717951001407 2173.4368749999994 315
1717951011440 2173.43793 316
1717951021519 2173.440225999999 317
1717951031549 2173.4470679999995 318
1717951041575 2173.4647079999995 319
1717951051596 2173.4716849999986 320
1717951061627 2173.473361999999 321
1717951071701 2173.4752689999987 322
1717951081780 2173.4769959999994 323
1717951091803 2173.4777319999994 324
1717951101873 2173.5000309999996 325
1717951111956 2173.501624999999 326
1717951121990 2173.503704999999 327
1717951132037 2173.505566 328
1717951142128 2173.5063029999983 329
1717951152160 2173.514658 330
1717951162190 2173.5278689999996 331
1717951172210 2173.5318749999988 332
1717951182242 2173.5332739999994 333
1717951192324 2173.543769 334
1717951202358 2173.5545899999997 335
1717951212386 2173.5557549999994 336
1717951222431 2173.568174 337
1717951232506 2173.5698079999984 338
1717951242586 2173.620553999999 339
1717951252659 2173.6640609999995 340
1717951262737 2173.682176999999 341
1717951272756 2173.687048 342
1717951282801 2173.739540999999 343
1717951292878 2173.7429669999983 344
1717951302923 2173.7454609999986 345
1717951312950 2173.748868999999 346
1717951322977 2173.751472 347
1717951333019 2173.758027 348
1717951343050 2173.777662999999 349
1717951353081 2173.7792249999984 350
1717951363152 2173.7805599999992 351
1717951373232 2173.7819959999997 352
1717951383254 2173.783098 353
1717951393288 2173.7846579999987 354
1717951403361 2173.815193999999 355
1717951413393 2173.8313019999987 356
1717951423420 2173.8334919999998 357
1717951433450 2173.839265999999 358
1717951443526 2173.859052 359
1717951453549 2173.862169 360
1717951463576 2173.883196999999 361
1717951473602 2173.884779 362
1717951483681 2173.8868899999998 363
1717951493718 2173.9080879999983 364
1717951503748 2173.909438999999 365
1717951513786 2173.910920999999 366
1717951524385 2173.9298639999997 367
1717951534436 2173.9332879999984 368
1717951544465 2173.9345969999995 369
1717951554500 2173.9360819999984 370
1717951564524 2173.9376009999996 371
1717951574547 2173.9440269999996 372
1717951584577 2173.9854049999994 373
1717951594606 2173.9867239999985 374
1717951604687 2173.991318999999 375
1717951614711 2173.9946729999992 376
1717951624777 2173.9968019999997 377
1717951634806 2173.998576 378
1717951644829 2174.017733999999 379
1717951654911 2174.0199139999986 380
1717951664936 2174.021617999999 381
1717951674965 2174.023649999999 382
1717951685049 2174.0248109999993 383
1717951695086 2174.0260819999985 384
1717951705123 2174.040798 385
1717951715203 2174.043035999999 386
1717951725243 2174.0465829999994 387
1717951735270 2174.0472929999996 388
1717951745317 2174.04853 389
1717951755349 2174.0506029999997 390
1717951765438 2174.061825999999 391
1717951775476 2174.0638439999984 392
1717951785511 2174.067133999999 393
1717951795546 2174.093916 394
1717951805587 2174.095826999999 395
1717951815667 2174.096690999999 396
1717951825744 2174.1082419999984 397
1717951835819 2174.109752999999 398
1717951845846 2174.11161 399
1717951855931 2174.1131239999995 400
1717951866001 2174.115169999999 401
1717951876035 2174.172166999999 402
1717951886081 2174.2756899999986 403
1717951896134 2174.337925 404
1717951906158 2174.384431999999 405
1717951916184 2174.3868899999998 406
1717951926234 2174.417675999999 407
1717951936261 2174.427486999999 408
1717951946342 2174.445959999999 409
1717951956426 2174.4746669999986 410
1717951966499 2174.477709999999 411
1717951976574 2174.4784919999984 412
1717951986599 2174.4797819999985 413
1717951996635 2174.492854 414
1717952006719 2174.511350999999 415
1717952016744 2174.515491 416
1717952026770 2174.527394999999 417
1717952036816 2174.5471019999986 418
1717952046907 2174.548793 419
1717952056940 2174.5538609999985 420
1717952066963 2174.574059999999 421
1717952077047 2174.5753559999994 422
1717952087674 2174.5834369999993 423
1717952097699 2174.6033049999987 424
1717952107724 2174.6046189999997 425
1717952117759 2174.624673999999 426
1717952127791 2174.6314359999997 427
1717952137824 2174.6334929999994 428
1717952147846 2174.6583389999996 429
1717952157870 2174.6599099999985 430
1717952167907 2174.680049999999 431
1717952177930 2174.692858999999 432
1717952188013 2174.704298999999 433
1717952198038 2174.7056279999997 434
1717952208114 2174.713002999999 435
1717952218141 2174.7190869999995 436
1717952228165 2174.7219769999992 437
1717952238249 2174.733963999999 438
1717952248283 2174.749199 439
1717952258373 2174.753633999999 440
1717952268456 2174.7647589999997 441
1717952278483 2174.775884999999 442
1717952288513 2174.778001999999 443
1717952298578 2174.783927999999 444
1717952308658 2174.798504999999 445
1717952318686 2174.807687999999 446
1717952328759 2174.8104639999983 447
1717952338787 2174.812451 448
1717952348810 2174.8146989999987 449
1717952358834 2174.8212639999983 450
1717952368912 2174.8385469999994 451
1717952378940 2174.844342999999 452
1717952388974 2174.849198 453
1717952399048 2174.8738759999997 454
1717952409090 2174.875602 455
1717952419163 2174.9083489999994 456
1717952429236 2174.911436999999 457
1717952439261 2174.917331999999 458
1717952449296 2174.9190009999984 459
1717952459342 2174.920721999999 460
1717952469364 2174.949607999999 461
1717952479399 2174.9639899999984 462
1717952489482 2175.0691719999995 463
1717952499529 2175.125086 464
1717952509602 2175.125086 465
1717952519671 2175.125086 466
1717952529695 2175.126173999999 467
1717952539720 2175.1304899999996 468
1717952549792 2175.1304899999996 469
1717952559875 2175.1304899999996 470
1717952569948 2175.1304899999996 471
1717952579980 2175.1304899999996 472
1717952590057 2175.130681999999 473
1717952600144 2175.1348659999985 474
1717952610184 2175.1349659999996 475
1717952620265 2175.1363649999985 476
1717952630337 2175.1367229999996 477
1717952640403 2175.1371929999987 478
1717952650428 2175.138905 479
1717952660453 2175.149476999999 480
1717952670480 2175.1507349999993 481
1717952680504 2175.1507949999996 482
1717952690526 2175.1513019999984 483
1717952700558 2175.151545999999 484
1717952710585 2175.154256 485
1717952720613 2175.1701349999985 486
1717952730656 2175.177314999999 487
1717952740746 2175.1783969999997 488
1717952750776 2175.1783969999997 489
1717952760846 2175.1793869999983 490
1717952770918 2175.1794469999986 491
1717952780943 2175.183631 492
1717952790967 2175.1936509999996 493
1717952801038 2175.2030289999984 494
1717952811110 2175.2030289999984 495
1717952821135 2175.204056999999 496
1717952831207 2175.2041489999992 497
1717952841285 2175.2103579999985 498
1717952851362 2175.210477999999 499
1717952861388 2175.2105779999983 500
1717952871454 2175.2108209999988 501
1717952881525 2175.2108209999988 502
1717952891599 2175.2117929999986 503
1717952901625 2175.2160369999983 504
1717952911652 2175.216785999999 505
1717952921731 2175.2170779999997 506
1717952931757 2175.2171439999984 507
1717952941791 2175.2172039999987 508
1717952951862 2175.2172039999987 509
1717952961930 2175.2214479999984 510
1717952972005 2175.2214479999984 511
1717952982077 2175.221608 512
1717952992154 2175.221608 513
1717953002246 2175.221608 514
1717953012320 2175.221608 515
1717953022409 2175.225912 516
1717953032490 2175.225912 517
1717953042568 2175.2775039999997 518
1717953052594 2175.317568999999 519
1717953062680 2175.318191999999 520
1717953072759 2175.318191999999 521
1717953082797 2175.322942999999 522
1717953092834 2175.335466999999 523
1717953102920 2175.343133999999 524
1717953113017 2175.343718 525
1717953123067 2175.344745999999 526
1717953133157 2175.344745999999 527
1717953143234 2175.349182 528
1717953153314 2175.349182 529
1717953163401 2175.349182 530
1717953173442 2175.349666 531
1717953183522 2175.3497319999988 532
1717953193600 2175.3498579999996 533
1717953203636 2175.3541019999993 534
1717953213672 2175.354851 535
1717953223850 2175.3552089999994 536
1717953233885 2175.355728999999 537
1717953243916 2175.355728999999 538
1717953253944 2175.355728999999 539
1717953263997 2175.3599729999987 540
1717953274030 2175.360032999999 541
1717953284073 2175.360032999999 542
1717953294147 2175.360032999999 543
1717953304179 2175.360032999999 544
1717953314258 2175.360032999999 545
1717953324353 2175.364336999999 546
1717953334433 2175.364336999999 547
1717953344466 2175.364336999999 548
1717953354546 2175.364336999999 549
1717953364618 2175.368665 550
1717953374668 2175.399615999999 551
1717953384722 2175.4044559999984 552
1717953394824 2175.4266149999985 553
1717953404920 2175.4274689999984 554
1717953415005 2175.4275879999987 555
1717953425040 2175.4292849999983 556
1717953435115 2175.4300459999995 557
1717953445195 2175.4346159999986 558
1717953455227 2175.4351229999993 559
1717953465263 2175.4357869999985 560
1717953475361 2175.435905999999 561
1717953485457 2175.4365439999983 562
