1717947842000 32.2 0
1717947852013 32.6 1
1717947862040 32.8 2
1717947872055 33.0 3
1717947882076 32.8 4
1717947892090 33.1 5
1717947902105 32.9 6
1717947912116 32.7 7
1717947922128 32.8 8
1717947932140 32.8 9
1717947942153 32.7 10
1717947952166 32.6 11
1717947962178 32.7 12
1717947972190 32.8 13
1717947982203 32.8 14
1717947992219 32.6 15
1717948002236 32.7 16
1717948012250 32.1 17
1717948022279 32.1 18
1717948032295 32.2 19
1717948042310 32.1 20
1717948052328 32.0 21
1717948062342 32.0 22
1717948072359 32.2 23
1717948082372 32.2 24
1717948092391 32.1 25
1717948102404 32.2 26
1717948112424 32.0 27
1717948122441 32.2 28
1717948132458 32.1 29
1717948142470 32.2 30
1717948152493 32.3 31
1717948162513 32.1 32
1717948172558 32.0 33
1717948182576 32.1 34
1717948192591 32.0 35
1717948202607 32.0 36
1717948212620 32.4 37
1717948222633 32.7 38
1717948232659 32.4 39
1717948242672 32.6 40
1717948252686 32.0 41
1717948262699 32.0 42
1717948272711 31.8 43
1717948282726 32.0 44
1717948292748 32.1 45
1717948302763 32.0 46
1717948312785 31.9 47
1717948322800 31.8 48
1717948332816 31.9 49
1717948342831 31.9 50
1717948352845 31.9 51
1717948362900 31.7 52
1717948372914 31.7 53
1717948382929 31.4 54
1717948392943 31.4 55
1717948402962 31.7 56
1717948412974 31.4 57
1717948422988 31.6 58
1717948433006 31.7 59
1717948443022 31.7 60
1717948453044 31.6 61
1717948463059 31.7 62
1717948473074 31.6 63
1717948483090 31.7 64
1717948493106 31.6 65
1717948503123 31.8 66
1717948513139 31.7 67
1717948523154 31.7 68
1717948533169 31.8 69
1717948543185 31.8 70
1717948553229 31.7 71
1717948563250 31.8 72
1717948573266 31.7 73
1717948583281 31.7 74
1717948593308 31.7 75
1717948603325 31.7 76
1717948613340 31.6 77
1717948623359 31.7 78
1717948633377 32.0 79
1717948643396 31.8 80
1717948653414 31.9 81
1717948663430 31.7 82
1717948673451 31.7 83
1717948683465 31.7 84
1717948693483 31.7 85
1717948703497 31.7 86
1717948713512 31.7 87
1717948723530 31.9 88
1717948733546 32.0 89
1717948743562 31.9 90
1717948753583 32.6 91
1717948763598 32.8 92
1717948773617 32.8 93
1717948783633 32.6 94
1717948793649 32.7 95
1717948803672 32.7 96
1717948813690 32.6 97
1717948823708 32.5 98
1717948833724 32.7 99
1717948843738 32.7 100
1717948853754 32.7 101
1717948863767 32.7 102
1717948873781 32.7 103
1717948883797 32.8 104
1717948893811 32.6 105
1717948903824 32.6 106
1717948913840 32.8 107
1717948923857 32.8 108
1717948933876 32.8 109
1717948943892 32.7 110
1717948953910 32.7 111
1717948963927 32.7 112
1717948973944 32.5 113
1717948983960 32.5 114
1717948993979 32.4 115
1717949003999 32.4 116
1717949014025 32.6 117
1717949024045 32.4 118
1717949034125 32.6 119
1717949044140 32.5 120
1717949054163 32.4 121
1717949064231 32.5 122
1717949074256 32.3 123
1717949084279 32.0 124
1717949094302 32.0 125
1717949104376 32.0 126
1717949114403 32.0 127
1717949124425 32.0 128
1717949134475 32.1 129
1717949144527 33.0 130
1717949154545 32.0 131
1717949164563 32.0 132
1717949174586 32.2 133
1717949184605 32.1 134
1717949194623 32.0 135
1717949204645 32.0 136
1717949214664 31.9 137
1717949224683 32.0 138
1717949234705 32.0 139
1717949244735 32.0 140
1717949254800 31.9 141
1717949264828 31.9 142
1717949274857 31.9 143
1717949284926 32.0 144
1717949294944 32.0 145
1717949304978 32.0 146
1717949315042 31.9 147
1717949325106 31.9 148
1717949335125 32.0 149
1717949345143 32.0 150
1717949355165 32.0 151
1717949365197 32.0 152
1717949375219 32.0 153
1717949385239 32.0 154
1717949395310 32.0 155
1717949405374 32.0 156
1717949415411 32.0 157
1717949425434 32.0 158
1717949435507 32.0 159
1717949445527 32.0 160
1717949455544 32.1 161
1717949465562 32.0 162
1717949475583 32.2 163
1717949485617 32.2 164
1717949495644 32.0 165
1717949505670 32.0 166
1717949515693 32.2 167
1717949525717 32.1 168
1717949535739 32.2 169
1717949545823 32.0 170
1717949555897 32.0 171
1717949565922 31.9 172
1717949575981 32.5 173
1717949585998 32.2 174
1717949596022 32.2 175
1717949606101 32.2 176
1717949616177 32.2 177
1717949626210 32.2 178
1717949637038 32.2 179
1717949647058 31.1 180
1717949657075 30.9 181
1717949667092 31.1 182
1717949677108 29.8 183
1717949687142 29.9 184
1717949697165 29.7 185
1717949707184 29.5 186
1717949717205 29.5 187
1717949727225 29.6 188
1717949737247 29.6 189
1717949747285 29.5 190
1717949757307 29.8 191
1717949767340 29.8 192
1717949777375 29.7 193
1717949787393 29.7 194
1717949797411 29.7 195
1717949807432 29.9 196
1717949817458 29.9 197
1717949827474 29.9 198
1717949837493 30.1 199
1717949847513 29.7 200
1717949857531 29.6 201
1717949867549 29.8 202
1717949877575 29.6 203
1717949887605 29.7 204
1717949897627 29.7 205
1717949907647 29.7 206
1717949917667 29.6 207
1717949927700 29.7 208
1717949937771 29.7 209
1717949947829 29.7 210
1717949957853 29.7 211
1717949967875 29.7 212
1717949977898 29.8 213
1717949987917 29.7 214
1717949997946 29.7 215
1717950008019 29.8 216
1717950018067 29.8 217
1717950028091 29.7 218
1717950038162 29.8 219
1717950048244 29.9 220
1717950058320 29.9 221
1717950068344 29.9 222
1717950078370 30.0 223
1717950088398 29.9 224
1717950098426 29.9 225
1717950108445 29.8 226
1717950118465 29.8 227
1717950128483 29.8 228
1717950138507 29.8 229
1717950148528 29.8 230
1717950158546 29.8 231
1717950168564 29.8 232
1717950178585 29.8 233
1717950188607 29.8 234
1717950198642 29.8 235
1717950208670 29.9 236
1717950218696 29.9 237
1717950228725 30.0 238
1717950238744 30.0 239
1717950248764 30.0 240
1717950258788 30.1 241
1717950268809 29.9 242
1717950278830 30.0 243
1717950288859 30.1 244
1717950298946 30.1 245
1717950308979 29.6 246
1717950319016 29.7 247
1717950329051 29.7 248
1717950339088 29.9 249
1717950349109 29.8 250
1717950359127 29.8 251
1717950369157 29.8 252
1717950379187 29.9 253
1717950389209 29.5 254
1717950399229 29.6 255
1717950409246 29.6 256
1717950419267 29.7 257
1717950429298 29.7 258
1717950439324 29.8 259
1717950449344 29.7 260
1717950459364 29.8 261
1717950469439 29.7 262
1717950479509 29.6 263
1717950489537 29.7 264
1717950499565 29.8 265
1717950509591 29.8 266
1717950519614 29.7 267
1717950529652 29.9 268
1717950539676 29.8 269
1717950549701 29.8 270
1717950559729 29.9 271
1717950569765 29.7 272
1717950579794 29.7 273
1717950589828 29.7 274
1717950599912 29.6 275
1717950609947 29.7 276
1717950619979 29.7 277
1717950630007 29.7 278
1717950640040 29.7 279
1717950650082 30.1 280
1717950660130 30.0 281
1717950670158 30.2 282
1717950680190 30.3 283
1717950690210 30.2 284
1717950700237 30.2 285
1717950710329 30.2 286
1717950720353 30.2 287
1717950730375 30.0 288
1717950740398 30.1 289
1717950750419 30.1 290
1717950760450 30.3 291
1717950770478 30.1 292
1717950780500 30.2 293
1717950790535 30.3 294
1717950800557 30.3 295
1717950810645 30.1 296
1717950820683 30.0 297
1717950830750 30.1 298
1717950840828 30.2 299
1717950850861 30.1 300
1717950860884 30.2 301
1717950870957 30.0 302
1717950880979 30.0 303
1717950891003 30.1 304
1717950901033 30.0 305
1717950911074 29.9 306
1717950921105 29.9 307
1717950931146 29.9 308
1717950941198 29.9 309
1717950951291 30.7 310
1717950961314 30.0 311
1717950971342 30.0 312
1717950981364 30.1 313
1717950991386 30.0 314
1717951001407 30.0 315
1717951011440 30.0 316
1717951021519 29.9 317
1717951031549 30.2 318
1717951041575 30.2 319
1717951051596 30.1 320
1717951061627 29.9 321
1717951071701 29.9 322
1717951081780 29.9 323
1717951091803 29.9 324
1717951101873 30.0 325
1717951111956 30.0 326
1717951121990 30.0 327
1717951132037 29.9 328
1717951142128 29.9 329
1717951152160 29.9 330
1717951162190 30.0 331
1717951172210 30.0 332
1717951182242 30.0 333
1717951192324 30.0 334
1717951202358 29.9 335
1717951212386 29.9 336
1717951222431 29.9 337
1717951232506 29.9 338
1717951242586 29.9 339
1717951252659 29.9 340
1717951262737 30.0 341
1717951272756 30.1 342
1717951282801 30.2 343
1717951292878 30.2 344
1717951302923 30.1 345
1717951312950 30.1 346
1717951322977 30.1 347
1717951333019 30.1 348
1717951343050 30.1 349
1717951353081 30.1 350
1717951363152 30.1 351
1717951373232 30.1 352
1717951383254 30.1 353
1717951393288 30.1 354
1717951403361 30.2 355
1717951413393 30.1 356
1717951423420 30.1 357
1717951433450 30.1 358
1717951443526 30.2 359
1717951453549 30.1 360
1717951463576 30.1 361
1717951473602 30.1 362
1717951483681 30.1 363
1717951493718 30.2 364
1717951503748 30.1 365
1717951513786 30.1 366
1717951524385 30.1 367
1717951534436 30.2 368
1717951544465 30.1 369
1717951554500 30.1 370
1717951564524 30.1 371
1717951574547 30.3 372
1717951584577 30.3 373
1717951594606 30.2 374
1717951604687 30.2 375
1717951614711 30.2 376
1717951624777 30.3 377
1717951634806 30.1 378
1717951644829 30.1 379
1717951654911 30.1 380
1717951664936 30.1 381
1717951674965 30.1 382
1717951685049 30.1 383
1717951695086 30.1 384
1717951705123 30.1 385
1717951715203 30.2 386
1717951725243 30.1 387
1717951735270 30.1 388
1717951745317 30.1 389
1717951755349 30.1 390
1717951765438 30.1 391
1717951775476 30.2 392
1717951785511 30.1 393
1717951795546 30.1 394
1717951805587 30.1 395
1717951815667 30.1 396
1717951825744 30.1 397
1717951835819 30.1 398
1717951845846 30.1 399
1717951855931 30.1 400
1717951866001 30.1 401
1717951876035 30.4 402
1717951886081 30.5 403
1717951896134 30.6 404
1717951906158 30.6 405
1717951916184 30.7 406
1717951926234 30.8 407
1717951936261 30.6 408
1717951946342 30.7 409
1717951956426 30.7 410
1717951966499 30.6 411
1717951976574 30.6 412
1717951986599 30.7 413
1717951996635 30.6 414
1717952006719 30.7 415
1717952016744 30.7 416
1717952026770 30.7 417
1717952036816 30.6 418
1717952046907 30.7 419
1717952056940 30.7 420
1717952066963 30.7 421
1717952077047 30.6 422
1717952087674 30.6 423
1717952097699 30.7 424
1717952107724 30.7 425
1717952117759 30.7 426
1717952127791 30.7 427
1717952137824 30.7 428
1717952147846 30.7 429
1717952157870 30.7 430
1717952167907 30.7 431
1717952177930 30.7 432
1717952188013 30.8 433
1717952198038 30.7 434
1717952208114 30.7 435
1717952218141 30.6 436
1717952228165 30.7 437
1717952238249 30.7 438
1717952248283 30.7 439
1717952258373 30.7 440
1717952268456 30.7 441
1717952278483 30.7 442
1717952288513 30.7 443
1717952298578 30.7 444
1717952308658 30.7 445
1717952318686 30.7 446
1717952328759 30.7 447
1717952338787 30.7 448
1717952348810 30.7 449
1717952358834 30.7 450
1717952368912 30.7 451
1717952378940 30.7 452
1717952388974 30.7 453
1717952399048 30.7 454
1717952409090 30.6 455
1717952419163 30.7 456
1717952429236 30.6 457
1717952439261 30.6 458
1717952449296 30.5 459
1717952459342 30.5 460
1717952469364 30.7 461
1717952479399 30.9 462
1717952489482 29.5 463
1717952499529 16.3 464
1717952509602 16.2 465
1717952519671 16.2 466
1717952529695 16.2 467
1717952539720 16.1 468
1717952549792 16.1 469
1717952559875 16.1 470
1717952569948 16.1 471
1717952579980 16.1 472
1717952590057 16.1 473
1717952600144 16.1 474
1717952610184 16.1 475
1717952620265 16.1 476
1717952630337 16.1 477
1717952640403 16.1 478
1717952650428 16.1 479
1717952660453 16.1 480
1717952670480 16.2 481
1717952680504 16.2 482
1717952690526 16.2 483
1717952700558 16.2 484
1717952710585 16.2 485
1717952720613 16.2 486
1717952730656 16.3 487
1717952740746 16.2 488
1717952750776 16.3 489
1717952760846 16.3 490
1717952770918 16.3 491
1717952780943 16.2 492
1717952790967 16.2 493
1717952801038 16.1 494
1717952811110 16.1 495
1717952821135 16.1 496
1717952831207 16.2 497
1717952841285 16.1 498
1717952851362 16.2 499
1717952861388 16.1 500
1717952871454 16.2 501
1717952881525 16.2 502
1717952891599 16.2 503
1717952901625 16.2 504
1717952911652 16.2 505
1717952921731 16.2 506
1717952931757 16.2 507
1717952941791 16.2 508
1717952951862 16.2 509
1717952961930 16.2 510
1717952972005 16.1 511
1717952982077 16.1 512
1717952992154 16.1 513
1717953002246 16.2 514
1717953012320 16.2 515
1717953022409 16.2 516
1717953032490 16.2 517
1717953042568 16.2 518
1717953052594 16.2 519
1717953062680 16.2 520
1717953072759 16.2 521
1717953082797 16.2 522
1717953092834 16.2 523
1717953102920 16.2 524
1717953113017 16.2 525
1717953123067 16.1 526
1717953133157 16.2 527
1717953143234 16.2 528
1717953153314 16.2 529
1717953163401 16.2 530
1717953173442 16.2 531
1717953183522 16.2 532
1717953193600 16.2 533
1717953203636 16.2 534
1717953213672 16.2 535
1717953223850 16.2 536
1717953233885 16.3 537
1717953243916 16.2 538
1717953253944 16.2 539
1717953263997 16.3 540
1717953274030 16.3 541
1717953284073 16.2 542
1717953294147 16.3 543
1717953304179 16.3 544
1717953314258 16.3 545
1717953324353 16.3 546
1717953334433 16.2 547
1717953344466 16.2 548
1717953354546 16.2 549
1717953364618 16.2 550
1717953374668 16.2 551
1717953384722 16.2 552
1717953394824 16.2 553
1717953404920 16.2 554
1717953415005 16.2 555
1717953425040 16.1 556
1717953435115 16.1 557
1717953445195 16.1 558
1717953455227 16.2 559
1717953465263 16.1 560
1717953475361 16.2 561
1717953485457 16.2 562
