1717947842000 10801.5 0
1717947852013 10938.8 1
1717947862040 11000.0 2
1717947872055 11067.8 3
1717947882076 10988.0 4
1717947892090 11101.6 5
1717947902105 11030.6 6
1717947912116 10956.0 7
1717947922128 10987.9 8
1717947932140 11008.4 9
1717947942153 10966.0 10
1717947952166 10947.4 11
1717947962178 10970.4 12
1717947972190 10984.2 13
1717947982203 11009.4 14
1717947992219 10932.4 15
1717948002236 10961.7 16
1717948012250 10750.2 17
1717948022279 10749.9 18
1717948032295 10784.2 19
1717948042310 10752.2 20
1717948052328 10716.6 21
1717948062342 10741.7 22
1717948072359 10796.6 23
1717948082372 10786.5 24
1717948092391 10770.3 25
1717948102404 10786.3 26
1717948112424 10733.3 27
1717948122441 10807.1 28
1717948132458 10759.7 29
1717948142470 10787.6 30
1717948152493 10829.4 31
1717948162513 10771.6 32
1717948172558 10740.8 33
1717948182576 10763.0 34
1717948192591 10742.2 35
1717948202607 10730.5 36
1717948212620 10867.8 37
1717948222633 10950.2 38
1717948232659 10881.6 39
1717948242672 10935.0 40
1717948252686 10746.7 41
1717948262699 10744.5 42
1717948272711 10678.9 43
1717948282726 10744.7 44
1717948292748 10774.5 45
1717948302763 10743.0 46
1717948312785 10694.3 47
1717948322800 10656.8 48
1717948332816 10703.6 49
1717948342831 10692.6 50
1717948352845 10711.0 51
1717948362900 10630.9 52
1717948372914 10632.4 53
1717948382929 10536.3 54
1717948392943 10543.6 55
1717948402962 10622.6 56
1717948412974 10543.4 57
1717948422988 10609.9 58
1717948433006 10620.5 59
1717948443022 10622.9 60
1717948453044 10600.6 61
1717948463059 10623.5 62
1717948473074 10610.0 63
1717948483090 10615.7 64
1717948493106 10599.8 65
1717948503123 10661.6 66
1717948513139 10617.6 67
1717948523154 10641.9 68
1717948533169 10665.0 69
1717948543185 10648.0 70
1717948553229 10631.1 71
1717948563250 10654.3 72
1717948573266 10636.4 73
1717948583281 10635.3 74
1717948593308 10642.0 75
1717948603325 10630.6 76
1717948613340 10610.8 77
1717948623359 10622.2 78
1717948633377 10741.7 79
1717948643396 10663.5 80
1717948653414 10703.0 81
1717948663430 10644.1 82
1717948673451 10628.6 83
1717948683465 10624.5 84
1717948693483 10627.4 85
1717948703497 10633.2 86
1717948713512 10636.5 87
1717948723530 10701.0 88
1717948733546 10715.7 89
1717948743562 10702.0 90
1717948753583 10934.5 91
1717948763598 10983.4 92
1717948773617 11000.8 93
1717948783633 10935.3 94
1717948793649 10979.4 95
1717948803672 10953.0 96
1717948813690 10940.4 97
1717948823708 10910.1 98
1717948833724 10975.9 99
1717948843738 10954.0 100
1717948853754 10965.2 101
1717948863767 10973.3 102
1717948873781 10967.7 103
1717948883797 10986.6 104
1717948893811 10947.2 105
1717948903824 10925.2 106
1717948913840 10999.2 107
1717948923857 10996.7 108
1717948933876 10984.2 109
1717948943892 10960.0 110
1717948953910 10972.6 111
1717948963927 10960.5 112
1717948973944 10901.1 113
1717948983960 10892.4 114
1717948993979 10878.9 115
1717949003999 10882.2 116
1717949014025 10921.4 117
1717949024045 10874.5 118
1717949034125 10935.1 119
1717949044140 10896.3 120
1717949054163 10868.1 121
1717949064231 10904.6 122
1717949074256 10825.2 123
1717949084279 10731.1 124
1717949094302 10738.5 125
1717949104376 10724.1 126
1717949114403 10724.7 127
1717949124425 10737.6 128
1717949134475 10754.0 129
1717949144527 11077.8 130
1717949154545 10731.0 131
1717949164563 10731.7 132
1717949174586 10814.6 133
1717949184605 10767.4 134
1717949194623 10733.8 135
1717949204645 10718.4 136
1717949214664 10711.1 137
1717949224683 10728.6 138
1717949234705 10739.4 139
1717949244735 10739.7 140
1717949254800 10702.9 141
1717949264828 10709.2 142
1717949274857 10710.3 143
1717949284926 10716.1 144
1717949294944 10730.0 145
1717949304978 10743.4 146
1717949315042 10704.8 147
1717949325106 10704.8 148
1717949335125 10722.4 149
1717949345143 10747.4 150
1717949355165 10728.4 151
1717949365197 10737.3 152
1717949375219 10718.9 153
1717949385239 10726.7 154
1717949395310 10720.9 155
1717949405374 10738.4 156
1717949415411 10734.0 157
1717949425434 10745.3 158
1717949435507 10727.5 159
1717949445527 10736.4 160
1717949455544 10752.5 161
1717949465562 10728.2 162
1717949475583 10785.0 163
1717949485617 10801.3 164
1717949495644 10733.0 165
1717949505670 10746.7 166
1717949515693 10783.5 167
1717949525717 10778.9 168
1717949535739 10790.7 169
1717949545823 10733.8 170
1717949555897 10718.0 171
1717949565922 10697.0 172
1717949575981 10898.4 173
1717949585998 10786.2 174
1717949596022 10803.5 175
1717949606101 10797.9 176
1717949616177 10800.9 177
1717949626210 10809.3 178
1717949637038 10808.4 179
1717949647058 10421.7 180
1717949657075 10348.6 181
1717949667092 10424.6 182
1717949677108 10001.6 183
1717949687142 10016.9 184
1717949697165 9948.8 185
1717949707184 9909.2 186
1717949717205 9893.7 187
1717949727225 9936.6 188
1717949737247 9942.5 189
1717949747285 9908.2 190
1717949757307 9982.1 191
1717949767340 9999.6 192
1717949777375 9959.3 193
1717949787393 9955.3 194
1717949797411 9976.6 195
1717949807432 10013.5 196
1717949817458 10022.9 197
1717949827474 10031.8 198
1717949837493 10087.9 199
1717949847513 9972.1 200
1717949857531 9942.9 201
1717949867549 9978.1 202
1717949877575 9943.0 203
1717949887605 9955.9 204
1717949897627 9944.1 205
1717949907647 9959.3 206
1717949917667 9927.9 207
1717949927700 9958.1 208
1717949937771 9962.1 209
1717949947829 9961.5 210
1717949957853 9945.8 211
1717949967875 9959.1 212
1717949977898 9985.4 213
1717949987917 9967.2 214
1717949997946 9976.5 215
1717950008019 9981.2 216
1717950018067 9982.2 217
1717950028091 9969.7 218
1717950038162 9992.8 219
1717950048244 10013.1 220
1717950058320 10019.6 221
1717950068344 10026.8 222
1717950078370 10052.0 223
1717950088398 10014.1 224
1717950098426 10023.2 225
1717950108445 9995.1 226
1717950118465 10004.4 227
1717950128483 10000.7 228
1717950138507 9990.6 229
1717950148528 10007.9 230
1717950158546 10007.1 231
1717950168564 10008.3 232
1717950178585 10004.6 233
1717950188607 10008.3 234
1717950198642 10007.6 235
1717950208670 10042.5 236
1717950218696 10027.6 237
1717950228725 10063.6 238
1717950238744 10057.9 239
1717950248764 10049.2 240
1717950258788 10078.2 241
1717950268809 10034.9 242
1717950278830 10075.1 243
1717950288859 10099.2 244
1717950298946 10092.7 245
1717950308979 9943.5 246
1717950319016 9963.5 247
1717950329051 9973.9 248
1717950339088 10012.5 249
1717950349109 10004.0 250
1717950359127 10000.2 251
1717950369157 10004.6 252
1717950379187 10042.5 253
1717950389209 9907.3 254
1717950399229 9940.0 255
1717950409246 9930.9 256
1717950419267 9960.8 257
1717950429298 9972.6 258
1717950439324 9990.8 259
1717950449344 9975.1 260
1717950459364 9991.1 261
1717950469439 9954.0 262
1717950479509 9935.2 263
1717950489537 9971.6 264
1717950499565 9991.7 265
1717950509591 10006.4 266
1717950519614 9962.9 267
1717950529652 10011.5 268
1717950539676 9979.2 269
1717950549701 9992.9 270
1717950559729 10013.5 271
1717950569765 9960.4 272
1717950579794 9962.8 273
1717950589828 9956.2 274
1717950599912 9927.3 275
1717950609947 9947.8 276
1717950619979 9960.0 277
1717950630007 9944.7 278
1717950640040 9970.3 279
1717950650082 10091.3 280
1717950660130 10058.7 281
1717950670158 10115.7 282
1717950680190 10159.0 283
1717950690210 10131.5 284
1717950700237 10134.0 285
1717950710329 10114.0 286
1717950720353 10122.5 287
1717950730375 10059.1 288
1717950740398 10085.2 289
1717950750419 10107.1 290
1717950760450 10145.4 291
1717950770478 10109.5 292
1717950780500 10141.7 293
1717950790535 10151.3 294
1717950800557 10172.8 295
1717950810645 10109.2 296
1717950820683 10076.5 297
1717950830750 10098.5 298
1717950840828 10122.3 299
1717950850861 10109.9 300
1717950860884 10118.3 301
1717950870957 10056.1 302
1717950880979 10060.7 303
1717950891003 10092.0 304
1717950901033 10050.0 305
1717950911074 10033.2 306
1717950921105 10036.0 307
1717950931146 10024.0 308
1717950941198 10027.3 309
1717950951291 10285.6 310
1717950961314 10050.0 311
1717950971342 10058.1 312
1717950981364 10086.8 313
1717950991386 10059.1 314
1717951001407 10068.3 315
1717951011440 10064.4 316
1717951021519 10042.5 317
1717951031549 10116.7 318
1717951041575 10125.7 319
1717951051596 10095.0 320
1717951061627 10043.4 321
1717951071701 10032.7 322
1717951081780 10040.8 323
1717951091803 10031.7 324
1717951101873 10067.3 325
1717951111956 10051.6 326
1717951121990 10044.9 327
1717951132037 10030.1 328
1717951142128 10027.1 329
1717951152160 10035.2 330
1717951162190 10044.3 331
1717951172210 10048.5 332
1717951182242 10048.2 333
1717951192324 10051.0 334
1717951202358 10030.7 335
1717951212386 10034.3 336
1717951222431 10041.0 337
1717951232506 10038.5 338
1717951242586 10043.8 339
1717951252659 10032.3 340
1717951262737 10059.2 341
1717951272756 10098.9 342
1717951282801 10126.9 343
1717951292878 10112.3 344
1717951302923 10099.5 345
1717951312950 10102.6 346
1717951322977 10106.9 347
1717951333019 10095.4 348
1717951343050 10103.0 349
1717951353081 10103.0 350
1717951363152 10085.3 351
1717951373232 10096.3 352
1717951383254 10104.3 353
1717951393288 10091.8 354
1717951403361 10122.1 355
1717951413393 10109.9 356
1717951423420 10100.7 357
1717951433450 10087.4 358
1717951443526 10113.9 359
1717951453549 10096.0 360
1717951463576 10102.8 361
1717951473602 10104.2 362
1717951483681 10087.0 363
1717951493718 10121.9 364
1717951503748 10108.5 365
1717951513786 10092.1 366
1717951524385 10102.5 367
1717951534436 10117.2 368
1717951544465 10108.5 369
1717951554500 10106.1 370
1717951564524 10110.5 371
1717951574547 10164.6 372
1717951584577 10161.2 373
1717951594606 10138.9 374
1717951604687 10127.3 375
1717951614711 10132.5 376
1717951624777 10145.4 377
1717951634806 10107.7 378
1717951644829 10105.5 379
1717951654911 10109.6 380
1717951664936 10080.3 381
1717951674965 10092.1 382
1717951685049 10093.0 383
1717951695086 10087.3 384
1717951705123 10110.7 385
1717951715203 10113.3 386
1717951725243 10098.2 387
1717951735270 10101.1 388
1717951745317 10106.9 389
1717951755349 10099.7 390
1717951765438 10109.7 391
1717951775476 10113.6 392
1717951785511 10110.1 393
1717951795546 10107.1 394
1717951805587 10079.1 395
1717951815667 10079.1 396
1717951825744 10107.2 397
1717951835819 10095.0 398
1717951845846 10095.4 399
1717951855931 10098.2 400
1717951866001 10103.2 401
1717951876035 10193.6 402
1717951886081 10224.5 403
1717951896134 10250.7 404
1717951906158 10273.8 405
1717951916184 10283.8 406
1717951926234 10319.8 407
1717951936261 10279.0 408
1717951946342 10287.7 409
1717951956426 10302.5 410
1717951966499 10277.8 411
1717951976574 10275.6 412
1717951986599 10286.3 413
1717951996635 10277.5 414
1717952006719 10282.6 415
1717952016744 10288.2 416
1717952026770 10293.9 417
1717952036816 10277.7 418
1717952046907 10284.0 419
1717952056940 10279.6 420
1717952066963 10288.7 421
1717952077047 10270.7 422
1717952087674 10272.3 423
1717952097699 10288.7 424
1717952107724 10288.8 425
1717952117759 10305.1 426
1717952127791 10302.3 427
1717952137824 10309.9 428
1717952147846 10298.3 429
1717952157870 10310.4 430
1717952167907 10295.0 431
1717952177930 10308.6 432
1717952188013 10329.7 433
1717952198038 10311.1 434
1717952208114 10283.3 435
1717952218141 10261.7 436
1717952228165 10282.1 437
1717952238249 10307.6 438
1717952248283 10292.5 439
1717952258373 10284.0 440
1717952268456 10287.6 441
1717952278483 10295.1 442
1717952288513 10287.3 443
1717952298578 10280.6 444
1717952308658 10294.0 445
1717952318686 10284.9 446
1717952328759 10297.2 447
1717952338787 10280.9 448
1717952348810 10287.6 449
1717952358834 10290.4 450
1717952368912 10282.4 451
1717952378940 10289.8 452
1717952388974 10292.3 453
1717952399048 10284.6 454
1717952409090 10274.7 455
1717952419163 10292.4 456
1717952429236 10251.5 457
1717952439261 10250.7 458
1717952449296 10240.5 459
1717952459342 10240.9 460
1717952469364 10286.2 461
1717952479399 10357.3 462
1717952489482 9891.3 463
1717952499529 5460.3 464
1717952509602 5441.4 465
1717952519671 5423.4 466
1717952529695 5421.9 467
1717952539720 5403.9 468
1717952549792 5410.6 469
1717952559875 5410.5 470
1717952569948 5409.5 471
1717952579980 5410.3 472
1717952590057 5408.2 473
1717952600144 5394.9 474
1717952610184 5401.6 475
1717952620265 5401.2 476
1717952630337 5403.2 477
1717952640403 5407.8 478
1717952650428 5401.9 479
1717952660453 5409.4 480
1717952670480 5444.2 481
1717952680504 5436.8 482
1717952690526 5446.2 483
1717952700558 5429.6 484
1717952710585 5432.3 485
1717952720613 5439.4 486
1717952730656 5451.6 487
1717952740746 5449.7 488
1717952750776 5451.2 489
1717952760846 5456.6 490
1717952770918 5469.8 491
1717952780943 5423.3 492
1717952790967 5440.6 493
1717952801038 5414.7 494
1717952811110 5415.7 495
1717952821135 5412.1 496
1717952831207 5422.1 497
1717952841285 5411.8 498
1717952851362 5424.0 499
1717952861388 5410.2 500
1717952871454 5421.4 501
1717952881525 5421.3 502
1717952891599 5421.7 503
1717952901625 5420.1 504
1717952911652 5429.7 505
1717952921731 5421.1 506
1717952931757 5426.0 507
1717952941791 5422.4 508
1717952951862 5425.5 509
1717952961930 5422.2 510
1717952972005 5415.4 511
1717952982077 5408.0 512
1717952992154 5405.4 513
1717953002246 5420.5 514
1717953012320 5416.6 515
1717953022409 5419.0 516
1717953032490 5425.6 517
1717953042568 5424.5 518
1717953052594 5425.9 519
1717953062680 5425.3 520
1717953072759 5435.6 521
1717953082797 5427.5 522
1717953092834 5433.5 523
1717953102920 5438.3 524
1717953113017 5418.3 525
1717953123067 5416.1 526
1717953133157 5419.1 527
1717953143234 5417.2 528
1717953153314 5417.6 529
1717953163401 5420.5 530
1717953173442 5420.5 531
1717953183522 5427.6 532
1717953193600 5426.5 533
1717953203636 5435.4 534
1717953213672 5432.3 535
1717953223850 5427.7 536
1717953233885 5450.1 537
1717953243916 5443.3 538
1717953253944 5446.5 539
1717953263997 5454.5 540
1717953274030 5453.8 541
1717953284073 5444.2 542
1717953294147 5451.4 543
1717953304179 5457.9 544
1717953314258 5460.4 545
1717953324353 5466.8 546
1717953334433 5431.0 547
1717953344466 5430.5 548
1717953354546 5437.2 549
1717953364618 5423.6 550
1717953374668 5449.1 551
1717953384722 5436.7 552
1717953394824 5433.6 553
1717953404920 5431.7 554
1717953415005 5420.7 555
1717953425040 5414.9 556
1717953435115 5411.6 557
1717953445195 5414.7 558
1717953455227 5422.5 559
1717953465263 5415.0 560
1717953475361 5419.7 561
1717953485457 5427.5 562
