1718195263056 0.0 0
1718195273076 8.1 1
1718195283093 6.2 2
1718195293116 6.1 3
1718195303141 6.3 4
1718195313162 6.4 5
1718195323182 6.6 6
1718195333203 6.7 7
1718195343232 6.4 8
1718195353258 6.1 9
1718195363283 6.2 10
1718195373302 5.9 11
1718195383332 6.1 12
1718195393352 6.1 13
1718195403372 6.0 14
1718195413391 6.3 15
1718195423410 6.1 16
1718195433428 6.3 17
1718195443444 6.3 18
1718195453462 6.1 19
1718195463482 6.5 20
1718195473500 6.1 21
1718195483528 6.2 22
1718195493547 6.2 23
1718195503567 6.2 24
1718195513585 6.2 25
1718195523611 6.2 26
1718195533644 6.2 27
1718195543664 6.1 28
1718195553682 6.3 29
1718195563713 6.2 30
1718195573731 6.2 31
1718195583750 6.3 32
1718195593766 6.3 33
1718195603797 6.2 34
1718195613815 6.2 35
1718195623837 6.1 36
1718195633855 6.3 37
1718195643888 6.3 38
1718195653918 6.2 39
1718195663937 6.2 40
1718195673965 6.0 41
1718195683985 6.2 42
1718195694004 6.1 43
1718195704024 6.3 44
1718195714043 6.2 45
1718195724063 6.3 46
1718195734082 6.5 47
1718195744100 6.3 48
1718195754128 6.2 49
1718195764154 6.5 50
1718195774173 6.3 51
1718195784193 6.1 52
1718195794213 6.1 53
1718195804233 6.3 54
1718195814254 6.0 55
1718195824274 6.3 56
1718195834293 6.2 57
1718195844312 6.2 58
1718195854332 6.2 59
1718195864351 6.1 60
1718195874371 6.2 61
1718195884390 6.1 62
1718195894409 6.2 63
1718195904428 6.2 64
1718195914447 6.2 65
1718195924467 6.4 66
1718195934498 6.2 67
1718195944518 6.3 68
1718195954540 6.2 69
1718195964557 6.7 70
1718195974575 6.3 71
1718195984596 6.5 72
1718195994616 6.3 73
1718196004638 6.5 74
1718196014659 6.7 75
1718196024678 6.5 76
1718196034700 6.5 77
1718196044719 6.7 78
1718196054738 6.5 79
1718196064759 6.8 80
1718196074780 6.4 81
1718196084801 6.3 82
1718196094820 6.3 83
1718196104841 6.8 84
1718196114860 6.5 85
1718196124880 6.7 86
1718196134902 6.4 87
1718196144925 6.5 88
1718196154945 6.9 89
1718196164965 6.3 90
1718196174997 6.5 91
1718196185029 9.5 92
1718196195051 10.1 93
1718196205075 10.2 94
1718196215097 10.3 95
1718196225129 10.2 96
1718196235153 10.2 97
1718196245175 10.4 98
1718196255194 10.1 99
1718196265217 6.2 100
1718196275238 6.3 101
1718196285260 6.1 102
1718196295282 6.3 103
1718196305302 6.2 104
1718196315323 6.3 105
1718196325347 6.7 106
1718196335370 6.3 107
1718196345391 6.3 108
1718196355412 6.1 109
1718196365454 6.3 110
1718196375475 6.0 111
1718196385497 6.2 112
1718196395520 6.1 113
1718196405542 6.1 114
1718196415565 6.4 115
1718196425588 6.1 116
1718196435610 6.3 117
1718196445633 6.2 118
1718196455657 6.4 119
1718196465680 6.0 120
1718196475704 6.2 121
1718196485732 6.2 122
1718196495760 6.2 123
1718196505790 6.3 124
1718196515812 6.2 125
1718196525836 6.6 126
1718196535859 6.1 127
1718196545881 6.3 128
1718196555904 6.1 129
1718196565923 6.2 130
1718196575953 6.2 131
1718196585976 6.2 132
1718196595999 6.6 133
1718196606028 6.6 134
1718196616052 6.3 135
1718196626077 6.1 136
1718196636105 6.3 137
1718196646126 6.5 138
1718196656149 6.3 139
1718196666180 6.2 140
1718196676204 6.0 141
1718196686226 6.1 142
1718196696269 6.1 143
1718196706292 6.1 144
1718196716316 6.2 145
1718196726336 6.3 146
1718196736371 6.4 147
1718196746395 6.2 148
1718196756417 6.2 149
1718196766441 6.4 150
1718196776466 6.2 151
1718196786491 6.0 152
1718196796541 6.1 153
1718196806561 6.3 154
1718196816584 6.1 155
1718196826609 6.3 156
1718196836632 6.2 157
1718196846657 6.4 158
1718196856679 6.2 159
1718196866704 6.1 160
1718196876733 6.5 161
1718196886757 6.6 162
1718196896780 6.5 163
1718196906804 6.8 164
1718196916828 6.4 165
1718196926852 6.5 166
1718196936876 6.5 167
1718196946899 6.6 168
1718196956921 6.9 169
1718196966942 6.5 170
1718196976965 6.4 171
1718196986987 6.8 172
1718196997008 6.4 173
1718197007031 6.6 174
1718197017054 6.5 175
1718197027075 7.2 176
1718197037100 6.9 177
1718197047125 6.7 178
1718197057151 6.7 179
1718197067175 6.4 180
1718197077202 6.8 181
1718197087226 7.3 182
1718197097251 10.3 183
1718197107271 10.3 184
1718197117294 10.2 185
1718197127320 10.3 186
1718197137346 10.3 187
1718197147372 10.4 188
1718197157397 10.4 189
1718197167419 8.0 190
1718197177440 6.0 191
1718197187461 6.2 192
1718197197483 6.2 193
1718197207506 6.3 194
1718197217528 6.1 195
1718197227551 6.3 196
1718197237574 6.2 197
1718197247598 6.4 198
1718197257619 6.2 199
1718197267642 6.5 200
1718197277675 6.3 201
1718197287701 6.1 202
1718197297723 6.2 203
1718197307747 6.2 204
1718197317769 6.2 205
1718197327793 6.2 206
1718197337816 6.1 207
1718197347838 6.3 208
1718197357861 6.1 209
1718197367884 6.2 210
1718197377904 6.0 211
1718197387928 6.1 212
1718197397952 6.2 213
1718197407973 6.4 214
1718197417995 6.2 215
1718197428019 6.1 216
1718197438042 6.3 217
1718197448068 6.4 218
1718197458091 6.1 219
1718197468114 6.0 220
1718197478138 6.1 221
1718197488160 6.1 222
1718197498183 6.0 223
1718197508208 6.3 224
1718197518245 6.2 225
1718197528272 6.3 226
1718197538295 6.3 227
1718197548318 6.5 228
1718197558341 6.5 229
1718197568364 6.3 230
1718197578387 6.0 231
1718197588410 6.0 232
1718197598433 6.2 233
1718197608457 6.4 234
1718197618480 6.2 235
1718197628502 6.3 236
1718197638525 6.2 237
1718197648577 6.3 238
1718197658605 6.1 239
1718197668629 6.1 240
1718197678655 6.1 241
1718197688679 6.1 242
1718197698712 6.1 243
1718197708739 6.3 244
1718197718764 6.3 245
1718197728786 6.3 246
1718197738807 6.3 247
1718197748829 6.3 248
1718197758859 6.1 249
1718197768884 6.1 250
1718197778906 6.4 251
1718197788929 6.5 252
1718197798954 6.9 253
1718197808981 6.4 254
1718197819005 6.6 255
1718197829028 6.6 256
1718197839053 6.4 257
1718197849077 7.0 258
1718197859099 6.4 259
1718197869124 6.6 260
1718197879150 6.8 261
1718197889172 6.5 262
1718197899195 6.5 263
1718197909222 6.4 264
1718197919249 6.6 265
1718197929272 7.0 266
1718197939299 6.5 267
1718197949325 6.6 268
1718197959351 6.2 269
1718197969376 6.3 270
1718197979401 6.8 271
1718197989426 6.7 272
1718197999452 8.7 273
1718198009473 10.1 274
1718198019502 10.3 275
1718198029528 10.2 276
1718198039556 10.3 277
1718198049580 10.3 278
1718198059616 10.1 279
1718198069642 10.2 280
1718198079679 6.2 281
1718198089701 6.1 282
1718198099727 6.1 283
1718198109756 6.1 284
1718198119782 6.1 285
1718198129808 6.1 286
1718198139836 6.2 287
1718198149863 6.2 288
1718198159885 6.5 289
1718198169918 6.1 290
1718198179945 6.1 291
1718198189970 6.1 292
1718198199997 6.3 293
1718198210021 6.4 294
1718198220061 6.3 295
1718198230091 6.3 296
1718198240117 6.2 297
1718198250144 6.4 298
1718198260170 6.1 299
1718198270195 6.1 300
1718198280223 6.1 301
1718198290272 6.3 302
1718198300309 6.3 303
1718198310338 6.3 304
1718198320364 6.3 305
1718198330392 6.2 306
1718198340422 6.3 307
1718198350448 6.3 308
1718198360477 5.9 309
1718198370502 5.9 310
1718198380532 6.1 311
1718198390559 6.4 312
1718198400587 6.2 313
1718198410618 6.1 314
1718198420644 6.1 315
1718198430691 6.3 316
1718198440720 6.2 317
1718198450749 6.2 318
1718198460779 6.5 319
1718198470808 6.3 320
1718198480836 6.1 321
1718198490865 6.2 322
1718198500895 6.3 323
1718198510923 6.2 324
1718198520954 6.2 325
1718198530982 6.2 326
1718198541012 6.2 327
1718198551041 6.5 328
1718198561068 6.3 329
1718198571097 6.2 330
1718198581134 6.0 331
1718198591162 6.3 332
1718198601203 6.3 333
1718198611233 6.3 334
1718198621262 6.4 335
1718198631296 6.3 336
1718198641324 6.4 337
1718198651349 6.2 338
1718198661375 6.4 339
1718198671404 6.3 340
1718198681431 6.4 341
1718198691457 6.7 342
1718198701488 7.2 343
1718198711519 6.6 344
1718198721549 6.6 345
1718198731578 6.7 346
1718198741607 6.8 347
1718198751638 7.1 348
1718198761668 6.5 349
1718198771697 6.6 350
1718198781726 6.9 351
1718198791755 6.7 352
1718198801786 6.4 353
1718198811816 6.6 354
1718198821846 6.7 355
1718198831877 7.0 356
1718198841905 6.4 357
1718198851935 6.6 358
1718198861969 6.4 359
1718198871996 6.6 360
1718198882023 7.0 361
1718198892052 6.8 362
1718198902084 6.7 363
1718198912112 10.3 364
1718198922136 10.2 365
1718198932163 10.3 366
1718198942188 10.3 367
1718198952216 10.3 368
1718198962252 10.1 369
1718198972288 10.2 370
1718198982341 8.4 371
1718198992369 6.1 372
1718199002400 6.1 373
