1718195263056 384688.2 0
1718195273076 384687.4 1
1718195283093 384687.4 2
1718195293116 384687.4 3
1718195303141 384687.4 4
1718195313162 384687.4 5
1718195323182 384687.4 6
1718195333203 384687.4 7
1718195343232 384687.4 8
1718195353258 384687.4 9
1718195363283 384687.4 10
1718195373302 384687.4 11
1718195383332 384687.4 12
1718195393352 384687.4 13
1718195403372 384687.4 14
1718195413391 384687.4 15
1718195423410 384687.4 16
1718195433428 384687.4 17
1718195443444 384687.4 18
1718195453462 384687.4 19
1718195463482 384687.4 20
1718195473500 384687.4 21
1718195483528 384687.4 22
1718195493547 384687.4 23
1718195503567 384687.4 24
1718195513585 384687.4 25
1718195523611 384687.4 26
1718195533644 384687.4 27
1718195543664 384687.4 28
1718195553682 384687.4 29
1718195563713 384687.4 30
1718195573731 384687.4 31
1718195583750 384687.4 32
1718195593766 384687.4 33
1718195603797 384687.4 34
1718195613815 384687.4 35
1718195623837 384687.4 36
1718195633855 384687.4 37
1718195643888 384687.4 38
1718195653918 384687.4 39
1718195663937 384687.4 40
1718195673965 384687.4 41
1718195683985 384687.4 42
1718195694004 384687.4 43
1718195704024 384687.4 44
1718195714043 384687.4 45
1718195724063 384687.4 46
1718195734082 384687.4 47
1718195744100 384687.4 48
1718195754128 384687.4 49
1718195764154 384687.4 50
1718195774173 384687.4 51
1718195784193 384687.4 52
1718195794213 384687.4 53
1718195804233 384687.4 54
1718195814254 384687.4 55
1718195824274 384687.4 56
1718195834293 384687.4 57
1718195844312 384687.4 58
1718195854332 384687.4 59
1718195864351 384687.4 60
1718195874371 384687.4 61
1718195884390 384687.4 62
1718195894409 384687.4 63
1718195904428 384687.4 64
1718195914447 384687.4 65
1718195924467 384687.4 66
1718195934498 384687.4 67
1718195944518 384687.4 68
1718195954540 384687.4 69
1718195964557 384687.4 70
1718195974575 384687.4 71
1718195984596 384687.4 72
1718195994616 384687.4 73
1718196004638 384687.4 74
1718196014659 384687.4 75
1718196024678 384687.4 76
1718196034700 384687.4 77
1718196044719 384687.4 78
1718196054738 384687.4 79
1718196064759 384687.4 80
1718196074780 384687.4 81
1718196084801 384687.4 82
1718196094820 384687.4 83
1718196104841 384687.4 84
1718196114860 384687.4 85
1718196124880 384687.4 86
1718196134902 384687.4 87
1718196144925 384687.4 88
1718196154945 384687.4 89
1718196164965 384687.4 90
1718196174997 384687.4 91
1718196185029 384181.2 92
1718196195051 384181.2 93
1718196205075 384181.2 94
1718196215097 384181.2 95
1718196225129 384181.2 96
1718196235153 384181.2 97
1718196245175 384181.2 98
1718196255194 384181.2 99
1718196265217 384181.2 100
1718196275238 384181.2 101
1718196285260 384181.2 102
1718196295282 384181.2 103
1718196305302 384181.2 104
1718196315323 384181.2 105
1718196325347 384181.2 106
1718196335370 384181.2 107
1718196345391 384181.2 108
1718196355412 384181.2 109
1718196365454 384181.2 110
1718196375475 384181.2 111
1718196385497 384181.2 112
1718196395520 384181.2 113
1718196405542 384181.2 114
1718196415565 384181.2 115
1718196425588 384181.2 116
1718196435610 384181.2 117
1718196445633 384181.2 118
1718196455657 384181.2 119
1718196465680 384181.2 120
1718196475704 384181.2 121
1718196485732 384181.2 122
1718196495760 384181.2 123
1718196505790 384181.2 124
1718196515812 384181.2 125
1718196525836 384181.2 126
1718196535859 384181.2 127
1718196545881 384181.2 128
1718196555904 384181.2 129
1718196565923 384181.2 130
1718196575953 384181.2 131
1718196585976 384181.2 132
1718196595999 384181.2 133
1718196606028 384181.2 134
1718196616052 384181.2 135
1718196626077 384181.2 136
1718196636105 384181.2 137
1718196646126 384181.2 138
1718196656149 384181.2 139
1718196666180 384181.2 140
1718196676204 384181.2 141
1718196686226 384181.2 142
1718196696269 384181.2 143
1718196706292 384181.2 144
1718196716316 384181.2 145
1718196726336 384181.2 146
1718196736371 384181.2 147
1718196746395 384181.2 148
1718196756417 384181.2 149
1718196766441 384181.2 150
1718196776466 384181.2 151
1718196786491 384181.2 152
1718196796541 384181.2 153
1718196806561 384181.2 154
1718196816584 384181.2 155
1718196826609 384181.2 156
1718196836632 384181.2 157
1718196846657 384181.2 158
1718196856679 384181.2 159
1718196866704 384181.2 160
1718196876733 384181.2 161
1718196886757 384181.2 162
1718196896780 384181.2 163
1718196906804 384181.2 164
1718196916828 384181.2 165
1718196926852 384181.2 166
1718196936876 384181.2 167
1718196946899 384181.2 168
1718196956921 384181.2 169
1718196966942 384181.2 170
1718196976965 384181.2 171
1718196986987 384181.2 172
1718196997008 384181.2 173
1718197007031 384181.2 174
1718197017054 384181.2 175
1718197027075 384181.2 176
1718197037100 384181.2 177
1718197047125 384181.2 178
1718197057151 384181.2 179
1718197067175 384181.2 180
1718197077202 384181.2 181
1718197087226 383675.1 182
1718197097251 383675.1 183
1718197107271 383675.1 184
1718197117294 383675.1 185
1718197127320 383675.1 186
1718197137346 383675.1 187
1718197147372 383675.1 188
1718197157397 383675.1 189
1718197167419 383675.1 190
1718197177440 383675.1 191
1718197187461 383675.1 192
1718197197483 383675.1 193
1718197207506 383675.1 194
1718197217528 383675.1 195
1718197227551 383675.1 196
1718197237574 383675.1 197
1718197247598 383675.1 198
1718197257619 383675.1 199
1718197267642 383675.1 200
1718197277675 383675.1 201
1718197287701 383675.1 202
1718197297723 383675.1 203
1718197307747 383675.1 204
1718197317769 383675.1 205
1718197327793 383675.1 206
1718197337816 383675.1 207
1718197347838 383675.1 208
1718197357861 383675.1 209
1718197367884 383675.1 210
1718197377904 383675.1 211
1718197387928 383675.1 212
1718197397952 383675.1 213
1718197407973 383675.1 214
1718197417995 383675.1 215
1718197428019 383675.1 216
1718197438042 383675.1 217
1718197448068 383675.1 218
1718197458091 383675.1 219
1718197468114 383675.1 220
1718197478138 383675.0 221
1718197488160 383675.0 222
1718197498183 383675.0 223
1718197508208 383675.0 224
1718197518245 383675.0 225
1718197528272 383675.0 226
1718197538295 383675.0 227
1718197548318 383675.0 228
1718197558341 383675.0 229
1718197568364 383675.0 230
1718197578387 383675.0 231
1718197588410 383675.0 232
1718197598433 383675.0 233
1718197608457 383675.0 234
1718197618480 383675.0 235
1718197628502 383675.0 236
1718197638525 383675.0 237
1718197648577 383675.0 238
1718197658605 383675.0 239
1718197668629 383675.0 240
1718197678655 383675.0 241
1718197688679 383675.0 242
1718197698712 383675.0 243
1718197708739 383675.0 244
1718197718764 383675.0 245
1718197728786 383675.0 246
1718197738807 383675.0 247
1718197748829 383675.0 248
1718197758859 383675.0 249
1718197768884 383675.0 250
1718197778906 383675.0 251
1718197788929 383675.0 252
1718197798954 383675.0 253
1718197808981 383675.0 254
1718197819005 383675.0 255
1718197829028 383675.0 256
1718197839053 383675.0 257
1718197849077 383675.0 258
1718197859099 383675.0 259
1718197869124 383675.0 260
1718197879150 383675.0 261
1718197889172 383675.0 262
1718197899195 383675.0 263
1718197909222 383675.0 264
1718197919249 383675.0 265
1718197929272 383675.0 266
1718197939299 383675.0 267
1718197949325 383675.0 268
1718197959351 383675.0 269
1718197969376 383675.0 270
1718197979401 383675.0 271
1718197989426 383675.0 272
1718197999452 383168.9 273
1718198009473 383168.9 274
1718198019502 383168.9 275
1718198029528 383168.9 276
1718198039556 383168.9 277
1718198049580 383168.9 278
1718198059616 383168.9 279
1718198069642 383168.9 280
1718198079679 383168.9 281
1718198089701 383168.9 282
1718198099727 383168.9 283
1718198109756 383168.9 284
1718198119782 383168.9 285
1718198129808 383168.9 286
1718198139836 383168.9 287
1718198149863 383168.9 288
1718198159885 383168.9 289
1718198169918 383168.9 290
1718198179945 383168.9 291
1718198189970 383168.9 292
1718198199997 383168.9 293
1718198210021 383168.9 294
1718198220061 383168.9 295
1718198230091 383168.9 296
1718198240117 383168.9 297
1718198250144 383168.9 298
1718198260170 383168.9 299
1718198270195 383168.9 300
1718198280223 383168.9 301
1718198290272 383168.9 302
1718198300309 383168.9 303
1718198310338 383168.9 304
1718198320364 383168.9 305
1718198330392 383168.9 306
1718198340422 383168.9 307
1718198350448 383168.9 308
1718198360477 383168.9 309
1718198370502 383168.9 310
1718198380532 383168.9 311
1718198390559 383168.9 312
1718198400587 383168.9 313
1718198410618 383168.9 314
1718198420644 383168.9 315
1718198430691 383168.9 316
1718198440720 383168.9 317
1718198450749 383168.9 318
1718198460779 383168.9 319
1718198470808 383168.9 320
1718198480836 383168.9 321
1718198490865 383168.9 322
1718198500895 383168.9 323
1718198510923 383168.9 324
1718198520954 383168.9 325
1718198530982 383168.9 326
1718198541012 383168.9 327
1718198551041 383168.9 328
1718198561068 383168.9 329
1718198571097 383168.9 330
1718198581134 383168.9 331
1718198591162 383168.9 332
1718198601203 383168.9 333
1718198611233 383168.9 334
1718198621262 383168.9 335
1718198631296 383168.9 336
1718198641324 383168.9 337
1718198651349 383168.9 338
1718198661375 383168.9 339
1718198671404 383168.9 340
1718198681431 383168.9 341
1718198691457 383168.9 342
1718198701488 383168.9 343
1718198711519 383168.9 344
1718198721549 383168.9 345
1718198731578 383168.9 346
1718198741607 383168.9 347
1718198751638 383168.9 348
1718198761668 383168.9 349
1718198771697 383168.9 350
1718198781726 383168.9 351
1718198791755 383168.9 352
1718198801786 383168.9 353
1718198811816 383168.9 354
1718198821846 383168.9 355
1718198831877 383168.9 356
1718198841905 383168.9 357
1718198851935 383168.9 358
1718198861969 383168.9 359
1718198871996 383168.9 360
1718198882023 383168.9 361
1718198892052 383168.9 362
1718198902084 382662.7 363
1718198912112 382662.7 364
1718198922136 382662.7 365
1718198932163 382662.7 366
1718198942188 382662.7 367
1718198952216 382662.7 368
1718198962252 382662.7 369
1718198972288 382662.7 370
1718198982341 382662.7 371
1718198992369 382662.7 372
1718199002400 382662.7 373
