1718195263056 58.8 0
1718195273076 58.8 1
1718195283093 58.8 2
1718195293116 58.8 3
1718195303141 58.8 4
1718195313162 58.8 5
1718195323182 58.8 6
1718195333203 58.8 7
1718195343232 58.8 8
1718195353258 58.8 9
1718195363283 58.8 10
1718195373302 58.8 11
1718195383332 58.8 12
1718195393352 58.8 13
1718195403372 58.8 14
1718195413391 58.8 15
1718195423410 58.8 16
1718195433428 58.8 17
1718195443444 58.8 18
1718195453462 58.8 19
1718195463482 58.8 20
1718195473500 58.8 21
1718195483528 58.8 22
1718195493547 58.8 23
1718195503567 58.8 24
1718195513585 58.8 25
1718195523611 58.8 26
1718195533644 58.8 27
1718195543664 58.8 28
1718195553682 58.8 29
1718195563713 58.8 30
1718195573731 58.8 31
1718195583750 58.8 32
1718195593766 58.8 33
1718195603797 58.8 34
1718195613815 58.8 35
1718195623837 58.8 36
1718195633855 58.8 37
1718195643888 58.8 38
1718195653918 58.8 39
1718195663937 58.8 40
1718195673965 58.8 41
1718195683985 58.8 42
1718195694004 58.8 43
1718195704024 58.8 44
1718195714043 58.8 45
1718195724063 58.8 46
1718195734082 58.8 47
1718195744100 58.8 48
1718195754128 58.8 49
1718195764154 58.8 50
1718195774173 58.8 51
1718195784193 58.8 52
1718195794213 58.8 53
1718195804233 58.8 54
1718195814254 58.8 55
1718195824274 58.8 56
1718195834293 58.8 57
1718195844312 58.8 58
1718195854332 58.8 59
1718195864351 58.8 60
1718195874371 58.8 61
1718195884390 58.8 62
1718195894409 58.8 63
1718195904428 58.8 64
1718195914447 58.8 65
1718195924467 58.8 66
1718195934498 58.8 67
1718195944518 58.8 68
1718195954540 58.8 69
1718195964557 58.8 70
1718195974575 58.8 71
1718195984596 58.8 72
1718195994616 58.8 73
1718196004638 58.8 74
1718196014659 58.8 75
1718196024678 58.8 76
1718196034700 58.8 77
1718196044719 58.8 78
1718196054738 58.8 79
1718196064759 58.8 80
1718196074780 58.8 81
1718196084801 58.8 82
1718196094820 58.8 83
1718196104841 58.8 84
1718196114860 58.8 85
1718196124880 58.8 86
1718196134902 58.8 87
1718196144925 58.8 88
1718196154945 58.8 89
1718196164965 58.8 90
1718196174997 58.8 91
1718196185029 58.8 92
1718196195051 58.8 93
1718196205075 58.8 94
1718196215097 58.8 95
1718196225129 58.8 96
1718196235153 58.8 97
1718196245175 58.8 98
1718196255194 58.8 99
1718196265217 58.8 100
1718196275238 58.8 101
1718196285260 58.8 102
1718196295282 58.8 103
1718196305302 58.8 104
1718196315323 58.8 105
1718196325347 58.8 106
1718196335370 58.8 107
1718196345391 58.8 108
1718196355412 58.8 109
1718196365454 58.8 110
1718196375475 58.8 111
1718196385497 58.8 112
1718196395520 58.8 113
1718196405542 58.8 114
1718196415565 58.8 115
1718196425588 58.8 116
1718196435610 58.8 117
1718196445633 58.8 118
1718196455657 58.8 119
1718196465680 58.8 120
1718196475704 58.8 121
1718196485732 58.8 122
1718196495760 58.8 123
1718196505790 58.8 124
1718196515812 58.8 125
1718196525836 58.8 126
1718196535859 58.8 127
1718196545881 58.8 128
1718196555904 58.8 129
1718196565923 58.8 130
1718196575953 58.8 131
1718196585976 58.8 132
1718196595999 58.8 133
1718196606028 58.8 134
1718196616052 58.8 135
1718196626077 58.8 136
1718196636105 58.8 137
1718196646126 58.8 138
1718196656149 58.8 139
1718196666180 58.8 140
1718196676204 58.8 141
1718196686226 58.8 142
1718196696269 58.8 143
1718196706292 58.8 144
1718196716316 58.8 145
1718196726336 58.8 146
1718196736371 58.8 147
1718196746395 58.8 148
1718196756417 58.8 149
1718196766441 58.8 150
1718196776466 58.8 151
1718196786491 58.8 152
1718196796541 58.8 153
1718196806561 58.8 154
1718196816584 58.8 155
1718196826609 58.8 156
1718196836632 58.8 157
1718196846657 58.8 158
1718196856679 58.8 159
1718196866704 58.8 160
1718196876733 58.8 161
1718196886757 58.8 162
1718196896780 58.8 163
1718196906804 58.8 164
1718196916828 58.8 165
1718196926852 58.8 166
1718196936876 58.8 167
1718196946899 58.8 168
1718196956921 58.8 169
1718196966942 58.8 170
1718196976965 58.8 171
1718196986987 58.8 172
1718196997008 58.8 173
1718197007031 58.8 174
1718197017054 58.8 175
1718197027075 58.8 176
1718197037100 58.8 177
1718197047125 58.8 178
1718197057151 58.8 179
1718197067175 58.8 180
1718197077202 58.8 181
1718197087226 58.9 182
1718197097251 58.9 183
1718197107271 58.9 184
1718197117294 58.9 185
1718197127320 58.9 186
1718197137346 58.9 187
1718197147372 58.9 188
1718197157397 58.9 189
1718197167419 58.9 190
1718197177440 58.9 191
1718197187461 58.9 192
1718197197483 58.9 193
1718197207506 58.9 194
1718197217528 58.9 195
1718197227551 58.9 196
1718197237574 58.9 197
1718197247598 58.9 198
1718197257619 58.9 199
1718197267642 58.9 200
1718197277675 58.9 201
1718197287701 58.9 202
1718197297723 58.9 203
1718197307747 58.9 204
1718197317769 58.9 205
1718197327793 58.9 206
1718197337816 58.9 207
1718197347838 58.9 208
1718197357861 58.9 209
1718197367884 58.9 210
1718197377904 58.9 211
1718197387928 58.9 212
1718197397952 58.9 213
1718197407973 58.9 214
1718197417995 58.9 215
1718197428019 58.9 216
1718197438042 58.9 217
1718197448068 58.9 218
1718197458091 58.9 219
1718197468114 58.9 220
1718197478138 58.9 221
1718197488160 58.9 222
1718197498183 58.9 223
1718197508208 58.9 224
1718197518245 58.9 225
1718197528272 58.9 226
1718197538295 58.9 227
1718197548318 58.9 228
1718197558341 58.9 229
1718197568364 58.9 230
1718197578387 58.9 231
1718197588410 58.9 232
1718197598433 58.9 233
1718197608457 58.9 234
1718197618480 58.9 235
1718197628502 58.9 236
1718197638525 58.9 237
1718197648577 58.9 238
1718197658605 58.9 239
1718197668629 58.9 240
1718197678655 58.9 241
1718197688679 58.9 242
1718197698712 58.9 243
1718197708739 58.9 244
1718197718764 58.9 245
1718197728786 58.9 246
1718197738807 58.9 247
1718197748829 58.9 248
1718197758859 58.9 249
1718197768884 58.9 250
1718197778906 58.9 251
1718197788929 58.9 252
1718197798954 58.9 253
1718197808981 58.9 254
1718197819005 58.9 255
1718197829028 58.9 256
1718197839053 58.9 257
1718197849077 58.9 258
1718197859099 58.9 259
1718197869124 58.9 260
1718197879150 58.9 261
1718197889172 58.9 262
1718197899195 58.9 263
1718197909222 58.9 264
1718197919249 58.9 265
1718197929272 58.9 266
1718197939299 58.9 267
1718197949325 58.9 268
1718197959351 58.9 269
1718197969376 58.9 270
1718197979401 58.9 271
1718197989426 58.9 272
1718197999452 58.9 273
1718198009473 58.9 274
1718198019502 58.9 275
1718198029528 58.9 276
1718198039556 58.9 277
1718198049580 58.9 278
1718198059616 58.9 279
1718198069642 58.9 280
1718198079679 58.9 281
1718198089701 58.9 282
1718198099727 58.9 283
1718198109756 58.9 284
1718198119782 58.9 285
1718198129808 58.9 286
1718198139836 58.9 287
1718198149863 58.9 288
1718198159885 58.9 289
1718198169918 58.9 290
1718198179945 58.9 291
1718198189970 58.9 292
1718198199997 58.9 293
1718198210021 58.9 294
1718198220061 58.9 295
1718198230091 58.9 296
1718198240117 58.9 297
1718198250144 58.9 298
1718198260170 58.9 299
1718198270195 58.9 300
1718198280223 58.9 301
1718198290272 58.9 302
1718198300309 58.9 303
1718198310338 58.9 304
1718198320364 58.9 305
1718198330392 58.9 306
1718198340422 58.9 307
1718198350448 58.9 308
1718198360477 58.9 309
1718198370502 58.9 310
1718198380532 58.9 311
1718198390559 58.9 312
1718198400587 58.9 313
1718198410618 58.9 314
1718198420644 58.9 315
1718198430691 58.9 316
1718198440720 58.9 317
1718198450749 58.9 318
1718198460779 58.9 319
1718198470808 58.9 320
1718198480836 58.9 321
1718198490865 58.9 322
1718198500895 58.9 323
1718198510923 58.9 324
1718198520954 58.9 325
1718198530982 58.9 326
1718198541012 58.9 327
1718198551041 58.9 328
1718198561068 58.9 329
1718198571097 58.9 330
1718198581134 58.9 331
1718198591162 58.9 332
1718198601203 58.9 333
1718198611233 58.9 334
1718198621262 58.9 335
1718198631296 58.9 336
1718198641324 58.9 337
1718198651349 58.9 338
1718198661375 58.9 339
1718198671404 58.9 340
1718198681431 58.9 341
1718198691457 58.9 342
1718198701488 58.9 343
1718198711519 58.9 344
1718198721549 58.9 345
1718198731578 58.9 346
1718198741607 58.9 347
1718198751638 58.9 348
1718198761668 58.9 349
1718198771697 58.9 350
1718198781726 58.9 351
1718198791755 58.9 352
1718198801786 58.9 353
1718198811816 58.9 354
1718198821846 58.9 355
1718198831877 58.9 356
1718198841905 58.9 357
1718198851935 58.9 358
1718198861969 58.9 359
1718198871996 58.9 360
1718198882023 58.9 361
1718198892052 58.9 362
1718198902084 59.0 363
1718198912112 59.0 364
1718198922136 59.0 365
1718198932163 59.0 366
1718198942188 59.0 367
1718198952216 59.0 368
1718198962252 59.0 369
1718198972288 59.0 370
1718198982341 59.0 371
1718198992369 59.0 372
1718199002400 59.0 373
