1718195263056 548132.6 0
1718195273076 548133.4 1
1718195283093 548133.4 2
1718195293116 548133.4 3
1718195303141 548133.4 4
1718195313162 548133.4 5
1718195323182 548133.4 6
1718195333203 548133.4 7
1718195343232 548133.4 8
1718195353258 548133.4 9
1718195363283 548133.4 10
1718195373302 548133.4 11
1718195383332 548133.4 12
1718195393352 548133.4 13
1718195403372 548133.4 14
1718195413391 548133.4 15
1718195423410 548133.4 16
1718195433428 548133.4 17
1718195443444 548133.4 18
1718195453462 548133.4 19
1718195463482 548133.4 20
1718195473500 548133.4 21
1718195483528 548133.4 22
1718195493547 548133.4 23
1718195503567 548133.4 24
1718195513585 548133.4 25
1718195523611 548133.4 26
1718195533644 548133.4 27
1718195543664 548133.4 28
1718195553682 548133.4 29
1718195563713 548133.4 30
1718195573731 548133.4 31
1718195583750 548133.4 32
1718195593766 548133.4 33
1718195603797 548133.4 34
1718195613815 548133.4 35
1718195623837 548133.4 36
1718195633855 548133.4 37
1718195643888 548133.4 38
1718195653918 548133.4 39
1718195663937 548133.4 40
1718195673965 548133.4 41
1718195683985 548133.4 42
1718195694004 548133.4 43
1718195704024 548133.4 44
1718195714043 548133.4 45
1718195724063 548133.4 46
1718195734082 548133.4 47
1718195744100 548133.4 48
1718195754128 548133.4 49
1718195764154 548133.4 50
1718195774173 548133.4 51
1718195784193 548133.4 52
1718195794213 548133.4 53
1718195804233 548133.4 54
1718195814254 548133.4 55
1718195824274 548133.4 56
1718195834293 548133.4 57
1718195844312 548133.4 58
1718195854332 548133.4 59
1718195864351 548133.4 60
1718195874371 548133.4 61
1718195884390 548133.4 62
1718195894409 548133.4 63
1718195904428 548133.4 64
1718195914447 548133.4 65
1718195924467 548133.4 66
1718195934498 548133.4 67
1718195944518 548133.4 68
1718195954540 548133.4 69
1718195964557 548133.4 70
1718195974575 548133.4 71
1718195984596 548133.4 72
1718195994616 548133.4 73
1718196004638 548133.4 74
1718196014659 548133.4 75
1718196024678 548133.4 76
1718196034700 548133.4 77
1718196044719 548133.4 78
1718196054738 548133.4 79
1718196064759 548133.4 80
1718196074780 548133.4 81
1718196084801 548133.4 82
1718196094820 548133.4 83
1718196104841 548133.4 84
1718196114860 548133.4 85
1718196124880 548133.4 86
1718196134902 548133.4 87
1718196144925 548133.4 88
1718196154945 548133.4 89
1718196164965 548133.4 90
1718196174997 548133.4 91
1718196185029 548639.6 92
1718196195051 548639.6 93
1718196205075 548639.6 94
1718196215097 548639.6 95
1718196225129 548639.6 96
1718196235153 548639.6 97
1718196245175 548639.6 98
1718196255194 548639.6 99
1718196265217 548639.6 100
1718196275238 548639.6 101
1718196285260 548639.6 102
1718196295282 548639.6 103
1718196305302 548639.6 104
1718196315323 548639.6 105
1718196325347 548639.6 106
1718196335370 548639.6 107
1718196345391 548639.6 108
1718196355412 548639.6 109
1718196365454 548639.6 110
1718196375475 548639.6 111
1718196385497 548639.6 112
1718196395520 548639.6 113
1718196405542 548639.6 114
1718196415565 548639.6 115
1718196425588 548639.6 116
1718196435610 548639.6 117
1718196445633 548639.6 118
1718196455657 548639.6 119
1718196465680 548639.6 120
1718196475704 548639.6 121
1718196485732 548639.6 122
1718196495760 548639.6 123
1718196505790 548639.6 124
1718196515812 548639.6 125
1718196525836 548639.6 126
1718196535859 548639.6 127
1718196545881 548639.6 128
1718196555904 548639.6 129
1718196565923 548639.6 130
1718196575953 548639.6 131
1718196585976 548639.6 132
1718196595999 548639.6 133
1718196606028 548639.6 134
1718196616052 548639.6 135
1718196626077 548639.6 136
1718196636105 548639.6 137
1718196646126 548639.6 138
1718196656149 548639.6 139
1718196666180 548639.6 140
1718196676204 548639.6 141
1718196686226 548639.6 142
1718196696269 548639.6 143
1718196706292 548639.6 144
1718196716316 548639.6 145
1718196726336 548639.6 146
1718196736371 548639.6 147
1718196746395 548639.6 148
1718196756417 548639.6 149
1718196766441 548639.6 150
1718196776466 548639.6 151
1718196786491 548639.6 152
1718196796541 548639.6 153
1718196806561 548639.6 154
1718196816584 548639.6 155
1718196826609 548639.6 156
1718196836632 548639.6 157
1718196846657 548639.6 158
1718196856679 548639.6 159
1718196866704 548639.6 160
1718196876733 548639.6 161
1718196886757 548639.6 162
1718196896780 548639.6 163
1718196906804 548639.6 164
1718196916828 548639.6 165
1718196926852 548639.6 166
1718196936876 548639.6 167
1718196946899 548639.6 168
1718196956921 548639.6 169
1718196966942 548639.6 170
1718196976965 548639.6 171
1718196986987 548639.6 172
1718196997008 548639.6 173
1718197007031 548639.6 174
1718197017054 548639.6 175
1718197027075 548639.6 176
1718197037100 548639.6 177
1718197047125 548639.6 178
1718197057151 548639.6 179
1718197067175 548639.6 180
1718197077202 548639.6 181
1718197087226 549145.7 182
1718197097251 549145.7 183
1718197107271 549145.7 184
1718197117294 549145.7 185
1718197127320 549145.7 186
1718197137346 549145.7 187
1718197147372 549145.7 188
1718197157397 549145.7 189
1718197167419 549145.8 190
1718197177440 549145.8 191
1718197187461 549145.8 192
1718197197483 549145.8 193
1718197207506 549145.8 194
1718197217528 549145.8 195
1718197227551 549145.8 196
1718197237574 549145.8 197
1718197247598 549145.8 198
1718197257619 549145.8 199
1718197267642 549145.8 200
1718197277675 549145.8 201
1718197287701 549145.8 202
1718197297723 549145.8 203
1718197307747 549145.8 204
1718197317769 549145.8 205
1718197327793 549145.8 206
1718197337816 549145.8 207
1718197347838 549145.8 208
1718197357861 549145.8 209
1718197367884 549145.8 210
1718197377904 549145.8 211
1718197387928 549145.8 212
1718197397952 549145.8 213
1718197407973 549145.8 214
1718197417995 549145.8 215
1718197428019 549145.8 216
1718197438042 549145.8 217
1718197448068 549145.8 218
1718197458091 549145.8 219
1718197468114 549145.8 220
1718197478138 549145.8 221
1718197488160 549145.8 222
1718197498183 549145.8 223
1718197508208 549145.8 224
1718197518245 549145.8 225
1718197528272 549145.8 226
1718197538295 549145.8 227
1718197548318 549145.8 228
1718197558341 549145.8 229
1718197568364 549145.8 230
1718197578387 549145.8 231
1718197588410 549145.8 232
1718197598433 549145.8 233
1718197608457 549145.8 234
1718197618480 549145.8 235
1718197628502 549145.8 236
1718197638525 549145.8 237
1718197648577 549145.8 238
1718197658605 549145.8 239
1718197668629 549145.8 240
1718197678655 549145.8 241
1718197688679 549145.8 242
1718197698712 549145.8 243
1718197708739 549145.8 244
1718197718764 549145.8 245
1718197728786 549145.8 246
1718197738807 549145.8 247
1718197748829 549145.8 248
1718197758859 549145.8 249
1718197768884 549145.8 250
1718197778906 549145.8 251
1718197788929 549145.8 252
1718197798954 549145.8 253
1718197808981 549145.8 254
1718197819005 549145.8 255
1718197829028 549145.8 256
1718197839053 549145.8 257
1718197849077 549145.8 258
1718197859099 549145.8 259
1718197869124 549145.8 260
1718197879150 549145.8 261
1718197889172 549145.8 262
1718197899195 549145.8 263
1718197909222 549145.8 264
1718197919249 549145.8 265
1718197929272 549145.8 266
1718197939299 549145.8 267
1718197949325 549145.8 268
1718197959351 549145.8 269
1718197969376 549145.8 270
1718197979401 549145.8 271
1718197989426 549145.8 272
1718197999452 549651.9 273
1718198009473 549651.9 274
1718198019502 549651.9 275
1718198029528 549651.9 276
1718198039556 549651.9 277
1718198049580 549651.9 278
1718198059616 549651.9 279
1718198069642 549651.9 280
1718198079679 549651.9 281
1718198089701 549651.9 282
1718198099727 549651.9 283
1718198109756 549651.9 284
1718198119782 549651.9 285
1718198129808 549651.9 286
1718198139836 549651.9 287
1718198149863 549651.9 288
1718198159885 549651.9 289
1718198169918 549651.9 290
1718198179945 549651.9 291
1718198189970 549651.9 292
1718198199997 549651.9 293
1718198210021 549651.9 294
1718198220061 549651.9 295
1718198230091 549651.9 296
1718198240117 549651.9 297
1718198250144 549651.9 298
1718198260170 549651.9 299
1718198270195 549651.9 300
1718198280223 549651.9 301
1718198290272 549651.9 302
1718198300309 549651.9 303
1718198310338 549651.9 304
1718198320364 549651.9 305
1718198330392 549651.9 306
1718198340422 549651.9 307
1718198350448 549651.9 308
1718198360477 549651.9 309
1718198370502 549651.9 310
1718198380532 549651.9 311
1718198390559 549651.9 312
1718198400587 549651.9 313
1718198410618 549651.9 314
1718198420644 549651.9 315
1718198430691 549651.9 316
1718198440720 549651.9 317
1718198450749 549651.9 318
1718198460779 549651.9 319
1718198470808 549651.9 320
1718198480836 549651.9 321
1718198490865 549651.9 322
1718198500895 549651.9 323
1718198510923 549651.9 324
1718198520954 549651.9 325
1718198530982 549651.9 326
1718198541012 549651.9 327
1718198551041 549651.9 328
1718198561068 549651.9 329
1718198571097 549651.9 330
1718198581134 549651.9 331
1718198591162 549651.9 332
1718198601203 549651.9 333
1718198611233 549651.9 334
1718198621262 549651.9 335
1718198631296 549651.9 336
1718198641324 549651.9 337
1718198651349 549651.9 338
1718198661375 549651.9 339
1718198671404 549651.9 340
1718198681431 549651.9 341
1718198691457 549651.9 342
1718198701488 549651.9 343
1718198711519 549651.9 344
1718198721549 549651.9 345
1718198731578 549651.9 346
1718198741607 549651.9 347
1718198751638 549651.9 348
1718198761668 549651.9 349
1718198771697 549651.9 350
1718198781726 549651.9 351
1718198791755 549651.9 352
1718198801786 549651.9 353
1718198811816 549651.9 354
1718198821846 549651.9 355
1718198831877 549651.9 356
1718198841905 549651.9 357
1718198851935 549651.9 358
1718198861969 549651.9 359
1718198871996 549651.9 360
1718198882023 549652.0 361
1718198892052 549652.0 362
1718198902084 550158.1 363
1718198912112 550158.1 364
1718198922136 550158.1 365
1718198932163 550158.1 366
1718198942188 550158.1 367
1718198952216 550158.1 368
1718198962252 550158.1 369
1718198972288 550158.1 370
1718198982341 550158.1 371
1718198992369 550158.1 372
1718199002400 550158.1 373
