1718195263056 7108.4 0
1718195273076 8104.4 1
1718195283093 8643.4 2
1718195293116 8643.4 3
1718195303141 8643.4 4
1718195313162 8660.5 5
1718195323182 8692.9 6
1718195333203 8667.9 7
1718195343232 8642.6 8
1718195353258 8642.6 9
1718195363283 8642.6 10
1718195373302 8642.6 11
1718195383332 8686.6 12
1718195393352 8680.3 13
1718195403372 8680.3 14
1718195413391 8680.3 15
1718195423410 8680.3 16
1718195433428 8680.3 17
1718195443444 8680.3 18
1718195453462 8680.3 19
1718195463482 8680.3 20
1718195473500 8680.3 21
1718195483528 8680.3 22
1718195493547 8680.3 23
1718195503567 8680.3 24
1718195513585 8680.3 25
1718195523611 8680.3 26
1718195533644 8680.3 27
1718195543664 8680.3 28
1718195553682 8680.3 29
1718195563713 8680.3 30
1718195573731 8680.3 31
1718195583750 8680.3 32
1718195593766 8680.3 33
1718195603797 8680.3 34
1718195613815 8680.3 35
1718195623837 8680.3 36
1718195633855 8680.3 37
1718195643888 8680.3 38
1718195653918 8680.3 39
1718195663937 8680.3 40
1718195673965 8680.3 41
1718195683985 8680.3 42
1718195694004 8679.3 43
1718195704024 8679.3 44
1718195714043 8679.3 45
1718195724063 8679.3 46
1718195734082 8679.3 47
1718195744100 8679.3 48
1718195754128 8679.3 49
1718195764154 8679.3 50
1718195774173 8679.3 51
1718195784193 8679.3 52
1718195794213 8679.3 53
1718195804233 8679.3 54
1718195814254 8679.3 55
1718195824274 8679.3 56
1718195834293 8679.3 57
1718195844312 8679.3 58
1718195854332 8679.3 59
1718195864351 8679.3 60
1718195874371 8679.3 61
1718195884390 8679.3 62
1718195894409 8679.3 63
1718195904428 8679.3 64
1718195914447 8679.3 65
1718195924467 8679.3 66
1718195934498 8679.3 67
1718195944518 8679.3 68
1718195954540 8679.3 69
1718195964557 8679.3 70
1718195974575 8679.3 71
1718195984596 8679.3 72
1718195994616 8679.3 73
1718196004638 8679.3 74
1718196014659 8679.3 75
1718196024678 8679.3 76
1718196034700 8679.3 77
1718196044719 8679.3 78
1718196054738 8679.3 79
1718196064759 8679.3 80
1718196074780 8679.3 81
1718196084801 8679.3 82
1718196094820 8679.3 83
1718196104841 8679.3 84
1718196114860 8679.3 85
1718196124880 8679.3 86
1718196134902 8679.3 87
1718196144925 8679.3 88
1718196154945 8679.3 89
1718196164965 8679.3 90
1718196174997 8679.3 91
1718196185029 8684.4 92
1718196195051 8683.5 93
1718196205075 8683.5 94
1718196215097 8683.5 95
1718196225129 8683.5 96
1718196235153 8683.5 97
1718196245175 8683.5 98
1718196255194 8683.5 99
1718196265217 8683.5 100
1718196275238 8683.5 101
1718196285260 8683.5 102
1718196295282 8679.3 103
1718196305302 8679.3 104
1718196315323 8679.3 105
1718196325347 8679.3 106
1718196335370 8679.3 107
1718196345391 8679.3 108
1718196355412 8679.3 109
1718196365454 8679.3 110
1718196375475 8679.3 111
1718196385497 8679.3 112
1718196395520 8679.3 113
1718196405542 8679.3 114
1718196415565 8679.3 115
1718196425588 8679.3 116
1718196435610 8679.3 117
1718196445633 8679.3 118
1718196455657 8679.3 119
1718196465680 8679.3 120
1718196475704 8679.3 121
1718196485732 8679.3 122
1718196495760 8679.3 123
1718196505790 8679.3 124
1718196515812 8679.3 125
1718196525836 8679.3 126
1718196535859 8679.3 127
1718196545881 8679.3 128
1718196555904 8679.3 129
1718196565923 8679.3 130
1718196575953 8679.3 131
1718196585976 8679.3 132
1718196595999 8679.3 133
1718196606028 8679.3 134
1718196616052 8679.3 135
1718196626077 8679.3 136
1718196636105 8679.3 137
1718196646126 8679.3 138
1718196656149 8679.3 139
1718196666180 8679.3 140
1718196676204 8679.3 141
1718196686226 8679.3 142
1718196696269 8679.3 143
1718196706292 8679.3 144
1718196716316 8679.3 145
1718196726336 8679.3 146
1718196736371 8679.3 147
1718196746395 8679.3 148
1718196756417 8681.4 149
1718196766441 8681.4 150
1718196776466 8681.4 151
1718196786491 8681.4 152
1718196796541 8681.4 153
1718196806561 8681.4 154
1718196816584 8681.4 155
1718196826609 8681.4 156
1718196836632 8681.4 157
1718196846657 8681.4 158
1718196856679 8681.4 159
1718196866704 8681.4 160
1718196876733 8681.4 161
1718196886757 8681.4 162
1718196896780 8681.4 163
1718196906804 8681.4 164
1718196916828 8681.4 165
1718196926852 8681.4 166
1718196936876 8681.4 167
1718196946899 8681.4 168
1718196956921 8681.4 169
1718196966942 8681.4 170
1718196976965 8681.4 171
1718196986987 8681.4 172
1718196997008 8681.4 173
1718197007031 8681.4 174
1718197017054 8681.4 175
1718197027075 8681.4 176
1718197037100 8681.4 177
1718197047125 8681.4 178
1718197057151 8681.4 179
1718197067175 8681.4 180
1718197077202 8681.4 181
1718197087226 8682.4 182
1718197097251 8681.4 183
1718197107271 8681.4 184
1718197117294 8681.4 185
1718197127320 8681.4 186
1718197137346 8681.4 187
1718197147372 8681.4 188
1718197157397 8681.4 189
1718197167419 8681.4 190
1718197177440 8681.4 191
1718197187461 8681.4 192
1718197197483 8681.4 193
1718197207506 8681.4 194
1718197217528 8681.4 195
1718197227551 8681.4 196
1718197237574 8681.4 197
1718197247598 8681.4 198
1718197257619 8681.4 199
1718197267642 8681.4 200
1718197277675 8681.4 201
1718197287701 8681.4 202
1718197297723 8681.4 203
1718197307747 8681.4 204
1718197317769 8681.4 205
1718197327793 8681.4 206
1718197337816 8681.4 207
1718197347838 8681.4 208
1718197357861 8681.4 209
1718197367884 8681.4 210
1718197377904 8681.4 211
1718197387928 8681.4 212
1718197397952 8681.4 213
1718197407973 8681.4 214
1718197417995 8681.4 215
1718197428019 8681.4 216
1718197438042 8681.4 217
1718197448068 8681.4 218
1718197458091 8681.4 219
1718197468114 8681.4 220
1718197478138 8681.4 221
1718197488160 8681.4 222
1718197498183 8681.4 223
1718197508208 8681.4 224
1718197518245 8681.4 225
1718197528272 8681.4 226
1718197538295 8681.4 227
1718197548318 8681.4 228
1718197558341 8681.4 229
1718197568364 8681.4 230
1718197578387 8681.4 231
1718197588410 8681.4 232
1718197598433 8681.4 233
1718197608457 8681.4 234
1718197618480 8681.4 235
1718197628502 8681.4 236
1718197638525 8681.4 237
1718197648577 8681.4 238
1718197658605 8681.4 239
1718197668629 8681.4 240
1718197678655 8681.4 241
1718197688679 8681.4 242
1718197698712 8681.4 243
1718197708739 8681.4 244
1718197718764 8681.4 245
1718197728786 8681.4 246
1718197738807 8681.4 247
1718197748829 8681.4 248
1718197758859 8681.4 249
1718197768884 8681.4 250
1718197778906 8681.4 251
1718197788929 8681.4 252
1718197798954 8681.4 253
1718197808981 8681.4 254
1718197819005 8681.4 255
1718197829028 8681.4 256
1718197839053 8681.4 257
1718197849077 8681.4 258
1718197859099 8681.4 259
1718197869124 8681.4 260
1718197879150 8681.4 261
1718197889172 8681.4 262
1718197899195 8681.4 263
1718197909222 8681.4 264
1718197919249 8681.4 265
1718197929272 8681.4 266
1718197939299 8681.4 267
1718197949325 8681.4 268
1718197959351 8681.4 269
1718197969376 8681.4 270
1718197979401 8681.4 271
1718197989426 8681.4 272
1718197999452 8681.4 273
1718198009473 8681.4 274
1718198019502 8681.4 275
1718198029528 8681.4 276
1718198039556 8681.4 277
1718198049580 8681.4 278
1718198059616 8681.4 279
1718198069642 8681.4 280
1718198079679 8681.4 281
1718198089701 8681.4 282
1718198099727 8681.4 283
1718198109756 8681.4 284
1718198119782 8681.4 285
1718198129808 8681.4 286
1718198139836 8681.4 287
1718198149863 8681.4 288
1718198159885 8681.4 289
1718198169918 8681.4 290
1718198179945 8681.4 291
1718198189970 8681.4 292
1718198199997 8681.4 293
1718198210021 8681.4 294
1718198220061 8681.4 295
1718198230091 8681.4 296
1718198240117 8681.4 297
1718198250144 8681.4 298
1718198260170 8681.4 299
1718198270195 8681.4 300
1718198280223 8681.4 301
1718198290272 8681.4 302
1718198300309 8681.4 303
1718198310338 8681.4 304
1718198320364 8681.4 305
1718198330392 8681.4 306
1718198340422 8681.4 307
1718198350448 8681.4 308
1718198360477 8681.4 309
1718198370502 8681.4 310
1718198380532 8681.4 311
1718198390559 8681.4 312
1718198400587 8681.4 313
1718198410618 8681.4 314
1718198420644 8681.4 315
1718198430691 8681.4 316
1718198440720 8681.4 317
1718198450749 8681.4 318
1718198460779 8681.4 319
1718198470808 8681.4 320
1718198480836 8681.4 321
1718198490865 8681.4 322
1718198500895 8681.4 323
1718198510923 8681.4 324
1718198520954 8681.4 325
1718198530982 8681.4 326
1718198541012 8681.4 327
1718198551041 8681.4 328
1718198561068 8681.4 329
1718198571097 8681.4 330
1718198581134 8681.4 331
1718198591162 8681.4 332
1718198601203 8681.4 333
1718198611233 8681.4 334
1718198621262 8681.4 335
1718198631296 8681.4 336
1718198641324 8681.4 337
1718198651349 8681.4 338
1718198661375 8681.4 339
1718198671404 8681.4 340
1718198681431 8681.4 341
1718198691457 8681.4 342
1718198701488 8681.4 343
1718198711519 8681.4 344
1718198721549 8681.4 345
1718198731578 8681.4 346
1718198741607 8681.4 347
1718198751638 8681.4 348
1718198761668 8681.4 349
1718198771697 8681.4 350
1718198781726 8681.4 351
1718198791755 8681.4 352
1718198801786 8681.4 353
1718198811816 8681.4 354
1718198821846 8681.4 355
1718198831877 8681.4 356
1718198841905 8681.4 357
1718198851935 8681.4 358
1718198861969 8681.4 359
1718198871996 8681.4 360
1718198882023 8681.4 361
1718198892052 8681.4 362
1718198902084 8682.4 363
1718198912112 8681.4 364
1718198922136 8681.4 365
1718198932163 8681.4 366
1718198942188 8681.4 367
1718198952216 8681.4 368
1718198962252 8681.4 369
1718198972288 8681.4 370
1718198982341 8681.4 371
1718198992369 8681.4 372
1718199002400 8681.4 373
