1718195263056 12.0 0
1718195273076 97.0 1
1718195283093 97.0 2
1718195293116 92.0 3
1718195303141 97.0 4
1718195313162 92.0 5
1718195323182 97.0 6
1718195333203 89.0 7
1718195343232 97.0 8
1718195353258 83.0 9
1718195363283 97.0 10
1718195373302 91.0 11
1718195383332 85.0 12
1718195393352 97.0 13
1718195403372 76.0 14
1718195413391 96.0 15
1718195423410 96.0 16
1718195433428 97.0 17
1718195443444 96.0 18
1718195453462 92.0 19
1718195463482 98.0 20
1718195473500 92.0 21
1718195483528 97.0 22
1718195493547 97.0 23
1718195503567 97.0 24
1718195513585 96.0 25
1718195523611 92.0 26
1718195533644 96.0 27
1718195543664 95.0 28
1718195553682 97.0 29
1718195563713 78.0 30
1718195573731 97.0 31
1718195583750 97.0 32
1718195593766 97.0 33
1718195603797 97.0 34
1718195613815 97.0 35
1718195623837 95.0 36
1718195633855 93.0 37
1718195643888 96.0 38
1718195653918 92.0 39
1718195663937 98.0 40
1718195673965 92.0 41
1718195683985 98.0 42
1718195694004 76.0 43
1718195704024 90.0 44
1718195714043 96.0 45
1718195724063 92.0 46
1718195734082 97.0 47
1718195744100 96.0 48
1718195754128 93.0 49
1718195764154 97.0 50
1718195774173 74.0 51
1718195784193 97.0 52
1718195794213 98.0 53
1718195804233 75.0 54
1718195814254 92.0 55
1718195824274 96.0 56
1718195834293 92.0 57
1718195844312 97.0 58
1718195854332 75.0 59
1718195864351 98.0 60
1718195874371 92.0 61
1718195884390 97.0 62
1718195894409 91.0 63
1718195904428 88.0 64
1718195914447 97.0 65
1718195924467 92.0 66
1718195934498 97.0 67
1718195944518 92.0 68
1718195954540 97.0 69
1718195964557 92.0 70
1718195974575 95.0 71
1718195984596 97.0 72
1718195994616 96.0 73
1718196004638 96.0 74
1718196014659 96.0 75
1718196024678 95.0 76
1718196034700 97.0 77
1718196044719 97.0 78
1718196054738 96.0 79
1718196064759 97.0 80
1718196074780 97.0 81
1718196084801 97.0 82
1718196094820 96.0 83
1718196104841 96.0 84
1718196114860 95.0 85
1718196124880 95.0 86
1718196134902 97.0 87
1718196144925 91.0 88
1718196154945 96.0 89
1718196164965 97.0 90
1718196174997 96.0 91
1718196185029 97.0 92
1718196195051 97.0 93
1718196205075 98.0 94
1718196215097 96.0 95
1718196225129 89.0 96
1718196235153 92.0 97
1718196245175 96.0 98
1718196255194 73.0 99
1718196265217 98.0 100
1718196275238 92.0 101
1718196285260 91.0 102
1718196295282 91.0 103
1718196305302 96.0 104
1718196315323 96.0 105
1718196325347 90.0 106
1718196335370 95.0 107
1718196345391 96.0 108
1718196355412 96.0 109
1718196365454 91.0 110
1718196375475 98.0 111
1718196385497 75.0 112
1718196395520 97.0 113
1718196405542 97.0 114
1718196415565 96.0 115
1718196425588 93.0 116
1718196435610 96.0 117
1718196445633 93.0 118
1718196455657 97.0 119
1718196465680 76.0 120
1718196475704 97.0 121
1718196485732 95.0 122
1718196495760 97.0 123
1718196505790 90.0 124
1718196515812 97.0 125
1718196525836 97.0 126
1718196535859 94.0 127
1718196545881 74.0 128
1718196555904 97.0 129
1718196565923 98.0 130
1718196575953 76.0 131
1718196585976 97.0 132
1718196595999 98.0 133
1718196606028 98.0 134
1718196616052 96.0 135
1718196626077 82.0 136
1718196636105 96.0 137
1718196646126 90.0 138
1718196656149 98.0 139
1718196666180 96.0 140
1718196676204 97.0 141
1718196686226 96.0 142
1718196696269 96.0 143
1718196706292 97.0 144
1718196716316 92.0 145
1718196726336 97.0 146
1718196736371 92.0 147
1718196746395 95.0 148
1718196756417 98.0 149
1718196766441 91.0 150
1718196776466 97.0 151
1718196786491 97.0 152
1718196796541 96.0 153
1718196806561 83.0 154
1718196816584 96.0 155
1718196826609 96.0 156
1718196836632 88.0 157
1718196846657 96.0 158
1718196856679 96.0 159
1718196866704 95.0 160
1718196876733 95.0 161
1718196886757 96.0 162
1718196896780 96.0 163
1718196906804 96.0 164
1718196916828 97.0 165
1718196926852 97.0 166
1718196936876 97.0 167
1718196946899 96.0 168
1718196956921 97.0 169
1718196966942 97.0 170
1718196976965 97.0 171
1718196986987 97.0 172
1718196997008 96.0 173
1718197007031 96.0 174
1718197017054 96.0 175
1718197027075 96.0 176
1718197037100 95.0 177
1718197047125 93.0 178
1718197057151 97.0 179
1718197067175 93.0 180
1718197077202 95.0 181
1718197087226 89.0 182
1718197097251 96.0 183
1718197107271 97.0 184
1718197117294 98.0 185
1718197127320 97.0 186
1718197137346 90.0 187
1718197147372 97.0 188
1718197157397 85.0 189
1718197167419 98.0 190
1718197177440 96.0 191
1718197187461 97.0 192
1718197197483 92.0 193
1718197207506 97.0 194
1718197217528 92.0 195
1718197227551 96.0 196
1718197237574 80.0 197
1718197247598 96.0 198
1718197257619 91.0 199
1718197267642 98.0 200
1718197277675 92.0 201
1718197287701 97.0 202
1718197297723 97.0 203
1718197307747 91.0 204
1718197317769 97.0 205
1718197327793 96.0 206
1718197337816 91.0 207
1718197347838 97.0 208
1718197357861 97.0 209
1718197367884 92.0 210
1718197377904 98.0 211
1718197387928 92.0 212
1718197397952 93.0 213
1718197407973 97.0 214
1718197417995 92.0 215
1718197428019 96.0 216
1718197438042 92.0 217
1718197448068 93.0 218
1718197458091 92.0 219
1718197468114 97.0 220
1718197478138 74.0 221
1718197488160 97.0 222
1718197498183 91.0 223
1718197508208 97.0 224
1718197518245 91.0 225
1718197528272 98.0 226
1718197538295 97.0 227
1718197548318 88.0 228
1718197558341 96.0 229
1718197568364 98.0 230
1718197578387 92.0 231
1718197588410 98.0 232
1718197598433 92.0 233
1718197608457 96.0 234
1718197618480 92.0 235
1718197628502 97.0 236
1718197638525 78.0 237
1718197648577 96.0 238
1718197658605 90.0 239
1718197668629 90.0 240
1718197678655 97.0 241
1718197688679 97.0 242
1718197698712 92.0 243
1718197708739 98.0 244
1718197718764 73.0 245
1718197728786 98.0 246
1718197738807 90.0 247
1718197748829 95.0 248
1718197758859 93.0 249
1718197768884 76.0 250
1718197778906 96.0 251
1718197788929 96.0 252
1718197798954 96.0 253
1718197808981 97.0 254
1718197819005 95.0 255
1718197829028 96.0 256
1718197839053 96.0 257
1718197849077 95.0 258
1718197859099 95.0 259
1718197869124 97.0 260
1718197879150 95.0 261
1718197889172 94.0 262
1718197899195 97.0 263
1718197909222 96.0 264
1718197919249 97.0 265
1718197929272 95.0 266
1718197939299 96.0 267
1718197949325 95.0 268
1718197959351 97.0 269
1718197969376 97.0 270
1718197979401 97.0 271
1718197989426 97.0 272
1718197999452 96.0 273
1718198009473 96.0 274
1718198019502 72.0 275
1718198029528 97.0 276
1718198039556 92.0 277
1718198049580 87.0 278
1718198059616 98.0 279
1718198069642 93.0 280
1718198079679 98.0 281
1718198089701 97.0 282
1718198099727 74.0 283
1718198109756 96.0 284
1718198119782 90.0 285
1718198129808 97.0 286
1718198139836 95.0 287
1718198149863 98.0 288
1718198159885 91.0 289
1718198169918 96.0 290
1718198179945 78.0 291
1718198189970 96.0 292
1718198199997 97.0 293
1718198210021 97.0 294
1718198220061 91.0 295
1718198230091 95.0 296
1718198240117 92.0 297
1718198250144 97.0 298
1718198260170 92.0 299
1718198270195 97.0 300
1718198280223 92.0 301
1718198290272 97.0 302
1718198300309 92.0 303
1718198310338 96.0 304
1718198320364 89.0 305
1718198330392 92.0 306
1718198340422 98.0 307
1718198350448 90.0 308
1718198360477 97.0 309
1718198370502 97.0 310
1718198380532 95.0 311
1718198390559 73.0 312
1718198400587 97.0 313
1718198410618 93.0 314
1718198420644 97.0 315
1718198430691 92.0 316
1718198440720 96.0 317
1718198450749 97.0 318
1718198460779 92.0 319
1718198470808 97.0 320
1718198480836 97.0 321
1718198490865 92.0 322
1718198500895 98.0 323
1718198510923 92.0 324
1718198520954 96.0 325
1718198530982 92.0 326
1718198541012 97.0 327
1718198551041 74.0 328
1718198561068 97.0 329
1718198571097 95.0 330
1718198581134 92.0 331
1718198591162 97.0 332
1718198601203 74.0 333
1718198611233 97.0 334
1718198621262 92.0 335
1718198631296 96.0 336
1718198641324 96.0 337
1718198651349 98.0 338
1718198661375 92.0 339
1718198671404 98.0 340
1718198681431 96.0 341
1718198691457 96.0 342
1718198701488 96.0 343
1718198711519 96.0 344
1718198721549 94.0 345
1718198731578 96.0 346
1718198741607 96.0 347
1718198751638 98.0 348
1718198761668 97.0 349
1718198771697 97.0 350
1718198781726 96.0 351
1718198791755 97.0 352
1718198801786 97.0 353
1718198811816 96.0 354
1718198821846 96.0 355
1718198831877 96.0 356
1718198841905 96.0 357
1718198851935 97.0 358
1718198861969 97.0 359
1718198871996 96.0 360
1718198882023 96.0 361
1718198892052 96.0 362
1718198902084 95.0 363
1718198912112 94.0 364
1718198922136 89.0 365
1718198932163 98.0 366
1718198942188 95.0 367
1718198952216 92.0 368
1718198962252 98.0 369
1718198972288 90.0 370
1718198982341 98.0 371
1718198992369 92.0 372
1718199002400 98.0 373
