1718195263056 55.2 0
1718195273076 62.9 1
1718195283093 67.1 2
1718195293116 67.1 3
1718195303141 67.1 4
1718195313162 67.2 5
1718195323182 67.5 6
1718195333203 67.3 7
1718195343232 67.1 8
1718195353258 67.1 9
1718195363283 67.1 10
1718195373302 67.1 11
1718195383332 67.4 12
1718195393352 67.4 13
1718195403372 67.4 14
1718195413391 67.4 15
1718195423410 67.4 16
1718195433428 67.4 17
1718195443444 67.4 18
1718195453462 67.4 19
1718195463482 67.4 20
1718195473500 67.4 21
1718195483528 67.4 22
1718195493547 67.4 23
1718195503567 67.4 24
1718195513585 67.4 25
1718195523611 67.4 26
1718195533644 67.4 27
1718195543664 67.4 28
1718195553682 67.4 29
1718195563713 67.4 30
1718195573731 67.4 31
1718195583750 67.4 32
1718195593766 67.4 33
1718195603797 67.4 34
1718195613815 67.4 35
1718195623837 67.4 36
1718195633855 67.4 37
1718195643888 67.4 38
1718195653918 67.4 39
1718195663937 67.4 40
1718195673965 67.4 41
1718195683985 67.4 42
1718195694004 67.4 43
1718195704024 67.4 44
1718195714043 67.4 45
1718195724063 67.4 46
1718195734082 67.4 47
1718195744100 67.4 48
1718195754128 67.4 49
1718195764154 67.4 50
1718195774173 67.4 51
1718195784193 67.4 52
1718195794213 67.4 53
1718195804233 67.4 54
1718195814254 67.4 55
1718195824274 67.4 56
1718195834293 67.4 57
1718195844312 67.4 58
1718195854332 67.4 59
1718195864351 67.4 60
1718195874371 67.4 61
1718195884390 67.4 62
1718195894409 67.4 63
1718195904428 67.4 64
1718195914447 67.4 65
1718195924467 67.4 66
1718195934498 67.4 67
1718195944518 67.4 68
1718195954540 67.4 69
1718195964557 67.4 70
1718195974575 67.4 71
1718195984596 67.4 72
1718195994616 67.4 73
1718196004638 67.4 74
1718196014659 67.4 75
1718196024678 67.4 76
1718196034700 67.4 77
1718196044719 67.4 78
1718196054738 67.4 79
1718196064759 67.4 80
1718196074780 67.4 81
1718196084801 67.4 82
1718196094820 67.4 83
1718196104841 67.4 84
1718196114860 67.4 85
1718196124880 67.4 86
1718196134902 67.4 87
1718196144925 67.4 88
1718196154945 67.4 89
1718196164965 67.4 90
1718196174997 67.4 91
1718196185029 67.4 92
1718196195051 67.4 93
1718196205075 67.4 94
1718196215097 67.4 95
1718196225129 67.4 96
1718196235153 67.4 97
1718196245175 67.4 98
1718196255194 67.4 99
1718196265217 67.4 100
1718196275238 67.4 101
1718196285260 67.4 102
1718196295282 67.4 103
1718196305302 67.4 104
1718196315323 67.4 105
1718196325347 67.4 106
1718196335370 67.4 107
1718196345391 67.4 108
1718196355412 67.4 109
1718196365454 67.4 110
1718196375475 67.4 111
1718196385497 67.4 112
1718196395520 67.4 113
1718196405542 67.4 114
1718196415565 67.4 115
1718196425588 67.4 116
1718196435610 67.4 117
1718196445633 67.4 118
1718196455657 67.4 119
1718196465680 67.4 120
1718196475704 67.4 121
1718196485732 67.4 122
1718196495760 67.4 123
1718196505790 67.4 124
1718196515812 67.4 125
1718196525836 67.4 126
1718196535859 67.4 127
1718196545881 67.4 128
1718196555904 67.4 129
1718196565923 67.4 130
1718196575953 67.4 131
1718196585976 67.4 132
1718196595999 67.4 133
1718196606028 67.4 134
1718196616052 67.4 135
1718196626077 67.4 136
1718196636105 67.4 137
1718196646126 67.4 138
1718196656149 67.4 139
1718196666180 67.4 140
1718196676204 67.4 141
1718196686226 67.4 142
1718196696269 67.4 143
1718196706292 67.4 144
1718196716316 67.4 145
1718196726336 67.4 146
1718196736371 67.4 147
1718196746395 67.4 148
1718196756417 67.4 149
1718196766441 67.4 150
1718196776466 67.4 151
1718196786491 67.4 152
1718196796541 67.4 153
1718196806561 67.4 154
1718196816584 67.4 155
1718196826609 67.4 156
1718196836632 67.4 157
1718196846657 67.4 158
1718196856679 67.4 159
1718196866704 67.4 160
1718196876733 67.4 161
1718196886757 67.4 162
1718196896780 67.4 163
1718196906804 67.4 164
1718196916828 67.4 165
1718196926852 67.4 166
1718196936876 67.4 167
1718196946899 67.4 168
1718196956921 67.4 169
1718196966942 67.4 170
1718196976965 67.4 171
1718196986987 67.4 172
1718196997008 67.4 173
1718197007031 67.4 174
1718197017054 67.4 175
1718197027075 67.4 176
1718197037100 67.4 177
1718197047125 67.4 178
1718197057151 67.4 179
1718197067175 67.4 180
1718197077202 67.4 181
1718197087226 67.4 182
1718197097251 67.4 183
1718197107271 67.4 184
1718197117294 67.4 185
1718197127320 67.4 186
1718197137346 67.4 187
1718197147372 67.4 188
1718197157397 67.4 189
1718197167419 67.4 190
1718197177440 67.4 191
1718197187461 67.4 192
1718197197483 67.4 193
1718197207506 67.4 194
1718197217528 67.4 195
1718197227551 67.4 196
1718197237574 67.4 197
1718197247598 67.4 198
1718197257619 67.4 199
1718197267642 67.4 200
1718197277675 67.4 201
1718197287701 67.4 202
1718197297723 67.4 203
1718197307747 67.4 204
1718197317769 67.4 205
1718197327793 67.4 206
1718197337816 67.4 207
1718197347838 67.4 208
1718197357861 67.4 209
1718197367884 67.4 210
1718197377904 67.4 211
1718197387928 67.4 212
1718197397952 67.4 213
1718197407973 67.4 214
1718197417995 67.4 215
1718197428019 67.4 216
1718197438042 67.4 217
1718197448068 67.4 218
1718197458091 67.4 219
1718197468114 67.4 220
1718197478138 67.4 221
1718197488160 67.4 222
1718197498183 67.4 223
1718197508208 67.4 224
1718197518245 67.4 225
1718197528272 67.4 226
1718197538295 67.4 227
1718197548318 67.4 228
1718197558341 67.4 229
1718197568364 67.4 230
1718197578387 67.4 231
1718197588410 67.4 232
1718197598433 67.4 233
1718197608457 67.4 234
1718197618480 67.4 235
1718197628502 67.4 236
1718197638525 67.4 237
1718197648577 67.4 238
1718197658605 67.4 239
1718197668629 67.4 240
1718197678655 67.4 241
1718197688679 67.4 242
1718197698712 67.4 243
1718197708739 67.4 244
1718197718764 67.4 245
1718197728786 67.4 246
1718197738807 67.4 247
1718197748829 67.4 248
1718197758859 67.4 249
1718197768884 67.4 250
1718197778906 67.4 251
1718197788929 67.4 252
1718197798954 67.4 253
1718197808981 67.4 254
1718197819005 67.4 255
1718197829028 67.4 256
1718197839053 67.4 257
1718197849077 67.4 258
1718197859099 67.4 259
1718197869124 67.4 260
1718197879150 67.4 261
1718197889172 67.4 262
1718197899195 67.4 263
1718197909222 67.4 264
1718197919249 67.4 265
1718197929272 67.4 266
1718197939299 67.4 267
1718197949325 67.4 268
1718197959351 67.4 269
1718197969376 67.4 270
1718197979401 67.4 271
1718197989426 67.4 272
1718197999452 67.4 273
1718198009473 67.4 274
1718198019502 67.4 275
1718198029528 67.4 276
1718198039556 67.4 277
1718198049580 67.4 278
1718198059616 67.4 279
1718198069642 67.4 280
1718198079679 67.4 281
1718198089701 67.4 282
1718198099727 67.4 283
1718198109756 67.4 284
1718198119782 67.4 285
1718198129808 67.4 286
1718198139836 67.4 287
1718198149863 67.4 288
1718198159885 67.4 289
1718198169918 67.4 290
1718198179945 67.4 291
1718198189970 67.4 292
1718198199997 67.4 293
1718198210021 67.4 294
1718198220061 67.4 295
1718198230091 67.4 296
1718198240117 67.4 297
1718198250144 67.4 298
1718198260170 67.4 299
1718198270195 67.4 300
1718198280223 67.4 301
1718198290272 67.4 302
1718198300309 67.4 303
1718198310338 67.4 304
1718198320364 67.4 305
1718198330392 67.4 306
1718198340422 67.4 307
1718198350448 67.4 308
1718198360477 67.4 309
1718198370502 67.4 310
1718198380532 67.4 311
1718198390559 67.4 312
1718198400587 67.4 313
1718198410618 67.4 314
1718198420644 67.4 315
1718198430691 67.4 316
1718198440720 67.4 317
1718198450749 67.4 318
1718198460779 67.4 319
1718198470808 67.4 320
1718198480836 67.4 321
1718198490865 67.4 322
1718198500895 67.4 323
1718198510923 67.4 324
1718198520954 67.4 325
1718198530982 67.4 326
1718198541012 67.4 327
1718198551041 67.4 328
1718198561068 67.4 329
1718198571097 67.4 330
1718198581134 67.4 331
1718198591162 67.4 332
1718198601203 67.4 333
1718198611233 67.4 334
1718198621262 67.4 335
1718198631296 67.4 336
1718198641324 67.4 337
1718198651349 67.4 338
1718198661375 67.4 339
1718198671404 67.4 340
1718198681431 67.4 341
1718198691457 67.4 342
1718198701488 67.4 343
1718198711519 67.4 344
1718198721549 67.4 345
1718198731578 67.4 346
1718198741607 67.4 347
1718198751638 67.4 348
1718198761668 67.4 349
1718198771697 67.4 350
1718198781726 67.4 351
1718198791755 67.4 352
1718198801786 67.4 353
1718198811816 67.4 354
1718198821846 67.4 355
1718198831877 67.4 356
1718198841905 67.4 357
1718198851935 67.4 358
1718198861969 67.4 359
1718198871996 67.4 360
1718198882023 67.4 361
1718198892052 67.4 362
1718198902084 67.4 363
1718198912112 67.4 364
1718198922136 67.4 365
1718198932163 67.4 366
1718198942188 67.4 367
1718198952216 67.4 368
1718198962252 67.4 369
1718198972288 67.4 370
1718198982341 67.4 371
1718198992369 67.4 372
1718199002400 67.4 373
