1718195263056 0.0 0
1718195273076 0.0 1
1718195283093 0.00205599999998185 2
1718195293116 0.0042699999999626925 3
1718195303141 0.004355999999972937 4
1718195313162 0.004355999999972937 5
1718195323182 0.004355999999972937 6
1718195333203 0.004355999999972937 7
1718195343232 0.007088000000010197 8
1718195353258 0.009215999999980795 9
1718195363283 0.009215999999980795 10
1718195373302 0.009215999999980795 11
1718195383332 0.009215999999980795 12
1718195393352 0.009364000000005035 13
1718195403372 0.011419999999986885 14
1718195413391 0.013547999999957483 15
1718195423410 0.013547999999957483 16
1718195433428 0.013633999999967727 17
1718195443444 0.014591999999993277 18
1718195453462 0.014665999999976975 19
1718195463482 0.020503999999959888 20
1718195473500 0.02878099999998085 21
1718195483528 0.029381000000000768 22
1718195493547 0.029381000000000768 23
1718195503567 0.029638999999974658 24
1718195513585 0.029810999999995147 25
1718195523611 0.03405699999996159 26
1718195533644 0.03470199999998158 27
1718195543664 0.034787999999991825 28
1718195553682 0.034787999999991825 29
1718195563713 0.035021999999969466 30
1718195573731 0.03509600000001001 31
1718195583750 0.039279999999962456 32
1718195593766 0.039279999999962456 33
1718195603797 0.039427999999986696 34
1718195613815 0.039427999999986696 35
1718195623837 0.039427999999986696 36
1718195633855 0.039427999999986696 37
1718195643888 0.04369800000000623 38
1718195653918 0.043759999999963384 39
1718195663937 0.043759999999963384 40
1718195673965 0.04383300000000645 41
1718195683985 0.04383300000000645 42
1718195694004 0.04398099999997385 43
1718195704024 0.048238999999966836 44
1718195714043 0.048238999999966836 45
1718195724063 0.048238999999966836 46
1718195734082 0.07392599999997174 47
1718195744100 0.085254999999961 48
1718195754128 0.085254999999961 49
1718195764154 0.09387299999997367 50
1718195774173 0.10114599999997154 51
1718195784193 0.10146399999996447 52
1718195794213 0.10146399999996447 53
1718195804233 0.10161199999998871 54
1718195814254 0.1018699999999626 55
1718195824274 0.10618999999996959 56
1718195834293 0.10692099999999982 57
1718195844312 0.10692099999999982 58
1718195854332 0.10692099999999982 59
1718195864351 0.10724099999998771 60
1718195874371 0.10724099999998771 61
1718195884390 0.111424999999997 62
1718195894409 0.111424999999997 63
1718195904428 0.1115729999999644 64
1718195914447 0.1115729999999644 65
1718195924467 0.1115729999999644 66
1718195934498 0.1115729999999644 67
1718195944518 0.11584299999998393 68
1718195954540 0.11597899999998162 69
1718195964557 0.11597899999998162 70
1718195974575 0.11597899999998162 71
1718195984596 0.11597899999998162 72
1718195994616 0.11612700000000586 73
1718196004638 0.12031099999995831 74
1718196014659 0.12031099999995831 75
1718196024678 0.12031099999995831 76
1718196034700 0.12039699999996856 77
1718196044719 0.1213549999999941 78
1718196054738 0.1213549999999941 79
1718196064759 0.13005899999996018 80
1718196074780 0.13538399999998774 81
1718196084801 0.13577599999996437 82
1718196094820 0.13577599999996437 83
1718196104841 0.1359239999999886 84
1718196114860 0.1360960000000091 85
1718196124880 0.14027999999996155 86
1718196134902 0.14118300000001227 87
1718196144925 0.14118300000001227 88
1718196154945 0.14118300000001227 89
1718196164965 0.14135499999997592 90
1718196174997 0.14135499999997592 91
1718196185029 0.14848100000000386 92
1718196195051 0.14856699999995726 93
1718196205075 0.1486409999999978 94
1718196215097 0.1486409999999978 95
1718196225129 0.1486409999999978 96
1718196235153 0.1486409999999978 97
1718196245175 0.1529729999999745 98
1718196255194 0.1529729999999745 99
1718196265217 0.1529729999999745 100
1718196275238 0.1529729999999745 101
1718196285260 0.15305899999998474 102
1718196295282 0.15312099999999873 103
1718196305302 0.15730500000000802 104
1718196315323 0.15730500000000802 105
1718196325347 0.15730500000000802 106
1718196335370 0.15752699999995912 107
1718196345391 0.15842299999997067 108
1718196355412 0.15842299999997067 109
1718196365454 0.16943299999996952 110
1718196375475 0.18562900000000582 111
1718196385497 0.19858499999998003 112
1718196395520 0.20243799999997236 113
1718196405542 0.2038699999999949 114
1718196415565 0.20428799999996272 115
1718196425588 0.20896999999996524 116
1718196435610 0.20987299999995912 117
1718196445633 0.21003899999999476 118
1718196455657 0.2101989999999887 119
1718196465680 0.2101989999999887 120
1718196475704 0.21045099999997774 121
1718196485732 0.21469700000000103 122
1718196495760 0.21478300000001127 123
1718196505790 0.21581499999996367 124
1718196515812 0.2159809999999993 125
1718196525836 0.2162089999999921 126
1718196535859 0.2162089999999921 127
1718196545881 0.22064499999999043 128
1718196555904 0.22064499999999043 129
1718196565923 0.22064499999999043 130
1718196575953 0.22081099999996923 131
1718196585976 0.22103299999997716 132
1718196595999 0.22117900000000645 133
1718196606028 0.2253629999999589 134
1718196616052 0.2253629999999589 135
1718196626077 0.2253629999999589 136
1718196636105 0.23609099999998762 137
1718196646126 0.23698699999999917 138
1718196656149 0.23698699999999917 139
1718196666180 0.2457769999999755 140
1718196676204 0.25110200000000304 141
1718196686226 0.251419999999996 142
1718196696269 0.2515060000000062 143
1718196706292 0.2515799999999899 144
1718196716316 0.25181399999996756 145
1718196726336 0.25605999999999085 146
1718196736371 0.25696299999998473 147
1718196746395 0.25696299999998473 148
1718196756417 0.257048999999995 149
1718196766441 0.2571969999999624 150
1718196776466 0.2571969999999624 151
1718196786491 0.26138099999997166 152
1718196796541 0.2614669999999819 153
1718196806561 0.2615289999999959 154
1718196816584 0.2615289999999959 155
1718196826609 0.2615289999999959 156
1718196836632 0.2616029999999796 157
1718196846657 0.26587299999999914 158
1718196856679 0.26593500000001313 159
1718196866704 0.26593500000001313 160
1718196876733 0.26593500000001313 161
1718196886757 0.26602099999996653 162
1718196896780 0.26608299999998053 163
1718196906804 0.2702669999999898 164
1718196916828 0.2702669999999898 165
1718196926852 0.2702669999999898 166
1718196936876 0.27035300000000007 167
1718196946899 0.27131099999996877 168
1718196956921 0.27131099999996877 169
1718196966942 0.2802609999999959 170
1718196976965 0.28541400000000294 171
1718196986987 0.2857319999999959 172
1718196997008 0.2858180000000061 173
1718197007031 0.2858799999999633 174
1718197017054 0.28605199999998376 175
1718197027075 0.2903220000000033 176
1718197037100 0.29113899999998694 177
1718197047125 0.29113899999998694 178
1718197057151 0.2912249999999972 179
1718197067175 0.2913729999999646 180
1718197077202 0.2913729999999646 181
1718197087226 0.29865899999998646 182
1718197097251 0.2987449999999967 183
1718197107271 0.2987449999999967 184
1718197117294 0.2987449999999967 185
1718197127320 0.2987449999999967 186
1718197137346 0.2987449999999967 187
1718197147372 0.3030769999999734 188
1718197157397 0.3030769999999734 189
1718197167419 0.3030769999999734 190
1718197177440 0.3030769999999734 191
1718197187461 0.30316299999998364 192
1718197197483 0.30322499999999764 193
1718197207506 0.3074090000000069 194
1718197217528 0.3074829999999906 195
1718197227551 0.3074829999999906 196
1718197237574 0.307630999999958 197
1718197247598 0.3085269999999696 198
1718197257619 0.3085269999999696 199
1718197267642 0.3187560000000076 200
1718197277675 0.3243339999999648 201
1718197287701 0.32465199999995775 202
1718197297723 0.32465199999995775 203
1718197307747 0.324799999999982 204
1718197317769 0.3250580000000127 205
1718197327793 0.3294260000000122 206
1718197337816 0.33016900000001215 207
1718197347838 0.3303290000000061 208
1718197357861 0.3304149999999595 209
1718197367884 0.330648999999994 210
1718197377904 0.330648999999994 211
1718197387928 0.33483300000000327 212
1718197397952 0.3349190000000135 213
1718197407973 0.33498099999997066 214
1718197417995 0.33498099999997066 215
1718197428019 0.33498099999997066 216
1718197438042 0.33498099999997066 217
1718197448068 0.3393130000000042 218
1718197458091 0.3393130000000042 219
1718197468114 0.3393869999999879 220
1718197478138 0.3393869999999879 221
1718197488160 0.33947299999999814 222
1718197498183 0.33953500000001213 223
1718197508208 0.3437189999999646 224
1718197518245 0.3437189999999646 225
1718197528272 0.3438289999999711 226
1718197538295 0.37972199999995837 227
1718197548318 0.3806179999999699 228
1718197558341 0.3806179999999699 229
1718197568364 0.3919249999999579 230
1718197578387 0.39445899999998346 231
1718197588410 0.3947769999999764 232
1718197598433 0.39493699999997034 233
1718197608457 0.39499899999998433 234
1718197618480 0.3951710000000048 235
1718197628502 0.39941699999997127 236
1718197638525 0.40031999999996515 237
1718197648577 0.40038199999997914 238
1718197658605 0.4004679999999894 239
1718197668629 0.4006159999999568 240
1718197678655 0.4006159999999568 241
1718197688679 0.4048819999999864 242
1718197698712 0.40496799999999666 243
1718197708739 0.40503000000001066 244
1718197718764 0.40510399999999436 245
1718197728786 0.40510399999999436 246
1718197738807 0.40510399999999436 247
1718197748829 0.40943599999997105 248
1718197758859 0.40943599999997105 249
1718197768884 0.40943599999997105 250
1718197778906 0.40943599999997105 251
1718197788929 0.4095219999999813 252
1718197798954 0.4095839999999953 253
1718197808981 0.4137680000000046 254
1718197819005 0.4137680000000046 255
1718197829028 0.4137680000000046 256
1718197839053 0.413915999999972 257
1718197849077 0.4148859999999672 258
1718197859099 0.4148859999999672 259
1718197869124 0.43587400000001253 260
1718197879150 0.4475709999999822 261
1718197889172 0.4614159999999856 262
1718197899195 0.4618159999999989 263
1718197909222 0.4622160000000122 264
1718197919249 0.4623019999999656 265
1718197929272 0.46672000000000935 266
1718197939299 0.467536999999993 267
1718197949325 0.467536999999993 268
1718197959351 0.46762300000000323 269
1718197969376 0.46784500000001117 270
1718197979401 0.46784500000001117 271
1718197989426 0.4720289999999636 272
1718197999452 0.475229000000013 273
1718198009473 0.4757149999999797 274
1718198019502 0.4757149999999797 275
1718198029528 0.4757149999999797 276
1718198039556 0.4757149999999797 277
1718198049580 0.4800470000000132 278
1718198059616 0.4800470000000132 279
1718198069642 0.4800470000000132 280
1718198079679 0.4800470000000132 281
1718198089701 0.4801329999999666 282
1718198099727 0.4802689999999643 283
1718198109756 0.4844529999999736 284
1718198119782 0.4844529999999736 285
1718198129808 0.4848789999999781 286
1718198139836 0.48592299999995703 287
1718198149863 0.48592299999995703 288
1718198159885 0.48592299999995703 289
1718198169918 0.5006060000000048 290
1718198179945 0.5008639999999787 291
1718198189970 0.5011819999999716 292
1718198199997 0.5012679999999818 293
1718198210021 0.5012679999999818 294
1718198220061 0.501576 295
1718198230091 0.5062330000000088 296
1718198240117 0.5066749999999729 297
1718198250144 0.5066749999999729 298
1718198260170 0.5067609999999831 299
1718198270195 0.5068469999999934 300
1718198280223 0.5068469999999934 301
1718198290272 0.5110310000000027 302
1718198300309 0.5111170000000129 303
1718198310338 0.5111789999999701 304
1718198320364 0.5111789999999701 305
1718198330392 0.5111789999999701 306
1718198340422 0.5111789999999701 307
1718198350448 0.5155849999999873 308
1718198360477 0.5155849999999873 309
1718198370502 0.5155849999999873 310
1718198380532 0.5155849999999873 311
1718198390559 0.5156709999999975 312
1718198400587 0.5157330000000115 313
1718198410618 0.5202089999999657 314
1718198420644 0.5202089999999657 315
1718198430691 0.5202089999999657 316
1718198440720 0.5317459999999983 317
1718198450749 0.5317459999999983 318
1718198460779 0.5317459999999983 319
1718198470808 0.5453489999999874 320
1718198480836 0.5455089999999814 321
1718198490865 0.5458269999999743 322
1718198500895 0.5459129999999845 323
1718198510923 0.5459749999999985 324
1718198520954 0.5461469999999622 325
1718198530982 0.5509759999999915 326
1718198541012 0.5511239999999589 327
1718198551041 0.5511239999999589 328
1718198561068 0.5512959999999794 329
1718198571097 0.5513579999999934 330
1718198581134 0.5513579999999934 331
1718198591162 0.5555420000000026 332
1718198601203 0.5557019999999966 333
1718198611233 0.5557640000000106 334
1718198621262 0.5557640000000106 335
1718198631296 0.5557640000000106 336
1718198641324 0.5557640000000106 337
1718198651349 0.5600959999999873 338
1718198661375 0.5600959999999873 339
1718198671404 0.5600959999999873 340
1718198681431 0.5600959999999873 341
1718198691457 0.5601819999999975 342
1718198701488 0.5602440000000115 343
1718198711519 0.564427999999964 344
1718198721549 0.5645020000000045 345
1718198731578 0.5645020000000045 346
1718198741607 0.5655459999999835 347
1718198751638 0.5655459999999835 348
1718198761668 0.5699359999999842 349
1718198771697 0.5848929999999655 350
1718198781726 0.5849789999999757 351
1718198791755 0.5852969999999686 352
1718198801786 0.5852969999999686 353
1718198811816 0.5854449999999929 354
1718198821846 0.585788999999977 355
1718198831877 0.5906180000000063 356
1718198841905 0.5906180000000063 357
1718198851935 0.5907780000000002 358
1718198861969 0.5908640000000105 359
1718198871996 0.5910979999999881 360
1718198882023 0.5910979999999881 361
1718198892052 0.5952819999999974 362
1718198902084 0.5986659999999802 363
1718198912112 0.5986659999999802 364
1718198922136 0.5986659999999802 365
1718198932163 0.5986659999999802 366
1718198942188 0.5990099999999643 367
1718198952216 0.6033419999999978 368
1718198962252 0.6033419999999978 369
1718198972288 0.6033419999999978 370
1718198982341 0.6034159999999815 371
1718198992369 0.6035019999999918 372
1718199002400 0.6035640000000058 373
