1718195263056 0.0 0
1718195273076 0.0 1
1718195283093 0.0020559999993565725 2
1718195293116 0.004309999998440617 3
1718195303141 0.004435999999259366 4
1718195313162 0.004435999999259366 5
1718195323182 0.004435999999259366 6
1718195333203 0.004435999999259366 7
1718195343232 0.007028999998510699 8
1718195353258 0.009156999998594983 9
1718195363283 0.009156999998594983 10
1718195373302 0.009156999998594983 11
1718195383332 0.009156999998594983 12
1718195393352 0.009216999998898245 13
1718195403372 0.011273000000073807 14
1718195413391 0.013401000000158092 15
1718195423410 0.013401000000158092 16
1718195433428 0.013401000000158092 17
1718195443444 0.014588999998522922 18
1718195453462 0.014588999998522922 19
1718195463482 0.02069099999971513 20
1718195473500 0.037333999998736545 21
1718195483528 0.03781199999866658 22
1718195493547 0.03781199999866658 23
1718195503567 0.037967999998727464 24
1718195513585 0.03809999999975844 25
1718195523611 0.04234399999950256 26
1718195533644 0.043096999999761465 27
1718195543664 0.043096999999761465 28
1718195553682 0.043096999999761465 29
1718195563713 0.04328899999927671 30
1718195573731 0.043338999999832595 31
1718195583750 0.04752299999927345 32
1718195593766 0.047582999999576714 33
1718195603797 0.04821300000003248 34
1718195613815 0.04821300000003248 35
1718195623837 0.04821300000003248 36
1718195633855 0.04821300000003248 37
1718195643888 0.05239699999947334 38
1718195653918 0.0524569999997766 39
1718195663937 0.0524569999997766 40
1718195673965 0.05252999999902386 41
1718195683985 0.05252999999902386 42
1718195694004 0.05258999999932712 43
1718195704024 0.05687399999987974 44
1718195714043 0.05687399999987974 45
1718195724063 0.05687399999987974 46
1718195734082 0.1189009999998234 47
1718195744100 0.14074199999959092 48
1718195754128 0.14074199999959092 49
1718195764154 0.1542859999990469 50
1718195774173 0.17072899999948277 51
1718195784193 0.17096099999980652 52
1718195794213 0.17096099999980652 53
1718195804233 0.17102100000010978 54
1718195814254 0.17133899999862479 55
1718195824274 0.1758030000000872 56
1718195834293 0.17655199999899196 57
1718195844312 0.17655199999899196 58
1718195854332 0.17655199999899196 59
1718195864351 0.1768099999990227 60
1718195874371 0.1768099999990227 61
1718195884390 0.18099399999846355 62
1718195894409 0.1810539999987668 63
1718195904428 0.18123999999988882 64
1718195914447 0.18123999999988882 65
1718195924467 0.18123999999988882 66
1718195934498 0.18123999999988882 67
1718195944518 0.18542399999932968 68
1718195954540 0.18558399999892572 69
1718195964557 0.18558399999892572 70
1718195974575 0.18558399999892572 71
1718195984596 0.18558399999892572 72
1718195994616 0.18564399999922898 73
1718196004638 0.18982799999866984 74
1718196014659 0.18982799999866984 75
1718196024678 0.18982799999866984 76
1718196034700 0.18982799999866984 77
1718196044719 0.19091599999956088 78
1718196054738 0.19091599999956088 79
1718196064759 0.2042619999992894 80
1718196074780 0.21382699999958277 81
1718196084801 0.21405899999990652 82
1718196094820 0.21405899999990652 83
1718196104841 0.21411900000020978 84
1718196114860 0.21431099999972503 85
1718196124880 0.21849499999916588 86
1718196134902 0.21937599999910162 87
1718196144925 0.21937599999910162 88
1718196154945 0.21937599999910162 89
1718196164965 0.2195080000001326 90
1718196174997 0.2195080000001326 91
1718196185029 0.23283399999854737 92
1718196195051 0.23295999999936612 93
1718196205075 0.2330599999986589 94
1718196215097 0.2330599999986589 95
1718196225129 0.2330599999986589 96
1718196235153 0.2330599999986589 97
1718196245175 0.23730399999840301 98
1718196255194 0.23730399999840301 99
1718196265217 0.23730399999840301 100
1718196275238 0.23730399999840301 101
1718196285260 0.23780799999985902 102
1718196295282 0.23786800000016228 103
1718196305302 0.24205199999960314 104
1718196315323 0.24205199999960314 105
1718196325347 0.24215199999889592 106
1718196335370 0.24221199999919918 107
1718196345391 0.24323999999978696 108
1718196355412 0.24323999999978696 109
1718196365454 0.2614880000000994 110
1718196375475 0.2806829999990441 111
1718196385497 0.2927159999999276 112
1718196395520 0.29957199999989825 113
1718196405542 0.3002139999989595 114
1718196415565 0.30027999999947497 115
1718196425588 0.30481199999849196 116
1718196435610 0.30556499999875086 117
1718196445633 0.30556499999875086 118
1718196455657 0.3057309999985591 119
1718196465680 0.3057309999985591 120
1718196475704 0.3057969999990746 121
1718196485732 0.31004099999881873 122
1718196495760 0.3101069999993342 123
1718196505790 0.3104879999991681 124
1718196515812 0.3104879999991681 125
1718196525836 0.31054799999947136 126
1718196535859 0.31054799999947136 127
1718196545881 0.3147319999989122 128
1718196555904 0.3147319999989122 129
1718196565923 0.3147319999989122 130
1718196575953 0.3147319999989122 131
1718196585976 0.31489199999850825 132
1718196595999 0.31503799999882176 133
1718196606028 0.3192220000000816 134
1718196616052 0.3192220000000816 135
1718196626077 0.3192220000000816 136
1718196636105 0.33991900000000896 137
1718196646126 0.34094699999877776 138
1718196656149 0.34094699999877776 139
1718196666180 0.35442499999953725 140
1718196676204 0.36375799999950686 141
1718196686226 0.3639899999998306 142
1718196696269 0.3639899999998306 143
1718196706292 0.3640899999991234 144
1718196716316 0.36428199999863864 145
1718196726336 0.3687659999995958 146
1718196736371 0.3695849999985512 147
1718196746395 0.3695849999985512 148
1718196756417 0.3696509999990667 149
1718196766441 0.36977699999988545 150
1718196776466 0.36977699999988545 151
1718196786491 0.3739609999993263 152
1718196796541 0.37408700000014505 153
1718196806561 0.3741469999986293 154
1718196816584 0.3741469999986293 155
1718196826609 0.3741469999986293 156
1718196836632 0.3742469999997411 157
1718196846657 0.37843099999918195 158
1718196856679 0.3784909999994852 159
1718196866704 0.3784909999994852 160
1718196876733 0.3784909999994852 161
1718196886757 0.3784909999994852 162
1718196896780 0.3785509999997885 163
1718196906804 0.38273499999922933 164
1718196916828 0.38273499999922933 165
1718196926852 0.38273499999922933 166
1718196936876 0.38273499999922933 167
1718196946899 0.3838230000001204 168
1718196956921 0.38442699999905017 169
1718196966942 0.3977729999987787 170
1718196976965 0.4071719999992638 171
1718196986987 0.40740399999958754 172
1718196997008 0.40740399999958754 173
1718197007031 0.4074639999998908 174
1718197017054 0.4075959999991028 175
1718197027075 0.41177999999854364 176
1718197037100 0.4125949999997829 177
1718197047125 0.4125949999997829 178
1718197057151 0.4126609999984794 179
1718197067175 0.41272099999878264 180
1718197077202 0.41272099999878264 181
1718197087226 0.4261470000001282 182
1718197097251 0.42627299999912793 183
1718197107271 0.42627299999912793 184
1718197117294 0.42627299999912793 185
1718197127320 0.42627299999912793 186
1718197137346 0.42627299999912793 187
1718197147372 0.43051699999887205 188
1718197157397 0.43051699999887205 189
1718197167419 0.43051699999887205 190
1718197177440 0.43051699999887205 191
1718197187461 0.43051699999887205 192
1718197197483 0.4305769999991753 193
1718197207506 0.43486099999972794 194
1718197217528 0.43486099999972794 195
1718197227551 0.43486099999972794 196
1718197237574 0.4349210000000312 197
1718197247598 0.4359489999988 198
1718197257619 0.4359489999988 199
1718197267642 0.4508559999994759 200
1718197277675 0.4658899999994901 201
1718197287701 0.46612199999981385 202
1718197297723 0.46612199999981385 203
1718197307747 0.4661820000001171 204
1718197317769 0.4663799999998446 205
1718197327793 0.4707859999998618 206
1718197337816 0.4716289999996661 207
1718197347838 0.4716289999996661 208
1718197357861 0.4716950000001816 209
1718197367884 0.47188699999969685 210
1718197377904 0.47188699999969685 211
1718197387928 0.4760709999991377 212
1718197397952 0.47625699999844073 213
1718197407973 0.476316999998744 214
1718197417995 0.476316999998744 215
1718197428019 0.476316999998744 216
1718197438042 0.476316999998744 217
1718197448068 0.4805609999984881 218
1718197458091 0.4805609999984881 219
1718197468114 0.4806609999995999 220
1718197478138 0.4806609999995999 221
1718197488160 0.4806609999995999 222
1718197498183 0.48072099999990314 223
1718197508208 0.484904999999344 224
1718197518245 0.484904999999344 225
1718197528272 0.48505499999919266 226
1718197538295 0.5607079999990674 227
1718197548318 0.5617359999996552 228
1718197558341 0.5617359999996552 229
1718197568364 0.5767399999986083 230
1718197578387 0.5843389999990904 231
1718197588410 0.584670999998707 232
1718197598433 0.584670999998707 233
1718197608457 0.5847309999990102 234
1718197618480 0.5848630000000412 235
1718197628502 0.5893469999991794 236
1718197638525 0.5907839999999851 237
1718197648577 0.5909039999987726 238
1718197658605 0.5909699999992881 239
1718197668629 0.5910960000001069 240
1718197678655 0.5910960000001069 241
1718197688679 0.5952799999995477 242
1718197698712 0.5954059999985475 243
1718197708739 0.5954659999988507 244
1718197718764 0.5955659999999625 245
1718197728786 0.5955659999999625 246
1718197738807 0.5955659999999625 247
1718197748829 0.5998099999997066 248
1718197758859 0.5998099999997066 249
1718197768884 0.5998099999997066 250
1718197778906 0.5998099999997066 251
1718197788929 0.5998099999997066 252
1718197798954 0.5998700000000099 253
1718197808981 0.6040539999994508 254
1718197819005 0.6040539999994508 255
1718197829028 0.6040539999994508 256
1718197839053 0.6042139999990468 257
1718197849077 0.6052419999996346 258
1718197859099 0.6052419999996346 259
1718197869124 0.6425839999992604 260
1718197879150 0.6567549999999756 261
1718197889172 0.6690539999999601 262
1718197899195 0.6693749999994907 263
1718197909222 0.6696959999990213 264
1718197919249 0.6697619999995368 265
1718197929272 0.6740719999997964 266
1718197939299 0.6748869999992166 267
1718197949325 0.6748869999992166 268
1718197959351 0.6749529999997321 269
1718197969376 0.6751789999998437 270
1718197979401 0.6751789999998437 271
1718197989426 0.6794229999995878 272
1718197999452 0.6886309999990772 273
1718198009473 0.689011999998911 274
1718198019502 0.689011999998911 275
1718198029528 0.689011999998911 276
1718198039556 0.689011999998911 277
1718198049580 0.6932559999986552 278
1718198059616 0.695358999999371 279
1718198069642 0.695358999999371 280
1718198079679 0.695358999999371 281
1718198089701 0.6954589999986638 282
1718198099727 0.695518999998967 283
1718198109756 0.6997029999984079 284
1718198119782 0.6997029999984079 285
1718198129808 0.6997029999984079 286
1718198139836 0.700790999999299 287
1718198149863 0.700790999999299 288
1718198159885 0.700790999999299 289
1718198169918 0.7246219999997265 290
1718198179945 0.7249689999989641 291
1718198189970 0.7252009999992879 292
1718198199997 0.7252009999992879 293
1718198210021 0.7252009999992879 294
1718198220061 0.7254929999999149 295
1718198230091 0.7300429999995686 296
1718198240117 0.7306479999988369 297
1718198250144 0.7306479999988369 298
1718198260170 0.7307139999993524 299
1718198270195 0.7307799999998679 300
1718198280223 0.7307799999998679 301
1718198290272 0.7349639999993087 302
1718198300309 0.7350900000001275 303
1718198310338 0.7351499999986117 304
1718198320364 0.7356540000000678 305
1718198330392 0.7356540000000678 306
1718198340422 0.7356540000000678 307
1718198350448 0.7399979999991046 308
1718198360477 0.7399979999991046 309
1718198370502 0.7399979999991046 310
1718198380532 0.7399979999991046 311
1718198390559 0.7399979999991046 312
1718198400587 0.7400579999994079 313
1718198410618 0.7443100000000413 314
1718198420644 0.7443100000000413 315
1718198430691 0.7443100000000413 316
1718198440720 0.766100999999253 317
1718198450749 0.766100999999253 318
1718198460779 0.766100999999253 319
1718198470808 0.7885459999997693 320
1718198480836 0.7885459999997693 321
1718198490865 0.788778000000093 322
1718198500895 0.788778000000093 323
1718198510923 0.7888379999985773 324
1718198520954 0.7889699999996083 325
1718198530982 0.7940269999999146 326
1718198541012 0.7943269999996119 327
1718198551041 0.7943269999996119 328
1718198561068 0.7944589999988239 329
1718198571097 0.7945189999991271 330
1718198581134 0.7945189999991271 331
1718198591162 0.798702999998568 332
1718198601203 0.7989289999986795 333
1718198611233 0.7989889999989828 334
1718198621262 0.7989889999989828 335
1718198631296 0.7989889999989828 336
1718198641324 0.7989889999989828 337
1718198651349 0.8032329999987269 338
1718198661375 0.8032329999987269 339
1718198671404 0.8032329999987269 340
1718198681431 0.8032329999987269 341
1718198691457 0.8032329999987269 342
1718198701488 0.8032929999990301 343
1718198711519 0.807476999998471 344
1718198721549 0.8075769999995828 345
1718198731578 0.8075769999995828 346
1718198741607 0.8086649999986548 347
1718198751638 0.8086649999986548 348
1718198761668 0.8182469999992463 349
1718198771697 0.8479279999992286 350
1718198781726 0.8479279999992286 351
1718198791755 0.8481599999995524 352
1718198801786 0.8481599999995524 353
1718198811816 0.8482859999985521 354
1718198821846 0.8484840000000986 355
1718198831877 0.8534169999984442 356
1718198841905 0.8534169999984442 357
1718198851935 0.8535830000000715 358
1718198861969 0.853648999998768 359
1718198871996 0.8538410000001022 360
1718198882023 0.8538410000001022 361
1718198892052 0.8580249999995431 362
1718198902084 0.8687169999993785 363
1718198912112 0.8687169999993785 364
1718198922136 0.8687169999993785 365
1718198932163 0.8687169999993785 366
1718198942188 0.8691879999987577 367
1718198952216 0.8734319999985019 368
1718198962252 0.8734319999985019 369
1718198972288 0.8735319999996136 370
1718198982341 0.8735319999996136 371
1718198992369 0.8740359999992506 372
1718199002400 0.8740959999995539 373
