1718195263056 21.3 0
1718195273076 25.1 1
1718195283093 25.1 2
1718195293116 25.1 3
1718195303141 25.1 4
1718195313162 25.1 5
1718195323182 25.2 6
1718195333203 25.2 7
1718195343232 25.2 8
1718195353258 25.1 9
1718195363283 25.1 10
1718195373302 25.1 11
1718195383332 25.2 12
1718195393352 25.2 13
1718195403372 25.2 14
1718195413391 25.2 15
1718195423410 25.2 16
1718195433428 25.2 17
1718195443444 25.2 18
1718195453462 25.2 19
1718195463482 25.2 20
1718195473500 25.2 21
1718195483528 25.2 22
1718195493547 25.2 23
1718195503567 25.2 24
1718195513585 25.2 25
1718195523611 25.2 26
1718195533644 25.2 27
1718195543664 25.2 28
1718195553682 25.2 29
1718195563713 25.2 30
1718195573731 25.2 31
1718195583750 25.2 32
1718195593766 25.2 33
1718195603797 25.2 34
1718195613815 25.2 35
1718195623837 25.2 36
1718195633855 25.2 37
1718195643888 25.2 38
1718195653918 25.2 39
1718195663937 25.2 40
1718195673965 25.2 41
1718195683985 25.2 42
1718195694004 25.2 43
1718195704024 25.2 44
1718195714043 25.2 45
1718195724063 25.2 46
1718195734082 25.2 47
1718195744100 25.2 48
1718195754128 25.2 49
1718195764154 25.2 50
1718195774173 25.2 51
1718195784193 25.2 52
1718195794213 25.2 53
1718195804233 25.2 54
1718195814254 25.2 55
1718195824274 25.2 56
1718195834293 25.2 57
1718195844312 25.2 58
1718195854332 25.2 59
1718195864351 25.2 60
1718195874371 25.2 61
1718195884390 25.2 62
1718195894409 25.2 63
1718195904428 25.2 64
1718195914447 25.2 65
1718195924467 25.2 66
1718195934498 25.2 67
1718195944518 25.2 68
1718195954540 25.2 69
1718195964557 25.5 70
1718195974575 25.5 71
1718195984596 25.5 72
1718195994616 25.5 73
1718196004638 25.5 74
1718196014659 25.5 75
1718196024678 25.5 76
1718196034700 25.5 77
1718196044719 25.5 78
1718196054738 25.5 79
1718196064759 25.6 80
1718196074780 25.5 81
1718196084801 25.6 82
1718196094820 25.5 83
1718196104841 25.5 84
1718196114860 25.5 85
1718196124880 25.5 86
1718196134902 25.5 87
1718196144925 25.5 88
1718196154945 25.5 89
1718196164965 25.5 90
1718196174997 25.5 91
1718196185029 27.1 92
1718196195051 27.1 93
1718196205075 27.1 94
1718196215097 27.1 95
1718196225129 27.1 96
1718196235153 27.1 97
1718196245175 27.1 98
1718196255194 27.1 99
1718196265217 27.1 100
1718196275238 27.2 101
1718196285260 27.1 102
1718196295282 27.1 103
1718196305302 27.1 104
1718196315323 27.1 105
1718196325347 27.0 106
1718196335370 27.1 107
1718196345391 27.0 108
1718196355412 27.0 109
1718196365454 27.1 110
1718196375475 27.1 111
1718196385497 27.1 112
1718196395520 27.1 113
1718196405542 27.1 114
1718196415565 27.1 115
1718196425588 27.1 116
1718196435610 27.1 117
1718196445633 27.1 118
1718196455657 27.1 119
1718196465680 27.1 120
1718196475704 27.1 121
1718196485732 27.1 122
1718196495760 27.1 123
1718196505790 27.1 124
1718196515812 27.1 125
1718196525836 27.0 126
1718196535859 27.1 127
1718196545881 27.0 128
1718196555904 27.0 129
1718196565923 27.0 130
1718196575953 27.1 131
1718196585976 27.0 132
1718196595999 27.1 133
1718196606028 27.0 134
1718196616052 27.0 135
1718196626077 27.0 136
1718196636105 27.0 137
1718196646126 27.0 138
1718196656149 27.1 139
1718196666180 27.1 140
1718196676204 27.0 141
1718196686226 27.1 142
1718196696269 27.0 143
1718196706292 27.1 144
1718196716316 27.1 145
1718196726336 27.0 146
1718196736371 27.0 147
1718196746395 27.0 148
1718196756417 27.0 149
1718196766441 27.0 150
1718196776466 27.0 151
1718196786491 27.0 152
1718196796541 27.0 153
1718196806561 27.0 154
1718196816584 27.0 155
1718196826609 27.0 156
1718196836632 27.0 157
1718196846657 27.1 158
1718196856679 27.1 159
1718196866704 27.1 160
1718196876733 27.0 161
1718196886757 27.0 162
1718196896780 27.1 163
1718196906804 27.0 164
1718196916828 27.0 165
1718196926852 27.1 166
1718196936876 27.0 167
1718196946899 27.1 168
1718196956921 27.0 169
1718196966942 27.1 170
1718196976965 27.1 171
1718196986987 27.0 172
1718196997008 27.0 173
1718197007031 27.1 174
1718197017054 27.0 175
1718197027075 27.1 176
1718197037100 27.1 177
1718197047125 27.1 178
1718197057151 27.1 179
1718197067175 27.1 180
1718197077202 27.1 181
1718197087226 27.1 182
1718197097251 27.1 183
1718197107271 27.1 184
1718197117294 27.1 185
1718197127320 27.1 186
1718197137346 27.1 187
1718197147372 27.1 188
1718197157397 27.1 189
1718197167419 27.1 190
1718197177440 27.1 191
1718197187461 27.2 192
1718197197483 27.1 193
1718197207506 27.1 194
1718197217528 27.1 195
1718197227551 27.1 196
1718197237574 27.0 197
1718197247598 27.1 198
1718197257619 27.1 199
1718197267642 27.0 200
1718197277675 27.0 201
1718197287701 27.0 202
1718197297723 27.0 203
1718197307747 27.1 204
1718197317769 27.1 205
1718197327793 27.1 206
1718197337816 27.0 207
1718197347838 27.0 208
1718197357861 27.1 209
1718197367884 27.1 210
1718197377904 27.0 211
1718197387928 27.1 212
1718197397952 27.1 213
1718197407973 27.1 214
1718197417995 27.0 215
1718197428019 27.1 216
1718197438042 27.1 217
1718197448068 27.0 218
1718197458091 27.1 219
1718197468114 27.1 220
1718197478138 27.0 221
1718197488160 27.0 222
1718197498183 27.1 223
1718197508208 27.1 224
1718197518245 27.1 225
1718197528272 27.1 226
1718197538295 27.1 227
1718197548318 27.1 228
1718197558341 27.1 229
1718197568364 27.1 230
1718197578387 27.1 231
1718197588410 27.0 232
1718197598433 27.1 233
1718197608457 27.0 234
1718197618480 27.0 235
1718197628502 27.1 236
1718197638525 27.1 237
1718197648577 27.1 238
1718197658605 27.1 239
1718197668629 27.1 240
1718197678655 27.1 241
1718197688679 27.1 242
1718197698712 27.0 243
1718197708739 27.1 244
1718197718764 27.1 245
1718197728786 27.0 246
1718197738807 27.0 247
1718197748829 27.0 248
1718197758859 27.1 249
1718197768884 27.1 250
1718197778906 27.0 251
1718197788929 27.1 252
1718197798954 27.1 253
1718197808981 27.1 254
1718197819005 27.0 255
1718197829028 27.1 256
1718197839053 27.1 257
1718197849077 27.1 258
1718197859099 27.1 259
1718197869124 27.1 260
1718197879150 27.1 261
1718197889172 27.1 262
1718197899195 27.0 263
1718197909222 27.0 264
1718197919249 27.1 265
1718197929272 27.0 266
1718197939299 27.0 267
1718197949325 27.0 268
1718197959351 27.0 269
1718197969376 27.0 270
1718197979401 27.0 271
1718197989426 27.0 272
1718197999452 27.1 273
1718198009473 27.1 274
1718198019502 27.0 275
1718198029528 27.1 276
1718198039556 27.1 277
1718198049580 27.1 278
1718198059616 27.1 279
1718198069642 27.0 280
1718198079679 27.1 281
1718198089701 27.1 282
1718198099727 27.1 283
1718198109756 27.0 284
1718198119782 27.0 285
1718198129808 27.0 286
1718198139836 27.0 287
1718198149863 27.0 288
1718198159885 27.0 289
1718198169918 27.0 290
1718198179945 27.0 291
1718198189970 27.0 292
1718198199997 27.0 293
1718198210021 27.0 294
1718198220061 27.0 295
1718198230091 27.0 296
1718198240117 27.0 297
1718198250144 27.0 298
1718198260170 27.0 299
1718198270195 27.0 300
1718198280223 27.0 301
1718198290272 27.0 302
1718198300309 27.0 303
1718198310338 27.0 304
1718198320364 27.0 305
1718198330392 27.0 306
1718198340422 27.0 307
1718198350448 27.0 308
1718198360477 27.0 309
1718198370502 27.0 310
1718198380532 27.0 311
1718198390559 27.0 312
1718198400587 27.0 313
1718198410618 27.0 314
1718198420644 27.0 315
1718198430691 27.0 316
1718198440720 27.0 317
1718198450749 27.0 318
1718198460779 27.0 319
1718198470808 27.0 320
1718198480836 27.0 321
1718198490865 27.0 322
1718198500895 27.0 323
1718198510923 27.0 324
1718198520954 27.0 325
1718198530982 27.0 326
1718198541012 27.0 327
1718198551041 27.0 328
1718198561068 27.0 329
1718198571097 27.0 330
1718198581134 27.0 331
1718198591162 27.0 332
1718198601203 27.0 333
1718198611233 27.0 334
1718198621262 27.0 335
1718198631296 27.0 336
1718198641324 27.0 337
1718198651349 27.0 338
1718198661375 27.0 339
1718198671404 27.0 340
1718198681431 27.0 341
1718198691457 27.0 342
1718198701488 27.0 343
1718198711519 27.0 344
1718198721549 27.0 345
1718198731578 27.0 346
1718198741607 27.0 347
1718198751638 27.0 348
1718198761668 27.0 349
1718198771697 27.0 350
1718198781726 27.0 351
1718198791755 27.0 352
1718198801786 27.0 353
1718198811816 27.0 354
1718198821846 27.0 355
1718198831877 27.0 356
1718198841905 27.0 357
1718198851935 27.0 358
1718198861969 27.0 359
1718198871996 27.0 360
1718198882023 27.0 361
1718198892052 27.0 362
1718198902084 27.1 363
1718198912112 27.0 364
1718198922136 27.0 365
1718198932163 27.0 366
1718198942188 27.1 367
1718198952216 27.1 368
1718198962252 27.1 369
1718198972288 27.1 370
1718198982341 27.1 371
1718198992369 27.1 372
1718199002400 27.1 373
