1718195263056 7130.9 0
1718195273076 8414.4 1
1718195283093 8417.0 2
1718195293116 8415.2 3
1718195303141 8413.1 4
1718195313162 8422.0 5
1718195323182 8437.7 6
1718195333203 8454.0 7
1718195343232 8435.8 8
1718195353258 8431.7 9
1718195363283 8427.4 10
1718195373302 8422.0 11
1718195383332 8466.3 12
1718195393352 8455.7 13
1718195403372 8447.4 14
1718195413391 8454.6 15
1718195423410 8458.1 16
1718195433428 8453.0 17
1718195443444 8452.7 18
1718195453462 8443.1 19
1718195463482 8448.9 20
1718195473500 8449.0 21
1718195483528 8449.1 22
1718195493547 8444.3 23
1718195503567 8442.3 24
1718195513585 8447.2 25
1718195523611 8450.5 26
1718195533644 8449.6 27
1718195543664 8441.4 28
1718195553682 8452.3 29
1718195563713 8455.2 30
1718195573731 8461.0 31
1718195583750 8456.0 32
1718195593766 8458.4 33
1718195603797 8445.5 34
1718195613815 8450.6 35
1718195623837 8450.5 36
1718195633855 8442.5 37
1718195643888 8461.1 38
1718195653918 8461.8 39
1718195663937 8452.8 40
1718195673965 8456.7 41
1718195683985 8457.6 42
1718195694004 8453.6 43
1718195704024 8466.8 44
1718195714043 8459.6 45
1718195724063 8457.4 46
1718195734082 8466.1 47
1718195744100 8460.1 48
1718195754128 8460.0 49
1718195764154 8460.2 50
1718195774173 8455.9 51
1718195784193 8447.2 52
1718195794213 8447.7 53
1718195804233 8456.7 54
1718195814254 8445.6 55
1718195824274 8455.8 56
1718195834293 8467.6 57
1718195844312 8451.5 58
1718195854332 8454.5 59
1718195864351 8453.5 60
1718195874371 8443.4 61
1718195884390 8454.0 62
1718195894409 8458.6 63
1718195904428 8453.6 64
1718195914447 8448.7 65
1718195924467 8456.9 66
1718195934498 8450.4 67
1718195944518 8450.6 68
1718195954540 8455.0 69
1718195964557 8547.1 70
1718195974575 8542.7 71
1718195984596 8547.5 72
1718195994616 8551.3 73
1718196004638 8550.4 74
1718196014659 8562.2 75
1718196024678 8560.4 76
1718196034700 8559.2 77
1718196044719 8561.9 78
1718196054738 8567.2 79
1718196064759 8571.7 80
1718196074780 8559.3 81
1718196084801 8568.8 82
1718196094820 8566.3 83
1718196104841 8562.5 84
1718196114860 8553.4 85
1718196124880 8561.7 86
1718196134902 8562.3 87
1718196144925 8566.2 88
1718196154945 8558.4 89
1718196164965 8562.7 90
1718196174997 8559.4 91
1718196185029 9087.9 92
1718196195051 9087.7 93
1718196205075 9087.3 94
1718196215097 9100.5 95
1718196225129 9101.1 96
1718196235153 9101.9 97
1718196245175 9104.4 98
1718196255194 9097.9 99
1718196265217 9099.7 100
1718196275238 9107.3 101
1718196285260 9090.8 102
1718196295282 9084.3 103
1718196305302 9082.0 104
1718196315323 9079.2 105
1718196325347 9069.9 106
1718196335370 9073.1 107
1718196345391 9068.7 108
1718196355412 9070.5 109
1718196365454 9101.7 110
1718196375475 9084.7 111
1718196385497 9082.6 112
1718196395520 9077.7 113
1718196405542 9075.9 114
1718196415565 9087.1 115
1718196425588 9074.3 116
1718196435610 9086.0 117
1718196445633 9073.4 118
1718196455657 9082.7 119
1718196465680 9077.0 120
1718196475704 9077.6 121
1718196485732 9080.6 122
1718196495760 9081.0 123
1718196505790 9080.2 124
1718196515812 9078.4 125
1718196525836 9070.2 126
1718196535859 9072.1 127
1718196545881 9062.9 128
1718196555904 9063.9 129
1718196565923 9066.7 130
1718196575953 9077.1 131
1718196585976 9068.1 132
1718196595999 9072.8 133
1718196606028 9065.4 134
1718196616052 9070.5 135
1718196626077 9061.5 136
1718196636105 9065.7 137
1718196646126 9068.7 138
1718196656149 9077.0 139
1718196666180 9077.0 140
1718196676204 9067.1 141
1718196686226 9072.3 142
1718196696269 9070.4 143
1718196706292 9083.9 144
1718196716316 9073.1 145
1718196726336 9070.1 146
1718196736371 9061.4 147
1718196746395 9070.2 148
1718196756417 9070.1 149
1718196766441 9065.8 150
1718196776466 9060.7 151
1718196786491 9056.4 152
1718196796541 9062.1 153
1718196806561 9063.8 154
1718196816584 9058.9 155
1718196826609 9066.8 156
1718196836632 9056.8 157
1718196846657 9071.9 158
1718196856679 9072.2 159
1718196866704 9072.6 160
1718196876733 9068.8 161
1718196886757 9067.8 162
1718196896780 9072.1 163
1718196906804 9068.9 164
1718196916828 9062.4 165
1718196926852 9075.0 166
1718196936876 9071.1 167
1718196946899 9074.6 168
1718196956921 9065.4 169
1718196966942 9083.1 170
1718196976965 9083.1 171
1718196986987 9070.4 172
1718196997008 9062.5 173
1718197007031 9072.0 174
1718197017054 9068.2 175
1718197027075 9073.7 176
1718197037100 9073.8 177
1718197047125 9081.8 178
1718197057151 9075.4 179
1718197067175 9082.6 180
1718197077202 9082.1 181
1718197087226 9103.0 182
1718197097251 9095.0 183
1718197107271 9081.1 184
1718197117294 9074.7 185
1718197127320 9096.0 186
1718197137346 9092.4 187
1718197147372 9095.1 188
1718197157397 9092.5 189
1718197167419 9101.6 190
1718197177440 9092.3 191
1718197187461 9105.6 192
1718197197483 9073.4 193
1718197207506 9081.2 194
1718197217528 9073.6 195
1718197227551 9074.1 196
1718197237574 9068.1 197
1718197247598 9074.3 198
1718197257619 9087.1 199
1718197267642 9070.9 200
1718197277675 9063.9 201
1718197287701 9067.1 202
1718197297723 9064.3 203
1718197307747 9071.8 204
1718197317769 9072.2 205
1718197327793 9074.9 206
1718197337816 9061.7 207
1718197347838 9071.5 208
1718197357861 9074.1 209
1718197367884 9072.5 210
1718197377904 9068.9 211
1718197387928 9073.6 212
1718197397952 9074.1 213
1718197407973 9072.5 214
1718197417995 9066.9 215
1718197428019 9081.1 216
1718197438042 9080.7 217
1718197448068 9067.5 218
1718197458091 9074.3 219
1718197468114 9075.7 220
1718197478138 9069.2 221
1718197488160 9069.7 222
1718197498183 9076.2 223
1718197508208 9084.2 224
1718197518245 9079.8 225
1718197528272 9076.3 226
1718197538295 9079.6 227
1718197548318 9093.3 228
1718197558341 9084.8 229
1718197568364 9074.1 230
1718197578387 9076.3 231
1718197588410 9071.5 232
1718197598433 9074.5 233
1718197608457 9067.0 234
1718197618480 9071.1 235
1718197628502 9074.6 236
1718197638525 9073.9 237
1718197648577 9072.9 238
1718197658605 9073.5 239
1718197668629 9080.3 240
1718197678655 9079.5 241
1718197688679 9080.2 242
1718197698712 9066.9 243
1718197708739 9072.6 244
1718197718764 9077.5 245
1718197728786 9069.2 246
1718197738807 9071.3 247
1718197748829 9062.9 248
1718197758859 9079.6 249
1718197768884 9078.7 250
1718197778906 9068.8 251
1718197788929 9078.4 252
1718197798954 9077.1 253
1718197808981 9076.9 254
1718197819005 9065.3 255
1718197829028 9077.1 256
1718197839053 9077.1 257
1718197849077 9080.4 258
1718197859099 9088.5 259
1718197869124 9096.2 260
1718197879150 9093.0 261
1718197889172 9075.9 262
1718197899195 9065.8 263
1718197909222 9068.6 264
1718197919249 9079.3 265
1718197929272 9054.7 266
1718197939299 9054.9 267
1718197949325 9055.4 268
1718197959351 9068.1 269
1718197969376 9064.5 270
1718197979401 9050.8 271
1718197989426 9058.3 272
1718197999452 9074.7 273
1718198009473 9081.3 274
1718198019502 9069.9 275
1718198029528 9079.2 276
1718198039556 9073.4 277
1718198049580 9084.5 278
1718198059616 9080.3 279
1718198069642 9070.9 280
1718198079679 9082.6 281
1718198089701 9085.2 282
1718198099727 9082.6 283
1718198109756 9066.1 284
1718198119782 9058.4 285
1718198129808 9062.1 286
1718198139836 9064.8 287
1718198149863 9068.9 288
1718198159885 9058.6 289
1718198169918 9067.2 290
1718198179945 9050.5 291
1718198189970 9043.4 292
1718198199997 9049.6 293
1718198210021 9052.1 294
1718198220061 9049.1 295
1718198230091 9053.9 296
1718198240117 9057.2 297
1718198250144 9056.0 298
1718198260170 9055.6 299
1718198270195 9063.1 300
1718198280223 9065.1 301
1718198290272 9057.3 302
1718198300309 9065.1 303
1718198310338 9065.7 304
1718198320364 9056.0 305
1718198330392 9050.4 306
1718198340422 9059.8 307
1718198350448 9056.9 308
1718198360477 9048.0 309
1718198370502 9052.7 310
1718198380532 9058.9 311
1718198390559 9057.4 312
1718198400587 9056.4 313
1718198410618 9058.8 314
1718198420644 9051.7 315
1718198430691 9060.2 316
1718198440720 9058.0 317
1718198450749 9058.5 318
1718198460779 9061.7 319
1718198470808 9054.1 320
1718198480836 9057.9 321
1718198490865 9047.3 322
1718198500895 9049.8 323
1718198510923 9051.0 324
1718198520954 9049.5 325
1718198530982 9049.4 326
1718198541012 9054.8 327
1718198551041 9055.3 328
1718198561068 9039.0 329
1718198571097 9053.5 330
1718198581134 9049.5 331
1718198591162 9045.4 332
1718198601203 9051.3 333
1718198611233 9048.1 334
1718198621262 9055.1 335
1718198631296 9055.8 336
1718198641324 9054.2 337
1718198651349 9050.3 338
1718198661375 9054.5 339
1718198671404 9055.5 340
1718198681431 9062.0 341
1718198691457 9059.2 342
1718198701488 9061.1 343
1718198711519 9055.5 344
1718198721549 9055.0 345
1718198731578 9060.3 346
1718198741607 9061.8 347
1718198751638 9067.0 348
1718198761668 9056.5 349
1718198771697 9066.8 350
1718198781726 9052.2 351
1718198791755 9060.6 352
1718198801786 9056.2 353
1718198811816 9056.8 354
1718198821846 9045.8 355
1718198831877 9054.5 356
1718198841905 9048.7 357
1718198851935 9059.2 358
1718198861969 9049.1 359
1718198871996 9063.8 360
1718198882023 9046.4 361
1718198892052 9055.5 362
1718198902084 9091.9 363
1718198912112 9058.4 364
1718198922136 9054.3 365
1718198932163 9058.6 366
1718198942188 9079.2 367
1718198952216 9077.8 368
1718198962252 9086.2 369
1718198972288 9091.4 370
1718198982341 9092.1 371
1718198992369 9083.7 372
1718199002400 9089.4 373
