1718205243952 0.04 10
1718205267671 0.08 20
1718205291685 0.12 30
1718205315581 0.16 40
1718205339220 0.2 50
1718205363443 0.24 60
1718205387398 0.28 70
1718205411477 0.32 80
1718205435359 0.36 90
1718205458765 0.4 100
1718205483089 0.44 110
1718205507098 0.48 120
1718205531128 0.52 130
1718205555085 0.56 140
1718205578508 0.6 150
1718205602784 0.64 160
1718205626889 0.68 170
1718205650903 0.72 180
1718205674818 0.76 190
1718205698346 0.8 200
1718205722600 0.84 210
1718205746553 0.88 220
1718205770505 0.92 230
1718205794389 0.96 240
1718205817668 1.0 250
1718205817669 1.0 250
