1718205243952 47.49823760986328 10
1718205267671 358.37158203125 20
1718205291685 4.8676676750183105 30
1718205315581 2.13120174407959 40
1718205339220 23.049741744995117 50
1718205363443 187.82203674316406 60
1718205387398 73.84199523925781 70
1718205411477 0.5121264457702637 80
1718205435359 0.5640170574188232 90
1718205458765 2.443979024887085 100
1718205483089 2.398739814758301 110
1718205507098 0.2691403031349182 120
1718205531128 1.7170308828353882 130
1718205555085 1.0466408729553223 140
1718205578508 0.6190522909164429 150
1718205602784 1.3726149797439575 160
1718205626889 0.5846257209777832 170
1718205650903 3.281449556350708 180
1718205674818 0.36873912811279297 190
1718205698346 0.4960961937904358 200
1718205722600 3.0543220043182373 210
1718205746553 1.307577133178711 220
1718205770505 0.5574808120727539 230
1718205794389 4.187647342681885 240
1718205817668 0.7044889330863953 250
