1718205243952 0.0002 10
1718205267671 0.0001995873933559535 20
1718205291685 0.0001975746552556772 30
1718205315581 0.0001943576666511982 40
1718205339220 0.0001892767845097864 50
1718205363443 0.0001826934609456129 60
1718205387398 0.00017471848688911464 70
1718205411477 0.00016548607339452853 80
1718205435359 0.00015515159299842707 90
1718205458765 0.0001438889649510956 100
1718205483089 0.00013188772832476188 110
1718205507098 0.00011934985225541998 120
1718205531128 0.0001064863369987743 130
1718205555085 9.35136630012257e-05 140
1718205578508 8.065014774458003e-05 150
1718205602784 6.811227167523815e-05 160
1718205626889 5.611103504890444e-05 170
1718205650903 4.484840700157295e-05 180
1718205674818 3.45139266054715e-05 190
1718205698346 2.528151311088537e-05 200
1718205722600 1.730653905438714e-05 210
1718205746553 1.0723215490213634e-05 220
1718205770505 5.6423333488018095e-06 230
1718205794389 2.1493989332218468e-06 240
1718205817668 3.0319493128866396e-07 250
