1718205243952 6.3119 10
1718205267671 0.8221 20
1718205291685 0.2471 30
1718205315581 0.5165 40
1718205339220 0.7242 50
1718205363443 1.0378 60
1718205387398 0.5991 70
1718205411477 1.3747 80
1718205435359 0.1436 90
1718205458765 0.4754 100
1718205483089 1.2829 110
1718205507098 0.3324 120
1718205531128 0.3369 130
1718205555085 0.1931 140
1718205578508 0.1218 150
1718205602784 0.1378 160
1718205626889 0.1018 170
1718205650903 0.0851 180
1718205674818 0.1084 190
1718205698346 0.0924 200
1718205722600 0.0852 210
1718205746553 0.1081 220
1718205770505 0.0734 230
1718205794389 0.0908 240
1718205817668 0.0678 250
