1718309206144 0.02 10
1718309226501 0.03 20
1718309247293 0.05 30
1718309267778 0.06 40
1718309288323 0.08 50
1718309309239 0.1 60
1718309329875 0.11 70
1718309350759 0.13 80
1718309371472 0.14 90
1718309391912 0.16 100
1718309412589 0.18 110
1718309433506 0.19 120
1718309454146 0.21 130
1718309474986 0.22 140
1718309495296 0.24 150
1718309516037 0.26 160
1718309536820 0.27 170
1718309557250 0.29 180
1718309577610 0.3 190
1718309597824 0.32 200
1718309618320 0.34 210
1718309638565 0.35 220
1718309658951 0.37 230
1718309679227 0.38 240
1718309699334 0.4 250
1718309719842 0.42 260
1718309740187 0.43 270
1718309760454 0.45 280
1718309780694 0.46 290
1718309800611 0.48 300
1718309899718 0.48 300
1718309921567 0.5 310
1718309941977 0.51 320
1718309962392 0.53 330
1718309982661 0.54 340
1718310002850 0.56 350
1718310023315 0.58 360
1718310043628 0.59 370
1718310064002 0.61 380
1718310084319 0.62 390
1718310104461 0.64 400
1718310125040 0.66 410
1718310145412 0.67 420
1718310165625 0.69 430
1718310185757 0.7 440
1718310205613 0.72 450
1718310225956 0.74 460
1718310246201 0.75 470
1718310266458 0.77 480
1718310286685 0.78 490
1718310306409 0.8 500
1718310326860 0.82 510
1718310347121 0.83 520
1718310367360 0.85 530
1718310387512 0.86 540
1718310407501 0.88 550
1718310427953 0.9 560
1718310448317 0.91 570
1718310468680 0.93 580
1718310488943 0.94 590
1718310508907 0.96 600
1718310607736 0.96 600
1718310629235 0.98 610
1718310649657 0.99 620
1718310659807 1.0 625
