1718309206144 32.520851135253906 10
1718309226501 9.2166109085083 20
1718309247293 4.729783058166504 30
1718309267778 0.6916486024856567 40
1718309288323 0.5991191864013672 50
1718309309239 11.2683687210083 60
1718309329875 2.5780348777770996 70
1718309350759 4.0744853019714355 80
1718309371472 0.9854766726493835 90
1718309391912 0.1300012618303299 100
1718309412589 3.5938735008239746 110
1718309433506 1.7045692205429077 120
1718309454146 0.8901049494743347 130
1718309474986 0.6251937747001648 140
1718309495296 2.7351770401000977 150
1718309516037 1.6565141677856445 160
1718309536820 1.4923202991485596 170
1718309557250 2.2976741790771484 180
1718309577610 0.7751324772834778 190
1718309597824 3.187427520751953 200
1718309618320 1.626365065574646 210
1718309638565 1.1807414293289185 220
1718309658951 0.35036522150039673 230
1718309679227 0.8524773120880127 240
1718309699334 0.7614122629165649 250
1718309719842 1.469010591506958 260
1718309740187 1.0164402723312378 270
1718309760454 0.638964056968689 280
1718309780694 2.1535305976867676 290
1718309800611 0.062141064554452896 300
1718309921567 1.9873576164245605 310
1718309941977 8.521510124206543 320
1718309962392 1.1459615230560303 330
1718309982661 2.8588013648986816 340
1718310002850 1.7897236347198486 350
1718310023315 1.1695512533187866 360
1718310043628 0.6842705607414246 370
1718310064002 3.2900702953338623 380
1718310084319 1.082397699356079 390
1718310104461 1.4536582231521606 400
1718310125040 0.796068549156189 410
1718310145412 0.5720335245132446 420
1718310165625 1.5732415914535522 430
1718310185757 0.8228399157524109 440
1718310205613 0.8578841090202332 450
1718310225956 0.604627251625061 460
1718310246201 1.5222716331481934 470
1718310266458 2.006826639175415 480
1718310286685 0.4347302317619324 490
1718310306409 0.83006751537323 500
1718310326860 1.5818778276443481 510
1718310347121 2.973956346511841 520
1718310367360 0.796377956867218 530
1718310387512 0.1114453375339508 540
1718310407501 1.0587815046310425 550
1718310427953 0.38034582138061523 560
1718310448317 0.23918691277503967 570
1718310468680 0.7392776012420654 580
1718310488943 7.2418036460876465 590
1718310508907 0.5369828939437866 600
1718310629235 1.023013949394226 610
1718310649657 0.8643365502357483 620
