1718309206144 6.31578947368421e-05 10
1718309226501 0.00016842105263157895 20
1718309247293 0.00019993416256221895 30
1718309267778 0.0001996119021565693 40
1718309288323 0.00019902199100196697 50
1718309309239 0.00019816601415159263 60
1718309329875 0.00019704627155997108 70
1718309350759 0.00019566577190314197 80
1718309371472 0.00019402822449454153 90
1718309391912 0.00019213802931831696 100
1718309412589 0.00019000026520685302 110
1718309433506 0.00018762067619427746 120
1718309454146 0.00018500565608261214 130
1718309474986 0.00018216223126204007 140
1718309495296 0.0001790980418314484 150
1718309516037 0.00017582132106997616 160
1718309536820 0.00017234087331472497 170
1718309557250 0.0001686660503040737 180
1718309577610 0.0001648067260501611 190
1718309597824 0.0001607732703080532 200
1718309618320 0.0001565765207128805 210
1718309638565 0.00015222775365981273 220
1718309658951 0.00014773865400511272 230
1718309679227 0.00014312128366968243 240
1718309699334 0.00013838804922946027 250
1718309719842 0.0001335516685797525 260
1718309740187 0.00012862513676307008 270
1718309760454 0.00012362169105228826 280
1718309780694 0.00011855477538294935 290
1718309800611 0.00011343800423027582 300
1718309921567 0.00010828512602795462 310
1718309941977 0.0001031099862269837 320
1718309962392 9.792649009383899e-05 330
1718309982661 9.378303625685195e-05 340
1718310002850 8.861958777576827e-05 350
1718310023315 8.348671772747487e-05 360
1718310043628 7.839821780235168e-05 370
1718310064002 7.336776047112276e-05 380
1718310084319 6.84088622478104e-05 390
1718310104461 6.35348473717345e-05 400
1718310125040 5.875881200614207e-05 410
1718310145412 5.4093589049662175e-05 420
1718310165625 4.955171365513603e-05 430
1718310185757 4.514538954847064e-05 440
1718310205613 4.088645623801534e-05 450
1718310225956 3.678635720256737e-05 460
1718310246201 3.285610914348332e-05 470
1718310266458 2.9106272383513835e-05 480
1718310286685 2.5546922491898495e-05 490
1718310306409 2.2187623211961562e-05 500
1718310326860 1.903740076395151e-05 510
1718310347121 1.6104719592169902e-05 520
1718310367360 1.339745962155613e-05 530
1718310387512 1.0922895084838037e-05 540
1718310407501 8.687674977138116e-06 550
1718310427953 6.6978051905530855e-06 560
1718310448317 4.95863237670956e-06 570
1718310468680 3.4748295806564356e-06 580
1718310488943 2.250383684694579e-06 590
1718310508907 1.2885846958814673e-06 600
1718310629235 5.920169059947411e-07 610
1718310649657 1.6255194770704586e-07 620
