1718309206144 10.8458 10
1718309226501 2.3838 20
1718309247293 0.1443 30
1718309267778 0.1361 40
1718309288323 0.1507 50
1718309309239 0.4058 60
1718309329875 0.1819 70
1718309350759 0.1239 80
1718309371472 0.1179 90
1718309391912 0.07 100
1718309412589 0.2094 110
1718309433506 0.1361 120
1718309454146 0.1199 130
1718309474986 0.1052 140
1718309495296 0.1101 150
1718309516037 0.1047 160
1718309536820 0.1203 170
1718309557250 0.1342 180
1718309577610 0.1176 190
1718309597824 0.0986 200
1718309618320 0.1104 210
1718309638565 0.0682 220
1718309658951 0.0801 230
1718309679227 0.1195 240
1718309699334 0.1208 250
1718309719842 0.1192 260
1718309740187 0.1202 270
1718309760454 0.1069 280
1718309780694 0.0533 290
1718309800611 0.0729 300
1718309921567 0.0939 310
1718309941977 0.0892 320
1718309962392 0.0901 330
1718309982661 0.3291 340
1718310002850 0.1561 350
1718310023315 0.1092 360
1718310043628 0.0826 370
1718310064002 0.0838 380
1718310084319 0.0822 390
1718310104461 0.0772 400
1718310125040 0.0783 410
1718310145412 0.1114 420
1718310165625 0.0649 430
1718310185757 0.0581 440
1718310205613 0.0771 450
1718310225956 0.0655 460
1718310246201 0.0596 470
1718310266458 0.0948 480
1718310286685 0.0703 490
1718310306409 0.0672 500
1718310326860 0.1021 510
1718310347121 0.0964 520
1718310367360 0.0615 530
1718310387512 0.0683 540
1718310407501 0.0615 550
1718310427953 0.058 560
1718310448317 0.0744 570
1718310468680 0.0519 580
1718310488943 0.0472 590
1718310508907 0.0603 600
1718310629235 0.0776 610
1718310649657 0.0571 620
