1718212947816 0.0 0
1718212957869 12.2 1
1718212967891 7.3 2
1718212977911 6.7 3
1718212987931 6.3 4
1718212997952 6.2 5
1718213007973 6.2 6
1718213017996 6.4 7
1718213028016 6.3 8
1718213038061 6.3 9
1718213048082 6.2 10
1718213058115 6.1 11
1718213068148 6.1 12
1718213078169 6.3 13
1718213088189 6.3 14
1718213098209 6.0 15
1718213108230 6.3 16
1718213118251 6.4 17
1718213128272 6.3 18
1718213138293 6.3 19
1718213148310 6.3 20
1718213158331 6.2 21
1718213168352 6.6 22
1718213178373 6.1 23
1718213188395 6.3 24
1718213198420 6.6 25
1718213208447 6.4 26
1718213218475 6.2 27
1718213228528 6.4 28
1718213238555 6.3 29
1718213248586 6.5 30
1718213258613 6.2 31
1718213268665 6.3 32
1718213278690 6.3 33
1718213288712 6.3 34
1718213298739 6.1 35
1718213308790 6.3 36
1718213318812 6.3 37
1718213328843 6.3 38
1718213338871 6.2 39
1718213348899 6.2 40
1718213358927 6.9 41
1718213368953 6.8 42
1718213378983 6.6 43
1718213389007 7.2 44
1718213399028 6.7 45
1718213409047 6.9 46
1718213419067 7.2 47
1718213429088 6.8 48
1718213439112 6.9 49
1718213449141 7.0 50
1718213459172 6.6 51
1718213469943 7.0 52
1718213479967 6.7 53
1718213489991 10.1 54
1718213500012 10.2 55
1718213510035 10.1 56
1718213520058 10.4 57
1718213530082 10.3 58
1718213540106 10.7 59
1718213550128 10.2 60
1718213560151 9.1 61
1718213570180 6.1 62
1718213580205 6.2 63
1718213590233 6.8 64
1718213600256 6.3 65
1718213610280 6.3 66
1718213620302 6.2 67
1718213630326 6.5 68
1718213640349 6.5 69
1718213650372 6.1 70
1718213660393 6.1 71
1718213670416 6.2 72
1718213680447 6.2 73
1718213690470 6.2 74
1718213700492 6.2 75
1718213710515 6.3 76
1718213720542 6.3 77
1718213730566 6.3 78
1718213740586 6.4 79
1718213750609 7.9 80
1718213760632 7.6 81
1718213770656 6.1 82
1718213780707 6.2 83
1718213790731 6.3 84
1718213800758 6.4 85
1718213810786 6.4 86
1718213820815 6.3 87
1718213830844 6.5 88
1718213840877 6.5 89
1718213850899 6.4 90
1718213860927 6.1 91
1718213870947 6.4 92
1718213880975 6.9 93
1718213891001 6.9 94
1718213901024 6.7 95
1718213911047 7.0 96
1718213921072 7.0 97
1718213931100 6.7 98
1718213941124 7.1 99
1718213951148 6.5 100
1718213961172 6.6 101
1718213971195 6.9 102
1718213981218 6.8 103
1718213991242 6.8 104
1718214001264 7.1 105
1718214011290 9.0 106
1718214021313 10.3 107
1718214031357 10.4 108
1718214041392 10.6 109
1718214051413 10.2 110
1718214061436 10.4 111
1718214071459 10.6 112
1718214081483 10.3 113
1718214091559 6.6 114
1718214101626 6.5 115
1718214111696 6.4 116
1718214121721 6.3 117
1718214131762 6.6 118
1718214141786 6.7 119
1718214151864 6.6 120
1718214161936 6.5 121
1718214172007 6.3 122
1718214182031 6.7 123
1718214192099 6.3 124
1718214202124 6.4 125
1718214212190 6.3 126
1718214222215 6.5 127
1718214232288 6.4 128
1718214242359 6.2 129
1718214252443 6.2 130
1718214262522 6.1 131
1718214272594 6.2 132
1718214282668 6.1 133
1718214292694 6.1 134
1718214302774 6.6 135
1718214312843 6.5 136
1718214322868 6.2 137
1718214332893 6.6 138
1718214342968 6.8 139
1718214353000 6.6 140
1718214363026 6.5 141
1718214373107 6.3 142
1718214383180 6.5 143
1718214393211 6.4 144
1718214403246 6.6 145
1718214413319 7.2 146
1718214423350 6.9 147
1718214433434 6.8 148
1718214443484 7.4 149
1718214453518 6.6 150
1718214463600 6.5 151
1718214473678 7.0 152
1718214483712 6.6 153
1718214493804 6.6 154
1718214503840 7.0 155
1718214513869 6.6 156
1718214523894 7.1 157
1718214533920 8.1 158
1718214543950 10.4 159
1718214553976 10.2 160
1718214564008 10.1 161
1718214574036 10.3 162
1718214584062 10.2 163
1718214594099 10.2 164
1718214604206 10.3 165
1718214614230 7.3 166
1718214624263 6.4 167
1718214634347 6.2 168
1718214644428 6.5 169
1718214654454 6.2 170
1718214664531 6.6 171
1718214674613 6.1 172
1718214684654 6.2 173
1718214694691 6.4 174
1718214704733 6.4 175
1718214714767 6.1 176
1718214724798 7.0 177
1718214734831 12.5 178
1718214744863 26.9 179
1718214754900 25.3 180
1718214764935 15.0 181
1718214774960 10.2 182
1718214784985 9.5 183
1718214795012 7.5 184
1718214805043 7.0 185
1718214815081 6.8 186
1718214825131 6.5 187
1718214835162 8.4 188
1718214845198 7.5 189
1718214855232 7.8 190
1718214865263 6.1 191
1718214875290 6.3 192
1718214885315 6.5 193
1718214895362 9.4 194
1718214905442 10.9 195
1718214915468 7.7 196
1718214925494 7.4 197
1718214935565 8.5 198
1718214945591 7.5 199
1718214955621 7.4 200
1718214965649 8.5 201
1718214975724 7.5 202
1718214985800 7.7 203
1718214995831 7.5 204
1718215005912 8.9 205
1718215015939 7.6 206
1718215025975 8.2 207
1718215036067 8.4 208
1718215046094 9.2 209
1718215056132 11.0 210
1718215066165 10.8 211
1718215076207 11.5 212
1718215086242 11.1 213
