1718212947816 62.0 0
1718212957869 62.0 1
1718212967891 62.0 2
1718212977911 62.0 3
1718212987931 62.0 4
1718212997952 62.0 5
1718213007973 62.0 6
1718213017996 62.0 7
1718213028016 62.0 8
1718213038061 62.0 9
1718213048082 62.0 10
1718213058115 62.0 11
1718213068148 62.0 12
1718213078169 62.0 13
1718213088189 62.0 14
1718213098209 62.0 15
1718213108230 62.0 16
1718213118251 62.0 17
1718213128272 62.0 18
1718213138293 62.0 19
1718213148310 62.0 20
1718213158331 62.0 21
1718213168352 62.0 22
1718213178373 62.0 23
1718213188395 62.0 24
1718213198420 62.0 25
1718213208447 62.0 26
1718213218475 62.0 27
1718213228528 62.0 28
1718213238555 62.0 29
1718213248586 62.0 30
1718213258613 62.0 31
1718213268665 62.0 32
1718213278690 62.0 33
1718213288712 62.0 34
1718213298739 62.0 35
1718213308790 62.0 36
1718213318812 62.0 37
1718213328843 62.0 38
1718213338871 62.0 39
1718213348899 62.0 40
1718213358927 62.0 41
1718213368953 62.0 42
1718213378983 62.0 43
1718213389007 62.0 44
1718213399028 62.0 45
1718213409047 62.0 46
1718213419067 62.0 47
1718213429088 62.0 48
1718213439112 62.0 49
1718213449141 62.0 50
1718213459172 62.0 51
1718213469943 62.0 52
1718213479967 62.1 53
1718213489991 62.1 54
1718213500012 62.1 55
1718213510035 62.1 56
1718213520058 62.1 57
1718213530082 62.1 58
1718213540106 62.1 59
1718213550128 62.1 60
1718213560151 62.1 61
1718213570180 62.1 62
1718213580205 62.1 63
1718213590233 62.1 64
1718213600256 62.1 65
1718213610280 62.1 66
1718213620302 62.1 67
1718213630326 62.1 68
1718213640349 62.1 69
1718213650372 62.1 70
1718213660393 62.1 71
1718213670416 62.1 72
1718213680447 62.1 73
1718213690470 62.1 74
1718213700492 62.1 75
1718213710515 62.1 76
1718213720542 62.1 77
1718213730566 62.1 78
1718213740586 62.1 79
1718213750609 62.1 80
1718213760632 62.1 81
1718213770656 62.1 82
1718213780707 62.1 83
1718213790731 62.1 84
1718213800758 62.1 85
1718213810786 62.1 86
1718213820815 62.1 87
1718213830844 62.1 88
1718213840877 62.1 89
1718213850899 62.1 90
1718213860927 62.1 91
1718213870947 62.1 92
1718213880975 62.1 93
1718213891001 62.1 94
1718213901024 62.1 95
1718213911047 62.1 96
1718213921072 62.1 97
1718213931100 62.1 98
1718213941124 62.1 99
1718213951148 62.1 100
1718213961172 62.1 101
1718213971195 62.1 102
1718213981218 62.1 103
1718213991242 62.1 104
1718214001264 62.1 105
1718214011290 62.2 106
1718214021313 62.2 107
1718214031357 62.2 108
1718214041392 62.2 109
1718214051413 62.2 110
1718214061436 62.2 111
1718214071459 62.2 112
1718214081483 62.2 113
1718214091559 62.2 114
1718214101626 62.2 115
1718214111696 62.2 116
1718214121721 62.2 117
1718214131762 62.2 118
1718214141786 62.2 119
1718214151864 62.2 120
1718214161936 62.2 121
1718214172007 62.2 122
1718214182031 62.2 123
1718214192099 62.2 124
1718214202124 62.2 125
1718214212190 62.2 126
1718214222215 62.2 127
1718214232288 62.2 128
1718214242359 62.2 129
1718214252443 62.2 130
1718214262522 62.2 131
1718214272594 62.2 132
1718214282668 62.2 133
1718214292694 62.2 134
1718214302774 62.2 135
1718214312843 62.2 136
1718214322868 62.2 137
1718214332893 62.2 138
1718214342968 62.2 139
1718214353000 62.2 140
1718214363026 62.2 141
1718214373107 62.2 142
1718214383180 62.2 143
1718214393211 62.2 144
1718214403246 62.2 145
1718214413319 62.2 146
1718214423350 62.2 147
1718214433434 62.2 148
1718214443484 62.2 149
1718214453518 62.2 150
1718214463600 62.2 151
1718214473678 62.2 152
1718214483712 62.2 153
1718214493804 62.2 154
1718214503840 62.2 155
1718214513869 62.2 156
1718214523894 62.2 157
1718214533920 62.3 158
1718214543950 62.3 159
1718214553976 62.3 160
1718214564008 62.3 161
1718214574036 62.3 162
1718214584062 62.3 163
1718214594099 62.3 164
1718214604206 62.3 165
1718214614230 62.3 166
1718214624263 62.3 167
1718214634347 62.3 168
1718214644428 62.3 169
1718214654454 62.3 170
1718214664531 62.3 171
1718214674613 62.3 172
1718214684654 62.3 173
1718214694691 62.3 174
1718214704733 62.3 175
1718214714767 62.3 176
1718214724798 62.3 177
1718214734831 62.3 178
1718214744863 62.3 179
1718214754900 62.3 180
1718214764935 62.3 181
1718214774960 62.3 182
1718214784985 62.3 183
1718214795012 62.3 184
1718214805043 62.3 185
1718214815081 62.3 186
1718214825131 62.3 187
1718214835162 62.3 188
1718214845198 62.3 189
1718214855232 62.3 190
1718214865263 62.3 191
1718214875290 62.3 192
1718214885315 62.3 193
1718214895362 62.3 194
1718214905442 62.3 195
1718214915468 62.3 196
1718214925494 62.3 197
1718214935565 62.3 198
1718214945591 62.3 199
1718214955621 62.3 200
1718214965649 62.3 201
1718214975724 62.3 202
1718214985800 62.3 203
1718214995831 62.3 204
1718215005912 62.3 205
1718215015939 62.3 206
1718215025975 62.3 207
1718215036067 62.3 208
1718215046094 62.4 209
1718215056132 62.4 210
1718215066165 62.4 211
1718215076207 62.4 212
1718215086242 62.4 213
