1718212947816 578395.8 0
1718212957869 578396.8 1
1718212967891 578396.8 2
1718212977911 578396.8 3
1718212987931 578396.8 4
1718212997952 578396.8 5
1718213007973 578396.8 6
1718213017996 578396.8 7
1718213028016 578396.8 8
1718213038061 578396.8 9
1718213048082 578396.8 10
1718213058115 578396.8 11
1718213068148 578396.8 12
1718213078169 578396.8 13
1718213088189 578396.8 14
1718213098209 578396.8 15
1718213108230 578396.8 16
1718213118251 578396.8 17
1718213128272 578396.8 18
1718213138293 578396.8 19
1718213148310 578396.8 20
1718213158331 578396.8 21
1718213168352 578396.8 22
1718213178373 578396.8 23
1718213188395 578396.8 24
1718213198420 578396.8 25
1718213208447 578396.8 26
1718213218475 578396.8 27
1718213228528 578396.8 28
1718213238555 578396.8 29
1718213248586 578396.8 30
1718213258613 578396.8 31
1718213268665 578396.8 32
1718213278690 578396.8 33
1718213288712 578396.8 34
1718213298739 578396.8 35
1718213308790 578396.8 36
1718213318812 578396.8 37
1718213328843 578396.8 38
1718213338871 578396.8 39
1718213348899 578396.8 40
1718213358927 578396.8 41
1718213368953 578396.8 42
1718213378983 578396.8 43
1718213389007 578396.8 44
1718213399028 578396.8 45
1718213409047 578396.8 46
1718213419067 578396.8 47
1718213429088 578396.8 48
1718213439112 578396.8 49
1718213449141 578396.8 50
1718213459172 578396.8 51
1718213469943 578396.8 52
1718213479967 579336.8 53
1718213489991 579336.8 54
1718213500012 579336.8 55
1718213510035 579336.8 56
1718213520058 579336.8 57
1718213530082 579336.8 58
1718213540106 579336.8 59
1718213550128 579336.8 60
1718213560151 579336.8 61
1718213570180 579336.8 62
1718213580205 579336.8 63
1718213590233 579336.8 64
1718213600256 579336.8 65
1718213610280 579336.8 66
1718213620302 579336.8 67
1718213630326 579336.8 68
1718213640349 579336.8 69
1718213650372 579336.8 70
1718213660393 579336.8 71
1718213670416 579336.8 72
1718213680447 579336.8 73
1718213690470 579336.8 74
1718213700492 579336.8 75
1718213710515 579336.8 76
1718213720542 579336.8 77
1718213730566 579336.8 78
1718213740586 579336.8 79
1718213750609 579336.8 80
1718213760632 579336.8 81
1718213770656 579336.8 82
1718213780707 579336.8 83
1718213790731 579336.8 84
1718213800758 579336.8 85
1718213810786 579336.8 86
1718213820815 579336.8 87
1718213830844 579336.8 88
1718213840877 579336.8 89
1718213850899 579336.8 90
1718213860927 579336.8 91
1718213870947 579336.8 92
1718213880975 579336.8 93
1718213891001 579336.8 94
1718213901024 579336.8 95
1718213911047 579336.8 96
1718213921072 579336.8 97
1718213931100 579336.8 98
1718213941124 579336.8 99
1718213951148 579336.8 100
1718213961172 579336.8 101
1718213971195 579336.8 102
1718213981218 579336.8 103
1718213991242 579336.8 104
1718214001264 579336.8 105
1718214011290 580276.9 106
1718214021313 580276.9 107
1718214031357 580276.9 108
1718214041392 580276.9 109
1718214051413 580276.9 110
1718214061436 580276.9 111
1718214071459 580276.9 112
1718214081483 580276.9 113
1718214091559 580276.9 114
1718214101626 580276.9 115
1718214111696 580276.9 116
1718214121721 580276.9 117
1718214131762 580276.9 118
1718214141786 580276.9 119
1718214151864 580276.9 120
1718214161936 580276.9 121
1718214172007 580276.9 122
1718214182031 580276.9 123
1718214192099 580276.9 124
1718214202124 580276.9 125
1718214212190 580276.9 126
1718214222215 580276.9 127
1718214232288 580276.9 128
1718214242359 580276.9 129
1718214252443 580276.9 130
1718214262522 580276.9 131
1718214272594 580276.9 132
1718214282668 580276.9 133
1718214292694 580276.9 134
1718214302774 580276.9 135
1718214312843 580276.9 136
1718214322868 580276.9 137
1718214332893 580276.9 138
1718214342968 580276.9 139
1718214353000 580276.9 140
1718214363026 580276.9 141
1718214373107 580276.9 142
1718214383180 580276.9 143
1718214393211 580276.9 144
1718214403246 580276.9 145
1718214413319 580276.9 146
1718214423350 580276.9 147
1718214433434 580276.9 148
1718214443484 580276.9 149
1718214453518 580276.9 150
1718214463600 580276.9 151
1718214473678 580276.9 152
1718214483712 580276.9 153
1718214493804 580276.9 154
1718214503840 580276.9 155
1718214513869 580276.9 156
1718214523894 580276.9 157
1718214533920 581216.9 158
1718214543950 581217.0 159
1718214553976 581217.0 160
1718214564008 581217.0 161
1718214574036 581217.0 162
1718214584062 581217.0 163
1718214594099 581217.0 164
1718214604206 581217.0 165
1718214614230 581217.0 166
1718214624263 581217.0 167
1718214634347 581217.0 168
1718214644428 581217.0 169
1718214654454 581217.0 170
1718214664531 581217.0 171
1718214674613 581217.0 172
1718214684654 581217.0 173
1718214694691 581217.0 174
1718214704733 581217.0 175
1718214714767 581217.0 176
1718214724798 581217.0 177
1718214734831 581205.6 178
1718214744863 581254.0 179
1718214754900 581290.7 180
1718214764935 581238.7 181
1718214774960 581270.4 182
1718214784985 581225.0 183
1718214795012 581237.8 184
1718214805043 581252.6 185
1718214815081 581277.1 186
1718214825131 581306.3 187
1718214835162 581312.5 188
1718214845198 581312.6 189
1718214855232 581312.7 190
1718214865263 581312.7 191
1718214875290 581312.7 192
1718214885315 581312.7 193
1718214895362 581314.7 194
1718214905442 581320.2 195
1718214915468 581322.0 196
1718214925494 581321.9 197
1718214935565 581323.1 198
1718214945591 581322.3 199
1718214955621 581321.7 200
1718214965649 581320.9 201
1718214975724 581320.9 202
1718214985800 581320.9 203
1718214995831 581320.9 204
1718215005912 581320.9 205
1718215015939 581320.9 206
1718215025975 581320.9 207
1718215036067 581320.9 208
1718215046094 582261.0 209
1718215056132 582261.0 210
1718215066165 582261.0 211
1718215076207 582261.1 212
1718215086242 582261.0 213
