1718212947816 354425.0 0
1718212957869 354424.1 1
1718212967891 354424.1 2
1718212977911 354424.0 3
1718212987931 354424.0 4
1718212997952 354424.0 5
1718213007973 354424.0 6
1718213017996 354424.0 7
1718213028016 354424.0 8
1718213038061 354424.0 9
1718213048082 354424.0 10
1718213058115 354424.0 11
1718213068148 354424.0 12
1718213078169 354424.0 13
1718213088189 354424.0 14
1718213098209 354424.0 15
1718213108230 354424.0 16
1718213118251 354424.0 17
1718213128272 354424.0 18
1718213138293 354424.0 19
1718213148310 354424.0 20
1718213158331 354424.0 21
1718213168352 354424.0 22
1718213178373 354424.0 23
1718213188395 354424.0 24
1718213198420 354424.0 25
1718213208447 354424.0 26
1718213218475 354424.0 27
1718213228528 354424.0 28
1718213238555 354424.0 29
1718213248586 354424.0 30
1718213258613 354424.0 31
1718213268665 354424.0 32
1718213278690 354424.0 33
1718213288712 354424.0 34
1718213298739 354424.0 35
1718213308790 354424.0 36
1718213318812 354424.0 37
1718213328843 354424.0 38
1718213338871 354424.0 39
1718213348899 354424.0 40
1718213358927 354424.0 41
1718213368953 354424.0 42
1718213378983 354424.0 43
1718213389007 354424.0 44
1718213399028 354424.0 45
1718213409047 354424.0 46
1718213419067 354424.0 47
1718213429088 354424.0 48
1718213439112 354424.0 49
1718213449141 354424.0 50
1718213459172 354424.0 51
1718213469943 354424.0 52
1718213479967 353484.0 53
1718213489991 353484.0 54
1718213500012 353484.0 55
1718213510035 353484.0 56
1718213520058 353484.0 57
1718213530082 353484.0 58
1718213540106 353484.0 59
1718213550128 353484.0 60
1718213560151 353484.0 61
1718213570180 353484.0 62
1718213580205 353484.0 63
1718213590233 353484.0 64
1718213600256 353484.0 65
1718213610280 353484.0 66
1718213620302 353484.0 67
1718213630326 353484.0 68
1718213640349 353484.0 69
1718213650372 353484.0 70
1718213660393 353484.0 71
1718213670416 353484.0 72
1718213680447 353484.0 73
1718213690470 353484.0 74
1718213700492 353484.0 75
1718213710515 353484.0 76
1718213720542 353484.0 77
1718213730566 353484.0 78
1718213740586 353484.0 79
1718213750609 353484.0 80
1718213760632 353484.0 81
1718213770656 353484.0 82
1718213780707 353484.0 83
1718213790731 353484.0 84
1718213800758 353484.0 85
1718213810786 353484.0 86
1718213820815 353484.0 87
1718213830844 353484.0 88
1718213840877 353484.0 89
1718213850899 353484.0 90
1718213860927 353484.0 91
1718213870947 353484.0 92
1718213880975 353484.0 93
1718213891001 353484.0 94
1718213901024 353484.0 95
1718213911047 353484.0 96
1718213921072 353484.0 97
1718213931100 353484.0 98
1718213941124 353484.0 99
1718213951148 353484.0 100
1718213961172 353484.0 101
1718213971195 353484.0 102
1718213981218 353484.0 103
1718213991242 353484.0 104
1718214001264 353484.0 105
1718214011290 352543.9 106
1718214021313 352543.9 107
1718214031357 352543.9 108
1718214041392 352543.9 109
1718214051413 352543.9 110
1718214061436 352543.9 111
1718214071459 352543.9 112
1718214081483 352543.9 113
1718214091559 352543.9 114
1718214101626 352543.9 115
1718214111696 352543.9 116
1718214121721 352543.9 117
1718214131762 352543.9 118
1718214141786 352543.9 119
1718214151864 352543.9 120
1718214161936 352543.9 121
1718214172007 352543.9 122
1718214182031 352543.9 123
1718214192099 352543.9 124
1718214202124 352543.9 125
1718214212190 352543.9 126
1718214222215 352543.9 127
1718214232288 352543.9 128
1718214242359 352543.9 129
1718214252443 352543.9 130
1718214262522 352543.9 131
1718214272594 352543.9 132
1718214282668 352543.9 133
1718214292694 352543.9 134
1718214302774 352543.9 135
1718214312843 352543.9 136
1718214322868 352543.9 137
1718214332893 352543.9 138
1718214342968 352543.9 139
1718214353000 352543.9 140
1718214363026 352543.9 141
1718214373107 352543.9 142
1718214383180 352543.9 143
1718214393211 352543.9 144
1718214403246 352543.9 145
1718214413319 352543.9 146
1718214423350 352543.9 147
1718214433434 352543.9 148
1718214443484 352543.9 149
1718214453518 352543.9 150
1718214463600 352543.9 151
1718214473678 352543.9 152
1718214483712 352543.9 153
1718214493804 352543.9 154
1718214503840 352543.9 155
1718214513869 352543.9 156
1718214523894 352543.9 157
1718214533920 351603.9 158
1718214543950 351603.9 159
1718214553976 351603.9 160
1718214564008 351603.9 161
1718214574036 351603.9 162
1718214584062 351603.9 163
1718214594099 351603.9 164
1718214604206 351603.9 165
1718214614230 351603.9 166
1718214624263 351603.9 167
1718214634347 351603.9 168
1718214644428 351603.8 169
1718214654454 351603.8 170
1718214664531 351603.8 171
1718214674613 351603.8 172
1718214684654 351603.8 173
1718214694691 351603.8 174
1718214704733 351603.8 175
1718214714767 351603.8 176
1718214724798 351603.8 177
1718214734831 351615.2 178
1718214744863 351566.8 179
1718214754900 351530.1 180
1718214764935 351582.1 181
1718214774960 351550.4 182
1718214784985 351595.8 183
1718214795012 351583.0 184
1718214805043 351568.3 185
1718214815081 351543.7 186
1718214825131 351514.5 187
1718214835162 351508.3 188
1718214845198 351508.2 189
1718214855232 351508.1 190
1718214865263 351508.1 191
1718214875290 351508.1 192
1718214885315 351508.1 193
1718214895362 351506.1 194
1718214905442 351500.6 195
1718214915468 351498.8 196
1718214925494 351498.9 197
1718214935565 351497.7 198
1718214945591 351498.5 199
1718214955621 351499.1 200
1718214965649 351499.9 201
1718214975724 351499.9 202
1718214985800 351499.9 203
1718214995831 351499.9 204
1718215005912 351499.9 205
1718215015939 351499.9 206
1718215025975 351499.9 207
1718215036067 351499.9 208
1718215046094 350559.8 209
1718215056132 350559.8 210
1718215066165 350559.8 211
1718215076207 350559.8 212
1718215086242 350559.8 213
