1718212947816 30.6 0
1718212957869 37.7 1
1718212967891 37.8 2
1718212977911 37.8 3
1718212987931 38.1 4
1718212997952 38.1 5
1718213007973 38.1 6
1718213017996 38.1 7
1718213028016 38.1 8
1718213038061 38.1 9
1718213048082 38.1 10
1718213058115 38.1 11
1718213068148 38.1 12
1718213078169 38.1 13
1718213088189 38.1 14
1718213098209 38.1 15
1718213108230 38.1 16
1718213118251 38.1 17
1718213128272 38.1 18
1718213138293 38.1 19
1718213148310 38.1 20
1718213158331 38.1 21
1718213168352 38.1 22
1718213178373 38.1 23
1718213188395 38.1 24
1718213198420 38.1 25
1718213208447 38.1 26
1718213218475 38.1 27
1718213228528 38.1 28
1718213238555 38.1 29
1718213248586 38.1 30
1718213258613 38.1 31
1718213268665 38.1 32
1718213278690 38.1 33
1718213288712 38.1 34
1718213298739 38.1 35
1718213308790 38.1 36
1718213318812 38.1 37
1718213328843 38.1 38
1718213338871 38.1 39
1718213348899 38.1 40
1718213358927 38.1 41
1718213368953 38.1 42
1718213378983 38.1 43
1718213389007 38.1 44
1718213399028 38.1 45
1718213409047 38.1 46
1718213419067 38.1 47
1718213429088 38.1 48
1718213439112 38.1 49
1718213449141 38.1 50
1718213459172 38.1 51
1718213469943 38.1 52
1718213479967 38.1 53
1718213489991 38.1 54
1718213500012 38.1 55
1718213510035 38.1 56
1718213520058 38.1 57
1718213530082 38.1 58
1718213540106 38.1 59
1718213550128 38.1 60
1718213560151 38.1 61
1718213570180 38.1 62
1718213580205 38.1 63
1718213590233 38.1 64
1718213600256 38.1 65
1718213610280 38.1 66
1718213620302 38.1 67
1718213630326 38.1 68
1718213640349 38.1 69
1718213650372 38.1 70
1718213660393 38.1 71
1718213670416 38.1 72
1718213680447 38.1 73
1718213690470 38.1 74
1718213700492 38.1 75
1718213710515 38.1 76
1718213720542 38.1 77
1718213730566 38.1 78
1718213740586 38.1 79
1718213750609 38.1 80
1718213760632 38.1 81
1718213770656 38.1 82
1718213780707 38.1 83
1718213790731 38.1 84
1718213800758 38.1 85
1718213810786 38.1 86
1718213820815 38.1 87
1718213830844 38.1 88
1718213840877 38.1 89
1718213850899 38.1 90
1718213860927 38.1 91
1718213870947 38.1 92
1718213880975 38.1 93
1718213891001 38.1 94
1718213901024 38.1 95
1718213911047 38.1 96
1718213921072 38.1 97
1718213931100 38.1 98
1718213941124 38.1 99
1718213951148 38.1 100
1718213961172 38.1 101
1718213971195 38.1 102
1718213981218 38.1 103
1718213991242 38.1 104
1718214001264 38.1 105
1718214011290 38.1 106
1718214021313 38.1 107
1718214031357 38.1 108
1718214041392 38.1 109
1718214051413 38.1 110
1718214061436 38.1 111
1718214071459 38.1 112
1718214081483 38.1 113
1718214091559 38.1 114
1718214101626 38.1 115
1718214111696 38.1 116
1718214121721 38.1 117
1718214131762 38.1 118
1718214141786 38.1 119
1718214151864 38.1 120
1718214161936 38.1 121
1718214172007 38.1 122
1718214182031 38.1 123
1718214192099 38.1 124
1718214202124 38.1 125
1718214212190 38.1 126
1718214222215 38.1 127
1718214232288 38.1 128
1718214242359 38.1 129
1718214252443 38.1 130
1718214262522 38.1 131
1718214272594 38.1 132
1718214282668 38.1 133
1718214292694 38.1 134
1718214302774 38.1 135
1718214312843 38.1 136
1718214322868 38.1 137
1718214332893 38.1 138
1718214342968 38.1 139
1718214353000 38.1 140
1718214363026 38.1 141
1718214373107 38.1 142
1718214383180 38.1 143
1718214393211 38.1 144
1718214403246 38.1 145
1718214413319 38.1 146
1718214423350 38.1 147
1718214433434 38.1 148
1718214443484 38.1 149
1718214453518 38.1 150
1718214463600 38.1 151
1718214473678 38.1 152
1718214483712 38.1 153
1718214493804 38.1 154
1718214503840 38.1 155
1718214513869 38.1 156
1718214523894 38.1 157
1718214533920 38.1 158
1718214543950 38.1 159
1718214553976 38.1 160
1718214564008 38.1 161
1718214574036 38.1 162
1718214584062 38.1 163
1718214594099 38.1 164
1718214604206 38.1 165
1718214614230 38.1 166
1718214624263 38.1 167
1718214634347 38.1 168
1718214644428 38.1 169
1718214654454 38.1 170
1718214664531 38.1 171
1718214674613 38.1 172
1718214684654 38.1 173
1718214694691 38.1 174
1718214704733 38.1 175
1718214714767 38.1 176
1718214724798 38.5 177
1718214734831 39.2 178
1718214744863 40.9 179
1718214754900 40.0 180
1718214764935 40.1 181
1718214774960 40.0 182
1718214784985 40.4 183
1718214795012 40.2 184
1718214805043 40.2 185
1718214815081 40.2 186
1718214825131 40.2 187
1718214835162 42.0 188
1718214845198 42.0 189
1718214855232 42.4 190
1718214865263 42.0 191
1718214875290 41.8 192
1718214885315 42.3 193
1718214895362 42.4 194
1718214905442 42.0 195
1718214915468 42.9 196
1718214925494 42.4 197
1718214935565 43.0 198
1718214945591 43.3 199
1718214955621 42.3 200
1718214965649 41.5 201
1718214975724 41.2 202
1718214985800 41.2 203
1718214995831 41.2 204
1718215005912 41.4 205
1718215015939 41.2 206
1718215025975 41.7 207
1718215036067 41.5 208
1718215046094 41.4 209
1718215056132 41.8 210
1718215066165 41.9 211
1718215076207 42.6 212
1718215086242 42.6 213
