1718212947816 12.0 0
1718212957869 91.0 1
1718212967891 87.0 2
1718212977911 87.0 3
1718212987931 88.0 4
1718212997952 80.0 5
1718213007973 92.0 6
1718213017996 91.0 7
1718213028016 78.0 8
1718213038061 90.0 9
1718213048082 91.0 10
1718213058115 92.0 11
1718213068148 79.0 12
1718213078169 89.0 13
1718213088189 89.0 14
1718213098209 88.0 15
1718213108230 87.0 16
1718213118251 91.0 17
1718213128272 89.0 18
1718213138293 78.0 19
1718213148310 88.0 20
1718213158331 87.0 21
1718213168352 87.0 22
1718213178373 92.0 23
1718213188395 88.0 24
1718213198420 90.0 25
1718213208447 79.0 26
1718213218475 85.0 27
1718213228528 86.0 28
1718213238555 87.0 29
1718213248586 88.0 30
1718213258613 92.0 31
1718213268665 89.0 32
1718213278690 88.0 33
1718213288712 78.0 34
1718213298739 88.0 35
1718213308790 80.0 36
1718213318812 87.0 37
1718213328843 80.0 38
1718213338871 91.0 39
1718213348899 89.0 40
1718213358927 92.0 41
1718213368953 90.0 42
1718213378983 92.0 43
1718213389007 91.0 44
1718213399028 91.0 45
1718213409047 90.0 46
1718213419067 92.0 47
1718213429088 92.0 48
1718213439112 91.0 49
1718213449141 91.0 50
1718213459172 92.0 51
1718213469943 91.0 52
1718213479967 12.0 53
1718213489991 87.0 54
1718213500012 87.0 55
1718213510035 91.0 56
1718213520058 87.0 57
1718213530082 86.0 58
1718213540106 79.0 59
1718213550128 92.0 60
1718213560151 92.0 61
1718213570180 91.0 62
1718213580205 79.0 63
1718213590233 92.0 64
1718213600256 88.0 65
1718213610280 80.0 66
1718213620302 88.0 67
1718213630326 78.0 68
1718213640349 89.0 69
1718213650372 84.0 70
1718213660393 86.0 71
1718213670416 91.0 72
1718213680447 89.0 73
1718213690470 92.0 74
1718213700492 80.0 75
1718213710515 86.0 76
1718213720542 93.0 77
1718213730566 88.0 78
1718213740586 87.0 79
1718213750609 80.0 80
1718213760632 91.0 81
1718213770656 91.0 82
1718213780707 92.0 83
1718213790731 89.0 84
1718213800758 91.0 85
1718213810786 94.0 86
1718213820815 88.0 87
1718213830844 88.0 88
1718213840877 87.0 89
1718213850899 89.0 90
1718213860927 91.0 91
1718213870947 91.0 92
1718213880975 91.0 93
1718213891001 90.0 94
1718213901024 90.0 95
1718213911047 90.0 96
1718213921072 90.0 97
1718213931100 89.0 98
1718213941124 90.0 99
1718213951148 92.0 100
1718213961172 92.0 101
1718213971195 90.0 102
1718213981218 91.0 103
1718213991242 91.0 104
1718214001264 91.0 105
1718214011290 92.0 106
1718214021313 88.0 107
1718214031357 90.0 108
1718214041392 91.0 109
1718214051413 92.0 110
1718214061436 80.0 111
1718214071459 93.0 112
1718214081483 84.0 113
1718214091559 90.0 114
1718214101626 92.0 115
1718214111696 89.0 116
1718214121721 87.0 117
1718214131762 91.0 118
1718214141786 92.0 119
1718214151864 87.0 120
1718214161936 77.0 121
1718214172007 89.0 122
1718214182031 93.0 123
1718214192099 91.0 124
1718214202124 89.0 125
1718214212190 91.0 126
1718214222215 89.0 127
1718214232288 86.0 128
1718214242359 87.0 129
1718214252443 92.0 130
1718214262522 90.0 131
1718214272594 92.0 132
1718214282668 87.0 133
1718214292694 92.0 134
1718214302774 90.0 135
1718214312843 81.0 136
1718214322868 86.0 137
1718214332893 87.0 138
1718214342968 92.0 139
1718214353000 86.0 140
1718214363026 87.0 141
1718214373107 88.0 142
1718214383180 92.0 143
1718214393211 78.0 144
1718214403246 91.0 145
1718214413319 90.0 146
1718214423350 92.0 147
1718214433434 92.0 148
1718214443484 91.0 149
1718214453518 92.0 150
1718214463600 90.0 151
1718214473678 92.0 152
1718214483712 90.0 153
1718214493804 90.0 154
1718214503840 91.0 155
1718214513869 92.0 156
1718214523894 91.0 157
1718214533920 78.0 158
1718214543950 89.0 159
1718214553976 92.0 160
1718214564008 85.0 161
1718214574036 85.0 162
1718214584062 87.0 163
1718214594099 92.0 164
1718214604206 89.0 165
1718214614230 88.0 166
1718214624263 88.0 167
1718214634347 87.0 168
1718214644428 79.0 169
1718214654454 93.0 170
1718214664531 93.0 171
1718214674613 89.0 172
1718214684654 87.0 173
1718214694691 91.0 174
1718214704733 92.0 175
1718214714767 90.0 176
1718214724798 88.0 177
1718214734831 86.0 178
1718214744863 80.0 179
1718214754900 83.0 180
1718214764935 82.0 181
1718214774960 83.0 182
1718214784985 84.0 183
1718214795012 76.0 184
1718214805043 74.0 185
1718214815081 82.0 186
1718214825131 83.0 187
1718214835162 84.0 188
1718214845198 83.0 189
1718214855232 74.0 190
1718214865263 83.0 191
1718214875290 89.0 192
1718214885315 74.0 193
1718214895362 87.0 194
1718214905442 80.0 195
1718214915468 83.0 196
1718214925494 86.0 197
1718214935565 86.0 198
1718214945591 85.0 199
1718214955621 86.0 200
1718214965649 88.0 201
1718214975724 87.0 202
1718214985800 86.0 203
1718214995831 86.0 204
1718215005912 85.0 205
1718215015939 86.0 206
1718215025975 87.0 207
1718215036067 87.0 208
1718215046094 88.0 209
1718215056132 88.0 210
1718215066165 84.0 211
1718215076207 88.0 212
1718215086242 87.0 213
