1718212947816 3945.3 0
1718212957869 4859.7 1
1718212967891 4874.2 2
1718212977911 4874.2 3
1718212987931 4907.8 4
1718212997952 4907.8 5
1718213007973 4909.9 6
1718213017996 4909.9 7
1718213028016 4909.9 8
1718213038061 4909.9 9
1718213048082 4909.9 10
1718213058115 4909.9 11
1718213068148 4909.9 12
1718213078169 4909.9 13
1718213088189 4909.9 14
1718213098209 4905.7 15
1718213108230 4905.7 16
1718213118251 4905.7 17
1718213128272 4905.7 18
1718213138293 4905.7 19
1718213148310 4905.7 20
1718213158331 4905.7 21
1718213168352 4905.7 22
1718213178373 4905.7 23
1718213188395 4905.7 24
1718213198420 4905.7 25
1718213208447 4905.7 26
1718213218475 4905.7 27
1718213228528 4905.7 28
1718213238555 4905.7 29
1718213248586 4905.7 30
1718213258613 4905.7 31
1718213268665 4905.7 32
1718213278690 4905.7 33
1718213288712 4905.7 34
1718213298739 4905.7 35
1718213308790 4905.7 36
1718213318812 4905.7 37
1718213328843 4905.7 38
1718213338871 4905.7 39
1718213348899 4905.7 40
1718213358927 4905.7 41
1718213368953 4905.7 42
1718213378983 4905.7 43
1718213389007 4905.7 44
1718213399028 4905.7 45
1718213409047 4905.7 46
1718213419067 4905.7 47
1718213429088 4905.7 48
1718213439112 4905.7 49
1718213449141 4905.7 50
1718213459172 4905.7 51
1718213469943 4905.7 52
1718213479967 4914.2 53
1718213489991 4909.9 54
1718213500012 4909.9 55
1718213510035 4909.9 56
1718213520058 4909.9 57
1718213530082 4909.9 58
1718213540106 4909.9 59
1718213550128 4909.9 60
1718213560151 4909.9 61
1718213570180 4909.9 62
1718213580205 4909.9 63
1718213590233 4909.9 64
1718213600256 4909.9 65
1718213610280 4909.9 66
1718213620302 4909.9 67
1718213630326 4909.9 68
1718213640349 4909.9 69
1718213650372 4909.9 70
1718213660393 4909.9 71
1718213670416 4909.9 72
1718213680447 4909.9 73
1718213690470 4909.9 74
1718213700492 4905.7 75
1718213710515 4905.7 76
1718213720542 4905.7 77
1718213730566 4905.7 78
1718213740586 4905.7 79
1718213750609 4905.7 80
1718213760632 4905.7 81
1718213770656 4905.7 82
1718213780707 4905.7 83
1718213790731 4905.7 84
1718213800758 4905.7 85
1718213810786 4905.7 86
1718213820815 4905.7 87
1718213830844 4905.7 88
1718213840877 4905.7 89
1718213850899 4905.7 90
1718213860927 4905.7 91
1718213870947 4905.7 92
1718213880975 4905.7 93
1718213891001 4905.7 94
1718213901024 4905.7 95
1718213911047 4905.7 96
1718213921072 4905.7 97
1718213931100 4905.7 98
1718213941124 4905.7 99
1718213951148 4905.7 100
1718213961172 4905.7 101
1718213971195 4905.7 102
1718213981218 4905.7 103
1718213991242 4905.7 104
1718214001264 4905.7 105
1718214011290 4914.2 106
1718214021313 4909.9 107
1718214031357 4909.9 108
1718214041392 4909.9 109
1718214051413 4909.9 110
1718214061436 4909.9 111
1718214071459 4909.9 112
1718214081483 4909.9 113
1718214091559 4909.9 114
1718214101626 4909.9 115
1718214111696 4909.9 116
1718214121721 4909.9 117
1718214131762 4909.9 118
1718214141786 4909.9 119
1718214151864 4909.9 120
1718214161936 4909.9 121
1718214172007 4909.9 122
1718214182031 4909.9 123
1718214192099 4909.9 124
1718214202124 4909.9 125
1718214212190 4909.9 126
1718214222215 4909.9 127
1718214232288 4909.9 128
1718214242359 4909.9 129
1718214252443 4909.9 130
1718214262522 4909.9 131
1718214272594 4909.9 132
1718214282668 4909.9 133
1718214292694 4905.7 134
1718214302774 4905.7 135
1718214312843 4905.7 136
1718214322868 4905.7 137
1718214332893 4905.7 138
1718214342968 4905.7 139
1718214353000 4905.7 140
1718214363026 4905.7 141
1718214373107 4905.7 142
1718214383180 4905.7 143
1718214393211 4905.7 144
1718214403246 4905.7 145
1718214413319 4905.7 146
1718214423350 4905.7 147
1718214433434 4905.7 148
1718214443484 4905.7 149
1718214453518 4905.7 150
1718214463600 4905.7 151
1718214473678 4905.7 152
1718214483712 4905.7 153
1718214493804 4905.7 154
1718214503840 4905.7 155
1718214513869 4905.7 156
1718214523894 4905.7 157
1718214533920 4914.2 158
1718214543950 4909.9 159
1718214553976 4909.9 160
1718214564008 4909.9 161
1718214574036 4909.9 162
1718214584062 4909.9 163
1718214594099 4905.7 164
1718214604206 4905.7 165
1718214614230 4905.7 166
1718214624263 4905.7 167
1718214634347 4905.7 168
1718214644428 4905.7 169
1718214654454 4905.7 170
1718214664531 4905.7 171
1718214674613 4905.7 172
1718214684654 4905.7 173
1718214694691 4905.7 174
1718214704733 4905.7 175
1718214714767 4905.7 176
1718214724798 4959.6 177
1718214734831 5052.4 178
1718214744863 5266.4 179
1718214754900 5155.5 180
1718214764935 5167.4 181
1718214774960 5155.3 182
1718214784985 5204.1 183
1718214795012 5183.2 184
1718214805043 5183.2 185
1718214815081 5183.2 186
1718214825131 5184.7 187
1718214835162 5409.0 188
1718214845198 5414.6 189
1718214855232 5462.1 190
1718214865263 5413.1 191
1718214875290 5388.7 192
1718214885315 5454.3 193
1718214895362 5465.4 194
1718214905442 5410.5 195
1718214915468 5521.2 196
1718214925494 5461.6 197
1718214935565 5543.7 198
1718214945591 5575.7 199
1718214955621 5445.0 200
1718214965649 5350.4 201
1718214975724 5312.3 202
1718214985800 5309.8 203
1718214995831 5309.7 204
1718215005912 5333.8 205
1718215015939 5314.0 206
1718215025975 5368.6 207
1718215036067 5343.4 208
1718215046094 5331.4 209
1718215056132 5382.8 210
1718215066165 5399.4 211
1718215076207 5486.7 212
1718215086242 5490.7 213
