1718212947816 0.0 0
1718212957869 0.0 1
1718212967891 7.399999998369822e-05 2
1718212977911 7.399999998369822e-05 3
1718212987931 0.00015999999999394277 4
1718212997952 0.0003079999999613392 5
1718213007973 0.004891999999983909 6
1718213017996 0.0049539999999979045 7
1718213028016 0.005039999999951306 8
1718213038061 0.005101999999965301 9
1718213048082 0.005101999999965301 10
1718213058115 0.005101999999965301 11
1718213068148 0.009285999999974592 12
1718213078169 0.009433999999998832 13
1718213088189 0.009433999999998832 14
1718213098209 0.00950799999998253 15
1718213108230 0.00950799999998253 16
1718213118251 0.009593999999992775 17
1718213128272 0.013839999999959218 18
1718213138293 0.013839999999959218 19
1718213148310 0.014735999999970772 20
1718213158331 0.014735999999970772 21
1718213168352 0.019519999999999982 22
1718213178373 0.019863999999984117 23
1718213188395 0.024451999999996588 24
1718213198420 0.030935999999996966 25
1718213208447 0.03338399999995545 26
1718213218475 0.03345799999999599 27
1718213228528 0.033544000000006235 28
1718213238555 0.03436099999998987 29
1718213248586 0.03871699999996281 30
1718213258613 0.038802999999973053 31
1718213268665 0.038802999999973053 32
1718213278690 0.038802999999973053 33
1718213288712 0.0388889999999833 34
1718213298739 0.03912299999996094 35
1718213308790 0.04330699999997023 36
1718213318812 0.04330699999997023 37
1718213328843 0.043392999999980475 38
1718213338871 0.04346699999996417 39
1718213348899 0.04391099999998005 40
1718213358927 0.04391099999998005 41
1718213368953 0.04809499999998934 42
1718213378983 0.048180999999999585 43
1718213389007 0.048180999999999585 44
1718213399028 0.048180999999999585 45
1718213409047 0.048180999999999585 46
1718213419067 0.05032299999999168 47
1718213429088 0.05251299999997627 48
1718213439112 0.05251299999997627 49
1718213449141 0.05340899999998783 50
1718213459172 0.05340899999998783 51
1718213469943 0.05356899999998177 52
1718213479967 0.058649000000002616 53
1718213489991 0.061008999999955904 54
1718213500012 0.07049100000000408 55
1718213510035 0.07057699999995748 56
1718213520058 0.07066299999996772 57
1718213530082 0.07122199999997747 58
1718213540106 0.07344999999997981 59
1718213550128 0.0757499999999709 60
1718213560151 0.07583599999998114 61
1718213570180 0.07583599999998114 62
1718213580205 0.07583599999998114 63
1718213590233 0.07592199999999139 64
1718213600256 0.08032799999995177 65
1718213610280 0.08032799999995177 66
1718213620302 0.08032799999995177 67
1718213630326 0.08041399999996202 68
1718213640349 0.08047599999997601 69
1718213650372 0.08047599999997601 70
1718213660393 0.0846599999999853 71
1718213670416 0.08473299999997153 72
1718213680447 0.08488099999999577 73
1718213690470 0.08488099999999577 74
1718213700492 0.08488099999999577 75
1718213710515 0.08488099999999577 76
1718213720542 0.08940899999998919 77
1718213730566 0.09355299999998579 78
1718213740586 0.14472699999998895 79
1718213750609 0.17245699999995168 80
1718213760632 0.17254299999996192 81
1718213770656 0.17262899999997217 82
1718213780707 0.17681299999998146 83
1718213790731 0.1772049999999581 84
1718213800758 0.18315799999999172 85
1718213810786 0.18324400000000196 86
1718213820815 0.18324400000000196 87
1718213830844 0.1838889999999651 88
1718213840877 0.1882089999999721 89
1718213850899 0.18845499999997628 90
1718213860927 0.18845499999997628 91
1718213870947 0.18845499999997628 92
1718213880975 0.18845499999997628 93
1718213891001 0.18854099999998652 94
1718213901024 0.1928729999999632 95
1718213911047 0.1929829999999697 96
1718213921072 0.1930449999999837 97
1718213931100 0.19313099999999395 98
1718213941124 0.1931929999999511 99
1718213951148 0.1931929999999511 100
1718213961172 0.1973769999999604 101
1718213971195 0.1973769999999604 102
1718213981218 0.19759899999996833 103
1718213991242 0.19759899999996833 104
1718214001264 0.19759899999996833 105
1718214011290 0.20070899999996072 106
1718214021313 0.20497899999998026 107
1718214031357 0.20497899999998026 108
1718214041392 0.20587499999999181 109
1718214051413 0.2059370000000058 110
1718214061436 0.2059370000000058 111
1718214071459 0.2060229999999592 112
1718214081483 0.2102069999999685 113
1718214091559 0.2104389999999512 114
1718214101626 0.2203489999999988 115
1718214111696 0.2204349999999522 116
1718214121721 0.22052099999996244 117
1718214131762 0.22125199999999268 118
1718214141786 0.22543600000000197 119
1718214151864 0.2256079999999656 120
1718214161936 0.22569399999997586 121
1718214172007 0.22575599999998985 122
1718214182031 0.22575599999998985 123
1718214192099 0.2259279999999535 124
1718214202124 0.23017399999997679 125
1718214212190 0.23017399999997679 126
1718214222215 0.23017399999997679 127
1718214232288 0.23033399999997073 128
1718214242359 0.23033399999997073 129
1718214252443 0.2305680000000052 130
1718214262522 0.23475199999995766 131
1718214272594 0.2348379999999679 132
1718214282668 0.2348379999999679 133
1718214292694 0.2348379999999679 134
1718214302774 0.2348379999999679 135
1718214312843 0.2348379999999679 136
1718214322868 0.23917000000000144 137
1718214332893 0.23917000000000144 138
1718214342968 0.24006599999995615 139
1718214353000 0.2401399999999967 140
1718214363026 0.24022600000000693 141
1718214373107 0.24262999999996282 142
1718214383180 0.2652299999999741 143
1718214393211 0.277232999999967 144
1718214403246 0.2852519999999572 145
1718214413319 0.2865359999999555 146
1718214423350 0.28670199999999113 147
1718214433434 0.28759900000000016 148
1718214443484 0.2921209999999519 149
1718214453518 0.29220699999996214 150
1718214463600 0.29220699999996214 151
1718214473678 0.2922810000000027 152
1718214483712 0.29244699999998147 153
1718214493804 0.2926809999999591 154
1718214503840 0.2968649999999684 155
1718214513869 0.2973509999999919 156
1718214523894 0.2973509999999919 157
1718214533920 0.3004609999999843 158
1718214543950 0.3004609999999843 159
1718214553976 0.3004609999999843 160
1718214564008 0.3046449999999936 161
1718214574036 0.30473100000000386 162
1718214584062 0.304792999999961 163
1718214594099 0.3049389999999903 164
1718214604206 0.305012999999974 165
1718214614230 0.305012999999974 166
1718214624263 0.30934500000000753 167
1718214634347 0.3128569999999513 168
1718214644428 0.3207909999999856 169
1718214654454 0.3207909999999856 170
1718214664531 0.32087699999999586 171
1718214674613 0.32087699999999586 172
1718214684654 0.32506100000000515 173
1718214694691 0.32529299999998784 174
1718214704733 0.3352639999999951 175
1718214714767 0.33543599999995877 176
1718214724798 0.33543599999995877 177
1718214734831 0.7053919999999607 178
1718214744863 1.7411129999999844 179
1718214754900 2.2346200000000067 180
1718214764935 2.7268379999999866 181
1718214774960 3.0176289999999995 182
1718214784985 3.107436000000007 183
1718214795012 3.252674999999954 184
1718214805043 3.294856999999979 185
1718214815081 3.318969999999979 186
1718214825131 3.328914999999995 187
1718214835162 3.371442000000002 188
1718214845198 3.472503999999958 189
1718214855232 3.586879999999951 190
1718214865263 3.5962789999999814 191
1718214875290 3.6217869999999834 192
1718214885315 3.6439039999999636 193
1718214895362 3.770010999999954 194
1718214905442 3.8900939999999764 195
1718214915468 3.9435809999999947 196
1718214925494 3.953741999999977 197
1718214935565 3.9693019999999706 198
1718214945591 3.9785650000000032 199
1718214955621 3.9837569999999687 200
1718214965649 4.0194909999999595 201
1718214975724 4.039768999999978 202
1718214985800 4.048976999999979 203
1718214995831 4.067680999999993 204
1718215005912 4.072885999999983 205
1718215015939 4.080016999999998 206
1718215025975 4.097436999999957 207
1718215036067 4.116308000000004 208
1718215046094 4.139644999999973 209
1718215056132 4.19014199999998 210
1718215066165 4.211355999999967 211
1718215076207 4.247579999999971 212
1718215086242 4.417402999999979 213
