1718212947816 0.0 0
1718212957869 0.0003879999985656468 1
1718212967891 0.0006229999999050051 2
1718212977911 0.0006229999999050051 3
1718212987931 0.0013810000000376021 4
1718212997952 0.002166999998735264 5
1718213007973 0.007402999999612803 6
1718213017996 0.007702999999310123 7
1718213028016 0.008045999999012565 8
1718213038061 0.008105999999315827 9
1718213048082 0.008240999999543419 10
1718213058115 0.008300999999846681 11
1718213068148 0.01261999999951513 12
1718213078169 0.012762000000293483 13
1718213088189 0.012996999999813852 14
1718213098209 0.012996999999813852 15
1718213108230 0.013213999998697545 16
1718213118251 0.013407999998889863 17
1718213128272 0.017846999999164836 18
1718213138293 0.017846999999164836 19
1718213148310 0.01900999999998021 20
1718213158331 0.01909199999863631 21
1718213168352 0.029361999999309774 22
1718213178373 0.02951799999937066 23
1718213188395 0.034284999999727006 24
1718213198420 0.04481800000030489 25
1718213208447 0.05268599999908474 26
1718213218475 0.05278600000019651 27
1718213228528 0.05292099999860511 28
1718213238555 0.05466599999999744 29
1718213248586 0.059176999999181135 30
1718213258613 0.05924299999969662 31
1718213268665 0.059377999999924214 32
1718213278690 0.059377999999924214 33
1718213288712 0.059660999999323394 34
1718213298739 0.05985299999883864 35
1718213308790 0.06423199999881035 36
1718213318812 0.06423199999881035 37
1718213328843 0.06449299999985669 38
1718213338871 0.06467499999962456 39
1718213348899 0.06528099999923143 40
1718213358927 0.06547499999942374 41
1718213368953 0.0697939999990922 42
1718213378983 0.06987599999956728 43
1718213389007 0.07001099999979488 44
1718213399028 0.07001099999979488 45
1718213409047 0.07014600000002247 46
1718213419067 0.07220199999937904 47
1718213429088 0.07466699999895354 48
1718213439112 0.07466699999895354 49
1718213449141 0.07582999999976892 50
1718213459172 0.07582999999976892 51
1718213469943 0.07614699999976438 52
1718213479967 0.08747299999959068 53
1718213489991 0.09002799999871058 54
1718213500012 0.10837699999865436 55
1718213510035 0.1087680000000546 56
1718213520058 0.1087680000000546 57
1718213530082 0.1092369999987568 58
1718213540106 0.11167599999862432 59
1718213550128 0.11409900000035123 60
1718213560151 0.11409900000035123 61
1718213570180 0.11420199999884062 62
1718213580205 0.11420199999884062 63
1718213590233 0.11447099999895727 64
1718213600256 0.11878099999921687 65
1718213610280 0.11894399999982852 66
1718213620302 0.11894399999982852 67
1718213630326 0.11917299999913666 68
1718213640349 0.11923299999943993 69
1718213650372 0.11933599999974831 70
1718213660393 0.12351999999918917 71
1718213670416 0.12375599999904807 72
1718213680447 0.12381599999935133 73
1718213690470 0.12391899999965972 74
1718213700492 0.12391899999965972 75
1718213710515 0.1240219999999681 76
1718213720542 0.1285279999992781 77
1718213730566 0.13501600000017788 78
1718213740586 0.27391199999874516 79
1718213750609 2.0560749999986 80
1718213760632 2.0560749999986 81
1718213770656 2.0561779999989085 82
1718213780707 2.0603620000001683 83
1718213790731 2.0608789999987494 84
1718213800758 2.070568999999523 85
1718213810786 2.0706719999998313 86
1718213820815 2.0706719999998313 87
1718213830844 2.0715279999985796 88
1718213840877 2.075827999999092 89
1718213850899 2.076162999999724 90
1718213860927 2.0762230000000272 91
1718213870947 2.07638599999882 92
1718213880975 2.07638599999882 93
1718213891001 2.0765549999996438 94
1718213901024 2.0808649999999034 95
1718213911047 2.081561999999394 96
1718213921072 2.0818619999990915 97
1718213931100 2.0820910000002186 98
1718213941124 2.082150999998703 99
1718213951148 2.0822539999990113 100
1718213961172 2.086438000000271 101
1718213971195 2.0866409999998723 102
1718213981218 2.08676099999866 103
1718213991242 2.086863999998968 104
1718214001264 2.086863999998968 105
1718214011290 2.0961090000000695 106
1718214021313 2.1002929999995104 107
1718214031357 2.1003959999998187 108
1718214041392 2.101483999998891 109
1718214051413 2.1016469999995024 110
1718214061436 2.1016469999995024 111
1718214071459 2.101749999999811 112
1718214081483 2.1059339999992517 113
1718214091559 2.106268999999884 114
1718214101626 2.124928999999611 115
1718214111696 2.125031999999919 116
1718214121721 2.125031999999919 117
1718214131762 2.1258879999986675 118
1718214141786 2.1300719999999274 119
1718214151864 2.1303069999994477 120
1718214161936 2.130366999999751 121
1718214172007 2.1305299999985436 122
1718214182031 2.1305299999985436 123
1718214192099 2.130764999999883 124
1718214202124 2.135008999999627 125
1718214212190 2.1351119999999355 126
1718214222215 2.135331999999835 127
1718214232288 2.1355009999988397 128
1718214242359 2.1355009999988397 129
1718214252443 2.135819999999512 130
1718214262522 2.140003999998953 131
1718214272594 2.1401069999992615 132
1718214282668 2.1401669999995647 133
1718214292694 2.140269999999873 134
1718214302774 2.140269999999873 135
1718214312843 2.1403730000001815 136
1718214322868 2.1446169999999256 137
1718214332893 2.144720000000234 138
1718214342968 2.145807999999306 139
1718214353000 2.146010999998907 140
1718214363026 2.146010999998907 141
1718214373107 2.1534169999995356 142
1718214383180 2.1816559999988385 143
1718214393211 2.188981999999669 144
1718214403246 2.203650999999809 145
1718214413319 2.204074999999648 146
1718214423350 2.204074999999648 147
1718214433434 2.204931000000215 148
1718214443484 2.2091810000001715 149
1718214453518 2.2093499999991764 150
1718214463600 2.2094099999994796 151
1718214473678 2.209612999999081 152
1718214483712 2.209612999999081 153
1718214493804 2.209804999998596 154
1718214503840 2.213988999999856 155
1718214513869 2.2143099999993865 156
1718214523894 2.2143699999996898 157
1718214533920 2.223577999999179 158
1718214543950 2.223577999999179 159
1718214553976 2.223577999999179 160
1718214564008 2.22776199999862 161
1718214574036 2.22776199999862 162
1718214584062 2.2278219999989233 163
1718214594099 2.228471999998874 164
1718214604206 2.2285719999999856 165
1718214614230 2.2285719999999856 166
1718214624263 2.2328159999997297 167
1718214634347 2.2361459999992803 168
1718214644428 2.254938999998558 169
1718214654454 2.2551019999991695 170
1718214664531 2.2551019999991695 171
1718214674613 2.255204999999478 172
1718214684654 2.2593889999989187 173
1718214694691 2.2596209999992425 174
1718214704733 2.2783139999992272 175
1718214714767 2.2783139999992272 176
1718214724798 2.278414000000339 177
1718214734831 2.882815999999366 178
1718214744863 40.80746999999974 179
1718214754900 75.42113999999856 180
1718214764935 110.33854999999858 181
1718214774960 140.87345199999982 182
1718214784985 158.4089210000002 183
1718214795012 158.45628699999907 184
1718214805043 158.46777999999904 185
1718214815081 158.4853009999988 186
1718214825131 158.5075479999996 187
1718214835162 159.0716769999999 188
1718214845198 163.9181719999997 189
1718214855232 166.24210499999936 190
1718214865263 166.30536699999902 191
1718214875290 166.3238220000003 192
1718214885315 166.41302600000017 193
1718214895362 168.08392699999968 194
1718214905442 169.7218589999993 195
1718214915468 170.64150299999892 196
1718214925494 170.64914599999975 197
1718214935565 170.65673199999947 198
1718214945591 170.664483999999 199
1718214955621 170.66845599999942 200
1718214965649 171.1527049999986 201
1718214975724 171.17481099999895 202
1718214985800 171.18313800000033 203
1718214995831 171.20180900000014 204
1718215005912 171.20642399999997 205
1718215015939 171.21301399999902 206
1718215025975 171.24093100000027 207
1718215036067 171.26314900000034 208
1718215046094 171.28717700000016 209
1718215056132 172.41496600000028 210
1718215066165 172.8900249999988 211
1718215076207 173.17131899999913 212
1718215086242 175.50700200000028 213
