1718212947816 17.0 0
1718212957869 20.7 1
1718212967891 20.7 2
1718212977911 21.0 3
1718212987931 21.0 4
1718212997952 21.0 5
1718213007973 21.0 6
1718213017996 21.0 7
1718213028016 21.0 8
1718213038061 21.0 9
1718213048082 20.9 10
1718213058115 20.9 11
1718213068148 20.9 12
1718213078169 21.0 13
1718213088189 21.0 14
1718213098209 20.9 15
1718213108230 21.0 16
1718213118251 20.9 17
1718213128272 21.0 18
1718213138293 21.0 19
1718213148310 21.0 20
1718213158331 21.0 21
1718213168352 21.0 22
1718213178373 20.9 23
1718213188395 20.9 24
1718213198420 20.9 25
1718213208447 21.0 26
1718213218475 20.9 27
1718213228528 20.9 28
1718213238555 20.9 29
1718213248586 20.9 30
1718213258613 20.9 31
1718213268665 20.9 32
1718213278690 20.9 33
1718213288712 20.9 34
1718213298739 20.9 35
1718213308790 20.9 36
1718213318812 20.9 37
1718213328843 20.9 38
1718213338871 20.9 39
1718213348899 20.9 40
1718213358927 21.2 41
1718213368953 21.2 42
1718213378983 21.2 43
1718213389007 21.2 44
1718213399028 21.2 45
1718213409047 21.3 46
1718213419067 21.3 47
1718213429088 21.3 48
1718213439112 21.3 49
1718213449141 21.2 50
1718213459172 21.2 51
1718213469943 21.3 52
1718213479967 24.0 53
1718213489991 24.1 54
1718213500012 24.1 55
1718213510035 24.1 56
1718213520058 24.1 57
1718213530082 24.1 58
1718213540106 24.1 59
1718213550128 24.1 60
1718213560151 24.1 61
1718213570180 24.2 62
1718213580205 24.2 63
1718213590233 24.1 64
1718213600256 24.1 65
1718213610280 24.1 66
1718213620302 24.1 67
1718213630326 24.1 68
1718213640349 24.1 69
1718213650372 24.1 70
1718213660393 24.1 71
1718213670416 24.1 72
1718213680447 24.1 73
1718213690470 24.1 74
1718213700492 24.1 75
1718213710515 24.1 76
1718213720542 24.1 77
1718213730566 24.1 78
1718213740586 24.1 79
1718213750609 24.4 80
1718213760632 24.0 81
1718213770656 24.0 82
1718213780707 24.0 83
1718213790731 24.0 84
1718213800758 24.0 85
1718213810786 24.0 86
1718213820815 24.0 87
1718213830844 24.0 88
1718213840877 24.0 89
1718213850899 24.0 90
1718213860927 24.0 91
1718213870947 24.0 92
1718213880975 24.0 93
1718213891001 24.0 94
1718213901024 24.0 95
1718213911047 24.0 96
1718213921072 24.0 97
1718213931100 24.0 98
1718213941124 24.0 99
1718213951148 24.0 100
1718213961172 24.0 101
1718213971195 24.0 102
1718213981218 24.0 103
1718213991242 24.0 104
1718214001264 24.0 105
1718214011290 24.0 106
1718214021313 24.1 107
1718214031357 24.1 108
1718214041392 24.1 109
1718214051413 24.1 110
1718214061436 24.1 111
1718214071459 24.0 112
1718214081483 24.0 113
1718214091559 24.1 114
1718214101626 24.1 115
1718214111696 24.1 116
1718214121721 24.0 117
1718214131762 24.0 118
1718214141786 24.0 119
1718214151864 24.0 120
1718214161936 24.0 121
1718214172007 23.9 122
1718214182031 24.0 123
1718214192099 24.0 124
1718214202124 23.9 125
1718214212190 24.0 126
1718214222215 24.0 127
1718214232288 24.0 128
1718214242359 24.0 129
1718214252443 24.0 130
1718214262522 24.0 131
1718214272594 24.0 132
1718214282668 24.0 133
1718214292694 24.0 134
1718214302774 24.0 135
1718214312843 24.0 136
1718214322868 24.0 137
1718214332893 24.0 138
1718214342968 23.9 139
1718214353000 23.9 140
1718214363026 24.0 141
1718214373107 24.0 142
1718214383180 24.0 143
1718214393211 24.0 144
1718214403246 24.0 145
1718214413319 24.0 146
1718214423350 24.0 147
1718214433434 24.0 148
1718214443484 23.9 149
1718214453518 24.0 150
1718214463600 24.0 151
1718214473678 24.0 152
1718214483712 24.0 153
1718214493804 24.0 154
1718214503840 23.9 155
1718214513869 23.9 156
1718214523894 24.0 157
1718214533920 24.0 158
1718214543950 24.0 159
1718214553976 24.0 160
1718214564008 24.0 161
1718214574036 24.1 162
1718214584062 24.1 163
1718214594099 24.1 164
1718214604206 24.1 165
1718214614230 24.1 166
1718214624263 24.1 167
1718214634347 24.1 168
1718214644428 24.0 169
1718214654454 24.0 170
1718214664531 24.0 171
1718214674613 24.0 172
1718214684654 24.0 173
1718214694691 23.9 174
1718214704733 24.0 175
1718214714767 24.0 176
1718214724798 24.1 177
1718214734831 26.8 178
1718214744863 30.7 179
1718214754900 33.7 180
1718214764935 35.1 181
1718214774960 34.7 182
1718214784985 34.5 183
1718214795012 34.4 184
1718214805043 34.1 185
1718214815081 33.7 186
1718214825131 33.6 187
1718214835162 33.7 188
1718214845198 34.2 189
1718214855232 34.5 190
1718214865263 34.4 191
1718214875290 34.2 192
1718214885315 34.4 193
1718214895362 34.5 194
1718214905442 34.7 195
1718214915468 35.0 196
1718214925494 34.8 197
1718214935565 34.6 198
1718214945591 34.5 199
1718214955621 34.4 200
1718214965649 33.8 201
1718214975724 33.8 202
1718214985800 33.7 203
1718214995831 33.6 204
1718215005912 33.7 205
1718215015939 33.7 206
1718215025975 33.9 207
1718215036067 33.9 208
1718215046094 34.0 209
1718215056132 34.1 210
1718215066165 34.1 211
1718215076207 34.2 212
1718215086242 34.5 213
