1718212947816 5694.1 0
1718212957869 6940.5 1
1718212967891 6948.3 2
1718212977911 7053.5 3
1718212987931 7056.2 4
1718212997952 7038.3 5
1718213007973 7036.6 6
1718213017996 7030.7 7
1718213028016 7026.1 8
1718213038061 7028.8 9
1718213048082 7018.3 10
1718213058115 7020.0 11
1718213068148 7020.7 12
1718213078169 7026.3 13
1718213088189 7031.4 14
1718213098209 7019.5 15
1718213108230 7026.0 16
1718213118251 7021.5 17
1718213128272 7030.7 18
1718213138293 7026.6 19
1718213148310 7028.9 20
1718213158331 7031.7 21
1718213168352 7027.7 22
1718213178373 7013.0 23
1718213188395 7023.2 24
1718213198420 7019.0 25
1718213208447 7029.0 26
1718213218475 7012.7 27
1718213228528 7009.5 28
1718213238555 7014.0 29
1718213248586 7016.8 30
1718213258613 7013.0 31
1718213268665 7013.2 32
1718213278690 7011.0 33
1718213288712 7014.0 34
1718213298739 7012.2 35
1718213308790 7019.6 36
1718213318812 7022.1 37
1718213328843 7024.1 38
1718213338871 7018.9 39
1718213348899 7017.8 40
1718213358927 7110.1 41
1718213368953 7123.9 42
1718213378983 7108.4 43
1718213389007 7125.9 44
1718213399028 7124.3 45
1718213409047 7131.0 46
1718213419067 7130.5 47
1718213429088 7130.9 48
1718213439112 7130.4 49
1718213449141 7125.4 50
1718213459172 7125.2 51
1718213469943 7128.5 52
1718213479967 8065.3 53
1718213489991 8083.2 54
1718213500012 8086.8 55
1718213510035 8076.9 56
1718213520058 8093.0 57
1718213530082 8088.0 58
1718213540106 8086.3 59
1718213550128 8097.8 60
1718213560151 8098.6 61
1718213570180 8101.6 62
1718213580205 8102.8 63
1718213590233 8066.6 64
1718213600256 8076.0 65
1718213610280 8069.1 66
1718213620302 8069.4 67
1718213630326 8070.4 68
1718213640349 8076.2 69
1718213650372 8067.5 70
1718213660393 8069.1 71
1718213670416 8073.6 72
1718213680447 8073.2 73
1718213690470 8066.8 74
1718213700492 8071.1 75
1718213710515 8068.0 76
1718213720542 8079.6 77
1718213730566 8070.2 78
1718213740586 8091.4 79
1718213750609 8197.7 80
1718213760632 8052.8 81
1718213770656 8038.5 82
1718213780707 8043.8 83
1718213790731 8041.1 84
1718213800758 8061.3 85
1718213810786 8056.7 86
1718213820815 8048.2 87
1718213830844 8036.4 88
1718213840877 8038.2 89
1718213850899 8051.3 90
1718213860927 8037.1 91
1718213870947 8042.2 92
1718213880975 8040.2 93
1718213891001 8052.6 94
1718213901024 8037.4 95
1718213911047 8034.9 96
1718213921072 8040.1 97
1718213931100 8057.0 98
1718213941124 8048.3 99
1718213951148 8047.7 100
1718213961172 8057.1 101
1718213971195 8041.8 102
1718213981218 8052.7 103
1718213991242 8046.1 104
1718214001264 8050.3 105
1718214011290 8052.8 106
1718214021313 8071.4 107
1718214031357 8066.6 108
1718214041392 8068.4 109
1718214051413 8070.3 110
1718214061436 8081.6 111
1718214071459 8065.0 112
1718214081483 8056.9 113
1718214091559 8072.0 114
1718214101626 8080.7 115
1718214111696 8072.3 116
1718214121721 8036.3 117
1718214131762 8041.0 118
1718214141786 8039.5 119
1718214151864 8043.5 120
1718214161936 8040.0 121
1718214172007 8031.6 122
1718214182031 8033.0 123
1718214192099 8034.9 124
1718214202124 8028.5 125
1718214212190 8043.6 126
1718214222215 8041.3 127
1718214232288 8045.7 128
1718214242359 8040.4 129
1718214252443 8037.8 130
1718214262522 8054.0 131
1718214272594 8056.1 132
1718214282668 8045.3 133
1718214292694 8058.5 134
1718214302774 8042.8 135
1718214312843 8039.1 136
1718214322868 8035.7 137
1718214332893 8032.4 138
1718214342968 8029.0 139
1718214353000 8026.2 140
1718214363026 8048.1 141
1718214373107 8038.9 142
1718214383180 8032.2 143
1718214393211 8035.4 144
1718214403246 8039.5 145
1718214413319 8035.7 146
1718214423350 8043.0 147
1718214433434 8050.2 148
1718214443484 8029.6 149
1718214453518 8037.0 150
1718214463600 8038.5 151
1718214473678 8041.3 152
1718214483712 8044.8 153
1718214493804 8049.2 154
1718214503840 8030.2 155
1718214513869 8031.4 156
1718214523894 8042.5 157
1718214533920 8056.0 158
1718214543950 8054.9 159
1718214553976 8053.0 160
1718214564008 8054.6 161
1718214574036 8070.3 162
1718214584062 8070.2 163
1718214594099 8067.7 164
1718214604206 8066.4 165
1718214614230 8075.5 166
1718214624263 8081.2 167
1718214634347 8079.6 168
1718214644428 8045.1 169
1718214654454 8048.0 170
1718214664531 8052.6 171
1718214674613 8035.0 172
1718214684654 8041.2 173
1718214694691 8030.4 174
1718214704733 8044.7 175
1718214714767 8045.2 176
1718214724798 8076.3 177
1718214734831 8979.5 178
1718214744863 10289.7 179
1718214754900 11292.9 180
1718214764935 11778.8 181
1718214774960 11622.5 182
1718214784985 11584.3 183
1718214795012 11536.7 184
1718214805043 11429.2 185
1718214815081 11301.9 186
1718214825131 11254.6 187
1718214835162 11317.7 188
1718214845198 11458.6 189
1718214855232 11568.9 190
1718214865263 11545.5 191
1718214875290 11485.8 192
1718214885315 11522.6 193
1718214895362 11584.9 194
1718214905442 11635.8 195
1718214915468 11739.6 196
1718214925494 11682.8 197
1718214935565 11597.9 198
1718214945591 11585.8 199
1718214955621 11551.8 200
1718214965649 11339.1 201
1718214975724 11350.7 202
1718214985800 11308.2 203
1718214995831 11282.4 204
1718215005912 11287.4 205
1718215015939 11288.9 206
1718215025975 11364.5 207
1718215036067 11366.3 208
1718215046094 11390.0 209
1718215056132 11434.1 210
1718215066165 11433.3 211
1718215076207 11484.0 212
1718215086242 11574.8 213
