1717929840023 0.02 100
1717929849440 0.04 200
1717929858845 0.05 300
1717929868226 0.07 400
1717929877610 0.09 500
1717929886988 0.11 600
1717929896384 0.12 700
1717929905786 0.14 800
1717929915223 0.16 900
1717929924659 0.18 1000
1717929931185 0.18 1000
1717929940623 0.19 1100
1717929950049 0.21 1200
1717929959462 0.23 1300
1717929968862 0.25 1400
1717929978272 0.26 1500
1717929987677 0.28 1600
1717929997078 0.3 1700
1717930006484 0.32 1800
1717930015884 0.33 1900
1717930025296 0.35 2000
1717930031768 0.35 2000
1717930041172 0.37 2100
1717930050613 0.39 2200
1717930060025 0.4 2300
1717930069733 0.42 2400
1717930079758 0.44 2500
1717930089748 0.46 2600
1717930099726 0.47 2700
1717930109814 0.49 2800
1717930119933 0.51 2900
1717930129887 0.53 3000
1717930136868 0.53 3000
1717930148860 0.54 3100
1717930159349 0.56 3200
1717930169824 0.58 3300
1717930180175 0.6 3400
1717930190585 0.61 3500
1717930200695 0.63 3600
1717930210734 0.65 3700
1717930220770 0.67 3800
1717930230837 0.68 3900
1717930240753 0.7 4000
1717930247162 0.7 4000
1717930256479 0.72 4100
1717930265767 0.74 4200
1717930275053 0.75 4300
1717930284338 0.77 4400
1717930293629 0.79 4500
1717930302927 0.81 4600
1717930312226 0.82 4700
1717930321533 0.84 4800
1717930330842 0.86 4900
1717930340158 0.88 5000
1717930346557 0.88 5000
1717930355871 0.89 5100
1717930365171 0.91 5200
1717930374481 0.93 5300
1717930383780 0.95 5400
1717930393085 0.96 5500
1717930402389 0.98 5600
1717930411691 1.0 5700
1717930413044 1.0 5702
