1717929840023 2.683432102203369 100
1717929849440 3.2693395614624023 200
1717929858845 5.305385112762451 300
1717929868226 4.3240156173706055 400
1717929877610 8.202775955200195 500
1717929886988 11.77946662902832 600
1717929896384 4.8851118087768555 700
1717929905786 11.322843551635742 800
1717929915223 15.403635025024414 900
1717929924659 11.097268104553223 1000
1717929940623 10.180179595947266 1100
1717929950049 7.058995246887207 1200
1717929959462 7.431803226470947 1300
1717929968862 7.0900774002075195 1400
1717929978272 5.999781608581543 1500
1717929987677 20.711286544799805 1600
1717929997078 7.762644290924072 1700
1717930006484 9.220683097839355 1800
1717930015884 9.423888206481934 1900
1717930025296 7.855384826660156 2000
1717930041172 6.699373245239258 2100
1717930050613 6.2616963386535645 2200
1717930060025 8.069568634033203 2300
1717930069733 12.465770721435547 2400
1717930079758 4.515446662902832 2500
1717930089748 10.440825462341309 2600
1717930099726 7.252633571624756 2700
1717930109814 5.386020660400391 2800
1717930119933 14.06710433959961 2900
1717930129887 6.827829360961914 3000
1717930148860 6.502723693847656 3100
1717930159349 8.388131141662598 3200
1717930169824 5.4683332443237305 3300
1717930180175 7.342774391174316 3400
1717930190585 7.88986349105835 3500
1717930200695 9.179128646850586 3600
1717930210734 11.582777976989746 3700
1717930220770 8.832390785217285 3800
1717930230837 2.981657028198242 3900
1717930240753 7.348573684692383 4000
1717930256479 8.082258224487305 4100
1717930265767 7.403674125671387 4200
1717930275053 6.660269260406494 4300
1717930284338 4.921566963195801 4400
1717930293629 7.602303981781006 4500
1717930302927 6.585836887359619 4600
1717930312226 8.466177940368652 4700
1717930321533 14.080612182617188 4800
1717930330842 12.988341331481934 4900
1717930340158 7.955841541290283 5000
1717930355871 9.120077133178711 5100
1717930365171 6.772091865539551 5200
1717930374481 12.54129409790039 5300
1717930383780 5.6204023361206055 5400
1717930393085 10.229135513305664 5500
1717930402389 14.06086540222168 5600
1717930411691 6.317665100097656 5700
