1717929840023 5.2539404553415064e-06 100
1717929849440 1.0507880910683013e-05 200
1717929858845 1.576182136602452e-05 300
1717929868226 2.1015761821366026e-05 400
1717929877610 2.6269702276707533e-05 500
1717929886988 2.999763548776819e-05 600
1717929896384 2.995323611195637e-05 700
1717929905786 2.9852797110164538e-05 800
1717929915223 2.969669489349542e-05 900
1717929924659 2.948551447978538e-05 1000
1717929940623 2.922004730115719e-05 1100
1717929950049 2.8901288238002568e-05 1200
1717929959462 2.8530431890509937e-05 1300
1717929968862 2.8108868101710605e-05 1400
1717929978272 2.76381767488214e-05 1500
1717929987677 2.7120121822403996e-05 1600
1717929997078 2.655664481553026e-05 1700
1717930006484 2.594985744772881e-05 1800
1717930015884 2.5302033750980847e-05 1900
1717930025296 2.461560154742433e-05 2000
1717930041172 2.3893133350705125e-05 2100
1717930050613 2.3137336725073767e-05 2200
1717930060025 2.235104413835865e-05 2300
1717930069733 2.1537202346843193e-05 2400
1717930079758 2.0698861351828913e-05 2500
1717930089748 1.9839162969271403e-05 2600
1717930099726 1.8961329055326312e-05 2700
1717930109814 1.8068649431931965e-05 2800
1717930119933 1.7164469557679428e-05 2900
1717930129887 1.6252177990175387e-05 3000
1717930148860 1.533519368688463e-05 3100
1717930159349 1.4416953192044212e-05 3200
1717930169824 1.350089775766844e-05 3300
1717930180175 1.2590460446910661e-05 3400
1717930190585 1.1689053268114167e-05 3500
1717930200695 1.0800054387769285e-05 3600
1717930210734 9.926795470298233e-06 3700
1717930220770 9.072549192113817e-06 3800
1717930230837 8.240516976745102e-06 3900
1717930240753 7.4338169969945e-06 4000
1717930256479 6.655472489090271e-06 4100
1717930265767 5.908400422628829e-06 4200
1717930275053 5.195400568768149e-06 4300
1717930284338 4.519145007640912e-06 4400
1717930293629 3.8821681143100615e-06 4500
1717930302927 3.2868570607959597e-06 4600
1717930312226 2.73544286977028e-06 4700
1717930321533 2.2299920534444057e-06 4800
1717930330842 1.7723988689868974e-06 4900
1717930340158 1.3643782194940469e-06 5000
1717930355871 1.007459227118313e-06 5100
1717930365171 7.029795024403146e-07 5200
1717930374481 4.5208013156086356e-07 5300
1717930383780 2.5570139969965434e-07 5400
1717930393085 1.1457926732715284e-07 5500
1717930402389 2.924261203590295e-08 5600
1717930411691 1.1246487801042094e-11 5700
