1717929840023 1.0942 100
1717929849440 0.9789 200
1717929858845 0.8782 300
1717929868226 0.8088 400
1717929877610 0.7423 500
1717929886988 0.7639 600
1717929896384 0.7864 700
1717929905786 0.7818 800
1717929915223 0.7465 900
1717929924659 0.7782 1000
1717929940623 0.7625 1100
1717929950049 0.7525 1200
1717929959462 0.7537 1300
1717929968862 0.7233 1400
1717929978272 0.7171 1500
1717929987677 0.6838 1600
1717929997078 0.7118 1700
1717930006484 0.7185 1800
1717930015884 0.6793 1900
1717930025296 0.7015 2000
1717930041172 0.6863 2100
1717930050613 0.6595 2200
1717930060025 0.7199 2300
1717930069733 0.705 2400
1717930079758 0.6932 2500
1717930089748 0.6713 2600
1717930099726 0.6992 2700
1717930109814 0.7197 2800
1717930119933 0.6661 2900
1717930129887 0.6448 3000
1717930148860 0.6685 3100
1717930159349 0.6917 3200
1717930169824 0.6537 3300
1717930180175 0.6624 3400
1717930190585 0.6764 3500
1717930200695 0.6638 3600
1717930210734 0.6467 3700
1717930220770 0.6783 3800
1717930230837 0.66 3900
1717930240753 0.7069 4000
1717930256479 0.6007 4100
1717930265767 0.6501 4200
1717930275053 0.6493 4300
1717930284338 0.6425 4400
1717930293629 0.6354 4500
1717930302927 0.6481 4600
1717930312226 0.5799 4700
1717930321533 0.6412 4800
1717930330842 0.5886 4900
1717930340158 0.6064 5000
1717930355871 0.6961 5100
1717930365171 0.655 5200
1717930374481 0.6496 5300
1717930383780 0.6044 5400
1717930393085 0.601 5500
1717930402389 0.6258 5600
1717930411691 0.6386 5700
