1718417971462 0.01 10
1718417992001 0.02 20
1718418012564 0.02 30
1718418033101 0.03 40
1718418053271 0.04 50
1718418073998 0.05 60
1718418094528 0.06 70
1718418115155 0.06 80
1718418135681 0.07 90
1718418156016 0.08 100
1718418176775 0.09 110
1718418197341 0.1 120
1718418218008 0.1 130
1718418238612 0.11 140
1718418258902 0.12 150
1718418279638 0.13 160
1718418300241 0.14 170
1718418320837 0.14 180
1718418341489 0.15 190
1718418361926 0.16 200
1718418382749 0.17 210
1718418403357 0.18 220
1718418423925 0.18 230
1718418444415 0.19 240
1718418464664 0.2 250
1718418485402 0.21 260
1718418506013 0.22 270
1718418526607 0.22 280
1718418547067 0.23 290
1718418567201 0.24 300
1718418763283 0.24 300
1718418789190 0.25 310
1718418809928 0.26 320
1718418830725 0.26 330
1718418851314 0.27 340
1718418871480 0.28 350
1718418892183 0.29 360
1718418912856 0.3 370
1718418933496 0.3 380
1718418954006 0.31 390
1718418974463 0.32 400
1718418995205 0.33 410
1718419015812 0.34 420
1718419036455 0.34 430
1718419056959 0.35 440
1718419077177 0.36 450
1718419097893 0.37 460
1718419118462 0.38 470
1718419139092 0.38 480
1718419159647 0.39 490
1718419179955 0.4 500
1718419200703 0.41 510
1718419221363 0.42 520
1718419242080 0.42 530
1718419262520 0.43 540
1718419282570 0.44 550
1718419303264 0.45 560
1718419323928 0.46 570
1718419344596 0.46 580
1718419365176 0.47 590
1718419385300 0.48 600
1718419581157 0.48 600
1718419605468 0.49 610
1718419626146 0.5 620
1718419646843 0.5 630
1718419667499 0.51 640
1718419687814 0.52 650
1718419708599 0.53 660
1718419729130 0.54 670
1718419749740 0.54 680
1718419770265 0.55 690
1718419790573 0.56 700
1718419811379 0.57 710
1718419831964 0.58 720
1718419852561 0.58 730
1718419873110 0.59 740
1718419893347 0.6 750
1718419914152 0.61 760
1718419934767 0.62 770
1718419955308 0.62 780
1718419975772 0.63 790
1718419996011 0.64 800
1718420016699 0.65 810
1718420037272 0.66 820
1718420057806 0.66 830
1718420078271 0.67 840
1718420098428 0.68 850
1718420119192 0.69 860
1718420139783 0.7 870
1718420160300 0.7 880
1718420180782 0.71 890
1718420200795 0.72 900
1718420397105 0.72 900
1718420421051 0.73 910
1718420441758 0.74 920
1718420462486 0.74 930
1718420483095 0.75 940
1718420503323 0.76 950
1718420524026 0.77 960
1718420544578 0.78 970
1718420565129 0.78 980
1718420585626 0.79 990
1718420605919 0.8 1000
1718420626715 0.81 1010
1718420647274 0.82 1020
1718420667835 0.82 1030
1718420688363 0.83 1040
1718420708539 0.84 1050
1718420729262 0.85 1060
1718420749805 0.86 1070
1718420770419 0.86 1080
1718420790928 0.87 1090
1718420811250 0.88 1100
1718420832018 0.89 1110
1718420852574 0.9 1120
1718420873151 0.9 1130
1718420893634 0.91 1140
1718420913779 0.92 1150
1718420934489 0.93 1160
1718420955069 0.94 1170
1718420975640 0.94 1180
1718420996221 0.95 1190
1718421016480 0.96 1200
1718421213290 0.96 1200
1718421237505 0.97 1210
1718421258212 0.98 1220
1718421278908 0.98 1230
1718421299506 0.99 1240
1718421319843 1.0 1250
1718421320160 1.0 1250
