1718417971462 25.446073532104492 10
1718417992001 7.024004936218262 20
1718418012564 4.066802501678467 30
1718418033101 1.4364985227584839 40
1718418053271 2.57395339012146 50
1718418073998 4.655237197875977 60
1718418094528 nan 70
1718418115155 70.65917205810547 80
1718418135681 31.310766220092773 90
1718418156016 23.809083938598633 100
1718418176775 34.132102966308594 110
1718418197341 29.49473762512207 120
1718418218008 0.4386243224143982 130
1718418238612 19.868309020996094 140
1718418258902 6.362653732299805 150
1718418279638 32.689918518066406 160
1718418300241 191.52272033691406 170
1718418320837 7.1226630210876465 180
1718418341489 0.7983651757240295 190
1718418361926 3.754699230194092 200
1718418382749 88.89408874511719 210
1718418403357 8.22863483428955 220
1718418423925 0.7975831031799316 230
1718418444415 33.5522346496582 240
1718418464664 75.22399139404297 250
1718418485402 3.953343152999878 260
1718418506013 12.732219696044922 270
1718418526607 4.07218074798584 280
1718418547067 0.38189253211021423 290
1718418567201 0.8961538076400757 300
1718418789190 0.9365155696868896 310
1718418809928 166.80807495117188 320
1718418830725 24.362449645996094 330
1718418851314 1.5194370746612549 340
1718418871480 11.560944557189941 350
1718418892183 5.923386573791504 360
1718418912856 28.604276657104492 370
1718418933496 24.587474822998047 380
1718418954006 518.0474853515625 390
1718418974463 28.336149215698242 400
1718418995205 28.59150505065918 410
1718419015812 24.15013885498047 420
1718419036455 11.21914005279541 430
1718419056959 4.5679450035095215 440
1718419077177 1.945068597793579 450
1718419097893 22.0562744140625 460
1718419118462 7.452612400054932 470
1718419139092 135.89474487304688 480
1718419159647 9.65941047668457 490
1718419179955 20.53609275817871 500
1718419200703 1.0890449285507202 510
1718419221363 2.139023542404175 520
1718419242080 2.1821670532226562 530
1718419262520 866.5557861328125 540
1718419282570 9.368380546569824 550
1718419303264 2.896806478500366 560
1718419323928 3.4543044567108154 570
1718419344596 3.502427816390991 580
1718419365176 2.6026930809020996 590
1718419385300 1.6970797777175903 600
1718419605468 25.396886825561523 610
1718419626146 0.3291958272457123 620
1718419646843 0.8353899717330933 630
1718419667499 3.7808828353881836 640
1718419687814 2.7613635063171387 650
1718419708599 1.4330991506576538 660
1718419729130 1.4720934629440308 670
1718419749740 0.9446609616279602 680
1718419770265 0.2816799581050873 690
1718419790573 0.39649200439453125 700
1718419811379 0.7649766206741333 710
1718419831964 1.590442419052124 720
1718419852561 0.49482086300849915 730
1718419873110 1.2412731647491455 740
1718419893347 1.2485650777816772 750
1718419914152 0.6910578012466431 760
1718419934767 0.6487007737159729 770
1718419955308 2.871368169784546 780
1718419975772 1.336887001991272 790
1718419996011 0.4703318476676941 800
1718420016699 1.2652755975723267 810
1718420037272 0.6268904209136963 820
1718420057806 0.48692619800567627 830
1718420078271 0.8893142938613892 840
1718420098428 0.5775312781333923 850
1718420119192 0.20853398740291595 860
1718420139783 0.8150136470794678 870
1718420160300 1.09152090549469 880
1718420180782 0.32959794998168945 890
1718420200795 0.9251927733421326 900
1718420421051 1.3589918613433838 910
1718420441758 1.0890616178512573 920
1718420462486 1.4098660945892334 930
1718420483095 0.23893558979034424 940
1718420503323 0.4239266514778137 950
1718420524026 0.21321599185466766 960
1718420544578 0.49155086278915405 970
1718420565129 1.2443355321884155 980
1718420585626 0.8692096471786499 990
1718420605919 1.616902232170105 1000
1718420626715 0.1722707599401474 1010
1718420647274 0.3473750948905945 1020
1718420667835 0.6815712451934814 1030
1718420688363 0.9525372385978699 1040
1718420708539 0.18702103197574615 1050
1718420729262 0.7328424453735352 1060
1718420749805 0.6339355707168579 1070
1718420770419 0.551753580570221 1080
1718420790928 0.8184677958488464 1090
1718420811250 0.6732656955718994 1100
1718420832018 0.4159054458141327 1110
1718420852574 0.677562415599823 1120
1718420873151 0.4669230580329895 1130
1718420893634 0.17813147604465485 1140
1718420913779 0.3910560607910156 1150
1718420934489 0.8810017108917236 1160
1718420955069 0.4229362905025482 1170
1718420975640 0.5833812952041626 1180
1718420996221 0.19228243827819824 1190
1718421016480 1.1358634233474731 1200
1718421237505 0.48244163393974304 1210
1718421258212 0.8877152800559998 1220
1718421278908 0.6031585931777954 1230
1718421299506 0.9320859909057617 1240
1718421319843 0.37839725613594055 1250
