1718417971462 4.210526315789474e-05 10
1718417992001 9.473684210526316e-05 20
1718418012564 0.00014736842105263158 30
1718418033101 0.0002 40
1718418053271 0.00019996640766492543 50
1718418073998 0.00019986565322860115 60
1718418094528 0.00019973673694024 70
1718418115155 0.00019951529159848805 80
1718418135681 0.00019925882115962568 90
1718418156016 0.000198910508011824 100
1718418176775 0.00019849574216547171 110
1718418197341 0.0001980658652386421 120
1718418218008 0.00019752564372032657 130
1718418238612 0.00019691989991996663 140
1718418258902 0.00019624904080453655 150
1718418279638 0.0001955899656226464 160
1718418300241 0.00019479666504075736 170
1718418320837 0.00019393967563214833 180
1718418341489 0.00019301957316232658 190
1718418361926 0.00019203697579910154 200
1718418382749 0.0001909925436972706 210
1718418403357 0.0001898869785550963 220
1718418423925 0.0001887210231428727 230
1718418444415 0.00018749546080389757 240
1718418464664 0.00018621111492818585 250
1718418485402 0.00018486884839927768 260
1718418506013 0.00018346956301451304 270
1718418526607 0.00018201419887916214 280
1718418547067 0.00018050373377481878 290
1718418567201 0.00017893918250248104 300
1718418789190 0.00017732159620076053 310
1718418809928 0.00017565206163967846 320
1718418830725 0.0001739317004905227 330
1718418851314 0.00017216166857225674 340
1718418871480 0.00017052715352713075 350
1718418892183 0.0001686660503040737 360
1718418912856 0.00016675881402161536 370
1718418933496 0.0001648067260501611 380
1718418954006 0.0001628110978935756 390
1718418974463 0.0001607732703080532 400
1718418995205 0.0001586946124013354 410
1718419015812 0.0001565765207128805 420
1718419036455 0.00015442041827560274 430
1718419056959 0.00015222775365981273 440
1718419077177 0.00015000000000000001 450
1718419097893 0.00014773865400511272 460
1718419118462 0.00014544523495299842 470
1718419139092 0.00014312128366968243 480
1718419159647 0.00014076836149416887 490
1718419179955 0.00013838804922946027 500
1718419200703 0.0001359819460805001 510
1718419221363 0.0001335516685797525 520
1718419242080 0.00013109884950114007 530
1718419262520 0.00012912147122272523 540
1718419282570 0.00012663223952887723 550
1718419303264 0.00012412511505274844 560
1718419323928 0.00012160178219764837 570
1718419344596 0.00011906393625643244 580
1718419365176 0.00011651328227252517 590
1718419385300 0.00011395153389439233 600
1718419605468 0.00011138041222423177 610
1718419626146 0.00010880164466165674 620
1718419646843 0.00010621696374314807 630
1718419667499 0.00010362810597805526 640
1718419687814 0.00010103681068192845 650
1718419708599 9.844481880796491e-05 660
1718419729130 9.585387177735547e-05 670
1718419749740 9.326571030931637e-05 680
1718419770265 9.068207325159284e-05 690
1718419790573 8.810469641222001e-05 700
1718419811379 8.553531139332582e-05 710
1718419831964 8.297564442776014e-05 720
1718419852561 8.042741521933071e-05 730
1718419873110 7.789233578742582e-05 740
1718419893347 7.537210931679987e-05 750
1718419914152 7.286842901329412e-05 760
1718419934767 7.038297696626206e-05 770
1718419955308 6.791742301846326e-05 780
1718419975772 6.547342364418481e-05 790
1718419996011 6.305262083634488e-05 800
1718420016699 6.065664100332478e-05 810
1718420037272 5.828709387627218e-05 820
1718420057806 5.5945571427608526e-05 830
1718420078271 5.363364680146725e-05 840
1718420098428 5.135287325678271e-05 850
1718420119192 4.9104783123737566e-05 860
1718420139783 4.689088677427249e-05 870
1718420160300 4.471267160734731e-05 880
1718420180782 4.257160104963696e-05 890
1718420200795 4.046911357233343e-05 900
1718420421051 3.840662172471315e-05 910
1718420441758 3.638551118512089e-05 920
1718420462486 3.440713983000601e-05 930
1718420483095 3.2472836821637744e-05 940
1718420503323 3.058390171511196e-05 950
1718420524026 2.874160358524931e-05 960
1718420544578 2.6947180173971508e-05 970
1718420565129 2.5201837058728505e-05 980
1718420585626 2.3506746842535242e-05 990
1718420605919 2.1863048366162208e-05 1000
1718420626715 2.027184594300898e-05 1010
1718420647274 1.8734208617174988e-05 1020
1718420667835 1.7251169445225657e-05 1030
1718420688363 1.5823724802136865e-05 1040
1718420708539 1.4452833711883628e-05 1050
1718420729262 1.3139417203123027e-05 1060
1718420749805 1.1884357690404158e-05 1070
1718420770419 1.0688498381320855e-05 1080
1718420790928 9.552642710005299e-06 1090
1718420811250 8.47755379734373e-06 1100
1718420832018 7.463953938275858e-06 1110
1718420852574 6.512524116523633e-06 1120
1718420873151 5.623903547074549e-06 1130
1718420893634 4.798689246727006e-06 1140
1718420913779 4.037435632986786e-06 1150
1718420934489 3.3406541515832003e-06 1160
1718420955069 2.708812932856253e-06 1170
1718420975640 2.1423364772445887e-06 1180
1718420996221 1.6416053700863964e-06 1190
1718421016480 1.2069560259243328e-06 1200
1718421237505 8.386804624865851e-07 1210
1718421258212 5.370261044956971e-07 1220
1718421278908 3.0219561743707326e-07 1230
1718421299506 1.3434677139885222e-07 1240
1718421319843 3.359233507459481e-08 1250
