1718417971462 7.9287 10
1718417992001 0.2224 20
1718418012564 0.2579 30
1718418033101 0.3398 40
1718418053271 0.7183 50
1718418073998 0.3294 60
1718418094528 0.3808 70
1718418115155 1.0666 80
1718418135681 0.7383 90
1718418156016 0.8459 100
1718418176775 0.2474 110
1718418197341 0.4202 120
1718418218008 0.4921 130
1718418238612 0.222 140
1718418258902 0.5077 150
1718418279638 1.5148 160
1718418300241 4.3704 170
1718418320837 1.6001 180
1718418341489 0.2833 190
1718418361926 0.5601 200
1718418382749 1.1307 210
1718418403357 0.3438 220
1718418423925 0.451 230
1718418444415 0.2437 240
1718418464664 0.2366 250
1718418485402 0.1214 260
1718418506013 0.8432 270
1718418526607 0.1936 280
1718418547067 0.1762 290
1718418567201 0.1678 300
1718418789190 0.1617 310
1718418809928 0.1632 320
1718418830725 0.2572 330
1718418851314 1.091 340
1718418871480 0.4279 350
1718418892183 1.1612 360
1718418912856 0.5362 370
1718418933496 0.4965 380
1718418954006 0.475 390
1718418974463 0.6514 400
1718418995205 0.4724 410
1718419015812 0.6973 420
1718419036455 0.7468 430
1718419056959 0.4013 440
1718419077177 0.3644 450
1718419097893 0.5814 460
1718419118462 0.2239 470
1718419139092 0.9081 480
1718419159647 1.5479 490
1718419179955 0.2061 500
1718419200703 0.1095 510
1718419221363 0.1543 520
1718419242080 0.367 530
1718419262520 0.5287 540
1718419282570 0.5015 550
1718419303264 0.1935 560
1718419323928 0.3659 570
1718419344596 0.164 580
1718419365176 0.1539 590
1718419385300 0.1383 600
1718419605468 0.232 610
1718419626146 0.1617 620
1718419646843 0.1117 630
1718419667499 0.2016 640
1718419687814 0.1279 650
1718419708599 0.1234 660
1718419729130 0.1364 670
1718419749740 0.145 680
1718419770265 0.1285 690
1718419790573 0.1338 700
1718419811379 0.1398 710
1718419831964 0.1207 720
1718419852561 0.1137 730
1718419873110 0.1216 740
1718419893347 0.1248 750
1718419914152 0.1203 760
1718419934767 0.1199 770
1718419955308 0.1224 780
1718419975772 0.1128 790
1718419996011 0.1327 800
1718420016699 0.1249 810
1718420037272 0.1212 820
1718420057806 0.1079 830
1718420078271 0.1107 840
1718420098428 0.1075 850
1718420119192 0.0985 860
1718420139783 0.1254 870
1718420160300 0.1231 880
1718420180782 0.1172 890
1718420200795 0.119 900
1718420421051 0.1227 910
1718420441758 0.1134 920
1718420462486 0.1006 930
1718420483095 0.1272 940
1718420503323 0.0878 950
1718420524026 0.1189 960
1718420544578 0.1332 970
1718420565129 0.12 980
1718420585626 0.1344 990
1718420605919 0.1227 1000
1718420626715 0.1122 1010
1718420647274 0.1184 1020
1718420667835 0.1287 1030
1718420688363 0.1129 1040
1718420708539 0.1153 1050
1718420729262 0.1083 1060
1718420749805 0.1287 1070
1718420770419 0.1155 1080
1718420790928 0.114 1090
1718420811250 0.1027 1100
1718420832018 0.1046 1110
1718420852574 0.0849 1120
1718420873151 0.112 1130
1718420893634 0.1021 1140
1718420913779 0.112 1150
1718420934489 0.1263 1160
1718420955069 0.1014 1170
1718420975640 0.0972 1180
1718420996221 0.0953 1190
1718421016480 0.1206 1200
1718421237505 0.1122 1210
1718421258212 0.0996 1220
1718421278908 0.1025 1230
1718421299506 0.1062 1240
1718421319843 0.0966 1250
