1717936166743 0.02 100
1717936175804 0.04 200
1717936184885 0.05 300
1717936193972 0.07 400
1717936203047 0.09 500
1717936212116 0.11 600
1717936221185 0.12 700
1717936230272 0.14 800
1717936239361 0.16 900
1717936248462 0.18 1000
1717936254701 0.18 1000
1717936263801 0.19 1100
1717936272902 0.21 1200
1717936282004 0.23 1300
1717936291106 0.25 1400
1717936300215 0.26 1500
1717936309318 0.28 1600
1717936318420 0.3 1700
1717936327535 0.32 1800
1717936336685 0.33 1900
1717936345829 0.35 2000
1717936352097 0.35 2000
1717936361244 0.37 2100
1717936370385 0.39 2200
1717936379530 0.4 2300
1717936388668 0.42 2400
1717936397806 0.44 2500
1717936406952 0.46 2600
1717936416082 0.47 2700
1717936425214 0.49 2800
1717936434378 0.51 2900
1717936443519 0.53 3000
1717936449777 0.53 3000
1717936460168 0.54 3100
1717936469331 0.56 3200
1717936478499 0.58 3300
1717936487667 0.6 3400
1717936496832 0.61 3500
1717936505997 0.63 3600
1717936515164 0.65 3700
1717936524329 0.67 3800
1717936533494 0.68 3900
1717936542655 0.7 4000
1717936548899 0.7 4000
1717936558025 0.72 4100
1717936567141 0.74 4200
1717936576269 0.75 4300
1717936585410 0.77 4400
1717936594552 0.79 4500
1717936603692 0.81 4600
1717936612829 0.82 4700
1717936621983 0.84 4800
1717936631113 0.86 4900
1717936640223 0.88 5000
1717936646455 0.88 5000
1717936655623 0.89 5100
1717936664764 0.91 5200
1717936673890 0.93 5300
1717936683016 0.95 5400
1717936692149 0.96 5500
1717936701286 0.98 5600
1717936710421 1.0 5700
1717936720651 1.02 5800
1717936729744 1.03 5900
1717936738835 1.05 6000
1717936745111 1.05 6000
1717936755346 1.07 6100
1717936764466 1.09 6200
1717936773597 1.1 6300
1717936782728 1.12 6400
1717936791848 1.14 6500
1717936800955 1.16 6600
1717936810080 1.18 6700
1717936819232 1.19 6800
1717936828370 1.21 6900
1717936837488 1.23 7000
1717936843719 1.23 7000
1717936852891 1.25 7100
1717936862049 1.26 7200
1717936871197 1.28 7300
1717936880359 1.3 7400
1717936889531 1.32 7500
1717936898694 1.33 7600
1717936907864 1.35 7700
1717936917013 1.37 7800
1717936926180 1.39 7900
1717936935346 1.4 8000
1717936941597 1.4 8000
1717936950784 1.42 8100
1717936959945 1.44 8200
1717936969113 1.46 8300
1717936978278 1.47 8400
1717936987444 1.49 8500
1717936996611 1.51 8600
1717937005772 1.53 8700
1717937014925 1.54 8800
1717937024092 1.56 8900
1717937033255 1.58 9000
1717937039521 1.58 9000
1717937049793 1.6 9100
1717937058975 1.61 9200
1717937068159 1.63 9300
1717937077348 1.65 9400
1717937086543 1.67 9500
1717937095744 1.68 9600
1717937104937 1.7 9700
1717937114129 1.72 9800
1717937123307 1.74 9900
1717937132491 1.75 10000
1717937138757 1.75 10000
1717937147938 1.77 10100
1717937157087 1.79 10200
1717937166254 1.81 10300
1717937175420 1.82 10400
1717937184587 1.84 10500
1717937193753 1.86 10600
1717937202919 1.88 10700
1717937212087 1.89 10800
1717937221252 1.91 10900
1717937230414 1.93 11000
1717937236689 1.93 11000
1717937245859 1.95 11100
1717937255018 1.96 11200
1717937264185 1.98 11300
1717937273344 2.0 11400
1717937282492 2.02 11500
1717937291631 2.03 11600
1717937300771 2.05 11700
1717937309913 2.07 11800
1717937319057 2.09 11900
1717937328202 2.1 12000
1717937334436 2.1 12000
1717937344791 2.12 12100
1717937353944 2.14 12200
1717937363080 2.16 12300
1717937372211 2.17 12400
1717937381335 2.19 12500
1717937390466 2.21 12600
1717937399602 2.23 12700
1717937408744 2.24 12800
1717937417858 2.26 12900
1717937426977 2.28 13000
1717937433196 2.28 13000
1717937442342 2.3 13100
1717937451491 2.31 13200
1717937460861 2.33 13300
1717937470520 2.35 13400
1717937480731 2.37 13500
1717937490689 2.39 13600
1717937500446 2.4 13700
1717937509916 2.42 13800
1717937519297 2.44 13900
1717937528671 2.46 14000
1717937535086 2.46 14000
1717937544743 2.47 14100
1717937554675 2.49 14200
1717937564698 2.51 14300
1717937574876 2.53 14400
1717937584996 2.54 14500
1717937595200 2.56 14600
1717937605275 2.58 14700
1717937615418 2.6 14800
1717937625177 2.61 14900
1717937634640 2.63 15000
1717937641012 2.63 15000
1717937651663 2.65 15100
1717937661501 2.67 15200
1717937671886 2.68 15300
1717937682905 2.7 15400
1717937693431 2.72 15500
1717937703899 2.74 15600
1717937714856 2.75 15700
1717937725251 2.77 15800
1717937735730 2.79 15900
1717937745834 2.81 16000
1717937752747 2.81 16000
1717937763312 2.82 16100
1717937773715 2.84 16200
1717937783947 2.86 16300
1717937794125 2.88 16400
1717937804527 2.89 16500
1717937814545 2.91 16600
1717937824647 2.93 16700
1717937834944 2.95 16800
1717937845062 2.96 16900
1717937855575 2.98 17000
1717937862581 2.98 17000
1717937872808 3.0 17100
1717937882807 3.02 17200
1717937892824 3.03 17300
1717937903108 3.05 17400
1717937913435 3.07 17500
1717937923690 3.09 17600
1717937933851 3.1 17700
1717937944026 3.12 17800
1717937954371 3.14 17900
1717937964750 3.16 18000
1717937971698 3.16 18000
1717937983260 3.17 18100
1717937993553 3.19 18200
1717938003752 3.21 18300
1717938014106 3.23 18400
1717938024297 3.24 18500
1717938034843 3.26 18600
1717938045152 3.28 18700
1717938055377 3.3 18800
1717938065467 3.31 18900
1717938075650 3.33 19000
1717938082471 3.33 19000
1717938092567 3.35 19100
1717938102715 3.37 19200
1717938112965 3.38 19300
1717938123100 3.4 19400
1717938133248 3.42 19500
1717938142712 3.44 19600
1717938152481 3.45 19700
1717938162758 3.47 19800
1717938173097 3.49 19900
1717938183393 3.51 20000
1717938190469 3.51 20000
1717938200968 3.53 20100
1717938211478 3.54 20200
1717938221761 3.56 20300
1717938232029 3.58 20400
1717938242094 3.6 20500
1717938252179 3.61 20600
1717938262394 3.63 20700
1717938272443 3.65 20800
1717938282546 3.67 20900
1717938292560 3.68 21000
1717938299318 3.68 21000
1717938310662 3.7 21100
1717938320745 3.72 21200
1717938330895 3.74 21300
1717938341058 3.75 21400
1717938351228 3.77 21500
1717938361103 3.79 21600
1717938370569 3.81 21700
1717938380056 3.82 21800
1717938389558 3.84 21900
1717938399152 3.86 22000
1717938405715 3.86 22000
1717938415253 3.88 22100
1717938424768 3.89 22200
1717938434276 3.91 22300
1717938443749 3.93 22400
1717938453223 3.95 22500
1717938462654 3.96 22600
1717938472119 3.98 22700
1717938481730 4.0 22800
1717938491482 4.02 22900
1717938502062 4.03 23000
1717938508920 4.03 23000
1717938519017 4.05 23100
1717938529056 4.07 23200
1717938539074 4.09 23300
1717938549207 4.1 23400
1717938559239 4.12 23500
1717938569272 4.14 23600
1717938579289 4.16 23700
1717938589402 4.17 23800
1717938599794 4.19 23900
1717938610415 4.21 24000
1717938617364 4.21 24000
1717938629232 4.23 24100
1717938639818 4.24 24200
1717938650234 4.26 24300
1717938660531 4.28 24400
1717938670965 4.3 24500
1717938681386 4.31 24600
1717938691724 4.33 24700
1717938702098 4.35 24800
1717938712413 4.37 24900
1717938722802 4.38 25000
1717938729866 4.38 25000
1717938739886 4.4 25100
1717938750104 4.42 25200
1717938760407 4.44 25300
1717938770668 4.45 25400
1717938781017 4.47 25500
1717938791716 4.49 25600
1717938802305 4.51 25700
1717938812866 4.52 25800
1717938823480 4.54 25900
1717938833853 4.56 26000
1717938840791 4.56 26000
1717938851095 4.58 26100
1717938861466 4.59 26200
1717938871868 4.61 26300
1717938882444 4.63 26400
1717938892754 4.65 26500
1717938902791 4.67 26600
1717938912851 4.68 26700
1717938923073 4.7 26800
1717938933103 4.72 26900
1717938943284 4.74 27000
1717938950158 4.74 27000
1717938961705 4.75 27100
1717938971903 4.77 27200
1717938981967 4.79 27300
1717938992067 4.81 27400
1717939002293 4.82 27500
1717939012495 4.84 27600
1717939022733 4.86 27700
1717939033099 4.88 27800
1717939043342 4.89 27900
1717939053419 4.91 28000
1717939060226 4.91 28000
1717939070306 4.93 28100
1717939079893 4.95 28200
1717939089365 4.96 28300
1717939098877 4.98 28400
1717939108729 5.0 28500
1717939118884 5.02 28600
1717939129006 5.03 28700
1717939139223 5.05 28800
1717939149807 5.07 28900
1717939159791 5.09 29000
1717939166248 5.09 29000
1717939175764 5.1 29100
1717939185265 5.12 29200
1717939194612 5.14 29300
1717939203990 5.16 29400
1717939213649 5.17 29500
1717939223238 5.19 29600
1717939232976 5.21 29700
1717939242922 5.23 29800
1717939252977 5.24 29900
1717939262617 5.26 30000
1717939269552 5.26 30000
1717939281248 5.28 30100
1717939291552 5.3 30200
1717939301581 5.31 30300
1717939311598 5.33 30400
1717939322009 5.35 30500
1717939332233 5.37 30600
1717939342534 5.38 30700
1717939352823 5.4 30800
1717939363124 5.42 30900
1717939373449 5.44 31000
1717939380469 5.44 31000
1717939390808 5.45 31100
1717939401163 5.47 31200
1717939411491 5.49 31300
1717939421899 5.51 31400
1717939432198 5.52 31500
1717939442317 5.54 31600
1717939452465 5.56 31700
1717939462530 5.58 31800
1717939472863 5.59 31900
1717939483142 5.61 32000
1717939490044 5.61 32000
1717939500080 5.63 32100
1717939510311 5.65 32200
1717939520590 5.66 32300
1717939530792 5.68 32400
1717939541037 5.7 32500
1717939551437 5.72 32600
1717939561590 5.73 32700
1717939571681 5.75 32800
1717939581883 5.77 32900
1717939592112 5.79 33000
1717939599012 5.79 33000
1717939611179 5.8 33100
1717939621809 5.82 33200
1717939632241 5.84 33300
1717939642668 5.86 33400
1717939653065 5.88 33500
1717939663499 5.89 33600
1717939674166 5.91 33700
1717939684177 5.93 33800
1717939694178 5.95 33900
1717939704228 5.96 34000
1717939711046 5.96 34000
1717939721493 5.98 34100
1717939731886 6.0 34200
1717939742214 6.02 34300
1717939752439 6.03 34400
1717939762789 6.05 34500
1717939773176 6.07 34600
1717939783227 6.09 34700
1717939793277 6.1 34800
1717939803357 6.12 34900
1717939813811 6.14 35000
1717939820752 6.14 35000
1717939831210 6.16 35100
1717939841526 6.17 35200
1717939852110 6.19 35300
1717939862696 6.21 35400
1717939872951 6.23 35500
1717939883292 6.24 35600
1717939893643 6.26 35700
1717939903920 6.28 35800
1717939914135 6.3 35900
1717939924493 6.31 36000
1717939931406 6.31 36000
1717939942891 6.33 36100
1717939953344 6.35 36200
1717939963410 6.37 36300
1717939973629 6.38 36400
1717939983925 6.4 36500
1717939994242 6.42 36600
1717940004430 6.44 36700
1717940014890 6.45 36800
1717940025458 6.47 36900
1717940036128 6.49 37000
1717940043084 6.49 37000
1717940053338 6.51 37100
1717940063327 6.52 37200
1717940073527 6.54 37300
1717940083676 6.56 37400
1717940093905 6.58 37500
1717940104244 6.59 37600
1717940114490 6.61 37700
1717940124657 6.63 37800
1717940135005 6.65 37900
1717940145289 6.66 38000
1717940152128 6.66 38000
1717940161847 6.68 38100
1717940171631 6.7 38200
1717940181440 6.72 38300
1717940191233 6.73 38400
1717940200609 6.75 38500
1717940209942 6.77 38600
1717940219287 6.79 38700
1717940228618 6.8 38800
1717940237971 6.82 38900
1717940247308 6.84 39000
1717940253724 6.84 39000
1717940264410 6.86 39100
1717940273782 6.87 39200
1717940283163 6.89 39300
1717940292533 6.91 39400
1717940301920 6.93 39500
1717940311329 6.94 39600
1717940320712 6.96 39700
1717940330097 6.98 39800
1717940339462 7.0 39900
1717940348816 7.02 40000
1717940355194 7.02 40000
1717940364516 7.03 40100
1717940373867 7.05 40200
1717940383207 7.07 40300
1717940392538 7.09 40400
1717940401890 7.1 40500
1717940411230 7.12 40600
1717940420586 7.14 40700
1717940429926 7.16 40800
1717940439264 7.17 40900
1717940448626 7.19 41000
1717940455037 7.19 41000
1717940464391 7.21 41100
1717940473741 7.23 41200
1717940483086 7.24 41300
1717940492471 7.26 41400
1717940502007 7.28 41500
1717940511341 7.3 41600
1717940520693 7.31 41700
1717940530050 7.33 41800
1717940539415 7.35 41900
1717940548767 7.37 42000
1717940555171 7.37 42000
1717940565836 7.38 42100
1717940575220 7.4 42200
1717940584600 7.42 42300
1717940593987 7.44 42400
1717940603368 7.45 42500
1717940612774 7.47 42600
1717940622178 7.49 42700
1717940631565 7.51 42800
1717940640937 7.52 42900
1717940650315 7.54 43000
1717940656730 7.54 43000
1717940666083 7.56 43100
1717940675423 7.58 43200
1717940684773 7.59 43300
1717940694128 7.61 43400
1717940703459 7.63 43500
1717940712806 7.65 43600
1717940722151 7.66 43700
1717940731503 7.68 43800
1717940740839 7.7 43900
1717940750186 7.72 44000
1717940756558 7.72 44000
1717940765904 7.73 44100
1717940775239 7.75 44200
1717940784579 7.77 44300
1717940793916 7.79 44400
1717940803302 7.8 44500
1717940812653 7.82 44600
1717940821997 7.84 44700
1717940831338 7.86 44800
1717940840695 7.87 44900
1717940850045 7.89 45000
1717940856437 7.89 45000
1717940866982 7.91 45100
1717940876336 7.93 45200
1717940885697 7.94 45300
1717940895076 7.96 45400
1717940904428 7.98 45500
1717940913802 8.0 45600
1717940923149 8.01 45700
1717940932507 8.03 45800
1717940941846 8.05 45900
1717940951188 8.07 46000
1717940957556 8.07 46000
1717940966902 8.08 46100
1717940976236 8.1 46200
1717940985585 8.12 46300
1717940994930 8.14 46400
1717941004272 8.16 46500
1717941013611 8.17 46600
1717941022965 8.19 46700
1717941032313 8.21 46800
1717941041667 8.23 46900
1717941051035 8.24 47000
1717941057436 8.24 47000
1717941066779 8.26 47100
1717941076138 8.28 47200
1717941085475 8.3 47300
1717941094839 8.31 47400
1717941104197 8.33 47500
1717941113556 8.35 47600
1717941122908 8.37 47700
1717941132239 8.38 47800
1717941141574 8.4 47900
1717941150912 8.42 48000
1717941157292 8.42 48000
1717941167968 8.44 48100
1717941177352 8.45 48200
1717941186733 8.47 48300
1717941196126 8.49 48400
1717941205498 8.51 48500
1717941214893 8.52 48600
1717941224271 8.54 48700
1717941233645 8.56 48800
1717941243018 8.58 48900
1717941252400 8.59 49000
1717941258805 8.59 49000
1717941268153 8.61 49100
1717941277496 8.63 49200
1717941286847 8.65 49300
1717941296188 8.66 49400
1717941305507 8.68 49500
1717941314849 8.7 49600
1717941324188 8.72 49700
1717941333539 8.73 49800
1717941342893 8.75 49900
1717941352242 8.77 50000
1717941358636 8.77 50000
1717941367984 8.79 50100
1717941377328 8.8 50200
1717941386694 8.82 50300
1717941396039 8.84 50400
1717941405450 8.86 50500
1717941414940 8.87 50600
1717941424372 8.89 50700
1717941433734 8.91 50800
1717941443142 8.93 50900
1717941452558 8.94 51000
1717941459032 8.94 51000
1717941469795 8.96 51100
1717941479257 8.98 51200
1717941488835 9.0 51300
1717941498377 9.01 51400
1717941507888 9.03 51500
1717941517382 9.05 51600
1717941527124 9.07 51700
1717941537047 9.08 51800
1717941546492 9.1 51900
1717941556364 9.12 52000
1717941563153 9.12 52000
1717941573248 9.14 52100
1717941583343 9.15 52200
1717941593272 9.17 52300
1717941603169 9.19 52400
1717941613040 9.21 52500
1717941622938 9.22 52600
1717941633197 9.24 52700
1717941643267 9.26 52800
1717941653324 9.28 52900
1717941663623 9.29 53000
1717941670344 9.29 53000
1717941680497 9.31 53100
1717941691023 9.33 53200
1717941701438 9.35 53300
1717941711872 9.37 53400
1717941722004 9.38 53500
1717941732183 9.4 53600
1717941742272 9.42 53700
1717941752320 9.44 53800
1717941762322 9.45 53900
1717941772369 9.47 54000
1717941779109 9.47 54000
1717941790416 9.49 54100
1717941800533 9.51 54200
1717941810640 9.52 54300
1717941820809 9.54 54400
1717941830760 9.56 54500
1717941840748 9.58 54600
1717941850751 9.59 54700
1717941860715 9.61 54800
1717941870626 9.63 54900
1717941880553 9.65 55000
1717941887253 9.65 55000
1717941897188 9.66 55100
1717941907296 9.68 55200
1717941917198 9.7 55300
1717941926916 9.72 55400
1717941936379 9.73 55500
1717941945855 9.75 55600
1717941955331 9.77 55700
1717941964873 9.79 55800
1717941974450 9.8 55900
1717941984068 9.82 56000
1717941990607 9.82 56000
1717942000290 9.84 56100
1717942009800 9.86 56200
1717942019323 9.87 56300
1717942028854 9.89 56400
1717942038468 9.91 56500
1717942047976 9.93 56600
1717942057571 9.94 56700
1717942067113 9.96 56800
1717942076716 9.98 56900
1717942086454 10.0 57000
1717942092996 10.0 57000
1717942096410 10.0 57020
