1717936166743 1.7394744157791138 100
1717936175804 2.0278913974761963 200
1717936184885 2.231243133544922 300
1717936193972 2.998933792114258 400
1717936203047 4.983926773071289 500
1717936212116 3.463773488998413 600
1717936221185 4.841738224029541 700
1717936230272 10.823822021484375 800
1717936239361 7.749923229217529 900
1717936248462 9.643048286437988 1000
1717936263801 6.299039363861084 1100
1717936272902 9.284553527832031 1200
1717936282004 9.936361312866211 1300
1717936291106 14.761222839355469 1400
1717936300215 10.866727828979492 1500
1717936309318 19.80986976623535 1600
1717936318420 10.829482078552246 1700
1717936327535 7.966025352478027 1800
1717936336685 14.26785945892334 1900
1717936345829 9.679394721984863 2000
1717936361244 23.705148696899414 2100
1717936370385 9.821584701538086 2200
1717936379530 11.497766494750977 2300
1717936388668 16.059587478637695 2400
1717936397806 7.5252790451049805 2500
1717936406952 13.434465408325195 2600
1717936416082 6.735255718231201 2700
1717936425214 7.5396013259887695 2800
1717936434378 9.104107856750488 2900
1717936443519 7.79841423034668 3000
1717936460168 9.413528442382812 3100
1717936469331 6.840670585632324 3200
1717936478499 6.29297399520874 3300
1717936487667 11.232158660888672 3400
1717936496832 7.923504829406738 3500
1717936505997 8.436150550842285 3600
1717936515164 9.109889030456543 3700
1717936524329 7.8317413330078125 3800
1717936533494 3.922373056411743 3900
1717936542655 6.68252420425415 4000
1717936558025 11.54709243774414 4100
1717936567141 9.823417663574219 4200
1717936576269 8.21081256866455 4300
1717936585410 6.048828601837158 4400
1717936594552 6.239584445953369 4500
1717936603692 11.166284561157227 4600
1717936612829 7.359734058380127 4700
1717936621983 14.593620300292969 4800
1717936631113 6.932877540588379 4900
1717936640223 9.678771018981934 5000
1717936655623 7.654413223266602 5100
1717936664764 6.433265686035156 5200
1717936673890 9.729671478271484 5300
1717936683016 11.238748550415039 5400
1717936692149 7.073126792907715 5500
1717936701286 11.573095321655273 5600
1717936710421 9.012922286987305 5700
1717936720651 7.1882429122924805 5800
1717936729744 8.897856712341309 5900
1717936738835 7.613903045654297 6000
1717936755346 4.679358005523682 6100
1717936764466 14.98503303527832 6200
1717936773597 12.09597396850586 6300
1717936782728 6.276727199554443 6400
1717936791848 13.585739135742188 6500
1717936800955 11.409889221191406 6600
1717936810080 6.98866605758667 6700
1717936819232 13.471526145935059 6800
1717936828370 10.556957244873047 6900
1717936837488 7.296643257141113 7000
1717936852891 5.856719017028809 7100
1717936862049 8.773699760437012 7200
1717936871197 4.346329689025879 7300
1717936880359 6.940929412841797 7400
1717936889531 7.7065110206604 7500
1717936898694 7.1313157081604 7600
1717936907864 10.916465759277344 7700
1717936917013 8.484162330627441 7800
1717936926180 10.061667442321777 7900
1717936935346 6.593636989593506 8000
1717936950784 6.249317169189453 8100
1717936959945 9.758872985839844 8200
1717936969113 13.465561866760254 8300
1717936978278 7.678322792053223 8400
1717936987444 7.715958118438721 8500
1717936996611 13.425731658935547 8600
1717937005772 6.278351306915283 8700
1717937014925 11.451862335205078 8800
1717937024092 4.597880840301514 8900
1717937033255 5.428543567657471 9000
1717937049793 15.764269828796387 9100
1717937058975 6.300305366516113 9200
1717937068159 6.002223014831543 9300
1717937077348 4.83077335357666 9400
1717937086543 7.864530086517334 9500
1717937095744 13.545799255371094 9600
1717937104937 9.876145362854004 9700
1717937114129 7.104430675506592 9800
1717937123307 10.607686042785645 9900
1717937132491 16.818988800048828 10000
1717937147938 16.022113800048828 10100
1717937157087 5.630790710449219 10200
1717937166254 6.5894904136657715 10300
1717937175420 8.495741844177246 10400
1717937184587 8.975141525268555 10500
1717937193753 8.3697509765625 10600
1717937202919 6.239988327026367 10700
1717937212087 6.805037498474121 10800
1717937221252 12.385832786560059 10900
1717937230414 11.253547668457031 11000
1717937245859 8.16761589050293 11100
1717937255018 10.160821914672852 11200
1717937264185 7.233617305755615 11300
1717937273344 7.200329303741455 11400
1717937282492 11.435741424560547 11500
1717937291631 9.768966674804688 11600
1717937300771 11.695571899414062 11700
1717937309913 5.342369556427002 11800
1717937319057 19.324304580688477 11900
1717937328202 17.31061363220215 12000
1717937344791 15.676349639892578 12100
1717937353944 16.160852432250977 12200
1717937363080 22.222253799438477 12300
1717937372211 10.733717918395996 12400
1717937381335 12.407280921936035 12500
1717937390466 15.37660026550293 12600
1717937399602 9.296273231506348 12700
1717937408744 14.954233169555664 12800
1717937417858 7.935286521911621 12900
1717937426977 11.613738059997559 13000
1717937442342 26.74827003479004 13100
1717937451491 14.672408103942871 13200
1717937460861 23.09150505065918 13300
1717937470520 16.181922912597656 13400
1717937480731 21.386871337890625 13500
1717937490689 23.525711059570312 13600
1717937500446 6.127823352813721 13700
1717937509916 19.488201141357422 13800
1717937519297 23.174863815307617 13900
1717937528671 7.336153507232666 14000
1717937544743 15.6110200881958 14100
1717937554675 0.4246693253517151 14200
1717937564698 9.399028778076172 14300
1717937574876 13.616284370422363 14400
1717937584996 15.631999969482422 14500
1717937595200 5.8936920166015625 14600
1717937605275 23.712923049926758 14700
1717937615418 17.361528396606445 14800
1717937625177 45.109519958496094 14900
1717937634640 20.020904541015625 15000
1717937651663 16.15253448486328 15100
1717937661501 12.420087814331055 15200
1717937671886 8.752592086791992 15300
1717937682905 29.933767318725586 15400
1717937693431 5.0368475914001465 15500
1717937703899 6.168862819671631 15600
1717937714856 19.906137466430664 15700
1717937725251 12.169940948486328 15800
1717937735730 11.311084747314453 15900
1717937745834 10.929744720458984 16000
1717937763312 20.26076889038086 16100
1717937773715 12.314973831176758 16200
1717937783947 11.777440071105957 16300
1717937794125 39.12294387817383 16400
1717937804527 13.980039596557617 16500
1717937814545 5.051468849182129 16600
1717937824647 1.9499905109405518 16700
1717937834944 14.76657772064209 16800
1717937845062 34.280860900878906 16900
1717937855575 9.336812973022461 17000
1717937872808 10.936524391174316 17100
1717937882807 8.9388427734375 17200
1717937892824 23.417055130004883 17300
1717937903108 62.94998550415039 17400
1717937913435 22.35895347595215 17500
1717937923690 1.0202527046203613 17600
1717937933851 32.35218048095703 17700
1717937944026 0.5288601517677307 17800
1717937954371 31.653003692626953 17900
1717937964750 41.36440658569336 18000
1717937983260 31.939186096191406 18100
1717937993553 81.30085754394531 18200
1717938003752 0.8011661171913147 18300
1717938014106 0.3265593647956848 18400
1717938024297 0.35766473412513733 18500
1717938034843 2.0126519203186035 18600
1717938045152 1.100645661354065 18700
1717938055377 3.8922252655029297 18800
1717938065467 64.86003112792969 18900
1717938075650 54.41221237182617 19000
1717938092567 65.7107925415039 19100
1717938102715 53.647857666015625 19200
1717938112965 8.450630187988281 19300
1717938123100 0.6697633862495422 19400
1717938133248 1.857089638710022 19500
1717938142712 1.883573055267334 19600
1717938152481 6.373213768005371 19700
1717938162758 0.861851692199707 19800
1717938173097 45.2569694519043 19900
1717938183393 0.284132182598114 20000
1717938200968 0.24188975989818573 20100
1717938211478 0.5037176609039307 20200
1717938221761 47.23571014404297 20300
1717938232029 3.9771716594696045 20400
1717938242094 7.5232319831848145 20500
1717938252179 10.789362907409668 20600
1717938262394 0.5231336951255798 20700
1717938272443 26.350631713867188 20800
1717938282546 0.1642714887857437 20900
1717938292560 45.69676208496094 21000
1717938310662 18.143030166625977 21100
1717938320745 33.526004791259766 21200
1717938330895 64.4377670288086 21300
1717938341058 58.81825637817383 21400
1717938351228 0.14560553431510925 21500
1717938361103 15.128450393676758 21600
1717938370569 90.40067291259766 21700
1717938380056 31.87259864807129 21800
1717938389558 33.43577194213867 21900
1717938399152 29.723968505859375 22000
1717938415253 39.427433013916016 22100
1717938424768 30.284687042236328 22200
1717938434276 0.1914108693599701 22300
1717938443749 50.19619369506836 22400
1717938453223 1.7932534217834473 22500
1717938462654 75.69389343261719 22600
1717938472119 11.997575759887695 22700
1717938481730 27.68095588684082 22800
1717938491482 0.22965870797634125 22900
1717938502062 46.56721115112305 23000
1717938519017 0.5341480374336243 23100
1717938529056 21.45996856689453 23200
1717938539074 7.1587982177734375 23300
1717938549207 1.690200924873352 23400
1717938559239 33.9615592956543 23500
1717938569272 10.904500007629395 23600
1717938579289 32.849830627441406 23700
1717938589402 15.33080768585205 23800
1717938599794 70.33228302001953 23900
1717938610415 24.733945846557617 24000
1717938629232 29.600406646728516 24100
1717938639818 17.02973747253418 24200
1717938650234 17.372276306152344 24300
1717938660531 0.1906382143497467 24400
1717938670965 0.3613201677799225 24500
1717938681386 0.05414729565382004 24600
1717938691724 0.04287198930978775 24700
1717938702098 74.70084381103516 24800
1717938712413 0.14087842404842377 24900
1717938722802 0.07106075435876846 25000
1717938739886 11.369795799255371 25100
1717938750104 0.019050484523177147 25200
1717938760407 7.944561004638672 25300
1717938770668 0.053069714456796646 25400
1717938781017 58.25114440917969 25500
1717938791716 65.11146545410156 25600
1717938802305 0.09191635996103287 25700
1717938812866 13.285246849060059 25800
1717938823480 23.605762481689453 25900
1717938833853 0.04218364879488945 26000
1717938851095 165.30166625976562 26100
1717938861466 0.036566112190485 26200
1717938871868 1.883501410484314 26300
1717938882444 5.365743637084961 26400
1717938892754 9.430996894836426 26500
1717938902791 22.056652069091797 26600
1717938912851 49.09690475463867 26700
1717938923073 0.05178508535027504 26800
1717938933103 0.34460705518722534 26900
1717938943284 35.39788055419922 27000
1717938961705 0.5693621039390564 27100
1717938971903 19.69986915588379 27200
1717938981967 22.226688385009766 27300
1717938992067 29.38372230529785 27400
1717939002293 0.021738745272159576 27500
1717939012495 2.2706329822540283 27600
1717939022733 92.64364624023438 27700
1717939033099 3.5879063606262207 27800
1717939043342 0.0247762780636549 27900
1717939053419 125.46087646484375 28000
1717939070306 0.04456128552556038 28100
1717939079893 0.26073741912841797 28200
1717939089365 0.9898647665977478 28300
1717939098877 7.027565956115723 28400
1717939108729 3.380479335784912 28500
1717939118884 0.030539529398083687 28600
1717939129006 0.010446182452142239 28700
1717939139223 35.664913177490234 28800
1717939149807 0.9057033658027649 28900
1717939159791 11.31706714630127 29000
1717939175764 26.784093856811523 29100
1717939185265 6.644553184509277 29200
1717939194612 0.16050738096237183 29300
1717939203990 0.03434457257390022 29400
1717939213649 0.10693366825580597 29500
1717939223238 21.142671585083008 29600
1717939232976 1.0845123529434204 29700
1717939242922 0.13737337291240692 29800
1717939252977 0.015947483479976654 29900
1717939262617 0.9656647443771362 30000
1717939281248 0.02855800837278366 30100
1717939291552 36.26664733886719 30200
1717939301581 29.203336715698242 30300
1717939311598 0.013126990757882595 30400
1717939322009 0.5512132048606873 30500
1717939332233 3.168929100036621 30600
1717939342534 0.13821381330490112 30700
1717939352823 0.5556292533874512 30800
1717939363124 76.20816802978516 30900
1717939373449 89.6333236694336 31000
1717939390808 36.32018280029297 31100
1717939401163 168.932373046875 31200
1717939411491 0.015292905271053314 31300
1717939421899 0.09434997290372849 31400
1717939432198 27.214014053344727 31500
1717939442317 55.09127426147461 31600
1717939452465 14.208159446716309 31700
1717939462530 68.53380584716797 31800
1717939472863 0.03440417721867561 31900
1717939483142 0.02911810763180256 32000
1717939500080 3.448566436767578 32100
1717939510311 0.03130769729614258 32200
1717939520590 45.82542037963867 32300
1717939530792 0.5997889637947083 32400
1717939541037 24.629127502441406 32500
1717939551437 0.009722115471959114 32600
1717939561590 0.07498949021100998 32700
1717939571681 1.5856138467788696 32800
1717939581883 56.59104537963867 32900
1717939592112 2.8275623321533203 33000
1717939611179 0.05328904092311859 33100
1717939621809 0.031141750514507294 33200
1717939632241 152.65542602539062 33300
1717939642668 120.6640853881836 33400
1717939653065 0.0598507784307003 33500
1717939663499 0.03356480225920677 33600
1717939674166 0.03522295877337456 33700
1717939684177 0.3065386116504669 33800
1717939694178 1.7568440437316895 33900
1717939704228 4.626346111297607 34000
1717939721493 0.05804663151502609 34100
1717939731886 0.02853957749903202 34200
1717939742214 0.020649854093790054 34300
1717939752439 158.75364685058594 34400
1717939762789 266.75933837890625 34500
1717939773176 0.02497236058115959 34600
1717939783227 0.015904907137155533 34700
1717939793277 2.8469905853271484 34800
1717939803357 29.220922470092773 34900
1717939813811 11.695589065551758 35000
1717939831210 0.008944164030253887 35100
1717939841526 0.13016964495182037 35200
1717939852110 0.010209515690803528 35300
1717939862696 0.008370427414774895 35400
1717939872951 0.025051800534129143 35500
1717939883292 0.3712400794029236 35600
1717939893643 0.010940037667751312 35700
1717939903920 0.012036750093102455 35800
1717939914135 0.004632819443941116 35900
1717939924493 0.00810967292636633 36000
1717939942891 0.021425211802124977 36100
1717939953344 0.01445222832262516 36200
1717939963410 0.009642328135669231 36300
1717939973629 0.02509681135416031 36400
1717939983925 0.01418382953852415 36500
1717939994242 92.38005065917969 36600
1717940004430 0.029126688838005066 36700
1717940014890 5.529064178466797 36800
1717940025458 0.011508295312523842 36900
1717940036128 0.028952520340681076 37000
1717940053338 0.006599551998078823 37100
1717940063327 0.04477958753705025 37200
1717940073527 0.003006508806720376 37300
1717940083676 0.0023815156891942024 37400
1717940093905 0.0070427414029836655 37500
1717940104244 0.005160697735846043 37600
1717940114490 0.16481617093086243 37700
1717940124657 0.04875583574175835 37800
1717940135005 0.020520197227597237 37900
1717940145289 5.025021553039551 38000
1717940161847 0.010659628547728062 38100
1717940171631 0.0036655175499618053 38200
1717940181440 0.07530944049358368 38300
1717940191233 0.06251395493745804 38400
1717940200609 0.017347637563943863 38500
1717940209942 0.012226125225424767 38600
1717940219287 0.00993125606328249 38700
1717940228618 0.018501704558730125 38800
1717940237971 0.02090618573129177 38900
1717940247308 4.246517181396484 39000
1717940264410 0.0319766029715538 39100
1717940273782 0.018069876357913017 39200
1717940283163 0.01945250853896141 39300
1717940292533 0.3125617206096649 39400
1717940301920 0.07737040519714355 39500
1717940311329 0.24683476984500885 39600
1717940320712 0.02142324112355709 39700
1717940330097 0.12220960110425949 39800
1717940339462 0.12799379229545593 39900
1717940348816 0.04111922159790993 40000
1717940364516 0.054410312324762344 40100
1717940373867 0.03775675967335701 40200
1717940383207 0.006020849104970694 40300
1717940392538 0.0055302721448242664 40400
1717940401890 0.01489252969622612 40500
1717940411230 0.11908969283103943 40600
1717940420586 0.009846759960055351 40700
1717940429926 0.002323548775166273 40800
1717940439264 0.00602294085547328 40900
1717940448626 0.003986930008977652 41000
1717940464391 39.50519943237305 41100
1717940473741 5.573806285858154 41200
1717940483086 0.003986863419413567 41300
1717940492471 0.00477353623136878 41400
1717940502007 0.00233929674141109 41500
1717940511341 0.0025863030459731817 41600
1717940520693 0.002326072659343481 41700
1717940530050 0.10515345633029938 41800
1717940539415 0.008831155486404896 41900
1717940548767 0.02350437268614769 42000
1717940565836 0.011762615293264389 42100
1717940575220 0.07017435878515244 42200
1717940584600 0.012011338956654072 42300
1717940593987 0.005892934277653694 42400
1717940603368 128.1182098388672 42500
1717940612774 0.010378778912127018 42600
1717940622178 0.0033038242254406214 42700
1717940631565 0.018994899466633797 42800
1717940640937 0.006700590252876282 42900
1717940650315 0.009724317118525505 43000
1717940666083 0.005517242476344109 43100
1717940675423 0.4384862184524536 43200
1717940684773 0.007465883158147335 43300
1717940694128 0.0012878059642389417 43400
1717940703459 0.0040709530003368855 43500
1717940712806 0.42974331974983215 43600
1717940722151 0.003975236788392067 43700
1717940731503 0.027096401900053024 43800
1717940740839 0.029607215896248817 43900
1717940750186 0.009179340675473213 44000
1717940765904 0.02591114304959774 44100
1717940775239 0.007423319388180971 44200
1717940784579 2.456897258758545 44300
1717940793916 0.027415823191404343 44400
1717940803302 0.01314794272184372 44500
1717940812653 0.0016485588857904077 44600
1717940821997 0.2588668167591095 44700
1717940831338 0.0017743989592418075 44800
1717940840695 0.07692445069551468 44900
1717940850045 0.017836926504969597 45000
1717940866982 82.75459289550781 45100
1717940876336 0.019335821270942688 45200
1717940885697 0.00211677560582757 45300
1717940895076 0.009908069856464863 45400
1717940904428 0.006071844138205051 45500
1717940913802 1.2605574131011963 45600
1717940923149 0.09674201905727386 45700
1717940932507 0.014270173385739326 45800
1717940941846 0.0015805244911462069 45900
1717940951188 0.040176890790462494 46000
1717940966902 0.0013877229066565633 46100
1717940976236 0.0040055192075669765 46200
1717940985585 0.001939079724252224 46300
1717940994930 0.0024965316988527775 46400
1717941004272 0.0010511308209970593 46500
1717941013611 0.004056544043123722 46600
1717941022965 0.0009330625762231648 46700
1717941032313 0.0012283003889024258 46800
1717941041667 0.0007550459122285247 46900
1717941051035 0.0017834811005741358 47000
1717941066779 0.08345082402229309 47100
1717941076138 0.02328408695757389 47200
1717941085475 105.21685791015625 47300
1717941094839 0.0014306926168501377 47400
1717941104197 0.0018864349694922566 47500
1717941113556 0.011444063857197762 47600
1717941122908 0.010725687257945538 47700
1717941132239 3.0494954586029053 47800
1717941141574 0.0006440515862777829 47900
1717941150912 0.0023119994439184666 48000
1717941167968 0.024057475849986076 48100
1717941177352 0.0029018097557127476 48200
1717941186733 0.005242445506155491 48300
1717941196126 0.019873207435011864 48400
1717941205498 0.0014321879716590047 48500
1717941214893 0.001329271006397903 48600
1717941224271 0.004497896414250135 48700
1717941233645 0.0011579761048778892 48800
1717941243018 0.0010352821554988623 48900
1717941252400 0.00169788533821702 49000
1717941268153 0.0004382726619951427 49100
1717941277496 0.0008319814805872738 49200
1717941286847 0.0006030007498338819 49300
1717941296188 0.0007904453668743372 49400
1717941305507 0.000396224029827863 49500
1717941314849 0.002081048209220171 49600
1717941324188 0.0013704461744055152 49700
1717941333539 0.0005352585576474667 49800
1717941342893 0.0021473849192261696 49900
1717941352242 0.042253341525793076 50000
1717941367984 0.001545933773741126 50100
1717941377328 0.027676036581397057 50200
1717941386694 0.0008974922820925713 50300
1717941396039 0.014060452580451965 50400
1717941405450 0.005290932487696409 50500
1717941414940 0.00660752784460783 50600
1717941424372 0.0010442569619044662 50700
1717941433734 0.0008390009752474725 50800
1717941443142 0.03132566809654236 50900
1717941452558 0.021301282569766045 51000
1717941469795 0.02023397758603096 51100
1717941479257 0.0024940476287156343 51200
1717941488835 0.010099194012582302 51300
1717941498377 0.0012978272279724479 51400
1717941507888 0.002019559033215046 51500
1717941517382 0.0019247144227847457 51600
1717941527124 0.02019166760146618 51700
1717941537047 0.0019002757035195827 51800
1717941546492 0.0017648055218160152 51900
1717941556364 39.18137741088867 52000
1717941573248 0.02156609669327736 52100
1717941583343 0.001784242340363562 52200
1717941593272 0.007886572740972042 52300
1717941603169 0.0024643694050610065 52400
1717941613040 106.59075164794922 52500
1717941622938 0.0011359518393874168 52600
1717941633197 0.0007729085045866668 52700
1717941643267 0.01140379998832941 52800
1717941653324 0.03818083181977272 52900
1717941663623 0.008695067837834358 53000
1717941680497 0.0015504935290664434 53100
1717941691023 0.0017535029910504818 53200
1717941701438 0.009032768197357655 53300
1717941711872 0.0020212826784700155 53400
1717941722004 0.0025765360333025455 53500
1717941732183 0.008291182108223438 53600
1717941742272 0.002174014924094081 53700
1717941752320 0.0077942232601344585 53800
1717941762322 0.0015291472664102912 53900
1717941772369 0.008826072327792645 54000
1717941790416 0.004141270648688078 54100
1717941800533 0.0019997761119157076 54200
1717941810640 0.002323357155546546 54300
1717941820809 50.630096435546875 54400
1717941830760 0.0011175790568813682 54500
1717941840748 0.0008951124618761241 54600
1717941850751 0.0018804250285029411 54700
1717941860715 0.0009728752193041146 54800
1717941870626 0.00928602833300829 54900
1717941880553 83.33551025390625 55000
1717941897188 18.653730392456055 55100
1717941907296 0.0019766970071941614 55200
1717941917198 0.0011662186589092016 55300
1717941926916 0.00497484253719449 55400
1717941936379 0.004708207678049803 55500
1717941945855 0.0010363507317379117 55600
1717941955331 0.001563426572829485 55700
1717941964873 0.0017403110396116972 55800
1717941974450 0.021191366016864777 55900
1717941984068 0.00296818558126688 56000
1717942000290 0.012450821697711945 56100
1717942009800 0.00310329906642437 56200
1717942019323 0.00323314405977726 56300
1717942028854 0.008064711466431618 56400
1717942038468 0.0013288044137880206 56500
1717942047976 0.0032855235040187836 56600
1717942057571 0.005709151271730661 56700
1717942067113 0.11334791034460068 56800
1717942076716 0.0009033593814820051 56900
1717942086454 0.0004302800225559622 57000
