1717936166743 1.1133 100
1717936175804 1.0898 200
1717936184885 1.058 300
1717936193972 1.0156 400
1717936203047 1.0078 500
1717936212116 0.9602 600
1717936221185 0.9316 700
1717936230272 0.885 800
1717936239361 0.8066 900
1717936248462 0.8205 1000
1717936263801 0.778 1100
1717936272902 0.7835 1200
1717936282004 0.7599 1300
1717936291106 0.7502 1400
1717936300215 0.7317 1500
1717936309318 0.7205 1600
1717936318420 0.7236 1700
1717936327535 0.7428 1800
1717936336685 0.6747 1900
1717936345829 0.7187 2000
1717936361244 0.7061 2100
1717936370385 0.6784 2200
1717936379530 0.7112 2300
1717936388668 0.7195 2400
1717936397806 0.735 2500
1717936406952 0.688 2600
1717936416082 0.7229 2700
1717936425214 0.7482 2800
1717936434378 0.7019 2900
1717936443519 0.6864 3000
1717936460168 0.6865 3100
1717936469331 0.7135 3200
1717936478499 0.6804 3300
1717936487667 0.7008 3400
1717936496832 0.7069 3500
1717936505997 0.7204 3600
1717936515164 0.6883 3700
1717936524329 0.7167 3800
1717936533494 0.7001 3900
1717936542655 0.7364 4000
1717936558025 0.6292 4100
1717936567141 0.6815 4200
1717936576269 0.684 4300
1717936585410 0.6978 4400
1717936594552 0.6773 4500
1717936603692 0.6884 4600
1717936612829 0.643 4700
1717936621983 0.6883 4800
1717936631113 0.6215 4900
1717936640223 0.6906 5000
1717936655623 0.737 5100
1717936664764 0.7083 5200
1717936673890 0.6857 5300
1717936683016 0.6657 5400
1717936692149 0.6497 5500
1717936701286 0.6892 5600
1717936710421 0.7048 5700
1717936720651 0.5908 5800
1717936729744 0.5948 5900
1717936738835 0.5289 6000
1717936755346 0.5794 6100
1717936764466 0.6275 6200
1717936773597 0.5575 6300
1717936782728 0.6218 6400
1717936791848 0.6001 6500
1717936800955 0.6197 6600
1717936810080 0.6226 6700
1717936819232 0.634 6800
1717936828370 0.6276 6900
1717936837488 0.6334 7000
1717936852891 0.6324 7100
1717936862049 0.5943 7200
1717936871197 0.5996 7300
1717936880359 0.5657 7400
1717936889531 0.5678 7500
1717936898694 0.6157 7600
1717936907864 0.6003 7700
1717936917013 0.5557 7800
1717936926180 0.6078 7900
1717936935346 0.5979 8000
1717936950784 0.5683 8100
1717936959945 0.5783 8200
1717936969113 0.5637 8300
1717936978278 0.614 8400
1717936987444 0.593 8500
1717936996611 0.5943 8600
1717937005772 0.5799 8700
1717937014925 0.6055 8800
1717937024092 0.5922 8900
1717937033255 0.5941 9000
1717937049793 0.5868 9100
1717937058975 0.5887 9200
1717937068159 0.6301 9300
1717937077348 0.602 9400
1717937086543 0.5704 9500
1717937095744 0.6214 9600
1717937104937 0.5521 9700
1717937114129 0.6058 9800
1717937123307 0.5903 9900
1717937132491 0.6077 10000
1717937147938 0.5957 10100
1717937157087 0.6338 10200
1717937166254 0.5866 10300
1717937175420 0.6057 10400
1717937184587 0.5824 10500
1717937193753 0.6056 10600
1717937202919 0.6366 10700
1717937212087 0.602 10800
1717937221252 0.5783 10900
1717937230414 0.5858 11000
1717937245859 0.5644 11100
1717937255018 0.6033 11200
1717937264185 0.6522 11300
1717937273344 0.6047 11400
1717937282492 0.4366 11500
1717937291631 0.3736 11600
1717937300771 0.3844 11700
1717937309913 0.4289 11800
1717937319057 0.4287 11900
1717937328202 0.434 12000
1717937344791 0.3874 12100
1717937353944 0.3919 12200
1717937363080 0.3924 12300
1717937372211 0.4354 12400
1717937381335 0.4318 12500
1717937390466 0.4473 12600
1717937399602 0.3695 12700
1717937408744 0.4077 12800
1717937417858 0.4625 12900
1717937426977 0.4196 13000
1717937442342 0.3796 13100
1717937451491 0.467 13200
1717937460861 0.3858 13300
1717937470520 0.4371 13400
1717937480731 0.4155 13500
1717937490689 0.4085 13600
1717937500446 0.3976 13700
1717937509916 0.4334 13800
1717937519297 0.4244 13900
1717937528671 0.4343 14000
1717937544743 0.4276 14100
1717937554675 0.3745 14200
1717937564698 0.4202 14300
1717937574876 0.3939 14400
1717937584996 0.4161 14500
1717937595200 0.439 14600
1717937605275 0.3747 14700
1717937615418 0.4752 14800
1717937625177 0.4105 14900
1717937634640 0.4347 15000
1717937651663 0.4654 15100
1717937661501 0.4284 15200
1717937671886 0.4227 15300
1717937682905 0.4191 15400
1717937693431 0.4609 15500
1717937703899 0.4334 15600
1717937714856 0.4331 15700
1717937725251 0.4557 15800
1717937735730 0.429 15900
1717937745834 0.4307 16000
1717937763312 0.4399 16100
1717937773715 0.4879 16200
1717937783947 0.4171 16300
1717937794125 0.454 16400
1717937804527 0.3933 16500
1717937814545 0.4044 16600
1717937824647 0.4422 16700
1717937834944 0.4578 16800
1717937845062 0.4327 16900
1717937855575 0.4698 17000
1717937872808 0.4677 17100
1717937882807 0.2644 17200
1717937892824 0.2665 17300
1717937903108 0.2481 17400
1717937913435 0.287 17500
1717937923690 0.2477 17600
1717937933851 0.281 17700
1717937944026 0.321 17800
1717937954371 0.2763 17900
1717937964750 0.302 18000
1717937983260 0.3524 18100
1717937993553 0.2922 18200
1717938003752 0.3153 18300
1717938014106 0.3469 18400
1717938024297 0.3745 18500
1717938034843 0.3217 18600
1717938045152 0.3105 18700
1717938055377 0.3573 18800
1717938065467 0.2955 18900
1717938075650 0.3159 19000
1717938092567 0.315 19100
1717938102715 0.2736 19200
1717938112965 0.3096 19300
1717938123100 0.3386 19400
1717938133248 0.315 19500
1717938142712 0.3704 19600
1717938152481 0.39 19700
1717938162758 0.2327 19800
1717938173097 0.3282 19900
1717938183393 0.3297 20000
1717938200968 0.3449 20100
1717938211478 0.3332 20200
1717938221761 0.3291 20300
1717938232029 0.2913 20400
1717938242094 0.3295 20500
1717938252179 0.3789 20600
1717938262394 0.2934 20700
1717938272443 0.3564 20800
1717938282546 0.3167 20900
1717938292560 0.3099 21000
1717938310662 0.3162 21100
1717938320745 0.2983 21200
1717938330895 0.302 21300
1717938341058 0.3879 21400
1717938351228 0.2752 21500
1717938361103 0.3553 21600
1717938370569 0.3322 21700
1717938380056 0.3462 21800
1717938389558 0.3047 21900
1717938399152 0.3009 22000
1717938415253 0.332 22100
1717938424768 0.3649 22200
1717938434276 0.3459 22300
1717938443749 0.3023 22400
1717938453223 0.2949 22500
1717938462654 0.3571 22600
1717938472119 0.3357 22700
1717938481730 0.3416 22800
1717938491482 0.1574 22900
1717938502062 0.171 23000
1717938519017 0.1838 23100
1717938529056 0.2151 23200
1717938539074 0.2249 23300
1717938549207 0.2291 23400
1717938559239 0.2573 23500
1717938569272 0.2175 23600
1717938579289 0.2035 23700
1717938589402 0.2472 23800
1717938599794 0.2288 23900
1717938610415 0.2207 24000
1717938629232 0.2037 24100
1717938639818 0.2146 24200
1717938650234 0.2273 24300
1717938660531 0.2211 24400
1717938670965 0.1815 24500
1717938681386 0.1921 24600
1717938691724 0.1936 24700
1717938702098 0.2689 24800
1717938712413 0.198 24900
1717938722802 0.2256 25000
1717938739886 0.188 25100
1717938750104 0.2171 25200
1717938760407 0.2204 25300
1717938770668 0.2129 25400
1717938781017 0.1908 25500
1717938791716 0.2586 25600
1717938802305 0.2038 25700
1717938812866 0.2596 25800
1717938823480 0.2305 25900
1717938833853 0.1704 26000
1717938851095 0.2589 26100
1717938861466 0.2338 26200
1717938871868 0.273 26300
1717938882444 0.2962 26400
1717938892754 0.2816 26500
1717938902791 0.1921 26600
1717938912851 0.2251 26700
1717938923073 0.2254 26800
1717938933103 0.1856 26900
1717938943284 0.2092 27000
1717938961705 0.2403 27100
1717938971903 0.1865 27200
1717938981967 0.2413 27300
1717938992067 0.1848 27400
1717939002293 0.2416 27500
1717939012495 0.2282 27600
1717939022733 0.2399 27700
1717939033099 0.1738 27800
1717939043342 0.1922 27900
1717939053419 0.2693 28000
1717939070306 0.2425 28100
1717939079893 0.2328 28200
1717939089365 0.2124 28300
1717939098877 0.2302 28400
1717939108729 0.2315 28500
1717939118884 0.129 28600
1717939129006 0.0938 28700
1717939139223 0.1519 28800
1717939149807 0.1717 28900
1717939159791 0.1462 29000
1717939175764 0.1271 29100
1717939185265 0.1584 29200
1717939194612 0.1411 29300
1717939203990 0.1058 29400
1717939213649 0.1655 29500
1717939223238 0.1344 29600
1717939232976 0.0894 29700
1717939242922 0.1408 29800
1717939252977 0.1296 29900
1717939262617 0.1379 30000
1717939281248 0.1805 30100
1717939291552 0.1665 30200
1717939301581 0.1601 30300
1717939311598 0.1461 30400
1717939322009 0.0864 30500
1717939332233 0.1837 30600
1717939342534 0.1005 30700
1717939352823 0.1357 30800
1717939363124 0.1763 30900
1717939373449 0.1139 31000
1717939390808 0.193 31100
1717939401163 0.1206 31200
1717939411491 0.1163 31300
1717939421899 0.1087 31400
1717939432198 0.1216 31500
1717939442317 0.1394 31600
1717939452465 0.111 31700
1717939462530 0.1693 31800
1717939472863 0.0791 31900
1717939483142 0.1459 32000
1717939500080 0.1931 32100
1717939510311 0.146 32200
1717939520590 0.1504 32300
1717939530792 0.1273 32400
1717939541037 0.1067 32500
1717939551437 0.1076 32600
1717939561590 0.1632 32700
1717939571681 0.1257 32800
1717939581883 0.2045 32900
1717939592112 0.137 33000
1717939611179 0.0915 33100
1717939621809 0.165 33200
1717939632241 0.1061 33300
1717939642668 0.159 33400
1717939653065 0.1223 33500
1717939663499 0.1896 33600
1717939674166 0.1511 33700
1717939684177 0.1244 33800
1717939694178 0.1256 33900
1717939704228 0.1809 34000
1717939721493 0.1093 34100
1717939731886 0.1163 34200
1717939742214 0.0593 34300
1717939752439 0.0837 34400
1717939762789 0.0415 34500
1717939773176 0.1129 34600
1717939783227 0.1051 34700
1717939793277 0.0989 34800
1717939803357 0.064 34900
1717939813811 0.1077 35000
1717939831210 0.071 35100
1717939841526 0.0574 35200
1717939852110 0.0925 35300
1717939862696 0.0411 35400
1717939872951 0.1026 35500
1717939883292 0.054 35600
1717939893643 0.0682 35700
1717939903920 0.0619 35800
1717939914135 0.0691 35900
1717939924493 0.0545 36000
1717939942891 0.0928 36100
1717939953344 0.0686 36200
1717939963410 0.0176 36300
1717939973629 0.1352 36400
1717939983925 0.071 36500
1717939994242 0.0685 36600
1717940004430 0.0847 36700
1717940014890 0.0917 36800
1717940025458 0.0959 36900
1717940036128 0.0563 37000
1717940053338 0.0993 37100
1717940063327 0.0471 37200
1717940073527 0.0197 37300
1717940083676 0.0837 37400
1717940093905 0.0618 37500
1717940104244 0.0822 37600
1717940114490 0.0961 37700
1717940124657 0.0489 37800
1717940135005 0.0696 37900
1717940145289 0.0943 38000
1717940161847 0.0634 38100
1717940171631 0.0568 38200
1717940181440 0.1107 38300
1717940191233 0.1017 38400
1717940200609 0.0908 38500
1717940209942 0.0777 38600
1717940219287 0.0763 38700
1717940228618 0.0718 38800
1717940237971 0.0851 38900
1717940247308 0.0793 39000
1717940264410 0.0606 39100
1717940273782 0.1457 39200
1717940283163 0.0993 39300
1717940292533 0.1154 39400
1717940301920 0.076 39500
1717940311329 0.0774 39600
1717940320712 0.0565 39700
1717940330097 0.108 39800
1717940339462 0.1058 39900
1717940348816 0.0575 40000
1717940364516 0.0361 40100
1717940373867 0.071 40200
1717940383207 0.0331 40300
1717940392538 0.0516 40400
1717940401890 0.0404 40500
1717940411230 0.0543 40600
1717940420586 0.0613 40700
1717940429926 0.0331 40800
1717940439264 0.0491 40900
1717940448626 0.0387 41000
1717940464391 0.0615 41100
1717940473741 0.0268 41200
1717940483086 0.0269 41300
1717940492471 0.0832 41400
1717940502007 0.0144 41500
1717940511341 0.0335 41600
1717940520693 0.0417 41700
1717940530050 0.0377 41800
1717940539415 0.0555 41900
1717940548767 0.0306 42000
1717940565836 0.0025 42100
1717940575220 0.0397 42200
1717940584600 0.1092 42300
1717940593987 0.0604 42400
1717940603368 0.0537 42500
1717940612774 0.0605 42600
1717940622178 0.019 42700
1717940631565 0.0252 42800
1717940640937 0.0542 42900
1717940650315 0.0209 43000
1717940666083 0.0382 43100
1717940675423 0.0314 43200
1717940684773 0.055 43300
1717940694128 0.0389 43400
1717940703459 0.0189 43500
1717940712806 0.0303 43600
1717940722151 0.027 43700
1717940731503 0.0774 43800
1717940740839 0.0184 43900
1717940750186 0.0743 44000
1717940765904 0.0193 44100
1717940775239 0.032 44200
1717940784579 0.0456 44300
1717940793916 0.0232 44400
1717940803302 0.023 44500
1717940812653 0.0419 44600
1717940821997 0.0501 44700
1717940831338 0.0566 44800
1717940840695 0.0422 44900
1717940850045 0.033 45000
1717940866982 0.0566 45100
1717940876336 0.0018 45200
1717940885697 0.0613 45300
1717940895076 0.0248 45400
1717940904428 0.0465 45500
1717940913802 0.0546 45600
1717940923149 0.0119 45700
1717940932507 0.0177 45800
1717940941846 0.009 45900
1717940951188 0.0109 46000
1717940966902 0.0435 46100
1717940976236 0.0216 46200
1717940985585 0.0319 46300
1717940994930 0.0493 46400
1717941004272 0.0094 46500
1717941013611 0.0244 46600
1717941022965 0.0254 46700
1717941032313 0.0372 46800
1717941041667 0.0251 46900
1717941051035 0.0618 47000
1717941066779 0.0145 47100
1717941076138 0.0252 47200
1717941085475 0.0284 47300
1717941094839 0.0147 47400
1717941104197 0.0162 47500
1717941113556 0.0143 47600
1717941122908 0.0545 47700
1717941132239 0.0271 47800
1717941141574 0.0237 47900
1717941150912 0.0249 48000
1717941167968 0.0101 48100
1717941177352 0.0421 48200
1717941186733 0.0264 48300
1717941196126 0.0165 48400
1717941205498 0.0262 48500
1717941214893 0.0226 48600
1717941224271 0.0285 48700
1717941233645 0.022 48800
1717941243018 0.0375 48900
1717941252400 0.0008 49000
1717941268153 0.005 49100
1717941277496 0.0149 49200
1717941286847 0.0091 49300
1717941296188 0.0447 49400
1717941305507 0.0152 49500
1717941314849 0.0145 49600
1717941324188 0.0312 49700
1717941333539 0.0298 49800
1717941342893 0.0211 49900
1717941352242 0.0305 50000
1717941367984 0.0089 50100
1717941377328 0.0156 50200
1717941386694 0.0389 50300
1717941396039 0.0256 50400
1717941405450 0.0407 50500
1717941414940 0.0462 50600
1717941424372 0.0307 50700
1717941433734 0.0158 50800
1717941443142 0.0541 50900
1717941452558 0.0038 51000
1717941469795 0.0211 51100
1717941479257 0.0394 51200
1717941488835 0.0564 51300
1717941498377 0.0097 51400
1717941507888 0.0077 51500
1717941517382 0.0135 51600
1717941527124 0.0122 51700
1717941537047 0.0253 51800
1717941546492 0.0226 51900
1717941556364 0.0192 52000
1717941573248 0.0253 52100
1717941583343 0.0201 52200
1717941593272 0.0241 52300
1717941603169 0.0346 52400
1717941613040 0.0476 52500
1717941622938 0.0499 52600
1717941633197 0.0003 52700
1717941643267 0.0176 52800
1717941653324 0.0192 52900
1717941663623 0.0116 53000
1717941680497 0.0084 53100
1717941691023 0.0185 53200
1717941701438 0.0237 53300
1717941711872 0.03 53400
1717941722004 0.0277 53500
1717941732183 0.0229 53600
1717941742272 0.011 53700
1717941752320 0.0103 53800
1717941762322 0.0313 53900
1717941772369 0.0112 54000
1717941790416 0.0023 54100
1717941800533 0.0056 54200
1717941810640 0.0108 54300
1717941820809 0.0069 54400
1717941830760 0.0157 54500
1717941840748 0.0176 54600
1717941850751 0.0151 54700
1717941860715 0.0238 54800
1717941870626 0.0257 54900
1717941880553 0.0063 55000
1717941897188 0.0291 55100
1717941907296 0.0002 55200
1717941917198 0.0345 55300
1717941926916 0.0353 55400
1717941936379 0.0151 55500
1717941945855 0.0219 55600
1717941955331 0.0188 55700
1717941964873 0.0037 55800
1717941974450 0.0402 55900
1717941984068 0.0041 56000
1717942000290 0.019 56100
1717942009800 0.0228 56200
1717942019323 0.0097 56300
1717942028854 0.0231 56400
1717942038468 0.0082 56500
1717942047976 0.0199 56600
1717942057571 0.0033 56700
1717942067113 0.0184 56800
1717942076716 0.0191 56900
1717942086454 0.0419 57000
