1718223428131 0.01 10
1718223442240 0.02 20
1718223456378 0.02 30
1718223470390 0.03 40
1718223484189 0.04 50
1718223498397 0.05 60
1718223511311 0.06 70
1718223524462 0.06 80
1718223537516 0.07 90
1718223550300 0.08 100
1718223563526 0.09 110
1718223576661 0.1 120
1718223589752 0.1 130
1718223602833 0.11 140
1718223615659 0.12 150
1718223628964 0.13 160
1718223641999 0.14 170
1718223655076 0.14 180
1718223668311 0.15 190
1718223681202 0.16 200
1718223694446 0.17 210
1718223707318 0.18 220
1718223720316 0.18 230
1718223733906 0.19 240
1718223747039 0.2 250
1718223760228 0.21 260
1718223773304 0.22 270
1718223786448 0.22 280
1718223799461 0.23 290
1718223812206 0.24 300
1718223932623 0.24 300
1718223949576 0.25 310
1718223962326 0.26 320
1718223975018 0.26 330
1718223987698 0.27 340
1718224000271 0.28 350
1718224013151 0.29 360
1718224025906 0.3 370
1718224038548 0.3 380
1718224051152 0.31 390
1718224063709 0.32 400
1718224076403 0.33 410
1718224089092 0.34 420
1718224101737 0.34 430
1718224114365 0.35 440
1718224126819 0.36 450
1718224139847 0.37 460
1718224152553 0.38 470
1718224165196 0.38 480
1718224177803 0.39 490
1718224190596 0.4 500
1718224203294 0.41 510
1718224215898 0.42 520
1718224228552 0.42 530
1718224241167 0.43 540
1718224253600 0.44 550
1718224266274 0.45 560
1718224279106 0.46 570
1718224291718 0.46 580
1718224304307 0.47 590
1718224316750 0.48 600
1718224436283 0.48 600
1718224452699 0.49 610
1718224465385 0.5 620
1718224478067 0.5 630
1718224490783 0.51 640
1718224503371 0.52 650
1718224516195 0.53 660
1718224528858 0.54 670
1718224541551 0.54 680
1718224554158 0.55 690
1718224566682 0.56 700
1718224579488 0.57 710
1718224592141 0.58 720
1718224604758 0.58 730
1718224617333 0.59 740
1718224629863 0.6 750
1718224642638 0.61 760
1718224655355 0.62 770
1718224667969 0.62 780
1718224680581 0.63 790
1718224693072 0.64 800
1718224705737 0.65 810
1718224718336 0.66 820
1718224730953 0.66 830
1718224743541 0.67 840
1718224756000 0.68 850
1718224768711 0.69 860
1718224781317 0.7 870
1718224793988 0.7 880
1718224806585 0.71 890
1718224819024 0.72 900
1718224938955 0.72 900
1718224955356 0.73 910
1718224968072 0.74 920
1718224980800 0.74 930
1718224993433 0.75 940
1718225005963 0.76 950
1718225018838 0.77 960
1718225031505 0.78 970
1718225044134 0.78 980
1718225056733 0.79 990
1718225069270 0.8 1000
1718225081963 0.81 1010
1718225094623 0.82 1020
1718225107216 0.82 1030
1718225119776 0.83 1040
1718225132186 0.84 1050
1718225144856 0.85 1060
1718225157473 0.86 1070
1718225170110 0.86 1080
1718225182696 0.87 1090
1718225195200 0.88 1100
1718225207906 0.89 1110
1718225220528 0.9 1120
1718225233174 0.9 1130
1718225245778 0.91 1140
1718225258175 0.92 1150
1718225270848 0.93 1160
1718225283445 0.94 1170
1718225296112 0.94 1180
1718225308708 0.95 1190
1718225321242 0.96 1200
1718225441346 0.96 1200
1718225457595 0.97 1210
1718225470351 0.98 1220
1718225483028 0.98 1230
1718225495660 0.99 1240
1718225508204 1.0 1250
1718225508510 1.0 1250
