1718223428131 1.2471072673797607 10
1718223442240 1.3145748376846313 20
1718223456378 3.464545488357544 30
1718223470390 1.7177734375 40
1718223484189 0.4654960632324219 50
1718223498397 0.6570077538490295 60
1718223511311 1.4720566272735596 70
1718223524462 1.1543817520141602 80
1718223537516 2.105915069580078 90
1718223550300 0.7235249280929565 100
1718223563526 0.5513636469841003 110
1718223576661 0.6072229146957397 120
1718223589752 0.15227071940898895 130
1718223602833 0.5799580216407776 140
1718223615659 1.1772456169128418 150
1718223628964 0.3617490828037262 160
1718223641999 0.2792964577674866 170
1718223655076 0.9978772401809692 180
1718223668311 0.5285984873771667 190
1718223681202 0.5506815314292908 200
1718223694446 1.3486062288284302 210
1718223707318 0.45333948731422424 220
1718223720316 3.023090362548828 230
1718223733906 1.1960976123809814 240
1718223747039 2.423233985900879 250
1718223760228 0.45244061946868896 260
1718223773304 3.531419038772583 270
1718223786448 0.8159447312355042 280
1718223799461 0.28822067379951477 290
1718223812206 0.46631038188934326 300
1718223949576 1.2123024463653564 310
1718223962326 0.6842558979988098 320
1718223975018 0.6806393265724182 330
1718223987698 0.34378689527511597 340
1718224000271 1.2433230876922607 350
1718224013151 1.249569296836853 360
1718224025906 0.2379308044910431 370
1718224038548 0.22606274485588074 380
1718224051152 0.27500250935554504 390
1718224063709 nan 400
1718224076403 7.534269332885742 410
1718224089092 7.20382833480835 420
1718224101737 0.42954951524734497 430
1718224114365 0.22544613480567932 440
1718224126819 0.5165614485740662 450
1718224139847 0.3663689196109772 460
1718224152553 1.0106451511383057 470
1718224165196 1.010392427444458 480
1718224177803 1.0338468551635742 490
1718224190596 0.7930707335472107 500
1718224203294 1.230713963508606 510
1718224215898 0.4130041301250458 520
1718224228552 0.21291933953762054 530
1718224241167 0.9143681526184082 540
1718224253600 0.1551925241947174 550
1718224266274 2.138590097427368 560
1718224279106 0.8218368887901306 570
1718224291718 1.0382429361343384 580
1718224304307 0.46458175778388977 590
1718224316750 0.5306097269058228 600
1718224452699 0.7356203198432922 610
1718224465385 0.9682971835136414 620
1718224478067 0.1424064189195633 630
1718224490783 0.42951929569244385 640
1718224503371 0.3615768253803253 650
1718224516195 0.18236683309078217 660
1718224528858 0.42944952845573425 670
1718224541551 0.5127474665641785 680
1718224554158 0.22078849375247955 690
1718224566682 0.5204519629478455 700
1718224579488 0.44353795051574707 710
1718224592141 1.2061935663223267 720
1718224604758 2.1804909706115723 730
1718224617333 0.6181125640869141 740
1718224629863 0.10144105553627014 750
1718224642638 0.13102948665618896 760
1718224655355 0.6998469829559326 770
1718224667969 0.3100369870662689 780
1718224680581 0.5925880670547485 790
1718224693072 0.4016769826412201 800
1718224705737 0.518399178981781 810
1718224718336 1.3654624223709106 820
1718224730953 0.9302129149436951 830
1718224743541 0.14582930505275726 840
1718224756000 0.4798498749732971 850
1718224768711 1.3212504386901855 860
1718224781317 0.4685378074645996 870
1718224793988 0.5571876168251038 880
1718224806585 0.3214416801929474 890
1718224819024 0.09937239438295364 900
1718224955356 0.6040040850639343 910
1718224968072 0.39926549792289734 920
1718224980800 0.4964456260204315 930
1718224993433 0.5111371874809265 940
1718225005963 0.09882865846157074 950
1718225018838 0.4438950717449188 960
1718225031505 0.08935166150331497 970
1718225044134 0.7735399007797241 980
1718225056733 6.101844310760498 990
1718225069270 0.580079972743988 1000
1718225081963 0.33901575207710266 1010
1718225094623 1.111764907836914 1020
1718225107216 0.30095499753952026 1030
1718225119776 0.12396874278783798 1040
1718225132186 0.4178335964679718 1050
1718225144856 0.2813262939453125 1060
1718225157473 0.5686014294624329 1070
1718225170110 0.1861414760351181 1080
1718225182696 0.5532694458961487 1090
1718225195200 0.4512827694416046 1100
1718225207906 0.4967450201511383 1110
1718225220528 0.33747559785842896 1120
1718225233174 0.056526463478803635 1130
1718225245778 0.3572320342063904 1140
1718225258175 0.2860720455646515 1150
1718225270848 0.384317547082901 1160
1718225283445 0.8734622001647949 1170
1718225296112 0.47948703169822693 1180
1718225308708 0.6574456691741943 1190
1718225321242 0.2852778732776642 1200
1718225457595 0.22768129408359528 1210
1718225470351 0.6328802108764648 1220
1718225483028 0.6823228597640991 1230
1718225495660 2.169667959213257 1240
1718225508204 0.5546889901161194 1250
