1718223428131 4.736842105263158e-05 10
1718223442240 0.0001 20
1718223456378 0.00015263157894736845 30
1718223470390 0.00019999966405802826 40
1718223484189 0.00019995935375248606 50
1718223498397 0.000199851886084842 60
1718223511311 0.00019969780438256293 70
1718223524462 0.00019946297389550433 80
1718223537516 0.00019916131953751342 90
1718223550300 0.0001987930439740757 100
1718223563526 0.00019835839462991361 110
1718223576661 0.00019785766352275542 120
1718223589752 0.00019729118706714375 130
1718223602833 0.00019665934584841682 140
1718223615659 0.00019596256436701324 150
1718223628964 0.00019520131075327298 160
1718223641999 0.00019437609645292546 170
1718223655076 0.00019348747588347637 180
1718223668311 0.00019253604606172417 190
1718223681202 0.0001915224462026563 200
1718223694446 0.0001904473572899947 210
1718223707318 0.00018931150161867916 220
1718223720316 0.00018811564230959588 230
1718223733906 0.00018686058279687698 240
1718223747039 0.0001855471662881164 250
1718223760228 0.00018417627519786315 260
1718223773304 0.00018274883055477436 270
1718223786448 0.00018126579138282503 280
1718223799461 0.00017972815405699103 290
1718223812206 0.0001781369516338378 300
1718223949576 0.00017649325315746478 310
1718223962326 0.00017479816294127152 320
1718223975018 0.0001730528198260285 330
1718223987698 0.00017125839641475072 340
1718224000271 0.00016941609828488807 350
1718224013151 0.00016752716317836229 360
1718224025906 0.000165592860169994 370
1718224038548 0.00016361448881487914 380
1718224051152 0.00016159337827528685 390
1718224063709 0.0001597389584931517 400
1718224076403 0.00015806326119776663 410
1718224089092 0.00015593361568561428 420
1718224101737 0.00015376639135826107 430
1718224114365 0.00015156304425822267 440
1718224126819 0.00014932505469698052 450
1718224139847 0.0001470539262604393 460
1718224152553 0.00014475118479874774 470
1718224165196 0.00014241837740116132 480
1718224177803 0.00014005707135663527 490
1718224190596 0.00013766885310084688 500
1718224203294 0.00013525532715035366 510
1718224215898 0.0001328181150246045 520
1718224228552 0.00013035885415652685 530
1718224241167 0.00012787919679242306 540
1718224253600 0.00012538080888191408 550
1718224266274 0.00012286536895867654 560
1718224279106 0.00012033456701272576 570
1718224291718 0.0001177901033550012 580
1718224304307 0.00011523368747501839 590
1718224316750 0.00011266703689235394 600
1718224452699 0.00011009187600273566 610
1718224465385 0.0001075099349195131 620
1718224478067 0.00010492294831128641 630
1718224490783 0.00010233265423647523 640
1718224503371 9.97407929756095e-05 650
1718224516195 9.714910586212816e-05 660
1718224528858 9.455933411246958e-05 670
1718224541551 9.197321765624152e-05 680
1718224554158 8.939249396725467e-05 690
1718224566682 8.6818896896207e-05 700
1718224579488 8.425415550580162e-05 710
1718224592141 8.169999290908188e-05 720
1718224604758 7.915812511176347e-05 730
1718224617333 7.663025985934158e-05 740
1718224629863 7.411809548974792e-05 750
1718224642638 7.162331979232783e-05 760
1718224655355 6.914760887390452e-05 770
1718224667969 6.669262603269246e-05 780
1718224680581 6.426002064081565e-05 790
1718224693072 6.18514270361827e-05 800
1718224705737 5.946846342446214e-05 810
1718224718336 5.7112730791896207e-05 820
1718224730953 5.4785811829683764e-05 830
1718224743541 5.248926987065417e-05 840
1718224756000 5.022464783894744e-05 850
1718224768711 4.7993467213405706e-05 860
1718224781317 4.579722700537268e-05 870
1718224793988 4.36374027515878e-05 880
1718224806585 4.1515445522851784e-05 890
1718224819024 3.943278094912946e-05 900
1718224955356 3.739080826174498e-05 910
1718224968072 3.539089935331294e-05 920
1718224980800 3.34343978560367e-05 930
1718224993433 3.1522618238993725e-05 940
1718225005963 2.9656844925013637e-05 950
1718225018838 2.7838331427743282e-05 960
1718225031505 2.6068299509477266e-05 970
1718225044134 2.4347938360321566e-05 980
1718225056733 2.26784037992395e-05 990
1718225069270 2.106081749751897e-05 1000
1718225081963 1.9496266225181248e-05 1010
1718225094623 1.7985801120837865e-05 1020
1718225107216 1.6530436985486996e-05 1030
1718225119776 1.5131151600722337e-05 1040
1718225132186 1.3788885071814172e-05 1050
1718225144856 1.2504539196102439e-05 1060
1718225157473 1.1278976857127311e-05 1070
1718225170110 1.0113021444903726e-05 1080
1718225182696 9.0074563027294e-06 1090
1718225195200 7.963024200898462e-06 1100
1718225207906 6.980426837673437e-06 1110
1718225220528 6.0603243678516995e-06 1120
1718225233174 5.2033349592426335e-06 1130
1718225245778 4.4100343773536225e-06 1140
1718225258175 3.6809555985639068e-06 1150
1718225270848 3.0165884520461316e-06 1160
1718225283445 2.4173792906762804e-06 1170
1718225296112 1.8837306911529184e-06 1180
1718225308708 1.4160011835273934e-06 1190
1718225321242 1.014505010326583e-06 1200
1718225457595 6.7951191543012e-07 1210
1718225470351 4.112469628438365e-07 1220
1718225483028 2.098903854912515e-07 1230
1718225495660 7.557746412468758e-08 1240
1718225508204 8.398436437317969e-09 1250
