1718223428131 1.6473 10
1718223442240 0.2767 20
1718223456378 0.1697 30
1718223470390 0.277 40
1718223484189 0.3052 50
1718223498397 0.2684 60
1718223511311 0.322 70
1718223524462 0.1481 80
1718223537516 0.1423 90
1718223550300 0.1767 100
1718223563526 0.2066 110
1718223576661 0.1736 120
1718223589752 0.1817 130
1718223602833 0.1234 140
1718223615659 0.1894 150
1718223628964 0.2027 160
1718223641999 0.285 170
1718223655076 0.1958 180
1718223668311 0.2337 190
1718223681202 0.1553 200
1718223694446 0.2072 210
1718223707318 0.1725 220
1718223720316 0.2415 230
1718223733906 0.1579 240
1718223747039 0.2002 250
1718223760228 0.1732 260
1718223773304 0.1273 270
1718223786448 0.1952 280
1718223799461 0.1114 290
1718223812206 0.1504 300
1718223949576 0.1349 310
1718223962326 0.1884 320
1718223975018 0.1853 330
1718223987698 0.1797 340
1718224000271 0.1699 350
1718224013151 0.1846 360
1718224025906 0.1587 370
1718224038548 0.1492 380
1718224051152 0.213 390
1718224063709 0.7097 400
1718224076403 5.7938 410
1718224089092 1.6806 420
1718224101737 0.5142 430
1718224114365 0.1474 440
1718224126819 0.2139 450
1718224139847 0.1675 460
1718224152553 0.1299 470
1718224165196 0.1776 480
1718224177803 0.1687 490
1718224190596 0.1464 500
1718224203294 0.1195 510
1718224215898 0.1752 520
1718224228552 0.1482 530
1718224241167 0.1223 540
1718224253600 0.0945 550
1718224266274 0.1592 560
1718224279106 0.082 570
1718224291718 0.1332 580
1718224304307 0.1862 590
1718224316750 0.1196 600
1718224452699 0.4612 610
1718224465385 0.1478 620
1718224478067 0.119 630
1718224490783 0.1694 640
1718224503371 0.2 650
1718224516195 0.1595 660
1718224528858 0.1115 670
1718224541551 0.2106 680
1718224554158 0.1279 690
1718224566682 0.2568 700
1718224579488 0.1142 710
1718224592141 0.1488 720
1718224604758 0.1153 730
1718224617333 0.1498 740
1718224629863 0.0938 750
1718224642638 0.1466 760
1718224655355 0.1386 770
1718224667969 0.1251 780
1718224680581 0.0905 790
1718224693072 0.1176 800
1718224705737 0.1194 810
1718224718336 0.1461 820
1718224730953 0.1375 830
1718224743541 0.0731 840
1718224756000 0.0835 850
1718224768711 0.2382 860
1718224781317 0.1323 870
1718224793988 0.1375 880
1718224806585 0.0888 890
1718224819024 0.0879 900
1718224955356 0.1202 910
1718224968072 0.1404 920
1718224980800 0.1029 930
1718224993433 0.1172 940
1718225005963 0.0805 950
1718225018838 0.1029 960
1718225031505 0.1826 970
1718225044134 0.1663 980
1718225056733 0.116 990
1718225069270 0.1159 1000
1718225081963 0.1238 1010
1718225094623 0.1039 1020
1718225107216 0.1447 1030
1718225119776 0.1081 1040
1718225132186 0.1491 1050
1718225144856 0.1146 1060
1718225157473 0.0854 1070
1718225170110 0.141 1080
1718225182696 0.1039 1090
1718225195200 0.1186 1100
1718225207906 0.1439 1110
1718225220528 0.1111 1120
1718225233174 0.0785 1130
1718225245778 0.1069 1140
1718225258175 0.1248 1150
1718225270848 0.1197 1160
1718225283445 0.0997 1170
1718225296112 0.0599 1180
1718225308708 0.111 1190
1718225321242 0.1565 1200
1718225457595 0.1162 1210
1718225470351 0.099 1220
1718225483028 0.1151 1230
1718225495660 0.1083 1240
1718225508204 0.0988 1250
