1718207657070 0.01 10
1718207681005 0.02 20
1718207704947 0.02 30
1718207728900 0.03 40
1718207752221 0.04 50
1718207776443 0.05 60
1718207800364 0.06 70
1718207824453 0.06 80
1718207848401 0.07 90
1718207871868 0.08 100
1718207896041 0.09 110
1718207919967 0.1 120
1718207943993 0.1 130
1718207967753 0.11 140
1718207991058 0.12 150
1718208015392 0.13 160
1718208039519 0.14 170
1718208063534 0.14 180
1718208087452 0.15 190
1718208111003 0.16 200
1718208135291 0.17 210
1718208159240 0.18 220
1718208183188 0.18 230
1718208207063 0.19 240
1718208230523 0.2 250
1718208254612 0.21 260
1718208278574 0.22 270
1718208302584 0.22 280
1718208326423 0.23 290
1718208349657 0.24 300
1718208572862 0.24 300
1718208601967 0.25 310
1718208626046 0.26 320
1718208650072 0.26 330
1718208673941 0.27 340
1718208697220 0.28 350
1718208721466 0.29 360
1718208745350 0.3 370
1718208769365 0.3 380
1718208793295 0.31 390
1718208817003 0.32 400
1718208841345 0.33 410
1718208865326 0.34 420
1718208889342 0.34 430
1718208913286 0.35 440
1718208936667 0.36 450
1718208960897 0.37 460
1718208984897 0.38 470
1718209008890 0.38 480
1718209032800 0.39 490
1718209056177 0.4 500
1718209080295 0.41 510
1718209104226 0.42 520
1718209128276 0.42 530
1718209152233 0.43 540
1718209175325 0.44 550
1718209199602 0.45 560
1718209223701 0.46 570
1718209247695 0.46 580
1718209271563 0.47 590
1718209294676 0.48 600
1718209518224 0.48 600
1718209545722 0.49 610
1718209569753 0.5 620
1718209593844 0.5 630
1718209617796 0.51 640
1718209641150 0.52 650
1718209665342 0.53 660
1718209689317 0.54 670
1718209713341 0.54 680
1718209737226 0.55 690
1718209760625 0.56 700
1718209784937 0.57 710
1718209808928 0.58 720
1718209832957 0.58 730
1718209856823 0.59 740
1718209880205 0.6 750
1718209904482 0.61 760
1718209928530 0.62 770
1718209952545 0.62 780
1718209976372 0.63 790
1718209999744 0.64 800
1718210023983 0.65 810
1718210047942 0.66 820
1718210071959 0.66 830
1718210095921 0.67 840
1718210119320 0.68 850
1718210143643 0.69 860
1718210167681 0.7 870
1718210191673 0.7 880
1718210215636 0.71 890
1718210238796 0.72 900
1718210462268 0.72 900
1718210489773 0.73 910
1718210513846 0.74 920
1718210537959 0.74 930
1718210561841 0.75 940
1718210585222 0.76 950
1718210609452 0.77 960
1718210633421 0.78 970
1718210657368 0.78 980
1718210681278 0.79 990
1718210705189 0.8 1000
1718210730704 0.81 1010
1718210753856 0.82 1020
1718210777660 0.82 1030
1718210800955 0.83 1040
1718210825368 0.84 1050
1718210849410 0.85 1060
1718210872973 0.86 1070
1718210897158 0.86 1080
1718210921033 0.87 1090
1718210944589 0.88 1100
1718210968830 0.89 1110
1718210992926 0.9 1120
1718211016937 0.9 1130
1718211040799 0.91 1140
1718211064101 0.92 1150
1718211088297 0.93 1160
1718211112316 0.94 1170
1718211136357 0.94 1180
1718211160246 0.95 1190
1718211183626 0.96 1200
1718211407290 0.96 1200
1718211434843 0.97 1210
1718211458862 0.98 1220
1718211482948 0.98 1230
1718211506973 0.99 1240
1718211530394 1.0 1250
1718211530693 1.0 1250
