1718207657070 25.734785079956055 10
1718207681005 3.9177663326263428 20
1718207704947 5.164732456207275 30
1718207728900 0.9699978828430176 40
1718207752221 0.4653629660606384 50
1718207776443 86.98391723632812 60
1718207800364 169.6829071044922 70
1718207824453 4.613718509674072 80
1718207848401 52.57245635986328 90
1718207871868 73.99276733398438 100
1718207896041 45.518367767333984 110
1718207919967 28.667062759399414 120
1718207943993 24.09060287475586 130
1718207967753 14.376581192016602 140
1718207991058 16.352279663085938 150
1718208015392 14.671609878540039 160
1718208039519 1.239472508430481 170
1718208063534 0.6193285584449768 180
1718208087452 0.29172366857528687 190
1718208111003 19.709331512451172 200
1718208135291 14.274534225463867 210
1718208159240 2.180509328842163 220
1718208183188 1.6294609308242798 230
1718208207063 1.105780839920044 240
1718208230523 1.0902718305587769 250
1718208254612 2.8570637702941895 260
1718208278574 1.1589146852493286 270
1718208302584 1.7606652975082397 280
1718208326423 6.319109916687012 290
1718208349657 15.162215232849121 300
1718208601967 3.902812957763672 310
1718208626046 1.3985146284103394 320
1718208650072 1.4322773218154907 330
1718208673941 0.29866498708724976 340
1718208697220 1.4940041303634644 350
1718208721466 113.73485565185547 360
1718208745350 6.7039690017700195 370
1718208769365 1.8671504259109497 380
1718208793295 0.935167670249939 390
1718208817003 1.8962770700454712 400
1718208841345 14.495407104492188 410
1718208865326 0.36027777194976807 420
1718208889342 1.1040751934051514 430
1718208913286 2.4681172370910645 440
1718208936667 2.238935947418213 450
1718208960897 1.1439156532287598 460
1718208984897 1.104689598083496 470
1718209008890 1.4105511903762817 480
1718209032800 0.5601372122764587 490
1718209056177 0.7425158619880676 500
1718209080295 0.2525632679462433 510
1718209104226 0.5284313559532166 520
1718209128276 1.1828347444534302 530
1718209152233 0.29897379875183105 540
1718209175325 0.22749735414981842 550
1718209199602 0.20173287391662598 560
1718209223701 1.1070424318313599 570
1718209247695 0.28392642736434937 580
1718209271563 0.47249653935432434 590
1718209294676 0.6911148428916931 600
1718209545722 0.6690505146980286 610
1718209569753 4.168759346008301 620
1718209593844 1.003404974937439 630
1718209617796 0.9774385094642639 640
1718209641150 1.1953920125961304 650
1718209665342 2.970423460006714 660
1718209689317 2.168363571166992 670
1718209713341 3.748363733291626 680
1718209737226 1.2341313362121582 690
1718209760625 1.180147647857666 700
1718209784937 0.37570637464523315 710
1718209808928 0.956270158290863 720
1718209832957 0.8926100730895996 730
1718209856823 0.5241460800170898 740
1718209880205 0.4807388186454773 750
1718209904482 0.20099423825740814 760
1718209928530 0.31043219566345215 770
1718209952545 0.6356707811355591 780
1718209976372 1.000726342201233 790
1718209999744 0.4368090331554413 800
1718210023983 1.091977834701538 810
1718210047942 0.5303505659103394 820
1718210071959 0.3627757132053375 830
1718210095921 0.8551691174507141 840
1718210119320 0.40089157223701477 850
1718210143643 0.21647390723228455 860
1718210167681 0.6643417477607727 870
1718210191673 0.9261941909790039 880
1718210215636 0.29647934436798096 890
1718210238796 0.7316426038742065 900
1718210489773 1.1242108345031738 910
1718210513846 0.8651184439659119 920
1718210537959 1.1037695407867432 930
1718210561841 0.28997504711151123 940
1718210585222 0.29812872409820557 950
1718210609452 0.19178515672683716 960
1718210633421 0.30210813879966736 970
1718210657368 1.0454118251800537 980
1718210681278 0.6452426910400391 990
1718210705189 1.3209056854248047 1000
1718210730704 0.18046410381793976 1010
1718210753856 0.3192877769470215 1020
1718210777660 0.5225934982299805 1030
1718210800955 0.7274231910705566 1040
1718210825368 0.3619897663593292 1050
1718210849410 0.5822231769561768 1060
1718210872973 0.5124618411064148 1070
1718210897158 0.42127734422683716 1080
1718210921033 0.6236298680305481 1090
1718210944589 0.53815096616745 1100
1718210968830 0.338459312915802 1110
1718210992926 0.5074459314346313 1120
1718211016937 0.378897100687027 1130
1718211040799 0.17691253125667572 1140
1718211064101 0.3429548740386963 1150
1718211088297 0.6947795748710632 1160
1718211112316 0.3180001378059387 1170
1718211136357 0.4369487762451172 1180
1718211160246 0.16387319564819336 1190
1718211183626 0.9109059572219849 1200
1718211434843 0.4114343822002411 1210
1718211458862 0.6806129813194275 1220
1718211482948 0.4890187382698059 1230
1718211506973 0.6775497794151306 1240
1718211530394 0.30093634128570557 1250
