1718207657070 4.210526315789474e-05 10
1718207681005 9.473684210526316e-05 20
1718207704947 0.00014736842105263158 30
1718207728900 0.0002 40
1718207752221 0.00019996640766492543 50
1718207776443 0.00019986565322860115 60
1718207800364 0.00019973673694024 70
1718207824453 0.00019951529159848805 80
1718207848401 0.00019922698723632767 90
1718207871868 0.000198910508011824 100
1718207896041 0.00019849574216547171 110
1718207919967 0.0001980148022796345 120
1718207943993 0.00019746801147218842 130
1718207967753 0.00019685573710273376 140
1718207991058 0.00019617839052578603 150
1718208015392 0.0001954364268144088 160
1718208039519 0.0001946303444544741 170
1718208063534 0.00019376068500975667 180
1718208087452 0.0001928280327580858 190
1718208111003 0.00019183301429880043 200
1718208135291 0.00019077629813177036 210
1718208159240 0.00018965859420826684 220
1718208183188 0.0001884806534539841 230
1718208207063 0.00018724326726453244 240
1718208230523 0.00018594726697374175 250
1718208254612 0.0001845935232951325 260
1718208278574 0.00018318294573692985 270
1718208302584 0.00018171648199101346 280
1718208326423 0.0001801951172962139 290
1718208349657 0.00017861987377638312 300
1718208601967 0.00017699180975368396 310
1718208626046 0.00017531201903755994 320
1718208650072 0.00017358163018986282 330
1718208673941 0.00017180180576663228 340
1718208697220 0.00016997374153703625 350
1718208721466 0.0001680986656799975 360
1718208745350 0.00016617783795904565 370
1718208769365 0.00016421254887594917 380
1718208793295 0.00016220411880369601 390
1718208817003 0.00016015389709940538 400
1718208841345 0.00015806326119776663 410
1718208865326 0.00015593361568561428 420
1718208889342 0.00015376639135826107 430
1718208913286 0.00015156304425822267 440
1718208936667 0.00014932505469698052 450
1718208960897 0.0001470539262604393 460
1718208984897 0.00014475118479874774 470
1718209008890 0.00014241837740116132 480
1718209032800 0.00014005707135663527 490
1718209056177 0.00013766885310084688 500
1718209080295 0.00013525532715035366 510
1718209104226 0.0001328181150246045 520
1718209128276 0.00013035885415652685 530
1718209152233 0.00012787919679242306 540
1718209175325 0.00012538080888191408 550
1718209199602 0.00012286536895867654 560
1718209223701 0.00012033456701272576 570
1718209247695 0.0001177901033550012 580
1718209271563 0.00011523368747501839 590
1718209294676 0.00011266703689235394 600
1718209545722 0.00011009187600273566 610
1718209569753 0.0001075099349195131 620
1718209593844 0.00010492294831128641 630
1718209617796 0.00010233265423647523 640
1718209641150 9.97407929756095e-05 650
1718209665342 9.714910586212816e-05 660
1718209689317 9.455933411246958e-05 670
1718209713341 9.223161527109937e-05 680
1718209737226 8.965027421318665e-05 690
1718209760625 8.707588658440511e-05 700
1718209784937 8.451018197859153e-05 710
1718209808928 8.195488415592238e-05 720
1718209832957 7.941170988481108e-05 730
1718209856823 7.688236778850306e-05 740
1718209880205 7.43685571971426e-05 750
1718209904482 7.187196700608373e-05 760
1718209928530 6.939427454121128e-05 770
1718209952545 6.693714443203507e-05 780
1718209976372 6.450222749331414e-05 790
1718209999744 6.209115961596208e-05 800
1718210023983 5.970556066797941e-05 810
1718210047942 5.73470334061505e-05 820
1718210071959 5.501716239923642e-05 830
1718210095921 5.271751296338823e-05 840
1718210119320 5.0449630110493836e-05 850
1718210143643 4.821503751016746e-05 860
1718210167681 4.6015236466076747e-05 870
1718210191673 4.385170490729712e-05 880
1718210215636 4.172589639536991e-05 890
1718210238796 3.963923914773187e-05 900
1718210489773 3.759313507817196e-05 910
1718210513846 3.558895885496023e-05 920
1718210537959 3.362805697728145e-05 930
1718210561841 3.1711746870594086e-05 940
1718210585222 2.9841316001522347e-05 950
1718210609452 2.8018021012875994e-05 960
1718210633421 2.6243086879379e-05 970
1718210657368 2.451770608467432e-05 980
1718210681278 2.2843037820157675e-05 990
1718210705189 2.1220207206178688e-05 1000
1718210730704 1.9650304536132426e-05 1010
1718210753856 1.8134384543949478e-05 1020
1718210777660 1.6673465695476232e-05 1030
1718210800955 1.526852950422226e-05 1040
1718210825368 1.3920519871933424e-05 1050
1718210849410 1.263034245443473e-05 1060
1718210872973 1.1398864053168534e-05 1070
1718210897158 1.0226912032836611e-05 1080
1718210921033 9.115273765538202e-06 1090
1718210944589 8.064696101776358e-06 1100
1718210968830 7.07588486868922e-06 1110
1718210992926 6.149504395842087e-06 1120
1718211016937 5.286177068899989e-06 1130
1718211040799 4.486482911479839e-06 1140
1718211064101 3.750959195463466e-06 1150
1718211088297 3.0801000800333877e-06 1160
1718211112316 2.4743562796734622e-06 1170
1718211136357 1.9341347613579087e-06 1180
1718211160246 1.459798471131868e-06 1190
1718211183626 1.0516660902673448e-06 1200
1718211434843 7.100118211581852e-07 1210
1718211458862 4.3506520309813947e-07 1220
1718211482948 2.2701095806565432e-07 1230
1718211506973 8.598886661895788e-08 1240
1718211530394 1.209367398504746e-08 1250
