1718207657070 7.927 10
1718207681005 0.2126 20
1718207704947 0.2407 30
1718207728900 0.3463 40
1718207752221 0.1821 50
1718207776443 0.5973 60
1718207800364 1.6133 70
1718207824453 0.6184 80
1718207848401 0.7679 90
1718207871868 2.3447 100
1718207896041 2.0482 110
1718207919967 1.7928 120
1718207943993 0.7147 130
1718207967753 0.552 140
1718207991058 0.5674 150
1718208015392 0.4959 160
1718208039519 0.255 170
1718208063534 0.1776 180
1718208087452 0.2018 190
1718208111003 0.261 200
1718208135291 0.2482 210
1718208159240 0.1142 220
1718208183188 0.1641 230
1718208207063 0.2909 240
1718208230523 0.1337 250
1718208254612 0.1161 260
1718208278574 0.1663 270
1718208302584 0.1642 280
1718208326423 0.196 290
1718208349657 0.5024 300
1718208601967 0.1662 310
1718208626046 0.1322 320
1718208650072 0.1571 330
1718208673941 0.1272 340
1718208697220 0.1704 350
1718208721466 0.2641 360
1718208745350 0.1581 370
1718208769365 0.3239 380
1718208793295 0.2277 390
1718208817003 0.1649 400
1718208841345 0.1175 410
1718208865326 0.136 420
1718208889342 0.1479 430
1718208913286 0.6061 440
1718208936667 0.1398 450
1718208960897 0.1725 460
1718208984897 0.1789 470
1718209008890 0.1409 480
1718209032800 0.1258 490
1718209056177 0.1268 500
1718209080295 0.1223 510
1718209104226 0.1615 520
1718209128276 0.1284 530
1718209152233 0.1892 540
1718209175325 0.1122 550
1718209199602 0.1361 560
1718209223701 0.1398 570
1718209247695 0.1281 580
1718209271563 0.1255 590
1718209294676 0.1288 600
1718209545722 0.1187 610
1718209569753 0.157 620
1718209593844 0.7038 630
1718209617796 0.1275 640
1718209641150 0.1244 650
1718209665342 0.1524 660
1718209689317 0.3269 670
1718209713341 0.2727 680
1718209737226 0.1325 690
1718209760625 0.1373 700
1718209784937 0.1262 710
1718209808928 0.1071 720
1718209832957 0.1392 730
1718209856823 0.116 740
1718209880205 0.1171 750
1718209904482 0.113 760
1718209928530 0.1116 770
1718209952545 0.1214 780
1718209976372 0.1187 790
1718209999744 0.1228 800
1718210023983 0.1249 810
1718210047942 0.1229 820
1718210071959 0.1091 830
1718210095921 0.1115 840
1718210119320 0.1111 850
1718210143643 0.0985 860
1718210167681 0.1215 870
1718210191673 0.1296 880
1718210215636 0.1175 890
1718210238796 0.1183 900
1718210489773 0.1236 910
1718210513846 0.1145 920
1718210537959 0.1019 930
1718210561841 0.1258 940
1718210585222 0.089 950
1718210609452 0.1181 960
1718210633421 0.1287 970
1718210657368 0.1196 980
1718210681278 0.1346 990
1718210705189 0.1223 1000
1718210730704 0.1106 1010
1718210753856 0.1209 1020
1718210777660 0.1264 1030
1718210800955 0.1131 1040
1718210825368 0.1155 1050
1718210849410 0.1074 1060
1718210872973 0.128 1070
1718210897158 0.1143 1080
1718210921033 0.1144 1090
1718210944589 0.1022 1100
1718210968830 0.1037 1110
1718210992926 0.0855 1120
1718211016937 0.1114 1130
1718211040799 0.1017 1140
1718211064101 0.1111 1150
1718211088297 0.1256 1160
1718211112316 0.1005 1170
1718211136357 0.0971 1180
1718211160246 0.0967 1190
1718211183626 0.1186 1200
1718211434843 0.1111 1210
1718211458862 0.1002 1220
1718211482948 0.102 1230
1718211506973 0.107 1240
1718211530394 0.0966 1250
