1718311282137 0.02 10
1718311302600 0.03 20
1718311323029 0.05 30
1718311343477 0.06 40
1718311363408 0.08 50
1718311384875 0.1 60
1718311406346 0.11 70
1718311427884 0.13 80
1718311449929 0.14 90
1718311471787 0.16 100
1718311494339 0.18 110
1718311516624 0.19 120
1718311538706 0.21 130
1718311560975 0.22 140
1718311582984 0.24 150
1718311605301 0.26 160
1718311627783 0.27 170
1718311650194 0.29 180
1718311672157 0.3 190
1718311694150 0.32 200
1718311716004 0.34 210
1718311737660 0.35 220
1718311759742 0.37 230
1718311781427 0.38 240
1718311802981 0.4 250
1718311826494 0.42 260
1718311850253 0.43 270
1718311873671 0.45 280
1718311897172 0.46 290
1718311919469 0.48 300
1718312023551 0.48 300
1718312049517 0.5 310
1718312072398 0.51 320
1718312095942 0.53 330
1718312119573 0.54 340
1718312143139 0.56 350
1718312167116 0.58 360
1718312191131 0.59 370
1718312213905 0.61 380
1718312236585 0.62 390
1718312258718 0.64 400
1718312281104 0.66 410
1718312304979 0.67 420
1718312328359 0.69 430
1718312350213 0.7 440
1718312371679 0.72 450
1718312393898 0.74 460
1718312415952 0.75 470
1718312437832 0.77 480
1718312459693 0.78 490
1718312480963 0.8 500
1718312503022 0.82 510
1718312524994 0.83 520
1718312546943 0.85 530
1718312568829 0.86 540
1718312590583 0.88 550
1718312612353 0.9 560
1718312633486 0.91 570
1718312655081 0.93 580
1718312676735 0.94 590
1718312697521 0.96 600
1718312807965 0.96 600
1718312831042 0.98 610
1718312852645 0.99 620
1718312863439 1.0 625
