1718311282137 42.453826904296875 10
1718311302600 5.096476078033447 20
1718311323029 8.430968284606934 30
1718311343477 1.6358847618103027 40
1718311363408 1.2766250371932983 50
1718311384875 2.3195736408233643 60
1718311406346 0.7345837354660034 70
1718311427884 5.747626304626465 80
1718311449929 1.013927936553955 90
1718311471787 57.53606033325195 100
1718311494339 10.268790245056152 110
1718311516624 1.721133828163147 120
1718311538706 1.261148452758789 130
1718311560975 1.2512270212173462 140
1718311582984 1.2078171968460083 150
1718311605301 2.6403913497924805 160
1718311627783 2.44844126701355 170
1718311650194 1.9121919870376587 180
1718311672157 2.0556068420410156 190
1718311694150 3.299102783203125 200
1718311716004 0.8235216736793518 210
1718311737660 2.498947858810425 220
1718311759742 2.959489107131958 230
1718311781427 3.37471342086792 240
1718311802981 1.1565417051315308 250
1718311826494 4.1133294105529785 260
1718311850253 0.6480935215950012 270
1718311873671 1.032896637916565 280
1718311897172 1.2130008935928345 290
1718311919469 1.300297498703003 300
1718312049517 11.54979419708252 310
1718312072398 1.8443632125854492 320
1718312095942 2.759666919708252 330
1718312119573 2.5448503494262695 340
1718312143139 1.4672651290893555 350
1718312167116 0.5839642286300659 360
1718312191131 0.8811302185058594 370
1718312213905 2.7654595375061035 380
1718312236585 1.7287676334381104 390
1718312258718 1.396594524383545 400
1718312281104 2.5060389041900635 410
1718312304979 0.3736504018306732 420
1718312328359 0.6121209263801575 430
1718312350213 0.8895240426063538 440
1718312371679 1.9207344055175781 450
1718312393898 0.03937099501490593 460
1718312415952 4.3153791427612305 470
1718312437832 2.574089765548706 480
1718312459693 0.4872942566871643 490
1718312480963 0.6281927227973938 500
1718312503022 1.2552320957183838 510
1718312524994 1.3309876918792725 520
1718312546943 1.1071357727050781 530
1718312568829 0.1890382617712021 540
1718312590583 1.373383641242981 550
1718312612353 0.9027153253555298 560
1718312633486 0.7383538484573364 570
1718312655081 0.8458796739578247 580
1718312676735 0.5246748924255371 590
1718312697521 1.2378689050674438 600
1718312831042 1.4360607862472534 610
1718312852645 0.9889644980430603 620
