1718311282137 6.31578947368421e-05 10
1718311302600 0.00016842105263157895 20
1718311323029 0.00019993416256221895 30
1718311343477 0.0001996119021565693 40
1718311363408 0.00019902199100196697 50
1718311384875 0.00019816601415159263 60
1718311406346 0.00019704627155997108 70
1718311427884 0.00019566577190314197 80
1718311449929 0.00019402822449454153 90
1718311471787 0.00019213802931831696 100
1718311494339 0.00019000026520685302 110
1718311516624 0.00018762067619427746 120
1718311538706 0.00018500565608261214 130
1718311560975 0.00018216223126204007 140
1718311582984 0.0001790980418314484 150
1718311605301 0.00017582132106997616 160
1718311627783 0.00017234087331472497 170
1718311650194 0.0001686660503040737 180
1718311672157 0.0001648067260501611 190
1718311694150 0.0001607732703080532 200
1718311716004 0.0001565765207128805 210
1718311737660 0.00015222775365981273 220
1718311759742 0.00014773865400511272 230
1718311781427 0.00014312128366968243 240
1718311802981 0.00013838804922946027 250
1718311826494 0.0001335516685797525 260
1718311850253 0.00012862513676307008 270
1718311873671 0.00012462789068320017 280
1718311897172 0.00011957258478066931 290
1718311919469 0.00011446468860667421 300
1718312049517 0.00010931792674840718 310
1718312072398 0.00010414612822264455 320
1718312095942 9.896318931807155e-05 330
1718312119573 9.378303625685195e-05 340
1718312143139 8.861958777576827e-05 350
1718312167116 8.348671772747487e-05 360
1718312191131 7.839821780235168e-05 370
1718312213905 7.336776047112276e-05 380
1718312236585 6.84088622478104e-05 390
1718312258718 6.35348473717345e-05 400
1718312281104 5.875881200614207e-05 410
1718312304979 5.4093589049662175e-05 420
1718312328359 4.955171365513603e-05 430
1718312350213 4.514538954847064e-05 440
1718312371679 4.088645623801534e-05 450
1718312393898 3.678635720256737e-05 460
1718312415952 3.285610914348332e-05 470
1718312437832 2.9106272383513835e-05 480
1718312459693 2.5546922491898495e-05 490
1718312480963 2.2187623211961562e-05 500
1718312503022 1.903740076395151e-05 510
1718312524994 1.6104719592169902e-05 520
1718312546943 1.339745962155613e-05 530
1718312568829 1.0922895084838037e-05 540
1718312590583 8.687674977138116e-06 550
1718312612353 6.6978051905530855e-06 560
1718312633486 4.95863237670956e-06 570
1718312655081 3.4748295806564356e-06 580
1718312676735 2.250383684694579e-06 590
1718312697521 1.2885846958814673e-06 600
1718312831042 5.920169059947411e-07 610
1718312852645 1.6255194770704586e-07 620
