1718311282137 10.29 10
1718311302600 1.2569 20
1718311323029 0.1474 30
1718311343477 0.171 40
1718311363408 0.1724 50
1718311384875 0.184 60
1718311406346 0.1744 70
1718311427884 0.123 80
1718311449929 0.1092 90
1718311471787 0.1811 100
1718311494339 0.1436 110
1718311516624 0.1295 120
1718311538706 0.1314 130
1718311560975 0.1184 140
1718311582984 0.1041 150
1718311605301 0.1347 160
1718311627783 0.1158 170
1718311650194 0.1328 180
1718311672157 0.1159 190
1718311694150 0.1278 200
1718311716004 0.0981 210
1718311737660 0.0782 220
1718311759742 0.0931 230
1718311781427 0.0956 240
1718311802981 0.1349 250
1718311826494 0.1488 260
1718311850253 0.1115 270
1718311873671 0.2045 280
1718311897172 0.12 290
1718311919469 0.0994 300
1718312049517 0.1143 310
1718312072398 0.1635 320
1718312095942 0.1072 330
1718312119573 0.1137 340
1718312143139 0.1102 350
1718312167116 0.0929 360
1718312191131 0.0941 370
1718312213905 0.0952 380
1718312236585 0.0998 390
1718312258718 0.0761 400
1718312281104 0.091 410
1718312304979 0.0911 420
1718312328359 0.059 430
1718312350213 0.0546 440
1718312371679 0.0683 450
1718312393898 0.0775 460
1718312415952 0.0705 470
1718312437832 0.0929 480
1718312459693 0.0783 490
1718312480963 0.0623 500
1718312503022 0.1095 510
1718312524994 0.0808 520
1718312546943 0.0696 530
1718312568829 0.0591 540
1718312590583 0.0715 550
1718312612353 0.0581 560
1718312633486 0.0751 570
1718312655081 0.0569 580
1718312676735 0.048 590
1718312697521 0.0765 600
1718312831042 0.0785 610
1718312852645 0.0545 620
