1718310702167 100.0 0
1718310712195 8.1 1
1718310722215 5.8 2
1718310732282 6.0 3
1718310742302 5.8 4
1718310752323 6.3 5
1718310762354 6.2 6
1718310772372 5.7 7
1718310782393 5.7 8
1718310792421 6.1 9
1718310802438 6.2 10
1718310812463 5.8 11
1718310822492 6.0 12
1718310832513 6.0 13
1718310842534 5.8 14
1718310852554 6.4 15
1718310862575 5.7 16
1718310872596 6.4 17
1718310882623 7.5 18
1718310892644 7.0 19
1718310902674 12.1 20
1718310912709 9.6 21
1718310922739 10.2 22
1718310932766 11.3 23
1718310942803 8.3 24
1718310952830 8.6 25
1718310962876 8.2 26
1718310972914 9.1 27
1718310982943 10.1 28
1718310992982 8.2 29
1718311003006 9.7 30
1718311013024 9.9 31
1718311023045 7.6 32
1718311033065 9.6 33
1718311043101 9.5 34
1718311053122 8.7 35
1718311063154 9.2 36
1718311073182 9.2 37
1718311083203 9.3 38
1718311093226 8.8 39
1718311103260 8.9 40
1718311113329 8.9 41
1718311123369 10.3 42
1718311133393 10.0 43
1718311143414 9.4 44
1718311153436 7.3 45
1718311163480 6.4 46
1718311173504 6.2 47
1718311183532 5.6 48
1718311193560 6.1 49
1718311203583 6.5 50
1718311213628 6.4 51
