1718310702167 310667.9 0
1718310712195 310666.7 1
1718310722215 310666.6 2
1718310732282 310666.5 3
1718310742302 310666.5 4
1718310752323 310666.5 5
1718310762354 310666.5 6
1718310772372 310666.5 7
1718310782393 310666.5 8
1718310792421 310666.5 9
1718310802438 310666.5 10
1718310812463 310666.5 11
1718310822492 310666.5 12
1718310832513 310666.4 13
1718310842534 310666.4 14
1718310852554 310666.4 15
1718310862575 310666.4 16
1718310872596 310666.4 17
1718310882623 310666.0 18
1718310892644 310665.8 19
1718310902674 310663.4 20
1718310912709 310666.2 21
1718310922739 310662.7 22
1718310932766 310662.1 23
1718310942803 310662.1 24
1718310952830 310660.2 25
1718310962876 310660.2 26
1718310972914 310660.2 27
1718310982943 310660.1 28
1718310992982 310660.1 29
1718311003006 310660.1 30
1718311013024 310660.1 31
1718311023045 310660.1 32
1718311033065 310660.0 33
1718311043101 310659.6 34
1718311053122 310659.5 35
1718311063154 310659.5 36
1718311073182 310659.5 37
1718311083203 310659.5 38
1718311093226 310659.5 39
1718311103260 310659.3 40
1718311113329 310659.2 41
1718311123369 310659.0 42
1718311133393 310659.0 43
1718311143414 310659.6 44
1718311153436 310659.6 45
1718311163480 310659.6 46
1718311173504 310659.6 47
1718311183532 310659.6 48
1718311193560 310659.6 49
1718311203583 310659.6 50
1718311213628 310659.6 51
