1718310702167 66.7 0
1718310712195 66.7 1
1718310722215 66.7 2
1718310732282 66.7 3
1718310742302 66.7 4
1718310752323 66.7 5
1718310762354 66.7 6
1718310772372 66.7 7
1718310782393 66.7 8
1718310792421 66.7 9
1718310802438 66.7 10
1718310812463 66.7 11
1718310822492 66.7 12
1718310832513 66.7 13
1718310842534 66.7 14
1718310852554 66.7 15
1718310862575 66.7 16
1718310872596 66.7 17
1718310882623 66.7 18
1718310892644 66.7 19
1718310902674 66.7 20
1718310912709 66.7 21
1718310922739 66.7 22
1718310932766 66.7 23
1718310942803 66.7 24
1718310952830 66.7 25
1718310962876 66.7 26
1718310972914 66.7 27
1718310982943 66.7 28
1718310992982 66.7 29
1718311003006 66.7 30
1718311013024 66.7 31
1718311023045 66.7 32
1718311033065 66.7 33
1718311043101 66.7 34
1718311053122 66.7 35
1718311063154 66.7 36
1718311073182 66.7 37
1718311083203 66.7 38
1718311093226 66.7 39
1718311103260 66.7 40
1718311113329 66.7 41
1718311123369 66.7 42
1718311133393 66.7 43
1718311143414 66.7 44
1718311153436 66.7 45
1718311163480 66.7 46
1718311173504 66.7 47
1718311183532 66.7 48
1718311193560 66.7 49
1718311203583 66.7 50
1718311213628 66.7 51
