1718310702167 622152.9 0
1718310712195 622154.1 1
1718310722215 622154.2 2
1718310732282 622154.4 3
1718310742302 622154.4 4
1718310752323 622154.4 5
1718310762354 622154.4 6
1718310772372 622154.4 7
1718310782393 622154.4 8
1718310792421 622154.4 9
1718310802438 622154.4 10
1718310812463 622154.4 11
1718310822492 622154.3 12
1718310832513 622154.4 13
1718310842534 622154.4 14
1718310852554 622154.4 15
1718310862575 622154.4 16
1718310872596 622154.4 17
1718310882623 622154.8 18
1718310892644 622155.0 19
1718310902674 622157.4 20
1718310912709 622154.6 21
1718310922739 622158.1 22
1718310932766 622158.7 23
1718310942803 622158.7 24
1718310952830 622160.6 25
1718310962876 622160.6 26
1718310972914 622160.7 27
1718310982943 622160.7 28
1718310992982 622160.7 29
1718311003006 622160.7 30
1718311013024 622160.7 31
1718311023045 622160.7 32
1718311033065 622160.8 33
1718311043101 622161.2 34
1718311053122 622161.3 35
1718311063154 622161.3 36
1718311073182 622161.3 37
1718311083203 622161.3 38
1718311093226 622161.3 39
1718311103260 622161.5 40
1718311113329 622161.6 41
1718311123369 622161.8 42
1718311133393 622161.8 43
1718311143414 622161.2 44
1718311153436 622161.2 45
1718311163480 622161.2 46
1718311173504 622161.2 47
1718311183532 622161.2 48
1718311193560 622161.2 49
1718311203583 622161.2 50
1718311213628 622161.2 51
