1718310702167 7290.8 0
1718310712195 8283.8 1
1718310722215 8818.6 2
1718310732282 8828.0 3
1718310742302 8823.8 4
1718310752323 8828.0 5
1718310762354 8823.8 6
1718310772372 8828.0 7
1718310782393 8823.8 8
1718310792421 8832.2 9
1718310802438 8823.8 10
1718310812463 8855.3 11
1718310822492 8846.9 12
1718310832513 8855.3 13
1718310842534 8846.9 14
1718310852554 8855.3 15
1718310862575 8846.9 16
1718310872596 8942.8 17
1718310882623 8916.6 18
1718310892644 8929.6 19
1718310902674 9054.4 20
1718310912709 9068.9 21
1718310922739 9023.3 22
1718310932766 9023.0 23
1718310942803 8983.5 24
1718310952830 8975.1 25
1718310962876 8966.2 26
1718310972914 8993.0 27
1718310982943 9059.8 28
1718310992982 9045.6 29
1718311003006 9207.6 30
1718311013024 9226.1 31
1718311023045 9163.4 32
1718311033065 9233.1 33
1718311043101 9200.7 34
1718311053122 9189.0 35
1718311063154 9201.8 36
1718311073182 9147.5 37
1718311083203 9166.5 38
1718311093226 9187.0 39
1718311103260 9147.9 40
1718311113329 9111.9 41
1718311123369 9127.7 42
1718311133393 9110.0 43
1718311143414 9185.4 44
1718311153436 9156.4 45
1718311163480 9154.7 46
1718311173504 9121.3 47
1718311183532 9083.4 48
1718311193560 9087.5 49
1718311203583 9088.9 50
1718311213628 9090.7 51
