1718310702167 1.0 0
1718310712195 93.0 1
1718310722215 94.0 2
1718310732282 94.0 3
1718310742302 70.0 4
1718310752323 71.0 5
1718310762354 72.0 6
1718310772372 88.0 7
1718310782393 85.0 8
1718310792421 93.0 9
1718310802438 86.0 10
1718310812463 95.0 11
1718310822492 87.0 12
1718310832513 94.0 13
1718310842534 87.0 14
1718310852554 93.0 15
1718310862575 94.0 16
1718310872596 74.0 17
1718310882623 93.0 18
1718310892644 95.0 19
1718310902674 93.0 20
1718310912709 85.0 21
1718310922739 93.0 22
1718310932766 86.0 23
1718310942803 86.0 24
1718310952830 70.0 25
1718310962876 87.0 26
1718310972914 96.0 27
1718310982943 93.0 28
1718310992982 86.0 29
1718311003006 96.0 30
1718311013024 82.0 31
1718311023045 94.0 32
1718311033065 95.0 33
1718311043101 89.0 34
1718311053122 95.0 35
1718311063154 97.0 36
1718311073182 93.0 37
1718311083203 70.0 38
1718311093226 94.0 39
1718311103260 95.0 40
1718311113329 97.0 41
1718311123369 94.0 42
1718311133393 95.0 43
1718311143414 95.0 44
1718311153436 94.0 45
1718311163480 70.0 46
1718311173504 94.0 47
1718311183532 85.0 48
1718311193560 94.0 49
1718311203583 86.0 50
1718311213628 94.0 51
