1718310702167 56.6 0
1718310712195 64.3 1
1718310722215 68.4 2
1718310732282 68.5 3
1718310742302 68.5 4
1718310752323 68.5 5
1718310762354 68.5 6
1718310772372 68.5 7
1718310782393 68.5 8
1718310792421 68.5 9
1718310802438 68.5 10
1718310812463 68.7 11
1718310822492 68.7 12
1718310832513 68.7 13
1718310842534 68.7 14
1718310852554 68.7 15
1718310862575 68.7 16
1718310872596 69.4 17
1718310882623 69.2 18
1718310892644 69.3 19
1718310902674 70.3 20
1718310912709 70.4 21
1718310922739 70.0 22
1718310932766 70.0 23
1718310942803 69.7 24
1718310952830 69.7 25
1718310962876 69.6 26
1718310972914 69.8 27
1718310982943 70.3 28
1718310992982 70.2 29
1718311003006 71.5 30
1718311013024 71.6 31
1718311023045 71.1 32
1718311033065 71.7 33
1718311043101 71.4 34
1718311053122 71.3 35
1718311063154 71.4 36
1718311073182 71.0 37
1718311083203 71.1 38
1718311093226 71.3 39
1718311103260 71.0 40
1718311113329 70.7 41
1718311123369 70.8 42
1718311133393 70.7 43
1718311143414 71.3 44
1718311153436 71.1 45
1718311163480 71.0 46
1718311173504 70.8 47
1718311183532 70.5 48
1718311193560 70.5 49
1718311203583 70.5 50
1718311213628 70.6 51
