1718310702167 0.0 0
1718310712195 0.020195000000057917 1
1718310722215 0.02437200000008488 2
1718310732282 0.04793799999993098 3
1718310742302 0.05296300000009069 4
1718310752323 0.08174600000006649 5
1718310762354 0.08390499999995882 6
1718310772372 0.08428600000002007 7
1718310782393 0.09092099999998027 8
1718310792421 0.11068300000010822 9
1718310802438 0.11917900000003101 10
1718310812463 0.12882300000001123 11
1718310822492 0.13052300000003925 12
1718310832513 0.13184100000012222 13
1718310842534 0.14029500000015105 14
1718310852554 0.14798100000007253 15
1718310862575 0.15834399999994275 16
1718310872596 0.16822900000011032 17
1718310882623 0.3626970000000256 18
1718310892644 2.6912119999999504 19
1718310902674 17.32087200000001 20
1718310912709 19.404592000000093 21
1718310922739 36.89596400000005 22
1718310932766 54.48511899999994 23
1718310942803 58.42578300000014 24
1718310952830 60.86480400000005 25
1718310962876 66.91723000000002 26
1718310972914 69.65942500000006 27
1718310982943 69.71584699999994 28
1718310992982 73.7772010000001 29
1718311003006 73.79154500000004 30
1718311013024 78.85500100000013 31
1718311023045 78.86216800000011 32
1718311033065 83.69637499999999 33
1718311043101 83.69989600000008 34
1718311053122 83.73593700000015 35
1718311063154 89.15429199999994 36
1718311073182 89.16966100000013 37
1718311083203 94.21196600000007 38
1718311093226 94.239376 39
1718311103260 94.246081 40
1718311113329 98.18701600000009 41
1718311123369 98.53099100000009 42
1718311133393 101.31028700000002 43
1718311143414 101.32536700000014 44
1718311153436 101.49459100000013 45
1718311163480 101.56902000000014 46
1718311173504 101.58226400000012 47
1718311183532 101.58809999999994 48
1718311193560 101.59196199999997 49
1718311203583 101.60351000000014 50
1718311213628 101.620183 51
