1718310702167 0.0 0
1718310712195 0.011005000000011478 1
1718310722215 0.021374000000008664 2
1718310732282 0.04120500000000504 3
1718310742302 0.045242999999999256 4
1718310752323 0.06250200000000916 5
1718310762354 0.06490000000000862 6
1718310772372 0.0653040000000118 7
1718310782393 0.07728200000001095 8
1718310792421 0.12449700000000519 9
1718310802438 0.1346150000000108 10
1718310812463 0.14394800000000885 11
1718310822492 0.1456020000000109 12
1718310832513 0.14669000000000665 13
1718310842534 0.1629790000000071 14
1718310852554 0.1737060000000099 15
1718310862575 0.18336000000000752 16
1718310872596 0.1983640000000122 17
1718310882623 0.22333500000000583 18
1718310892644 0.2889810000000068 19
1718310902674 0.6004700000000014 20
1718310912709 0.6604740000000078 21
1718310922739 0.8480880000000042 22
1718310932766 1.0097610000000117 23
1718310942803 1.0598850000000084 24
1718310952830 1.0836110000000048 25
1718310962876 1.146519000000012 26
1718310972914 1.2300680000000028 27
1718310982943 1.2763110000000069 28
1718310992982 1.319849000000005 29
1718311003006 1.3328960000000052 30
1718311013024 1.414477000000005 31
1718311023045 1.4284620000000103 32
1718311033065 1.486173000000008 33
1718311043101 1.4912790000000058 34
1718311053122 1.516176999999999 35
1718311063154 1.569092000000012 36
1718311073182 1.591462000000007 37
1718311083203 1.717006000000012 38
1718311093226 1.7426650000000024 39
1718311103260 1.7502640000000014 40
1718311113329 1.814883000000009 41
1718311123369 2.154723000000004 42
1718311133393 2.454597000000007 43
1718311143414 2.4760800000000103 44
1718311153436 2.672957000000011 45
1718311163480 2.7494760000000014 46
1718311173504 2.7667320000000046 47
1718311183532 2.7717640000000046 48
1718311193560 2.77627600000001 49
1718311203583 2.796136000000004 50
1718311213628 2.8309789999999992 51
