1718310702167 12178.2 0
1718310712195 13381.0 1
1718310722215 13386.9 2
1718310732282 13390.9 3
1718310742302 13395.0 4
1718310752323 13388.5 5
1718310762354 13357.1 6
1718310772372 13358.4 7
1718310782393 13362.6 8
1718310792421 13394.2 9
1718310802438 13393.3 10
1718310812463 13382.1 11
1718310822492 13377.2 12
1718310832513 13371.1 13
1718310842534 13378.0 14
1718310852554 13387.2 15
1718310862575 13380.5 16
1718310872596 13419.8 17
1718310882623 13259.5 18
1718310892644 13285.6 19
1718310902674 13359.7 20
1718310912709 13354.4 21
1718310922739 13356.3 22
1718310932766 13351.4 23
1718310942803 13360.1 24
1718310952830 13345.0 25
1718310962876 13347.9 26
1718310972914 13404.4 27
1718310982943 13326.2 28
1718310992982 13328.1 29
1718311003006 13322.3 30
1718311013024 13343.2 31
1718311023045 13327.7 32
1718311033065 13354.0 33
1718311043101 13333.9 34
1718311053122 13361.4 35
1718311063154 13353.4 36
1718311073182 13340.2 37
1718311083203 13412.9 38
1718311093226 13419.8 39
1718311103260 13357.3 40
1718311113329 13395.3 41
1718311123369 13397.6 42
1718311133393 13457.0 43
1718311143414 13374.0 44
1718311153436 13422.8 45
1718311163480 13387.8 46
1718311173504 13309.5 47
1718311183532 13283.4 48
1718311193560 13261.6 49
1718311203583 13241.4 50
1718311213628 13216.3 51
