1718310702167 36.3 0
1718310712195 39.9 1
1718310722215 39.9 2
1718310732282 39.9 3
1718310742302 39.9 4
1718310752323 39.9 5
1718310762354 39.8 6
1718310772372 39.8 7
1718310782393 39.8 8
1718310792421 39.9 9
1718310802438 39.9 10
1718310812463 39.9 11
1718310822492 39.9 12
1718310832513 39.9 13
1718310842534 39.9 14
1718310852554 39.9 15
1718310862575 39.9 16
1718310872596 40.0 17
1718310882623 39.5 18
1718310892644 39.6 19
1718310902674 39.8 20
1718310912709 39.8 21
1718310922739 39.8 22
1718310932766 39.8 23
1718310942803 39.8 24
1718310952830 39.8 25
1718310962876 39.8 26
1718310972914 40.0 27
1718310982943 39.7 28
1718310992982 39.7 29
1718311003006 39.7 30
1718311013024 39.8 31
1718311023045 39.7 32
1718311033065 39.8 33
1718311043101 39.8 34
1718311053122 39.8 35
1718311063154 39.8 36
1718311073182 39.8 37
1718311083203 40.0 38
1718311093226 40.0 39
1718311103260 39.8 40
1718311113329 39.9 41
1718311123369 39.9 42
1718311133393 40.1 43
1718311143414 39.9 44
1718311153436 40.0 45
1718311163480 39.9 46
1718311173504 39.7 47
1718311183532 39.6 48
1718311193560 39.5 49
1718311203583 39.5 50
1718311213628 39.4 51
