1718219904565 0.01 10
1718219917619 0.02 20
1718219930787 0.02 30
1718219943845 0.03 40
1718219956470 0.04 50
1718219969817 0.05 60
1718219982917 0.06 70
1718219995893 0.06 80
1718220008579 0.07 90
1718220021089 0.08 100
1718220034038 0.09 110
1718220046944 0.1 120
1718220060287 0.1 130
1718220073460 0.11 140
1718220086185 0.12 150
1718220099281 0.13 160
1718220112353 0.14 170
1718220125418 0.14 180
1718220138398 0.15 190
1718220151236 0.16 200
1718220164516 0.17 210
1718220177566 0.18 220
1718220190404 0.18 230
1718220203336 0.19 240
1718220215954 0.2 250
1718220228986 0.21 260
1718220242070 0.22 270
1718220254999 0.22 280
1718220268013 0.23 290
1718220280874 0.24 300
1718220404646 0.24 300
1718220421028 0.25 310
1718220433910 0.26 320
1718220446799 0.26 330
1718220459634 0.27 340
1718220472304 0.28 350
1718220485253 0.29 360
1718220498105 0.3 370
1718220510887 0.3 380
1718220523367 0.31 390
1718220535689 0.32 400
1718220548416 0.33 410
1718220561240 0.34 420
1718220574104 0.34 430
1718220586901 0.35 440
1718220599011 0.36 450
1718220612289 0.37 460
1718220625059 0.38 470
1718220638029 0.38 480
1718220650922 0.39 490
1718220663608 0.4 500
1718220676705 0.41 510
1718220689875 0.42 520
1718220703122 0.42 530
1718220716017 0.43 540
1718220728692 0.44 550
1718220741746 0.45 560
1718220754665 0.46 570
1718220767499 0.46 580
1718220780253 0.47 590
1718220792859 0.48 600
1718220916580 0.48 600
1718220932428 0.49 610
1718220945248 0.5 620
1718220958278 0.5 630
1718220971543 0.51 640
1718220984762 0.52 650
1718220998502 0.53 660
1718221012023 0.54 670
1718221025540 0.54 680
1718221038946 0.55 690
1718221052177 0.56 700
1718221066189 0.57 710
1718221080040 0.58 720
1718221093662 0.58 730
1718221107206 0.59 740
1718221120750 0.6 750
1718221134748 0.61 760
1718221148507 0.62 770
1718221162435 0.62 780
1718221175700 0.63 790
1718221188440 0.64 800
1718221201602 0.65 810
1718221214659 0.66 820
1718221227611 0.66 830
1718221240383 0.67 840
1718221253013 0.68 850
1718221266083 0.69 860
1718221278965 0.7 870
1718221291715 0.7 880
1718221304053 0.71 890
1718221316178 0.72 900
1718221435348 0.72 900
1718221450927 0.73 910
1718221463693 0.74 920
1718221476378 0.74 930
1718221489322 0.75 940
1718221501991 0.76 950
1718221515416 0.77 960
1718221528348 0.78 970
1718221541341 0.78 980
1718221553978 0.79 990
1718221566569 0.8 1000
1718221579413 0.81 1010
1718221592198 0.82 1020
1718221604897 0.82 1030
1718221617523 0.83 1040
1718221629991 0.84 1050
1718221642770 0.85 1060
1718221656422 0.86 1070
1718221670088 0.86 1080
1718221683627 0.87 1090
1718221697044 0.88 1100
1718221710906 0.89 1110
1718221724692 0.9 1120
1718221737668 0.9 1130
1718221750367 0.91 1140
1718221763157 0.92 1150
1718221775921 0.93 1160
1718221788770 0.94 1170
1718221801455 0.94 1180
1718221813658 0.95 1190
1718221826036 0.96 1200
1718221944911 0.96 1200
1718221960445 0.97 1210
1718221973068 0.98 1220
1718221985703 0.98 1230
1718221998368 0.99 1240
1718222010749 1.0 1250
1718222011008 1.0 1250
