1718219904565 0.7498328685760498 10
1718219917619 2.308408737182617 20
1718219930787 1.7442630529403687 30
1718219943845 3.030468463897705 40
1718219956470 0.6557615995407104 50
1718219969817 0.5396207571029663 60
1718219982917 0.7256758213043213 70
1718219995893 0.6367315649986267 80
1718220008579 0.39161479473114014 90
1718220021089 0.04781525954604149 100
1718220034038 0.25448545813560486 110
1718220046944 0.4479948878288269 120
1718220060287 0.25653424859046936 130
1718220073460 0.34685012698173523 140
1718220086185 0.9656753540039062 150
1718220099281 0.4576606750488281 160
1718220112353 0.15897402167320251 170
1718220125418 1.215638279914856 180
1718220138398 0.8325487971305847 190
1718220151236 0.5666746497154236 200
1718220164516 1.2293007373809814 210
1718220177566 0.488197386264801 220
1718220190404 0.8318302631378174 230
1718220203336 0.5447723269462585 240
1718220215954 0.43366938829421997 250
1718220228986 0.337616503238678 260
1718220242070 0.42079275846481323 270
1718220254999 0.7555952072143555 280
1718220268013 0.4961475431919098 290
1718220280874 0.17437787353992462 300
1718220421028 0.564230740070343 310
1718220433910 1.0076245069503784 320
1718220446799 0.7859547138214111 330
1718220459634 0.21515563130378723 340
1718220472304 0.7086793184280396 350
1718220485253 0.6292016506195068 360
1718220498105 0.1713278889656067 370
1718220510887 0.16972200572490692 380
1718220523367 0.2049999088048935 390
1718220535689 0.8398335576057434 400
1718220548416 0.5033752918243408 410
1718220561240 0.07663895934820175 420
1718220574104 0.5147572755813599 430
1718220586901 0.04063517600297928 440
1718220599011 0.2719058096408844 450
1718220612289 0.3842153549194336 460
1718220625059 0.7002778053283691 470
1718220638029 0.7281189560890198 480
1718220650922 0.5541260242462158 490
1718220663608 0.8272058963775635 500
1718220676705 0.42852336168289185 510
1718220689875 0.20425346493721008 520
1718220703122 0.2109532654285431 530
1718220716017 2.0747017860412598 540
1718220728692 0.15287132561206818 550
1718220741746 1.259261965751648 560
1718220754665 0.5242856740951538 570
1718220767499 0.48169246315956116 580
1718220780253 0.6954831480979919 590
1718220792859 0.27596545219421387 600
1718220932428 1.4723331928253174 610
1718220945248 1.7539230585098267 620
1718220958278 0.1312158703804016 630
1718220971543 0.33814647793769836 640
1718220984762 0.32508838176727295 650
1718220998502 0.04966369643807411 660
1718221012023 0.8477369546890259 670
1718221025540 0.8939753770828247 680
1718221038946 0.1528955101966858 690
1718221052177 0.45596322417259216 700
1718221066189 0.6136031150817871 710
1718221080040 0.721601128578186 720
1718221093662 2.1077215671539307 730
1718221107206 0.7545522451400757 740
1718221120750 0.10560638457536697 750
1718221134748 0.14418163895606995 760
1718221148507 0.6098804473876953 770
1718221162435 0.25846976041793823 780
1718221175700 0.30127137899398804 790
1718221188440 0.4369823634624481 800
1718221201602 0.45606064796447754 810
1718221214659 0.5097068548202515 820
1718221227611 1.0227328538894653 830
1718221240383 0.10791389644145966 840
1718221253013 0.3183024823665619 850
1718221266083 0.40512368083000183 860
1718221278965 0.4872662127017975 870
1718221291715 0.3740600347518921 880
1718221304053 0.25004541873931885 890
1718221316178 0.07235819846391678 900
1718221450927 0.33049455285072327 910
1718221463693 0.2940085530281067 920
1718221476378 0.3148612678050995 930
1718221489322 0.39468732476234436 940
1718221501991 0.09023289382457733 950
1718221515416 0.6588174104690552 960
1718221528348 0.09346459060907364 970
1718221541341 0.6931864619255066 980
1718221553978 0.23254312574863434 990
1718221566569 0.8594722151756287 1000
1718221579413 0.29570478200912476 1010
1718221592198 0.9058899283409119 1020
1718221604897 0.26425716280937195 1030
1718221617523 0.09008314460515976 1040
1718221629991 0.4404720664024353 1050
1718221642770 0.3301532566547394 1060
1718221656422 1.6638829708099365 1070
1718221670088 0.2194504290819168 1080
1718221683627 0.5053836107254028 1090
1718221697044 0.4555072784423828 1100
1718221710906 0.34946897625923157 1110
1718221724692 0.2661968171596527 1120
1718221737668 0.09049294143915176 1130
1718221750367 0.21636299788951874 1140
1718221763157 0.3150002956390381 1150
1718221775921 0.34248974919319153 1160
1718221788770 0.4812473654747009 1170
1718221801455 0.5737830996513367 1180
1718221813658 0.5001410245895386 1190
1718221826036 0.34827935695648193 1200
1718221960445 0.18155720829963684 1210
1718221973068 2.051462173461914 1220
1718221985703 0.4782465696334839 1230
1718221998368 0.6407621502876282 1240
1718222010749 0.3058873414993286 1250
