1718219904565 4.736842105263158e-05 10
1718219917619 0.0001 20
1718219930787 0.00015263157894736845 30
1718219943845 0.00019999966405802826 40
1718219956470 0.00019995935375248606 50
1718219969817 0.000199851886084842 60
1718219982917 0.0001996773332568941 70
1718219995893 0.0001994358125413841 80
1718220008579 0.00019912748620320794 90
1718220021089 0.00019875256139039902 100
1718220034038 0.00019831128999495606 110
1718220046944 0.0001978039684836106 120
1718220060287 0.00019723093769864663 130
1718220073460 0.00019659258262890683 140
1718220086185 0.00019588933215113926 150
1718220099281 0.00019512165874185767 160
1718220112353 0.00019429007815990993 170
1718220125418 0.00019339514909996706 180
1718220138398 0.000192437472817166 190
1718220151236 0.00019141769272315858 200
1718220164516 0.00019033649395383702 210
1718220177566 0.00018919460290902826 220
1718220190404 0.00018799278676446423 230
1718220203336 0.0001867318529563574 240
1718220215954 0.00018541264863892754 250
1718220228986 0.000184036060115244 260
1718220242070 0.00018260301224176558 270
1718220254999 0.00018111446780697929 280
1718220268013 0.00017957142688455362 290
1718220280874 0.00017797492616144256 300
1718220421028 0.00017632603824139085 310
1718220433910 0.00017462587092430875 320
1718220446799 0.00017287556646200018 330
1718220459634 0.00017107630079074478 340
1718220472304 0.00016922928274124886 350
1718220485253 0.00016733575322649657 360
1718220498105 0.00016539698440804661 370
1718220510887 0.0001634142788413346 380
1718220523367 0.00016138896860055555 390
1718220535689 0.0001593224143837142 400
1718220548416 0.00015721600459844468 410
1718220561240 0.0001550711544292131 420
1718220574104 0.00015288930488653094 430
1718220586901 0.00015067192183881658 440
1718220599011 0.0001484204950275565 450
1718220612289 0.0001461365370664276 460
1718220625059 0.00014382158242505234 470
1718220638029 0.0001414771863980707 480
1718220650922 0.00013910492406022033 490
1718220663608 0.000136706389208128 500
1718220676705 0.00013428319328952253 510
1718220689875 0.00013183696432058888 520
1718220703122 0.00012936934579219094 530
1718220716017 0.00012688199556569753 540
1718220728692 0.00012437658475915377 550
1718220741746 0.00012185479662454595 560
1718220754665 0.00011931832541691418 570
1718220767499 0.00011676887525607271 580
1718220780253 0.0001142081589817027 590
1718220792859 0.00011163789700258655 600
1718220932428 0.00010905981614075693 610
1718220945248 0.000106475648471337 620
1718220958278 0.00010388713015885161 630
1718220971543 0.00010129600029079072 640
1718220984762 9.870399970920932e-05 650
1718220998502 9.611286984114841e-05 660
1718221012023 9.352435152866298e-05 670
1718221025540 9.09401838592431e-05 680
1718221038946 8.836210299741346e-05 690
1718221052177 8.579184101829734e-05 700
1718221066189 8.323112474392731e-05 710
1718221080040 8.068167458308582e-05 720
1718221093662 7.814520337545406e-05 730
1718221107206 7.562341524084623e-05 740
1718221120750 7.311800443430251e-05 750
1718221134748 7.06306542078091e-05 760
1718221148507 6.816303567941112e-05 770
1718221162435 6.571680671047749e-05 780
1718221175700 6.329361079187199e-05 790
1718221188440 6.08950759397797e-05 800
1718221201602 5.8522813601929324e-05 810
1718221214659 5.617841757494762e-05 820
1718221227611 5.386346293357242e-05 830
1718221240383 5.15795049724435e-05 840
1718221253013 4.9328078161183464e-05 850
1718221266083 4.7110695113469085e-05 860
1718221278965 4.492884557078688e-05 870
1718221291715 4.278399540155536e-05 880
1718221304053 4.0677585616285774e-05 890
1718221316178 3.861103139944449e-05 900
1718221450927 3.658572115866541e-05 910
1718221463693 3.4603015591953395e-05 920
1718221476378 3.266424677350346e-05 930
1718221489322 3.077071725875116e-05 940
1718221501991 2.8923699209255284e-05 950
1718221515416 2.712443353799984e-05 960
1718221528348 2.5374129075691265e-05 970
1718221541341 2.3673961758609152e-05 980
1718221553978 2.2025073838557454e-05 990
1718221566569 2.0428573115446392e-05 1000
1718221579413 1.8885532193020704e-05 1010
1718221592198 1.739698775823442e-05 1020
1718221604897 1.5963939884756042e-05 1030
1718221617523 1.4587351361072454e-05 1040
1718221629991 1.326814704364262e-05 1050
1718221642770 1.2007213235535786e-05 1060
1718221656422 1.0805397090971737e-05 1070
1718221670088 9.663506046162985e-06 1080
1718221683627 8.582307276841462e-06 1090
1718221697044 7.562527182833978e-06 1100
1718221710906 6.604850900032955e-06 1110
1718221724692 5.7099218400900716e-06 1120
1718221737668 4.87834125814235e-06 1130
1718221750367 4.1106678488607495e-06 1140
1718221763157 3.40741737109318e-06 1150
1718221775921 2.7690623013533976e-06 1160
1718221788770 2.1960315163894075e-06 1170
1718221801455 1.6887100050439587e-06 1180
1718221813658 1.2474386096010039e-06 1190
1718221826036 8.725137967920738e-07 1200
1718221960445 5.64187458615939e-07 1210
1718221973068 3.2266674310589273e-07 1220
1718221985703 1.481139151579991e-07 1230
1718221998368 4.064624751394242e-08 1240
1718222010749 3.3594197175190745e-10 1250
