1718219904565 1.8985 10
1718219917619 0.3762 20
1718219930787 0.1651 30
1718219943845 0.328 40
1718219956470 0.1742 50
1718219969817 0.2398 60
1718219982917 0.2295 70
1718219995893 0.1364 80
1718220008579 0.099 90
1718220021089 0.1046 100
1718220034038 0.2122 110
1718220046944 0.1376 120
1718220060287 0.1665 130
1718220073460 0.1027 140
1718220086185 0.1797 150
1718220099281 0.1947 160
1718220112353 0.1861 170
1718220125418 0.247 180
1718220138398 0.2014 190
1718220151236 0.1368 200
1718220164516 0.2079 210
1718220177566 0.1662 220
1718220190404 0.2522 230
1718220203336 0.1092 240
1718220215954 0.1699 250
1718220228986 0.1198 260
1718220242070 0.1321 270
1718220254999 0.1682 280
1718220268013 0.1121 290
1718220280874 0.143 300
1718220421028 0.1196 310
1718220433910 0.1394 320
1718220446799 0.1514 330
1718220459634 0.15 340
1718220472304 0.144 350
1718220485253 0.1902 360
1718220498105 0.106 370
1718220510887 0.1381 380
1718220523367 0.2404 390
1718220535689 0.1293 400
1718220548416 0.1445 410
1718220561240 0.1013 420
1718220574104 0.1538 430
1718220586901 0.0862 440
1718220599011 0.1566 450
1718220612289 0.1625 460
1718220625059 0.1376 470
1718220638029 0.1302 480
1718220650922 0.1387 490
1718220663608 0.17 500
1718220676705 0.1088 510
1718220689875 0.2242 520
1718220703122 0.1205 530
1718220716017 0.1095 540
1718220728692 0.0956 550
1718220741746 0.1655 560
1718220754665 0.0748 570
1718220767499 0.1096 580
1718220780253 0.1703 590
1718220792859 0.1167 600
1718220932428 0.1079 610
1718220945248 0.1334 620
1718220958278 0.1162 630
1718220971543 0.1713 640
1718220984762 0.1622 650
1718220998502 0.136 660
1718221012023 0.1378 670
1718221025540 0.1519 680
1718221038946 0.1068 690
1718221052177 0.2213 700
1718221066189 0.1003 710
1718221080040 0.1533 720
1718221093662 0.1202 730
1718221107206 0.1263 740
1718221120750 0.09 750
1718221134748 0.1227 760
1718221148507 0.1158 770
1718221162435 0.1155 780
1718221175700 0.0813 790
1718221188440 0.1255 800
1718221201602 0.1422 810
1718221214659 0.1208 820
1718221227611 0.1439 830
1718221240383 0.089 840
1718221253013 0.0776 850
1718221266083 0.1824 860
1718221278965 0.1411 870
1718221291715 0.1279 880
1718221304053 0.1001 890
1718221316178 0.0927 900
1718221450927 0.1082 910
1718221463693 0.131 920
1718221476378 0.0959 930
1718221489322 0.1061 940
1718221501991 0.0803 950
1718221515416 0.1026 960
1718221528348 0.1709 970
1718221541341 0.1762 980
1718221553978 0.1088 990
1718221566569 0.1167 1000
1718221579413 0.1076 1010
1718221592198 0.1046 1020
1718221604897 0.1218 1030
1718221617523 0.1121 1040
1718221629991 0.1258 1050
1718221642770 0.112 1060
1718221656422 0.0953 1070
1718221670088 0.1263 1080
1718221683627 0.0987 1090
1718221697044 0.1206 1100
1718221710906 0.1181 1110
1718221724692 0.1117 1120
1718221737668 0.0799 1130
1718221750367 0.1005 1140
1718221763157 0.1243 1150
1718221775921 0.1087 1160
1718221788770 0.0925 1170
1718221801455 0.0614 1180
1718221813658 0.0914 1190
1718221826036 0.1378 1200
1718221960445 0.1237 1210
1718221973068 0.1022 1220
1718221985703 0.1189 1230
1718221998368 0.1111 1240
1718222010749 0.1038 1250
