1717936166067 0.0 0
1717936176084 5.5 1
1717936186098 5.5 2
1717936196109 5.5 3
1717936206123 5.6 4
1717936216136 5.4 5
1717936226156 5.7 6
1717936236172 5.9 7
1717936246200 5.4 8
1717936256223 5.6 9
1717936266248 5.9 10
1717936276268 5.6 11
1717936286289 5.3 12
1717936296335 5.4 13
1717936306356 5.6 14
1717936316371 5.4 15
1717936326392 5.5 16
1717936336407 5.6 17
1717936346439 5.6 18
1717936356461 5.6 19
1717936366506 5.8 20
1717936376535 5.5 21
1717936386560 5.5 22
1717936396584 5.6 23
1717936406644 5.5 24
1717936416658 5.4 25
1717936426677 5.6 26
1717936436690 5.5 27
1717936446703 5.6 28
1717936456721 5.7 29
1717936466736 8.0 30
1717936476750 9.5 31
1717936486768 9.3 32
1717936496784 9.5 33
1717936506796 9.5 34
1717936516809 9.4 35
1717936526843 9.3 36
1717936536857 8.3 37
1717936546871 5.4 38
1717936556891 5.5 39
1717936566906 5.8 40
1717936576932 5.5 41
1717936586950 5.4 42
1717936596968 5.4 43
1717936606990 5.6 44
1717936617008 5.4 45
1717936627030 5.6 46
1717936637078 5.6 47
1717936647098 5.5 48
1717936657123 5.7 49
1717936667140 5.9 50
1717936677156 5.6 51
1717936687171 5.5 52
1717936697192 5.5 53
1717936707209 5.4 54
1717936717224 5.5 55
1717936727239 5.5 56
1717936737254 5.5 57
1717936747270 5.4 58
1717936757286 6.4 59
1717936767310 9.6 60
1717936777333 9.3 61
1717936787349 9.4 62
1717936797365 9.4 63
1717936807381 9.6 64
1717936817394 9.5 65
1717936827409 9.5 66
1717936837423 6.1 67
1717936847442 5.5 68
1717936857460 5.7 69
1717936867504 5.8 70
1717936877536 5.4 71
1717936887553 5.4 72
1717936897568 5.4 73
1717936907583 5.4 74
1717936917598 5.5 75
1717936927614 5.5 76
1717936937634 5.5 77
1717936947654 5.5 78
1717936957669 5.7 79
1717936967683 5.6 80
1717936977698 5.5 81
1717936987715 5.7 82
1717936997729 5.4 83
1717937007744 5.4 84
1717937017766 5.5 85
1717937027783 5.5 86
1717937037798 5.5 87
1717937047815 5.7 88
1717937057831 8.7 89
1717937067847 9.3 90
1717937077863 9.5 91
1717937087899 9.4 92
1717937097916 9.3 93
1717937107933 9.5 94
1717937118014 9.6 95
1717937128028 7.8 96
1717937138049 5.7 97
1717937148066 5.6 98
1717937158083 5.6 99
1717937168109 5.5 100
1717937178169 5.5 101
1717937188189 5.5 102
1717937198241 5.3 103
1717937208261 5.6 104
1717937218287 5.4 105
1717937228310 5.5 106
1717937238326 5.5 107
1717937248350 5.7 108
1717937258419 5.4 109
1717937268436 5.6 110
1717937278509 5.5 111
1717937288590 5.6 112
1717937298654 5.5 113
1717937308673 5.5 114
1717937318742 5.5 115
1717937328758 5.5 116
1717937338829 5.7 117
1717937348850 7.2 118
1717937358870 9.6 119
1717937368887 9.4 120
1717937378904 9.5 121
1717937388929 9.3 122
1717937398949 9.4 123
1717937408965 9.6 124
1717937418986 9.5 125
1717937429013 5.4 126
1717937439031 5.6 127
1717937449050 5.6 128
1717937459068 5.5 129
1717937469099 6.3 130
1717937479118 6.3 131
1717937489133 25.0 132
1717937499155 24.4 133
1717937509173 25.0 134
1717937519192 13.7 135
1717937529211 9.2 136
1717937539232 8.1 137
1717937549260 8.2 138
1717937559282 9.5 139
1717937569300 12.2 140
1717937579376 11.9 141
1717937589402 11.1 142
1717937599456 11.0 143
1717937609472 11.8 144
1717937619488 11.5 145
1717937629510 12.0 146
1717937639578 8.0 147
1717937649600 6.5 148
1717937659617 9.4 149
1717937669633 12.7 150
1717937679653 17.8 151
1717937689670 21.1 152
1717937699691 20.9 153
1717937709714 16.6 154
1717937719730 19.3 155
1717937729747 17.5 156
1717937739779 17.1 157
1717937749797 12.3 158
1717937759821 13.0 159
1717937769849 13.9 160
1717937779939 14.5 161
1717937789979 12.2 162
1717937800011 12.2 163
1717937810075 13.0 164
1717937820099 11.8 165
1717937830126 10.3 166
1717937840159 12.4 167
1717937850227 9.8 168
1717937860253 13.3 169
1717937870276 13.4 170
1717937880299 12.7 171
1717937890368 10.5 172
1717937900399 10.2 173
1717937910429 11.3 174
1717937920475 11.9 175
1717937930547 10.0 176
1717937940575 11.0 177
1717937950598 11.1 178
1717937960622 11.2 179
1717937970664 12.7 180
1717937980693 11.9 181
1717937990721 14.5 182
1717938000739 15.0 183
1717938010763 15.0 184
1717938020785 14.8 185
1717938030810 15.0 186
1717938040839 16.2 187
1717938050871 18.2 188
1717938060953 15.5 189
1717938071028 11.8 190
1717938081066 11.0 191
1717938091087 10.6 192
1717938101170 10.2 193
1717938111200 10.8 194
1717938121267 11.8 195
1717938131340 11.3 196
1717938141362 11.0 197
1717938151383 7.3 198
1717938161410 9.3 199
1717938171491 12.6 200
1717938181514 12.3 201
1717938191548 10.3 202
1717938201577 14.0 203
1717938211604 13.3 204
1717938221624 13.8 205
1717938231656 11.6 206
1717938241731 12.4 207
1717938251798 11.0 208
1717938261867 10.7 209
1717938271937 11.9 210
1717938282010 11.8 211
1717938292046 12.0 212
1717938302069 10.8 213
1717938312098 12.2 214
1717938322121 14.6 215
1717938332143 14.7 216
1717938342169 15.4 217
1717938352187 14.6 218
1717938362205 14.3 219
1717938372224 13.0 220
1717938382245 10.2 221
1717938392266 9.0 222
1717938402348 8.9 223
1717938412413 7.8 224
1717938422434 7.4 225
1717938432505 6.8 226
1717938442579 6.7 227
1717938452658 7.2 228
1717938462723 6.4 229
1717938472747 6.3 230
1717938482767 7.0 231
1717938492790 6.8 232
1717938502828 9.5 233
1717938512850 12.6 234
1717938522948 10.5 235
1717938532983 9.7 236
1717938543049 9.9 237
1717938553134 9.7 238
1717938563175 10.7 239
1717938573246 10.4 240
1717938583268 10.3 241
1717938593293 11.2 242
1717938603320 11.9 243
1717938613369 12.0 244
1717938623407 12.7 245
1717938633435 14.8 246
1717938643457 17.1 247
1717938653481 15.0 248
1717938663504 15.8 249
1717938673543 16.1 250
1717938683566 15.9 251
1717938693593 16.9 252
1717938703619 16.0 253
1717938713652 15.9 254
1717938723681 13.1 255
1717938733780 12.7 256
1717938743807 11.7 257
1717938753846 11.4 258
1717938763918 11.9 259
1717938773965 12.0 260
1717938784039 13.3 261
1717938794070 13.6 262
1717938804112 13.3 263
1717938814138 13.6 264
1717938824168 13.5 265
1717938834201 13.7 266
1717938844237 12.6 267
1717938854264 12.5 268
1717938864287 12.1 269
1717938874318 12.8 270
1717938884339 12.4 271
1717938894376 12.5 272
1717938904408 11.6 273
1717938914431 9.4 274
1717938924473 10.8 275
1717938934507 10.9 276
1717938944550 10.2 277
1717938954587 11.0 278
1717938964612 12.8 279
1717938974642 16.2 280
1717938984675 14.3 281
1717938994711 13.7 282
1717939004734 14.6 283
1717939014764 14.6 284
1717939024790 15.7 285
1717939034818 16.0 286
1717939044855 14.3 287
1717939054887 12.0 288
1717939064920 10.1 289
1717939075009 10.5 290
1717939085046 10.0 291
1717939095083 8.4 292
1717939105112 6.8 293
1717939115146 7.6 294
1717939125206 11.6 295
1717939135279 15.8 296
1717939145304 15.0 297
1717939155387 16.7 298
1717939165427 15.1 299
1717939175467 8.7 300
1717939185491 7.5 301
1717939195522 7.3 302
1717939205556 5.9 303
1717939215582 6.1 304
1717939225671 7.4 305
1717939235701 6.7 306
1717939245777 8.4 307
1717939255869 10.8 308
1717939265957 12.4 309
1717939275987 10.7 310
1717939286013 12.8 311
1717939296042 13.8 312
1717939306066 13.9 313
1717939316103 12.8 314
1717939326130 13.3 315
1717939336158 13.4 316
1717939346182 14.0 317
1717939356207 13.9 318
1717939366233 9.6 319
1717939376331 9.1 320
1717939386366 10.1 321
1717939396400 9.7 322
1717939406473 10.9 323
1717939416545 10.2 324
1717939426568 9.4 325
1717939436660 10.3 326
1717939446754 9.8 327
1717939456779 8.9 328
1717939466802 10.8 329
1717939476833 9.7 330
1717939486910 10.2 331
1717939496938 9.6 332
1717939506975 8.3 333
1717939517011 10.0 334
1717939527050 10.9 335
1717939537083 10.1 336
1717939547112 9.0 337
1717939557189 10.5 338
1717939567225 9.2 339
1717939577270 8.8 340
1717939587349 8.9 341
1717939597405 9.8 342
1717939607436 10.6 343
1717939617465 14.1 344
1717939627491 16.7 345
1717939637528 15.4 346
1717939647550 13.2 347
1717939657574 14.0 348
1717939667606 13.9 349
1717939677631 15.7 350
1717939687707 13.1 351
1717939697731 8.3 352
1717939707765 8.5 353
1717939717790 9.7 354
1717939727821 10.6 355
1717939737862 12.2 356
1717939747893 10.3 357
1717939757924 10.4 358
1717939767953 11.2 359
1717939777988 10.6 360
1717939788072 9.9 361
1717939798106 7.8 362
1717939808142 8.2 363
1717939818213 10.1 364
1717939828308 10.0 365
1717939838350 9.7 366
1717939848393 10.6 367
1717939858427 10.4 368
1717939868460 12.1 369
1717939878493 9.8 370
1717939888533 10.0 371
1717939898574 9.2 372
1717939908622 10.8 373
1717939918659 9.3 374
1717939928743 10.7 375
1717939938771 9.1 376
1717939948800 12.2 377
1717939958824 13.4 378
1717939968859 13.6 379
1717939978882 13.5 380
1717939988909 14.2 381
1717939998954 14.5 382
1717940008977 14.2 383
1717940019004 13.6 384
1717940029087 11.3 385
1717940039131 11.8 386
1717940049170 11.0 387
1717940059260 11.1 388
1717940069297 11.5 389
1717940079353 11.9 390
1717940089434 8.9 391
1717940099515 11.0 392
1717940109546 9.3 393
1717940119584 10.7 394
1717940129659 8.8 395
1717940139701 9.1 396
1717940149799 9.6 397
1717940159893 10.2 398
1717940169931 10.4 399
1717940179963 10.3 400
1717940190002 9.2 401
1717940200080 8.2 402
1717940210119 6.3 403
1717940220164 6.0 404
1717940230205 6.4 405
1717940240252 5.9 406
1717940250334 6.0 407
1717940260424 6.3 408
1717940270451 8.5 409
1717940280479 10.1 410
1717940290502 10.0 411
1717940300536 9.8 412
1717940310566 9.9 413
1717940320594 10.0 414
1717940330627 9.9 415
1717940340666 9.5 416
1717940350709 6.0 417
1717940360746 6.2 418
1717940370776 6.1 419
1717940380818 5.9 420
1717940390862 5.7 421
1717940400950 5.9 422
1717940410988 5.9 423
1717940421053 6.0 424
1717940431095 6.4 425
1717940441135 5.9 426
1717940451178 6.1 427
1717940461210 6.2 428
1717940471301 6.3 429
1717940481389 6.0 430
1717940491463 5.9 431
1717940501501 6.3 432
1717940511554 7.2 433
1717940521593 6.3 434
1717940531636 6.1 435
1717940541678 6.1 436
1717940551711 6.1 437
1717940561807 6.2 438
1717940571833 8.4 439
1717940581856 10.1 440
1717940591879 9.9 441
1717940601908 10.0 442
1717940611944 10.0 443
1717940621977 10.0 444
1717940632005 9.9 445
1717940642043 9.5 446
1717940652082 5.9 447
1717940662112 6.1 448
1717940672143 6.4 449
1717940682241 5.8 450
1717940692281 6.1 451
1717940702323 5.8 452
1717940712422 5.9 453
1717940722465 6.0 454
1717940732505 5.9 455
1717940742554 5.9 456
1717940752608 6.0 457
1717940762662 6.0 458
1717940772707 6.3 459
1717940782750 5.9 460
1717940792782 5.8 461
1717940802872 5.9 462
1717940812916 6.1 463
1717940822953 6.2 464
1717940833001 5.9 465
1717940843059 6.0 466
1717940853111 6.2 467
1717940863202 6.4 468
1717940873227 8.6 469
1717940883253 9.9 470
1717940893285 10.0 471
1717940903317 10.0 472
1717940913356 10.0 473
1717940923387 9.9 474
1717940933426 9.9 475
1717940943472 9.3 476
1717940953529 5.9 477
1717940963570 6.3 478
1717940973613 6.0 479
1717940983659 6.2 480
1717940993690 5.9 481
1717941003778 5.9 482
1717941013836 5.8 483
1717941023872 6.2 484
1717941033914 5.8 485
1717941044028 5.8 486
1717941054071 6.1 487
1717941064111 6.2 488
1717941074209 6.3 489
1717941084241 6.0 490
1717941094342 6.5 491
1717941104384 6.8 492
1717941114431 6.5 493
1717941124474 7.3 494
1717941134525 6.0 495
1717941144569 6.1 496
1717941154675 6.0 497
1717941164774 6.0 498
1717941174807 8.7 499
1717941184839 10.3 500
1717941194870 9.7 501
1717941204901 10.1 502
1717941214940 9.8 503
1717941224971 9.9 504
1717941235009 10.0 505
1717941245038 9.3 506
1717941255084 6.0 507
1717941265119 6.5 508
1717941275156 6.3 509
1717941285199 5.8 510
1717941295291 6.0 511
1717941305379 5.9 512
1717941315431 5.9 513
1717941325475 6.2 514
1717941335517 5.9 515
1717941345559 6.0 516
1717941355660 6.0 517
1717941365757 6.2 518
1717941375793 5.9 519
1717941385887 6.0 520
1717941395975 6.3 521
1717941406012 5.8 522
1717941416045 6.2 523
1717941426091 6.6 524
1717941436121 6.7 525
1717941446158 6.0 526
1717941456244 6.3 527
1717941466282 6.5 528
1717941476313 9.4 529
1717941486346 10.2 530
1717941496381 10.0 531
1717941506413 10.5 532
1717941516451 10.3 533
1717941526483 10.1 534
1717941536514 11.9 535
1717941546566 11.1 536
1717941556612 6.4 537
1717941566647 9.7 538
1717941576740 9.3 539
1717941586783 9.2 540
1717941596861 7.8 541
1717941606942 7.6 542
1717941617042 7.5 543
1717941627161 7.2 544
1717941637192 8.0 545
1717941647237 9.5 546
1717941657286 8.5 547
1717941667330 10.0 548
1717941677374 8.5 549
1717941687429 8.2 550
1717941697475 15.0 551
1717941707513 10.8 552
1717941717549 10.7 553
1717941727583 12.1 554
1717941737622 8.9 555
1717941747670 8.4 556
1717941757712 8.4 557
1717941767767 8.2 558
1717941777821 8.3 559
1717941787857 8.1 560
1717941797903 10.8 561
1717941807934 12.3 562
1717941817961 11.8 563
1717941828004 14.6 564
1717941838046 11.2 565
1717941848085 11.1 566
1717941858144 12.4 567
1717941868195 11.4 568
1717941878240 7.6 569
1717941888292 8.0 570
1717941898526 8.3 571
1717941908558 7.7 572
1717941918607 8.1 573
1717941928658 7.9 574
1717941938704 7.3 575
1717941948750 6.5 576
1717941958798 6.1 577
1717941968848 6.1 578
1717941978948 6.2 579
1717941989000 6.3 580
1717941999050 6.5 581
1717942009098 7.0 582
1717942019151 6.6 583
1717942029197 6.0 584
1717942039244 6.4 585
1717942049285 6.8 586
1717942059338 6.1 587
1717942069384 6.1 588
1717942079422 6.2 589
1717942089471 6.3 590
