1717936166067 748216.2 0
1717936176084 748217.0 1
1717936186098 748217.1 2
1717936196109 748217.1 3
1717936206123 748217.1 4
1717936216136 748217.1 5
1717936226156 748217.1 6
1717936236172 748217.1 7
1717936246200 748217.1 8
1717936256223 748217.1 9
1717936266248 748217.1 10
1717936276268 748217.1 11
1717936286289 748217.1 12
1717936296335 748217.1 13
1717936306356 748217.1 14
1717936316371 748217.1 15
1717936326392 748217.1 16
1717936336407 748217.1 17
1717936346439 748217.1 18
1717936356461 748217.1 19
1717936366506 748217.1 20
1717936376535 748217.1 21
1717936386560 748217.1 22
1717936396584 748217.1 23
1717936406644 748217.1 24
1717936416658 748217.1 25
1717936426677 748217.1 26
1717936436690 748217.1 27
1717936446703 748217.1 28
1717936456721 748217.1 29
1717936466736 749021.7 30
1717936476750 749021.7 31
1717936486768 749021.7 32
1717936496784 749021.7 33
1717936506796 749021.7 34
1717936516809 749021.7 35
1717936526843 749021.7 36
1717936536857 749021.7 37
1717936546871 749021.7 38
1717936556891 749021.7 39
1717936566906 749021.7 40
1717936576932 749021.7 41
1717936586950 749021.7 42
1717936596968 749021.7 43
1717936606990 749021.7 44
1717936617008 749021.7 45
1717936627030 749021.7 46
1717936637078 749021.7 47
1717936647098 749021.7 48
1717936657123 749021.7 49
1717936667140 749021.7 50
1717936677156 749021.7 51
1717936687171 749021.7 52
1717936697192 749021.7 53
1717936707209 749021.7 54
1717936717224 749021.7 55
1717936727239 749021.7 56
1717936737254 749021.7 57
1717936747270 749021.7 58
1717936757286 749826.2 59
1717936767310 749826.3 60
1717936777333 749826.3 61
1717936787349 749826.3 62
1717936797365 749826.3 63
1717936807381 749826.3 64
1717936817394 749826.3 65
1717936827409 749826.3 66
1717936837423 749826.3 67
1717936847442 749826.3 68
1717936857460 749826.3 69
1717936867504 749826.3 70
1717936877536 749826.3 71
1717936887553 749826.3 72
1717936897568 749826.3 73
1717936907583 749826.3 74
1717936917598 749826.3 75
1717936927614 749826.3 76
1717936937634 749826.3 77
1717936947654 749826.3 78
1717936957669 749826.3 79
1717936967683 749826.3 80
1717936977698 749826.3 81
1717936987715 749826.3 82
1717936997729 749826.3 83
1717937007744 749826.3 84
1717937017766 749826.3 85
1717937027783 749826.3 86
1717937037798 749826.3 87
1717937047815 749826.3 88
1717937057831 750630.9 89
1717937067847 750630.9 90
1717937077863 750630.9 91
1717937087899 750630.9 92
1717937097916 750630.9 93
1717937107933 750630.9 94
1717937118014 750630.9 95
1717937128028 750630.9 96
1717937138049 750630.9 97
1717937148066 750630.9 98
1717937158083 750630.9 99
1717937168109 750630.9 100
1717937178169 750630.9 101
1717937188189 750630.9 102
1717937198241 750630.9 103
1717937208261 750630.9 104
1717937218287 750630.9 105
1717937228310 750630.9 106
1717937238326 750630.9 107
1717937248350 750630.9 108
1717937258419 750630.9 109
1717937268436 750630.9 110
1717937278509 750630.9 111
1717937288590 750630.9 112
1717937298654 750630.9 113
1717937308673 750630.9 114
1717937318742 750630.9 115
1717937328758 750630.9 116
1717937338829 750630.9 117
1717937348850 751435.5 118
1717937358870 751435.5 119
1717937368887 751435.5 120
1717937378904 751435.5 121
1717937388929 751435.5 122
1717937398949 751435.5 123
1717937408965 751435.5 124
1717937418986 751435.5 125
1717937429013 751435.5 126
1717937439031 751435.5 127
1717937449050 751435.5 128
1717937459068 751435.5 129
1717937469099 751435.5 130
1717937479118 751435.5 131
1717937489133 751446.6 132
1717937499155 751492.0 133
1717937509173 751450.9 134
1717937519192 751486.1 135
1717937529211 751429.9 136
1717937539232 751466.4 137
1717937549260 751464.7 138
1717937559282 751505.4 139
1717937569300 751533.0 140
1717937579376 751552.0 141
1717937589402 751551.9 142
1717937599456 751552.0 143
1717937609472 751552.8 144
1717937619488 751553.0 145
1717937629510 751554.6 146
1717937639578 751557.7 147
1717937649600 751557.7 148
1717937659617 752362.3 149
1717937669633 752363.4 150
1717937679653 752365.4 151
1717937689670 752362.9 152
1717937699691 752361.4 153
1717937709714 752361.4 154
1717937719730 752361.4 155
1717937729747 752361.4 156
1717937739779 752361.9 157
1717937749797 752363.2 158
1717937759821 752363.2 159
1717937769849 752363.5 160
1717937779939 752367.0 161
1717937789979 752367.0 162
1717937800011 752367.0 163
1717937810075 752367.2 164
1717937820099 752366.8 165
1717937830126 752366.8 166
1717937840159 752366.8 167
1717937850227 752366.8 168
1717937860253 752366.9 169
1717937870276 752366.9 170
1717937880299 752366.9 171
1717937890368 752367.3 172
1717937900399 752367.3 173
1717937910429 752367.3 174
1717937920475 752367.3 175
1717937930547 752367.3 176
1717937940575 752367.3 177
1717937950598 752367.3 178
1717937960622 752367.3 179
1717937970664 752367.3 180
1717937980693 752367.4 181
1717937990721 753172.1 182
1717938000739 753172.2 183
1717938010763 753172.2 184
1717938020785 753172.2 185
1717938030810 753172.2 186
1717938040839 753172.2 187
1717938050871 753172.2 188
1717938060953 753172.2 189
1717938071028 753172.2 190
1717938081066 753172.2 191
1717938091087 753172.2 192
1717938101170 753172.2 193
1717938111200 753172.2 194
1717938121267 753172.2 195
1717938131340 753172.2 196
1717938141362 753172.2 197
1717938151383 753172.2 198
1717938161410 753172.3 199
1717938171491 753172.5 200
1717938181514 753172.7 201
1717938191548 753172.6 202
1717938201577 753172.7 203
1717938211604 753172.7 204
1717938221624 753172.7 205
1717938231656 753172.7 206
1717938241731 753172.7 207
1717938251798 753172.7 208
1717938261867 753172.7 209
1717938271937 753172.7 210
1717938282010 753172.7 211
1717938292046 753172.7 212
1717938302069 753172.7 213
1717938312098 753977.4 214
1717938322121 753977.3 215
1717938332143 753977.4 216
1717938342169 753977.4 217
1717938352187 753977.4 218
1717938362205 753977.4 219
1717938372224 753977.4 220
1717938382245 753977.4 221
1717938392266 753977.4 222
1717938402348 753977.4 223
1717938412413 753977.4 224
1717938422434 753977.4 225
1717938432505 753977.4 226
1717938442579 753977.4 227
1717938452658 753977.5 228
1717938462723 753977.5 229
1717938472747 753977.5 230
1717938482767 753977.5 231
1717938492790 753977.5 232
1717938502828 753977.5 233
1717938512850 753977.5 234
1717938522948 753977.5 235
1717938532983 753977.5 236
1717938543049 753977.5 237
1717938553134 753977.5 238
1717938563175 753977.6 239
1717938573246 753977.6 240
1717938583268 753977.6 241
1717938593293 753977.5 242
1717938603320 753977.6 243
1717938613369 753978.0 244
1717938623407 753978.0 245
1717938633435 754782.6 246
1717938643457 754782.6 247
1717938653481 754782.6 248
1717938663504 754782.7 249
1717938673543 754782.7 250
1717938683566 754782.7 251
1717938693593 754782.7 252
1717938703619 754782.7 253
1717938713652 754782.7 254
1717938723681 754782.7 255
1717938733780 754782.7 256
1717938743807 754782.7 257
1717938753846 754782.7 258
1717938763918 754782.7 259
1717938773965 754782.7 260
1717938784039 754782.7 261
1717938794070 754782.7 262
1717938804112 754782.7 263
1717938814138 754782.7 264
1717938824168 754782.7 265
1717938834201 754782.7 266
1717938844237 754782.7 267
1717938854264 754780.4 268
1717938864287 754781.4 269
1717938874318 754781.5 270
1717938884339 754781.5 271
1717938894376 754781.5 272
1717938904408 754781.4 273
1717938914431 754781.4 274
1717938924473 754781.5 275
1717938934507 754781.5 276
1717938944550 754781.5 277
1717938954587 754781.5 278
1717938964612 755586.1 279
1717938974642 755586.1 280
1717938984675 755586.1 281
1717938994711 755586.1 282
1717939004734 755586.1 283
1717939014764 755586.1 284
1717939024790 755586.1 285
1717939034818 755586.1 286
1717939044855 755586.1 287
1717939054887 755586.1 288
1717939064920 755586.1 289
1717939075009 755586.1 290
1717939085046 755587.5 291
1717939095083 755587.4 292
1717939105112 755587.4 293
1717939115146 755588.2 294
1717939125206 755591.0 295
1717939135279 755590.9 296
1717939145304 755590.9 297
1717939155387 755591.4 298
1717939165427 755592.0 299
1717939175467 755592.0 300
1717939185491 755592.0 301
1717939195522 755592.0 302
1717939205556 755592.0 303
1717939215582 755592.0 304
1717939225671 755592.1 305
1717939235701 755591.9 306
1717939245777 755592.8 307
1717939255869 755595.0 308
1717939265957 755593.5 309
1717939275987 755594.2 310
1717939286013 756399.1 311
1717939296042 756399.3 312
1717939306066 756399.4 313
1717939316103 756399.4 314
1717939326130 756402.7 315
1717939336158 756405.6 316
1717939346182 756402.7 317
1717939356207 756403.2 318
1717939366233 756403.2 319
1717939376331 756403.2 320
1717939386366 756403.2 321
1717939396400 756403.4 322
1717939406473 756403.7 323
1717939416545 756404.4 324
1717939426568 756404.4 325
1717939436660 756404.5 326
1717939446754 756404.5 327
1717939456779 756404.5 328
1717939466802 756405.1 329
1717939476833 756401.8 330
1717939486910 756401.8 331
1717939496938 756402.1 332
1717939506975 756402.0 333
1717939517011 756402.0 334
1717939527050 756402.0 335
1717939537083 756402.0 336
1717939547112 756402.0 337
1717939557189 756402.2 338
1717939567225 756402.1 339
1717939577270 756402.1 340
1717939587349 756402.2 341
1717939597405 756402.3 342
1717939607436 756402.3 343
1717939617465 757207.0 344
1717939627491 757208.5 345
1717939637528 757209.9 346
1717939647550 757209.8 347
1717939657574 757209.9 348
1717939667606 757209.9 349
1717939677631 757209.9 350
1717939687707 757209.8 351
1717939697731 757209.9 352
1717939707765 757209.9 353
1717939717790 757209.9 354
1717939727821 757209.9 355
1717939737862 757210.7 356
1717939747893 757210.9 357
1717939757924 757210.9 358
1717939767953 757211.4 359
1717939777988 757211.1 360
1717939788072 757211.1 361
1717939798106 757211.1 362
1717939808142 757211.1 363
1717939818213 757211.1 364
1717939828308 757211.1 365
1717939838350 757211.2 366
1717939848393 757211.7 367
1717939858427 757211.7 368
1717939868460 757211.6 369
1717939878493 757211.7 370
1717939888533 757211.7 371
1717939898574 757212.0 372
1717939908622 757212.1 373
1717939918659 757212.7 374
1717939928743 757213.3 375
1717939938771 757213.3 376
1717939948800 758017.9 377
1717939958824 758018.2 378
1717939968859 758018.2 379
1717939978882 758018.2 380
1717939988909 758018.2 381
1717939998954 758018.2 382
1717940008977 758018.2 383
1717940019004 758018.2 384
1717940029087 758018.2 385
1717940039131 758018.5 386
1717940049170 758018.5 387
1717940059260 758018.5 388
1717940069297 758019.6 389
1717940079353 758003.7 390
1717940089434 758004.2 391
1717940099515 758004.2 392
1717940109546 758005.3 393
1717940119584 758005.3 394
1717940129659 758005.4 395
1717940139701 758005.3 396
1717940149799 758005.3 397
1717940159893 758005.2 398
1717940169931 758004.3 399
1717940179963 758005.3 400
1717940190002 757983.5 401
1717940200080 757986.0 402
1717940210119 757985.8 403
1717940220164 757985.8 404
1717940230205 757986.2 405
1717940240252 757986.2 406
1717940250334 757981.9 407
1717940260424 757983.8 408
1717940270451 758788.4 409
1717940280479 758788.4 410
1717940290502 758788.5 411
1717940300536 758788.5 412
1717940310566 758788.5 413
1717940320594 758788.4 414
1717940330627 758788.4 415
1717940340666 758788.4 416
1717940350709 758788.4 417
1717940360746 758788.5 418
1717940370776 758788.5 419
1717940380818 758788.5 420
1717940390862 758788.5 421
1717940400950 758788.5 422
1717940410988 758788.5 423
1717940421053 758788.5 424
1717940431095 758788.5 425
1717940441135 758788.5 426
1717940451178 758788.5 427
1717940461210 758788.5 428
1717940471301 758788.5 429
1717940481389 758788.5 430
1717940491463 758788.5 431
1717940501501 758788.5 432
1717940511554 758788.5 433
1717940521593 758788.5 434
1717940531636 758788.5 435
1717940541678 758788.5 436
1717940551711 758788.5 437
1717940561807 758788.5 438
1717940571833 759593.2 439
1717940581856 759593.2 440
1717940591879 759593.2 441
1717940601908 759593.2 442
1717940611944 759593.2 443
1717940621977 759593.2 444
1717940632005 759593.2 445
1717940642043 759593.2 446
1717940652082 759593.2 447
1717940662112 759593.2 448
1717940672143 759593.2 449
1717940682241 759593.2 450
1717940692281 759593.2 451
1717940702323 759593.2 452
1717940712422 759593.2 453
1717940722465 759593.2 454
1717940732505 759593.2 455
1717940742554 759593.2 456
1717940752608 759593.2 457
1717940762662 759593.2 458
1717940772707 759593.2 459
1717940782750 759593.2 460
1717940792782 759593.2 461
1717940802872 759593.3 462
1717940812916 759593.5 463
1717940822953 759593.5 464
1717940833001 759593.4 465
1717940843059 759593.5 466
1717940853111 759593.5 467
1717940863202 759593.5 468
1717940873227 760398.1 469
1717940883253 760398.1 470
1717940893285 760398.1 471
1717940903317 760398.1 472
1717940913356 760398.1 473
1717940923387 760398.1 474
1717940933426 760398.1 475
1717940943472 760398.1 476
1717940953529 760398.1 477
1717940963570 760398.1 478
1717940973613 760398.1 479
1717940983659 760398.1 480
1717940993690 760398.1 481
1717941003778 760398.1 482
1717941013836 760398.1 483
1717941023872 760398.1 484
1717941033914 760398.1 485
1717941044028 760398.1 486
1717941054071 760398.1 487
1717941064111 760398.1 488
1717941074209 760398.1 489
1717941084241 760398.1 490
1717941094342 760398.1 491
1717941104384 760398.1 492
1717941114431 760398.5 493
1717941124474 760394.6 494
1717941134525 760394.6 495
1717941144569 760394.6 496
1717941154675 760394.6 497
1717941164774 760394.6 498
1717941174807 761199.3 499
1717941184839 761213.0 500
1717941194870 761213.0 501
1717941204901 761213.1 502
1717941214940 761213.1 503
1717941224971 761213.1 504
1717941235009 761213.1 505
1717941245038 761213.1 506
1717941255084 761213.1 507
1717941265119 761213.1 508
1717941275156 761213.1 509
1717941285199 761213.1 510
1717941295291 761213.1 511
1717941305379 761213.1 512
1717941315431 761213.1 513
1717941325475 761213.1 514
1717941335517 761213.1 515
1717941345559 761213.1 516
1717941355660 761213.1 517
1717941365757 761213.1 518
1717941375793 761213.1 519
1717941385887 761213.1 520
1717941395975 761213.1 521
1717941406012 761213.1 522
1717941416045 761213.1 523
1717941426091 761213.5 524
1717941436121 761213.8 525
1717941446158 761213.8 526
1717941456244 761213.8 527
1717941466282 761213.8 528
1717941476313 762018.9 529
1717941486346 762018.8 530
1717941496381 762018.9 531
1717941506413 762018.9 532
1717941516451 762019.2 533
1717941526483 762019.1 534
1717941536514 762002.8 535
1717941546566 762005.5 536
1717941556612 762006.4 537
1717941566647 762009.0 538
1717941576740 762019.7 539
1717941586783 762005.5 540
1717941596861 762009.7 541
1717941606942 762014.1 542
1717941617042 762018.3 543
1717941627161 762022.6 544
1717941637192 762008.0 545
1717941647237 762012.3 546
1717941657286 762016.6 547
1717941667330 762008.3 548
1717941677374 762012.6 549
1717941687429 762016.4 550
1717941697475 762006.8 551
1717941707513 762011.1 552
1717941717549 762015.4 553
1717941727583 762019.7 554
1717941737622 762006.6 555
1717941747670 762010.9 556
1717941757712 762015.3 557
1717941767767 762019.7 558
1717941777821 762006.5 559
1717941787857 762010.8 560
1717941797903 762819.7 561
1717941807934 762824.0 562
1717941817961 762810.8 563
1717941828004 762815.2 564
1717941838046 762819.5 565
1717941848085 762823.8 566
1717941858144 762810.3 567
1717941868195 762814.6 568
1717941878240 762818.9 569
1717941888292 762823.2 570
1717941898526 762809.1 571
1717941908558 762813.5 572
1717941918607 762817.6 573
1717941928658 762821.8 574
1717941938704 762821.8 575
1717941948750 762821.8 576
1717941958798 762821.8 577
1717941968848 762821.8 578
1717941978948 762822.3 579
1717941989000 762822.5 580
1717941999050 762822.5 581
1717942009098 762822.5 582
1717942019151 762822.5 583
1717942029197 762822.4 584
1717942039244 762822.4 585
1717942049285 762822.4 586
1717942059338 762822.4 587
1717942069384 762822.4 588
1717942079422 762822.4 589
1717942089471 762822.4 590
