1717936166067 80.2 0
1717936176084 80.2 1
1717936186098 80.2 2
1717936196109 80.2 3
1717936206123 80.2 4
1717936216136 80.2 5
1717936226156 80.2 6
1717936236172 80.2 7
1717936246200 80.2 8
1717936256223 80.2 9
1717936266248 80.2 10
1717936276268 80.2 11
1717936286289 80.2 12
1717936296335 80.2 13
1717936306356 80.2 14
1717936316371 80.2 15
1717936326392 80.2 16
1717936336407 80.2 17
1717936346439 80.2 18
1717936356461 80.2 19
1717936366506 80.2 20
1717936376535 80.2 21
1717936386560 80.2 22
1717936396584 80.2 23
1717936406644 80.2 24
1717936416658 80.2 25
1717936426677 80.2 26
1717936436690 80.2 27
1717936446703 80.2 28
1717936456721 80.2 29
1717936466736 80.3 30
1717936476750 80.3 31
1717936486768 80.3 32
1717936496784 80.3 33
1717936506796 80.3 34
1717936516809 80.3 35
1717936526843 80.3 36
1717936536857 80.3 37
1717936546871 80.3 38
1717936556891 80.3 39
1717936566906 80.3 40
1717936576932 80.3 41
1717936586950 80.3 42
1717936596968 80.3 43
1717936606990 80.3 44
1717936617008 80.3 45
1717936627030 80.3 46
1717936637078 80.3 47
1717936647098 80.3 48
1717936657123 80.3 49
1717936667140 80.3 50
1717936677156 80.3 51
1717936687171 80.3 52
1717936697192 80.3 53
1717936707209 80.3 54
1717936717224 80.3 55
1717936727239 80.3 56
1717936737254 80.3 57
1717936747270 80.3 58
1717936757286 80.4 59
1717936767310 80.4 60
1717936777333 80.4 61
1717936787349 80.4 62
1717936797365 80.4 63
1717936807381 80.4 64
1717936817394 80.4 65
1717936827409 80.4 66
1717936837423 80.4 67
1717936847442 80.4 68
1717936857460 80.4 69
1717936867504 80.4 70
1717936877536 80.4 71
1717936887553 80.4 72
1717936897568 80.4 73
1717936907583 80.4 74
1717936917598 80.4 75
1717936927614 80.4 76
1717936937634 80.4 77
1717936947654 80.4 78
1717936957669 80.4 79
1717936967683 80.4 80
1717936977698 80.4 81
1717936987715 80.4 82
1717936997729 80.4 83
1717937007744 80.4 84
1717937017766 80.4 85
1717937027783 80.4 86
1717937037798 80.4 87
1717937047815 80.4 88
1717937057831 80.5 89
1717937067847 80.5 90
1717937077863 80.5 91
1717937087899 80.5 92
1717937097916 80.5 93
1717937107933 80.5 94
1717937118014 80.5 95
1717937128028 80.5 96
1717937138049 80.5 97
1717937148066 80.5 98
1717937158083 80.5 99
1717937168109 80.5 100
1717937178169 80.5 101
1717937188189 80.5 102
1717937198241 80.5 103
1717937208261 80.5 104
1717937218287 80.5 105
1717937228310 80.5 106
1717937238326 80.5 107
1717937248350 80.5 108
1717937258419 80.5 109
1717937268436 80.5 110
1717937278509 80.5 111
1717937288590 80.5 112
1717937298654 80.5 113
1717937308673 80.5 114
1717937318742 80.5 115
1717937328758 80.5 116
1717937338829 80.5 117
1717937348850 80.6 118
1717937358870 80.6 119
1717937368887 80.6 120
1717937378904 80.6 121
1717937388929 80.6 122
1717937398949 80.6 123
1717937408965 80.6 124
1717937418986 80.6 125
1717937429013 80.6 126
1717937439031 80.6 127
1717937449050 80.6 128
1717937459068 80.6 129
1717937469099 80.6 130
1717937479118 80.6 131
1717937489133 80.6 132
1717937499155 80.6 133
1717937509173 80.6 134
1717937519192 80.6 135
1717937529211 80.6 136
1717937539232 80.6 137
1717937549260 80.6 138
1717937559282 80.6 139
1717937569300 80.6 140
1717937579376 80.6 141
1717937589402 80.6 142
1717937599456 80.6 143
1717937609472 80.6 144
1717937619488 80.6 145
1717937629510 80.6 146
1717937639578 80.6 147
1717937649600 80.6 148
1717937659617 80.7 149
1717937669633 80.7 150
1717937679653 80.7 151
1717937689670 80.7 152
1717937699691 80.7 153
1717937709714 80.7 154
1717937719730 80.7 155
1717937729747 80.7 156
1717937739779 80.7 157
1717937749797 80.7 158
1717937759821 80.7 159
1717937769849 80.7 160
1717937779939 80.7 161
1717937789979 80.7 162
1717937800011 80.7 163
1717937810075 80.7 164
1717937820099 80.7 165
1717937830126 80.7 166
1717937840159 80.7 167
1717937850227 80.7 168
1717937860253 80.7 169
1717937870276 80.7 170
1717937880299 80.7 171
1717937890368 80.7 172
1717937900399 80.7 173
1717937910429 80.7 174
1717937920475 80.7 175
1717937930547 80.7 176
1717937940575 80.7 177
1717937950598 80.7 178
1717937960622 80.7 179
1717937970664 80.7 180
1717937980693 80.7 181
1717937990721 80.7 182
1717938000739 80.7 183
1717938010763 80.7 184
1717938020785 80.7 185
1717938030810 80.7 186
1717938040839 80.7 187
1717938050871 80.7 188
1717938060953 80.7 189
1717938071028 80.7 190
1717938081066 80.7 191
1717938091087 80.7 192
1717938101170 80.7 193
1717938111200 80.7 194
1717938121267 80.7 195
1717938131340 80.7 196
1717938141362 80.7 197
1717938151383 80.7 198
1717938161410 80.7 199
1717938171491 80.7 200
1717938181514 80.7 201
1717938191548 80.7 202
1717938201577 80.7 203
1717938211604 80.7 204
1717938221624 80.7 205
1717938231656 80.7 206
1717938241731 80.7 207
1717938251798 80.7 208
1717938261867 80.7 209
1717938271937 80.7 210
1717938282010 80.7 211
1717938292046 80.7 212
1717938302069 80.7 213
1717938312098 80.8 214
1717938322121 80.8 215
1717938332143 80.8 216
1717938342169 80.8 217
1717938352187 80.8 218
1717938362205 80.8 219
1717938372224 80.8 220
1717938382245 80.8 221
1717938392266 80.8 222
1717938402348 80.8 223
1717938412413 80.8 224
1717938422434 80.8 225
1717938432505 80.8 226
1717938442579 80.8 227
1717938452658 80.8 228
1717938462723 80.8 229
1717938472747 80.8 230
1717938482767 80.8 231
1717938492790 80.8 232
1717938502828 80.8 233
1717938512850 80.8 234
1717938522948 80.8 235
1717938532983 80.8 236
1717938543049 80.8 237
1717938553134 80.8 238
1717938563175 80.8 239
1717938573246 80.8 240
1717938583268 80.8 241
1717938593293 80.8 242
1717938603320 80.8 243
1717938613369 80.8 244
1717938623407 80.8 245
1717938633435 80.9 246
1717938643457 80.9 247
1717938653481 80.9 248
1717938663504 80.9 249
1717938673543 80.9 250
1717938683566 80.9 251
1717938693593 80.9 252
1717938703619 80.9 253
1717938713652 80.9 254
1717938723681 80.9 255
1717938733780 80.9 256
1717938743807 80.9 257
1717938753846 80.9 258
1717938763918 80.9 259
1717938773965 80.9 260
1717938784039 80.9 261
1717938794070 80.9 262
1717938804112 80.9 263
1717938814138 80.9 264
1717938824168 80.9 265
1717938834201 80.9 266
1717938844237 80.9 267
1717938854264 80.9 268
1717938864287 80.9 269
1717938874318 80.9 270
1717938884339 80.9 271
1717938894376 80.9 272
1717938904408 80.9 273
1717938914431 80.9 274
1717938924473 80.9 275
1717938934507 80.9 276
1717938944550 80.9 277
1717938954587 80.9 278
1717938964612 81.0 279
1717938974642 81.0 280
1717938984675 81.0 281
1717938994711 81.0 282
1717939004734 81.0 283
1717939014764 81.0 284
1717939024790 81.0 285
1717939034818 81.0 286
1717939044855 81.0 287
1717939054887 81.0 288
1717939064920 81.0 289
1717939075009 81.0 290
1717939085046 81.0 291
1717939095083 81.0 292
1717939105112 81.0 293
1717939115146 81.0 294
1717939125206 81.0 295
1717939135279 81.0 296
1717939145304 81.0 297
1717939155387 81.0 298
1717939165427 81.0 299
1717939175467 81.0 300
1717939185491 81.0 301
1717939195522 81.0 302
1717939205556 81.0 303
1717939215582 81.0 304
1717939225671 81.0 305
1717939235701 81.0 306
1717939245777 81.0 307
1717939255869 81.0 308
1717939265957 81.0 309
1717939275987 81.0 310
1717939286013 81.1 311
1717939296042 81.1 312
1717939306066 81.1 313
1717939316103 81.1 314
1717939326130 81.1 315
1717939336158 81.1 316
1717939346182 81.1 317
1717939356207 81.1 318
1717939366233 81.1 319
1717939376331 81.1 320
1717939386366 81.1 321
1717939396400 81.1 322
1717939406473 81.1 323
1717939416545 81.1 324
1717939426568 81.1 325
1717939436660 81.1 326
1717939446754 81.1 327
1717939456779 81.1 328
1717939466802 81.1 329
1717939476833 81.1 330
1717939486910 81.1 331
1717939496938 81.1 332
1717939506975 81.1 333
1717939517011 81.1 334
1717939527050 81.1 335
1717939537083 81.1 336
1717939547112 81.1 337
1717939557189 81.1 338
1717939567225 81.1 339
1717939577270 81.1 340
1717939587349 81.1 341
1717939597405 81.1 342
1717939607436 81.1 343
1717939617465 81.2 344
1717939627491 81.2 345
1717939637528 81.2 346
1717939647550 81.2 347
1717939657574 81.2 348
1717939667606 81.2 349
1717939677631 81.2 350
1717939687707 81.2 351
1717939697731 81.2 352
1717939707765 81.2 353
1717939717790 81.2 354
1717939727821 81.2 355
1717939737862 81.2 356
1717939747893 81.2 357
1717939757924 81.2 358
1717939767953 81.2 359
1717939777988 81.2 360
1717939788072 81.2 361
1717939798106 81.2 362
1717939808142 81.2 363
1717939818213 81.2 364
1717939828308 81.2 365
1717939838350 81.2 366
1717939848393 81.2 367
1717939858427 81.2 368
1717939868460 81.2 369
1717939878493 81.2 370
1717939888533 81.2 371
1717939898574 81.2 372
1717939908622 81.2 373
1717939918659 81.2 374
1717939928743 81.2 375
1717939938771 81.2 376
1717939948800 81.3 377
1717939958824 81.3 378
1717939968859 81.3 379
1717939978882 81.3 380
1717939988909 81.3 381
1717939998954 81.3 382
1717940008977 81.3 383
1717940019004 81.3 384
1717940029087 81.3 385
1717940039131 81.3 386
1717940049170 81.3 387
1717940059260 81.3 388
1717940069297 81.3 389
1717940079353 81.3 390
1717940089434 81.3 391
1717940099515 81.3 392
1717940109546 81.3 393
1717940119584 81.3 394
1717940129659 81.3 395
1717940139701 81.3 396
1717940149799 81.3 397
1717940159893 81.3 398
1717940169931 81.3 399
1717940179963 81.3 400
1717940190002 81.3 401
1717940200080 81.3 402
1717940210119 81.3 403
1717940220164 81.3 404
1717940230205 81.3 405
1717940240252 81.3 406
1717940250334 81.3 407
1717940260424 81.3 408
1717940270451 81.3 409
1717940280479 81.3 410
1717940290502 81.3 411
1717940300536 81.3 412
1717940310566 81.3 413
1717940320594 81.3 414
1717940330627 81.3 415
1717940340666 81.3 416
1717940350709 81.3 417
1717940360746 81.3 418
1717940370776 81.3 419
1717940380818 81.3 420
1717940390862 81.3 421
1717940400950 81.3 422
1717940410988 81.3 423
1717940421053 81.3 424
1717940431095 81.3 425
1717940441135 81.3 426
1717940451178 81.3 427
1717940461210 81.3 428
1717940471301 81.3 429
1717940481389 81.3 430
1717940491463 81.3 431
1717940501501 81.3 432
1717940511554 81.3 433
1717940521593 81.3 434
1717940531636 81.3 435
1717940541678 81.3 436
1717940551711 81.3 437
1717940561807 81.3 438
1717940571833 81.4 439
1717940581856 81.4 440
1717940591879 81.4 441
1717940601908 81.4 442
1717940611944 81.4 443
1717940621977 81.4 444
1717940632005 81.4 445
1717940642043 81.4 446
1717940652082 81.4 447
1717940662112 81.4 448
1717940672143 81.4 449
1717940682241 81.4 450
1717940692281 81.4 451
1717940702323 81.4 452
1717940712422 81.4 453
1717940722465 81.4 454
1717940732505 81.4 455
1717940742554 81.4 456
1717940752608 81.4 457
1717940762662 81.4 458
1717940772707 81.4 459
1717940782750 81.4 460
1717940792782 81.4 461
1717940802872 81.4 462
1717940812916 81.4 463
1717940822953 81.4 464
1717940833001 81.4 465
1717940843059 81.4 466
1717940853111 81.4 467
1717940863202 81.4 468
1717940873227 81.5 469
1717940883253 81.5 470
1717940893285 81.5 471
1717940903317 81.5 472
1717940913356 81.5 473
1717940923387 81.5 474
1717940933426 81.5 475
1717940943472 81.5 476
1717940953529 81.5 477
1717940963570 81.5 478
1717940973613 81.5 479
1717940983659 81.5 480
1717940993690 81.5 481
1717941003778 81.5 482
1717941013836 81.5 483
1717941023872 81.5 484
1717941033914 81.5 485
1717941044028 81.5 486
1717941054071 81.5 487
1717941064111 81.5 488
1717941074209 81.5 489
1717941084241 81.5 490
1717941094342 81.5 491
1717941104384 81.5 492
1717941114431 81.5 493
1717941124474 81.5 494
1717941134525 81.5 495
1717941144569 81.5 496
1717941154675 81.5 497
1717941164774 81.5 498
1717941174807 81.6 499
1717941184839 81.6 500
1717941194870 81.6 501
1717941204901 81.6 502
1717941214940 81.6 503
1717941224971 81.6 504
1717941235009 81.6 505
1717941245038 81.6 506
1717941255084 81.6 507
1717941265119 81.6 508
1717941275156 81.6 509
1717941285199 81.6 510
1717941295291 81.6 511
1717941305379 81.6 512
1717941315431 81.6 513
1717941325475 81.6 514
1717941335517 81.6 515
1717941345559 81.6 516
1717941355660 81.6 517
1717941365757 81.6 518
1717941375793 81.6 519
1717941385887 81.6 520
1717941395975 81.6 521
1717941406012 81.6 522
1717941416045 81.6 523
1717941426091 81.6 524
1717941436121 81.6 525
1717941446158 81.6 526
1717941456244 81.6 527
1717941466282 81.6 528
1717941476313 81.7 529
1717941486346 81.7 530
1717941496381 81.7 531
1717941506413 81.7 532
1717941516451 81.7 533
1717941526483 81.7 534
1717941536514 81.7 535
1717941546566 81.7 536
1717941556612 81.7 537
1717941566647 81.7 538
1717941576740 81.7 539
1717941586783 81.7 540
1717941596861 81.7 541
1717941606942 81.7 542
1717941617042 81.7 543
1717941627161 81.7 544
1717941637192 81.7 545
1717941647237 81.7 546
1717941657286 81.7 547
1717941667330 81.7 548
1717941677374 81.7 549
1717941687429 81.7 550
1717941697475 81.7 551
1717941707513 81.7 552
1717941717549 81.7 553
1717941727583 81.7 554
1717941737622 81.7 555
1717941747670 81.7 556
1717941757712 81.7 557
1717941767767 81.7 558
1717941777821 81.7 559
1717941787857 81.7 560
1717941797903 81.8 561
1717941807934 81.8 562
1717941817961 81.8 563
1717941828004 81.8 564
1717941838046 81.8 565
1717941848085 81.8 566
1717941858144 81.8 567
1717941868195 81.8 568
1717941878240 81.8 569
1717941888292 81.8 570
1717941898526 81.8 571
1717941908558 81.8 572
1717941918607 81.8 573
1717941928658 81.8 574
1717941938704 81.8 575
1717941948750 81.8 576
1717941958798 81.8 577
1717941968848 81.8 578
1717941978948 81.8 579
1717941989000 81.8 580
1717941999050 81.8 581
1717942009098 81.8 582
1717942019151 81.8 583
1717942029197 81.8 584
1717942039244 81.8 585
1717942049285 81.8 586
1717942059338 81.8 587
1717942069384 81.8 588
1717942079422 81.8 589
1717942089471 81.8 590
