1717936166067 184604.6 0
1717936176084 184603.8 1
1717936186098 184603.8 2
1717936196109 184603.8 3
1717936206123 184603.8 4
1717936216136 184603.8 5
1717936226156 184603.8 6
1717936236172 184603.8 7
1717936246200 184603.8 8
1717936256223 184603.8 9
1717936266248 184603.7 10
1717936276268 184603.7 11
1717936286289 184603.7 12
1717936296335 184603.7 13
1717936306356 184603.7 14
1717936316371 184603.7 15
1717936326392 184603.7 16
1717936336407 184603.7 17
1717936346439 184603.7 18
1717936356461 184603.7 19
1717936366506 184603.7 20
1717936376535 184603.7 21
1717936386560 184603.7 22
1717936396584 184603.7 23
1717936406644 184603.7 24
1717936416658 184603.7 25
1717936426677 184603.7 26
1717936436690 184603.7 27
1717936446703 184603.7 28
1717936456721 184603.7 29
1717936466736 183799.2 30
1717936476750 183799.2 31
1717936486768 183799.2 32
1717936496784 183799.1 33
1717936506796 183799.1 34
1717936516809 183799.1 35
1717936526843 183799.1 36
1717936536857 183799.1 37
1717936546871 183799.1 38
1717936556891 183799.1 39
1717936566906 183799.1 40
1717936576932 183799.1 41
1717936586950 183799.1 42
1717936596968 183799.1 43
1717936606990 183799.1 44
1717936617008 183799.1 45
1717936627030 183799.1 46
1717936637078 183799.1 47
1717936647098 183799.1 48
1717936657123 183799.1 49
1717936667140 183799.1 50
1717936677156 183799.1 51
1717936687171 183799.1 52
1717936697192 183799.1 53
1717936707209 183799.1 54
1717936717224 183799.1 55
1717936727239 183799.1 56
1717936737254 183799.1 57
1717936747270 183799.1 58
1717936757286 182994.6 59
1717936767310 182994.6 60
1717936777333 182994.6 61
1717936787349 182994.6 62
1717936797365 182994.6 63
1717936807381 182994.6 64
1717936817394 182994.6 65
1717936827409 182994.6 66
1717936837423 182994.6 67
1717936847442 182994.6 68
1717936857460 182994.6 69
1717936867504 182994.6 70
1717936877536 182994.6 71
1717936887553 182994.6 72
1717936897568 182994.6 73
1717936907583 182994.6 74
1717936917598 182994.6 75
1717936927614 182994.6 76
1717936937634 182994.6 77
1717936947654 182994.6 78
1717936957669 182994.6 79
1717936967683 182994.6 80
1717936977698 182994.6 81
1717936987715 182994.6 82
1717936997729 182994.6 83
1717937007744 182994.6 84
1717937017766 182994.6 85
1717937027783 182994.6 86
1717937037798 182994.6 87
1717937047815 182994.6 88
1717937057831 182190.0 89
1717937067847 182190.0 90
1717937077863 182190.0 91
1717937087899 182190.0 92
1717937097916 182190.0 93
1717937107933 182190.0 94
1717937118014 182190.0 95
1717937128028 182190.0 96
1717937138049 182189.9 97
1717937148066 182189.9 98
1717937158083 182189.9 99
1717937168109 182189.9 100
1717937178169 182189.9 101
1717937188189 182189.9 102
1717937198241 182189.9 103
1717937208261 182189.9 104
1717937218287 182189.9 105
1717937228310 182189.9 106
1717937238326 182189.9 107
1717937248350 182189.9 108
1717937258419 182189.9 109
1717937268436 182189.9 110
1717937278509 182189.9 111
1717937288590 182189.9 112
1717937298654 182189.9 113
1717937308673 182189.9 114
1717937318742 182189.9 115
1717937328758 182189.9 116
1717937338829 182189.9 117
1717937348850 181385.3 118
1717937358870 181385.3 119
1717937368887 181385.3 120
1717937378904 181385.3 121
1717937388929 181385.3 122
1717937398949 181385.3 123
1717937408965 181385.3 124
1717937418986 181385.3 125
1717937429013 181385.3 126
1717937439031 181385.3 127
1717937449050 181385.3 128
1717937459068 181385.3 129
1717937469099 181385.3 130
1717937479118 181385.3 131
1717937489133 181374.2 132
1717937499155 181328.8 133
1717937509173 181369.9 134
1717937519192 181334.7 135
1717937529211 181390.9 136
1717937539232 181354.4 137
1717937549260 181356.1 138
1717937559282 181315.4 139
1717937569300 181287.8 140
1717937579376 181268.8 141
1717937589402 181268.9 142
1717937599456 181268.8 143
1717937609472 181268.0 144
1717937619488 181267.8 145
1717937629510 181266.3 146
1717937639578 181263.1 147
1717937649600 181263.1 148
1717937659617 180458.5 149
1717937669633 180457.4 150
1717937679653 180455.4 151
1717937689670 180457.9 152
1717937699691 180459.4 153
1717937709714 180459.4 154
1717937719730 180459.4 155
1717937729747 180459.4 156
1717937739779 180458.9 157
1717937749797 180457.6 158
1717937759821 180457.6 159
1717937769849 180457.3 160
1717937779939 180453.8 161
1717937789979 180453.8 162
1717937800011 180453.8 163
1717937810075 180453.6 164
1717937820099 180454.0 165
1717937830126 180454.0 166
1717937840159 180454.0 167
1717937850227 180454.0 168
1717937860253 180453.9 169
1717937870276 180453.9 170
1717937880299 180453.9 171
1717937890368 180453.6 172
1717937900399 180453.5 173
1717937910429 180453.5 174
1717937920475 180453.5 175
1717937930547 180453.5 176
1717937940575 180453.5 177
1717937950598 180453.5 178
1717937960622 180453.5 179
1717937970664 180453.5 180
1717937980693 180453.4 181
1717937990721 179648.7 182
1717938000739 179648.7 183
1717938010763 179648.7 184
1717938020785 179648.6 185
1717938030810 179648.7 186
1717938040839 179648.6 187
1717938050871 179648.6 188
1717938060953 179648.6 189
1717938071028 179648.6 190
1717938081066 179648.6 191
1717938091087 179648.6 192
1717938101170 179648.6 193
1717938111200 179648.6 194
1717938121267 179648.6 195
1717938131340 179648.6 196
1717938141362 179648.6 197
1717938151383 179648.6 198
1717938161410 179648.5 199
1717938171491 179648.3 200
1717938181514 179648.1 201
1717938191548 179648.2 202
1717938201577 179648.2 203
1717938211604 179648.1 204
1717938221624 179648.1 205
1717938231656 179648.1 206
1717938241731 179648.1 207
1717938251798 179648.1 208
1717938261867 179648.1 209
1717938271937 179648.1 210
1717938282010 179648.1 211
1717938292046 179648.1 212
1717938302069 179648.1 213
1717938312098 178843.5 214
1717938322121 178843.5 215
1717938332143 178843.5 216
1717938342169 178843.4 217
1717938352187 178843.4 218
1717938362205 178843.4 219
1717938372224 178843.4 220
1717938382245 178843.4 221
1717938392266 178843.4 222
1717938402348 178843.4 223
1717938412413 178843.4 224
1717938422434 178843.4 225
1717938432505 178843.4 226
1717938442579 178843.4 227
1717938452658 178843.3 228
1717938462723 178843.3 229
1717938472747 178843.3 230
1717938482767 178843.3 231
1717938492790 178843.3 232
1717938502828 178843.3 233
1717938512850 178843.3 234
1717938522948 178843.3 235
1717938532983 178843.3 236
1717938543049 178843.3 237
1717938553134 178843.3 238
1717938563175 178843.3 239
1717938573246 178843.3 240
1717938583268 178843.2 241
1717938593293 178843.3 242
1717938603320 178843.2 243
1717938613369 178842.8 244
1717938623407 178842.8 245
1717938633435 178038.2 246
1717938643457 178038.2 247
1717938653481 178038.2 248
1717938663504 178038.2 249
1717938673543 178038.1 250
1717938683566 178038.1 251
1717938693593 178038.1 252
1717938703619 178038.1 253
1717938713652 178038.1 254
1717938723681 178038.1 255
1717938733780 178038.1 256
1717938743807 178038.1 257
1717938753846 178038.1 258
1717938763918 178038.1 259
1717938773965 178038.1 260
1717938784039 178038.1 261
1717938794070 178038.1 262
1717938804112 178038.1 263
1717938814138 178038.1 264
1717938824168 178038.1 265
1717938834201 178038.1 266
1717938844237 178038.1 267
1717938854264 178040.5 268
1717938864287 178039.5 269
1717938874318 178039.4 270
1717938884339 178039.4 271
1717938894376 178039.4 272
1717938904408 178039.4 273
1717938914431 178039.4 274
1717938924473 178039.3 275
1717938934507 178039.3 276
1717938944550 178039.3 277
1717938954587 178039.4 278
1717938964612 177234.7 279
1717938974642 177234.7 280
1717938984675 177234.7 281
1717938994711 177234.7 282
1717939004734 177234.7 283
1717939014764 177234.7 284
1717939024790 177234.7 285
1717939034818 177234.7 286
1717939044855 177234.7 287
1717939054887 177234.7 288
1717939064920 177234.7 289
1717939075009 177234.7 290
1717939085046 177233.3 291
1717939095083 177233.4 292
1717939105112 177233.4 293
1717939115146 177232.6 294
1717939125206 177229.8 295
1717939135279 177229.9 296
1717939145304 177229.9 297
1717939155387 177229.4 298
1717939165427 177228.8 299
1717939175467 177228.8 300
1717939185491 177228.8 301
1717939195522 177228.8 302
1717939205556 177228.9 303
1717939215582 177228.8 304
1717939225671 177228.8 305
1717939235701 177228.9 306
1717939245777 177228.1 307
1717939255869 177225.8 308
1717939265957 177227.3 309
1717939275987 177226.6 310
1717939286013 176421.7 311
1717939296042 176421.5 312
1717939306066 176421.4 313
1717939316103 176421.4 314
1717939326130 176418.1 315
1717939336158 176415.2 316
1717939346182 176418.1 317
1717939356207 176417.6 318
1717939366233 176417.6 319
1717939376331 176417.6 320
1717939386366 176417.6 321
1717939396400 176417.4 322
1717939406473 176417.1 323
1717939416545 176416.4 324
1717939426568 176416.4 325
1717939436660 176416.3 326
1717939446754 176416.3 327
1717939456779 176416.3 328
1717939466802 176415.7 329
1717939476833 176419.0 330
1717939486910 176419.0 331
1717939496938 176418.8 332
1717939506975 176418.8 333
1717939517011 176418.8 334
1717939527050 176418.8 335
1717939537083 176418.8 336
1717939547112 176418.8 337
1717939557189 176418.6 338
1717939567225 176418.7 339
1717939577270 176418.7 340
1717939587349 176418.6 341
1717939597405 176418.6 342
1717939607436 176418.5 343
1717939617465 175613.8 344
1717939627491 175612.3 345
1717939637528 175610.9 346
1717939647550 175611.0 347
1717939657574 175611.0 348
1717939667606 175611.0 349
1717939677631 175611.0 350
1717939687707 175611.0 351
1717939697731 175611.0 352
1717939707765 175610.9 353
1717939717790 175610.9 354
1717939727821 175610.9 355
1717939737862 175610.1 356
1717939747893 175610.0 357
1717939757924 175609.9 358
1717939767953 175609.4 359
1717939777988 175609.7 360
1717939788072 175609.7 361
1717939798106 175609.7 362
1717939808142 175609.7 363
1717939818213 175609.7 364
1717939828308 175609.7 365
1717939838350 175609.6 366
1717939848393 175609.1 367
1717939858427 175609.2 368
1717939868460 175609.2 369
1717939878493 175609.1 370
1717939888533 175609.1 371
1717939898574 175608.9 372
1717939908622 175608.7 373
1717939918659 175608.1 374
1717939928743 175607.5 375
1717939938771 175607.5 376
1717939948800 174802.9 377
1717939958824 174802.6 378
1717939968859 174802.6 379
1717939978882 174802.6 380
1717939988909 174802.6 381
1717939998954 174802.6 382
1717940008977 174802.6 383
1717940019004 174802.6 384
1717940029087 174802.6 385
1717940039131 174802.3 386
1717940049170 174802.3 387
1717940059260 174802.3 388
1717940069297 174801.2 389
1717940079353 174817.1 390
1717940089434 174816.6 391
1717940099515 174816.6 392
1717940109546 174815.5 393
1717940119584 174815.5 394
1717940129659 174815.5 395
1717940139701 174815.5 396
1717940149799 174815.5 397
1717940159893 174815.6 398
1717940169931 174816.5 399
1717940179963 174815.5 400
1717940190002 174837.3 401
1717940200080 174834.8 402
1717940210119 174835.0 403
1717940220164 174835.0 404
1717940230205 174834.6 405
1717940240252 174834.6 406
1717940250334 174838.9 407
1717940260424 174837.0 408
1717940270451 174032.4 409
1717940280479 174032.4 410
1717940290502 174032.4 411
1717940300536 174032.4 412
1717940310566 174032.3 413
1717940320594 174032.4 414
1717940330627 174032.4 415
1717940340666 174032.4 416
1717940350709 174032.4 417
1717940360746 174032.3 418
1717940370776 174032.3 419
1717940380818 174032.3 420
1717940390862 174032.4 421
1717940400950 174032.3 422
1717940410988 174032.3 423
1717940421053 174032.3 424
1717940431095 174032.3 425
1717940441135 174032.3 426
1717940451178 174032.3 427
1717940461210 174032.4 428
1717940471301 174032.3 429
1717940481389 174032.3 430
1717940491463 174032.3 431
1717940501501 174032.3 432
1717940511554 174032.3 433
1717940521593 174032.3 434
1717940531636 174032.3 435
1717940541678 174032.3 436
1717940551711 174032.3 437
1717940561807 174032.3 438
1717940571833 173227.6 439
1717940581856 173227.6 440
1717940591879 173227.6 441
1717940601908 173227.6 442
1717940611944 173227.6 443
1717940621977 173227.6 444
1717940632005 173227.6 445
1717940642043 173227.6 446
1717940652082 173227.6 447
1717940662112 173227.6 448
1717940672143 173227.6 449
1717940682241 173227.6 450
1717940692281 173227.6 451
1717940702323 173227.6 452
1717940712422 173227.6 453
1717940722465 173227.6 454
1717940732505 173227.6 455
1717940742554 173227.6 456
1717940752608 173227.6 457
1717940762662 173227.6 458
1717940772707 173227.6 459
1717940782750 173227.6 460
1717940792782 173227.6 461
1717940802872 173227.6 462
1717940812916 173227.4 463
1717940822953 173227.4 464
1717940833001 173227.4 465
1717940843059 173227.4 466
1717940853111 173227.4 467
1717940863202 173227.4 468
1717940873227 172422.7 469
1717940883253 172422.7 470
1717940893285 172422.7 471
1717940903317 172422.7 472
1717940913356 172422.7 473
1717940923387 172422.7 474
1717940933426 172422.7 475
1717940943472 172422.7 476
1717940953529 172422.7 477
1717940963570 172422.7 478
1717940973613 172422.7 479
1717940983659 172422.7 480
1717940993690 172422.7 481
1717941003778 172422.7 482
1717941013836 172422.7 483
1717941023872 172422.7 484
1717941033914 172422.7 485
1717941044028 172422.7 486
1717941054071 172422.7 487
1717941064111 172422.7 488
1717941074209 172422.7 489
1717941084241 172422.7 490
1717941094342 172422.7 491
1717941104384 172422.7 492
1717941114431 172422.4 493
1717941124474 172426.2 494
1717941134525 172426.2 495
1717941144569 172426.2 496
1717941154675 172426.2 497
1717941164774 172426.2 498
1717941174807 171621.5 499
1717941184839 171607.8 500
1717941194870 171607.8 501
1717941204901 171607.7 502
1717941214940 171607.7 503
1717941224971 171607.7 504
1717941235009 171607.7 505
1717941245038 171607.7 506
1717941255084 171607.7 507
1717941265119 171607.7 508
1717941275156 171607.7 509
1717941285199 171607.7 510
1717941295291 171607.7 511
1717941305379 171607.7 512
1717941315431 171607.7 513
1717941325475 171607.7 514
1717941335517 171607.7 515
1717941345559 171607.7 516
1717941355660 171607.7 517
1717941365757 171607.7 518
1717941375793 171607.7 519
1717941385887 171607.7 520
1717941395975 171607.7 521
1717941406012 171607.7 522
1717941416045 171607.7 523
1717941426091 171607.3 524
1717941436121 171607.0 525
1717941446158 171607.0 526
1717941456244 171607.0 527
1717941466282 171607.0 528
1717941476313 170801.9 529
1717941486346 170802.0 530
1717941496381 170801.9 531
1717941506413 170802.0 532
1717941516451 170801.6 533
1717941526483 170801.7 534
1717941536514 170818.0 535
1717941546566 170815.3 536
1717941556612 170814.4 537
1717941566647 170811.8 538
1717941576740 170801.1 539
1717941586783 170815.4 540
1717941596861 170811.1 541
1717941606942 170806.8 542
1717941617042 170802.5 543
1717941627161 170798.2 544
1717941637192 170812.9 545
1717941647237 170808.5 546
1717941657286 170804.2 547
1717941667330 170812.5 548
1717941677374 170808.3 549
1717941687429 170804.4 550
1717941697475 170814.0 551
1717941707513 170809.7 552
1717941717549 170805.5 553
1717941727583 170801.1 554
1717941737622 170814.2 555
1717941747670 170809.9 556
1717941757712 170805.5 557
1717941767767 170801.1 558
1717941777821 170814.3 559
1717941787857 170810.0 560
1717941797903 170001.1 561
1717941807934 169996.8 562
1717941817961 170010.0 563
1717941828004 170005.6 564
1717941838046 170001.3 565
1717941848085 169997.0 566
1717941858144 170010.5 567
1717941868195 170006.2 568
1717941878240 170001.9 569
1717941888292 169997.6 570
1717941898526 170011.7 571
1717941908558 170007.3 572
1717941918607 170003.2 573
1717941928658 169999.0 574
1717941938704 169999.0 575
1717941948750 169999.0 576
1717941958798 169999.0 577
1717941968848 169999.0 578
1717941978948 169998.5 579
1717941989000 169998.3 580
1717941999050 169998.3 581
1717942009098 169998.3 582
1717942019151 169998.3 583
1717942029197 169998.4 584
1717942039244 169998.4 585
1717942049285 169998.4 586
1717942059338 169998.4 587
1717942069384 169998.4 588
1717942079422 169998.4 589
1717942089471 169998.4 590
