1717936166067 1.0 0
1717936176084 96.0 1
1717936186098 95.0 2
1717936196109 95.0 3
1717936206123 94.0 4
1717936216136 96.0 5
1717936226156 96.0 6
1717936236172 96.0 7
1717936246200 96.0 8
1717936256223 95.0 9
1717936266248 96.0 10
1717936276268 95.0 11
1717936286289 95.0 12
1717936296335 96.0 13
1717936306356 96.0 14
1717936316371 94.0 15
1717936326392 95.0 16
1717936336407 95.0 17
1717936346439 94.0 18
1717936356461 86.0 19
1717936366506 94.0 20
1717936376535 95.0 21
1717936386560 95.0 22
1717936396584 96.0 23
1717936406644 96.0 24
1717936416658 95.0 25
1717936426677 96.0 26
1717936436690 94.0 27
1717936446703 96.0 28
1717936456721 87.0 29
1717936466736 95.0 30
1717936476750 94.0 31
1717936486768 94.0 32
1717936496784 94.0 33
1717936506796 95.0 34
1717936516809 95.0 35
1717936526843 95.0 36
1717936536857 96.0 37
1717936546871 96.0 38
1717936556891 87.0 39
1717936566906 94.0 40
1717936576932 95.0 41
1717936586950 95.0 42
1717936596968 95.0 43
1717936606990 94.0 44
1717936617008 96.0 45
1717936627030 95.0 46
1717936637078 94.0 47
1717936647098 96.0 48
1717936657123 94.0 49
1717936667140 95.0 50
1717936677156 95.0 51
1717936687171 96.0 52
1717936697192 96.0 53
1717936707209 96.0 54
1717936717224 95.0 55
1717936727239 94.0 56
1717936737254 95.0 57
1717936747270 95.0 58
1717936757286 94.0 59
1717936767310 93.0 60
1717936777333 95.0 61
1717936787349 96.0 62
1717936797365 96.0 63
1717936807381 96.0 64
1717936817394 96.0 65
1717936827409 95.0 66
1717936837423 95.0 67
1717936847442 96.0 68
1717936857460 96.0 69
1717936867504 96.0 70
1717936877536 94.0 71
1717936887553 95.0 72
1717936897568 95.0 73
1717936907583 96.0 74
1717936917598 96.0 75
1717936927614 95.0 76
1717936937634 95.0 77
1717936947654 87.0 78
1717936957669 95.0 79
1717936967683 95.0 80
1717936977698 95.0 81
1717936987715 96.0 82
1717936997729 95.0 83
1717937007744 94.0 84
1717937017766 94.0 85
1717937027783 95.0 86
1717937037798 95.0 87
1717937047815 87.0 88
1717937057831 94.0 89
1717937067847 94.0 90
1717937077863 94.0 91
1717937087899 95.0 92
1717937097916 95.0 93
1717937107933 96.0 94
1717937118014 94.0 95
1717937128028 95.0 96
1717937138049 95.0 97
1717937148066 86.0 98
1717937158083 95.0 99
1717937168109 96.0 100
1717937178169 96.0 101
1717937188189 95.0 102
1717937198241 95.0 103
1717937208261 95.0 104
1717937218287 95.0 105
1717937228310 96.0 106
1717937238326 96.0 107
1717937248350 95.0 108
1717937258419 96.0 109
1717937268436 96.0 110
1717937278509 96.0 111
1717937288590 96.0 112
1717937298654 95.0 113
1717937308673 96.0 114
1717937318742 95.0 115
1717937328758 95.0 116
1717937338829 87.0 117
1717937348850 96.0 118
1717937358870 95.0 119
1717937368887 94.0 120
1717937378904 96.0 121
1717937388929 94.0 122
1717937398949 96.0 123
1717937408965 93.0 124
1717937418986 95.0 125
1717937429013 96.0 126
1717937439031 87.0 127
1717937449050 95.0 128
1717937459068 96.0 129
1717937469099 96.0 130
1717937479118 95.0 131
1717937489133 91.0 132
1717937499155 94.0 133
1717937509173 92.0 134
1717937519192 94.0 135
1717937529211 95.0 136
1717937539232 87.0 137
1717937549260 95.0 138
1717937559282 94.0 139
1717937569300 94.0 140
1717937579376 94.0 141
1717937589402 92.0 142
1717937599456 92.0 143
1717937609472 94.0 144
1717937619488 95.0 145
1717937629510 96.0 146
1717937639578 96.0 147
1717937649600 86.0 148
1717937659617 95.0 149
1717937669633 91.0 150
1717937679653 95.0 151
1717937689670 92.0 152
1717937699691 95.0 153
1717937709714 96.0 154
1717937719730 95.0 155
1717937729747 94.0 156
1717937739779 96.0 157
1717937749797 93.0 158
1717937759821 87.0 159
1717937769849 95.0 160
1717937779939 95.0 161
1717937789979 94.0 162
1717937800011 93.0 163
1717937810075 94.0 164
1717937820099 95.0 165
1717937830126 94.0 166
1717937840159 94.0 167
1717937850227 94.0 168
1717937860253 92.0 169
1717937870276 87.0 170
1717937880299 95.0 171
1717937890368 95.0 172
1717937900399 94.0 173
1717937910429 94.0 174
1717937920475 94.0 175
1717937930547 95.0 176
1717937940575 94.0 177
1717937950598 93.0 178
1717937960622 94.0 179
1717937970664 95.0 180
1717937980693 85.0 181
1717937990721 95.0 182
1717938000739 94.0 183
1717938010763 95.0 184
1717938020785 95.0 185
1717938030810 94.0 186
1717938040839 93.0 187
1717938050871 94.0 188
1717938060953 92.0 189
1717938071028 97.0 190
1717938081066 95.0 191
1717938091087 88.0 192
1717938101170 95.0 193
1717938111200 93.0 194
1717938121267 95.0 195
1717938131340 95.0 196
1717938141362 94.0 197
1717938151383 95.0 198
1717938161410 96.0 199
1717938171491 94.0 200
1717938181514 95.0 201
1717938191548 94.0 202
1717938201577 95.0 203
1717938211604 95.0 204
1717938221624 95.0 205
1717938231656 94.0 206
1717938241731 95.0 207
1717938251798 93.0 208
1717938261867 94.0 209
1717938271937 94.0 210
1717938282010 95.0 211
1717938292046 93.0 212
1717938302069 94.0 213
1717938312098 95.0 214
1717938322121 95.0 215
1717938332143 94.0 216
1717938342169 95.0 217
1717938352187 93.0 218
1717938362205 94.0 219
1717938372224 93.0 220
1717938382245 95.0 221
1717938392266 93.0 222
1717938402348 95.0 223
1717938412413 86.0 224
1717938422434 95.0 225
1717938432505 94.0 226
1717938442579 95.0 227
1717938452658 95.0 228
1717938462723 95.0 229
1717938472747 96.0 230
1717938482767 94.0 231
1717938492790 95.0 232
1717938502828 95.0 233
1717938512850 88.0 234
1717938522948 93.0 235
1717938532983 94.0 236
1717938543049 94.0 237
1717938553134 94.0 238
1717938563175 94.0 239
1717938573246 94.0 240
1717938583268 94.0 241
1717938593293 94.0 242
1717938603320 92.0 243
1717938613369 95.0 244
1717938623407 87.0 245
1717938633435 94.0 246
1717938643457 95.0 247
1717938653481 94.0 248
1717938663504 95.0 249
1717938673543 95.0 250
1717938683566 95.0 251
1717938693593 94.0 252
1717938703619 95.0 253
1717938713652 95.0 254
1717938723681 95.0 255
1717938733780 88.0 256
1717938743807 95.0 257
1717938753846 95.0 258
1717938763918 95.0 259
1717938773965 94.0 260
1717938784039 94.0 261
1717938794070 94.0 262
1717938804112 95.0 263
1717938814138 95.0 264
1717938824168 94.0 265
1717938834201 95.0 266
1717938844237 86.0 267
1717938854264 94.0 268
1717938864287 94.0 269
1717938874318 95.0 270
1717938884339 95.0 271
1717938894376 93.0 272
1717938904408 94.0 273
1717938914431 94.0 274
1717938924473 94.0 275
1717938934507 94.0 276
1717938944550 93.0 277
1717938954587 87.0 278
1717938964612 92.0 279
1717938974642 94.0 280
1717938984675 94.0 281
1717938994711 94.0 282
1717939004734 92.0 283
1717939014764 93.0 284
1717939024790 94.0 285
1717939034818 95.0 286
1717939044855 94.0 287
1717939054887 94.0 288
1717939064920 87.0 289
1717939075009 93.0 290
1717939085046 95.0 291
1717939095083 94.0 292
1717939105112 95.0 293
1717939115146 94.0 294
1717939125206 95.0 295
1717939135279 92.0 296
1717939145304 95.0 297
1717939155387 93.0 298
1717939165427 94.0 299
1717939175467 85.0 300
1717939185491 95.0 301
1717939195522 95.0 302
1717939205556 94.0 303
1717939215582 95.0 304
1717939225671 95.0 305
1717939235701 96.0 306
1717939245777 94.0 307
1717939255869 94.0 308
1717939265957 94.0 309
1717939275987 87.0 310
1717939286013 96.0 311
1717939296042 95.0 312
1717939306066 94.0 313
1717939316103 94.0 314
1717939326130 95.0 315
1717939336158 95.0 316
1717939346182 94.0 317
1717939356207 95.0 318
1717939366233 95.0 319
1717939376331 95.0 320
1717939386366 87.0 321
1717939396400 95.0 322
1717939406473 94.0 323
1717939416545 96.0 324
1717939426568 95.0 325
1717939436660 95.0 326
1717939446754 95.0 327
1717939456779 95.0 328
1717939466802 94.0 329
1717939476833 95.0 330
1717939486910 94.0 331
1717939496938 85.0 332
1717939506975 94.0 333
1717939517011 94.0 334
1717939527050 94.0 335
1717939537083 92.0 336
1717939547112 93.0 337
1717939557189 95.0 338
1717939567225 95.0 339
1717939577270 96.0 340
1717939587349 95.0 341
1717939597405 95.0 342
1717939607436 88.0 343
1717939617465 95.0 344
1717939627491 95.0 345
1717939637528 95.0 346
1717939647550 95.0 347
1717939657574 94.0 348
1717939667606 95.0 349
1717939677631 96.0 350
1717939687707 94.0 351
1717939697731 94.0 352
1717939707765 94.0 353
1717939717790 87.0 354
1717939727821 97.0 355
1717939737862 95.0 356
1717939747893 94.0 357
1717939757924 95.0 358
1717939767953 95.0 359
1717939777988 95.0 360
1717939788072 94.0 361
1717939798106 94.0 362
1717939808142 94.0 363
1717939818213 95.0 364
1717939828308 86.0 365
1717939838350 97.0 366
1717939848393 95.0 367
1717939858427 97.0 368
1717939868460 94.0 369
1717939878493 92.0 370
1717939888533 96.0 371
1717939898574 95.0 372
1717939908622 96.0 373
1717939918659 95.0 374
1717939928743 96.0 375
1717939938771 86.0 376
1717939948800 95.0 377
1717939958824 95.0 378
1717939968859 94.0 379
1717939978882 94.0 380
1717939988909 94.0 381
1717939998954 94.0 382
1717940008977 95.0 383
1717940019004 94.0 384
1717940029087 95.0 385
1717940039131 95.0 386
1717940049170 89.0 387
1717940059260 95.0 388
1717940069297 94.0 389
1717940079353 95.0 390
1717940089434 94.0 391
1717940099515 94.0 392
1717940109546 95.0 393
1717940119584 94.0 394
1717940129659 93.0 395
1717940139701 95.0 396
1717940149799 95.0 397
1717940159893 84.0 398
1717940169931 95.0 399
1717940179963 94.0 400
1717940190002 93.0 401
1717940200080 93.0 402
1717940210119 95.0 403
1717940220164 94.0 404
1717940230205 95.0 405
1717940240252 93.0 406
1717940250334 94.0 407
1717940260424 87.0 408
1717940270451 95.0 409
1717940280479 94.0 410
1717940290502 95.0 411
1717940300536 95.0 412
1717940310566 92.0 413
1717940320594 93.0 414
1717940330627 95.0 415
1717940340666 95.0 416
1717940350709 94.0 417
1717940360746 87.0 418
1717940370776 95.0 419
1717940380818 94.0 420
1717940390862 94.0 421
1717940400950 96.0 422
1717940410988 95.0 423
1717940421053 95.0 424
1717940431095 94.0 425
1717940441135 94.0 426
1717940451178 93.0 427
1717940461210 86.0 428
1717940471301 95.0 429
1717940481389 95.0 430
1717940491463 95.0 431
1717940501501 95.0 432
1717940511554 95.0 433
1717940521593 93.0 434
1717940531636 95.0 435
1717940541678 95.0 436
1717940551711 95.0 437
1717940561807 86.0 438
1717940571833 95.0 439
1717940581856 96.0 440
1717940591879 95.0 441
1717940601908 95.0 442
1717940611944 95.0 443
1717940621977 95.0 444
1717940632005 95.0 445
1717940642043 92.0 446
1717940652082 95.0 447
1717940662112 86.0 448
1717940672143 96.0 449
1717940682241 95.0 450
1717940692281 95.0 451
1717940702323 96.0 452
1717940712422 96.0 453
1717940722465 95.0 454
1717940732505 94.0 455
1717940742554 95.0 456
1717940752608 95.0 457
1717940762662 87.0 458
1717940772707 95.0 459
1717940782750 96.0 460
1717940792782 95.0 461
1717940802872 96.0 462
1717940812916 94.0 463
1717940822953 94.0 464
1717940833001 95.0 465
1717940843059 94.0 466
1717940853111 95.0 467
1717940863202 87.0 468
1717940873227 95.0 469
1717940883253 94.0 470
1717940893285 95.0 471
1717940903317 94.0 472
1717940913356 93.0 473
1717940923387 95.0 474
1717940933426 94.0 475
1717940943472 95.0 476
1717940953529 96.0 477
1717940963570 83.0 478
1717940973613 95.0 479
1717940983659 95.0 480
1717940993690 95.0 481
1717941003778 95.0 482
1717941013836 95.0 483
1717941023872 95.0 484
1717941033914 95.0 485
1717941044028 96.0 486
1717941054071 95.0 487
1717941064111 86.0 488
1717941074209 95.0 489
1717941084241 95.0 490
1717941094342 95.0 491
1717941104384 95.0 492
1717941114431 95.0 493
1717941124474 95.0 494
1717941134525 96.0 495
1717941144569 96.0 496
1717941154675 96.0 497
1717941164774 86.0 498
1717941174807 95.0 499
1717941184839 95.0 500
1717941194870 95.0 501
1717941204901 94.0 502
1717941214940 95.0 503
1717941224971 95.0 504
1717941235009 95.0 505
1717941245038 95.0 506
1717941255084 94.0 507
1717941265119 86.0 508
1717941275156 96.0 509
1717941285199 96.0 510
1717941295291 95.0 511
1717941305379 96.0 512
1717941315431 96.0 513
1717941325475 95.0 514
1717941335517 95.0 515
1717941345559 95.0 516
1717941355660 95.0 517
1717941365757 86.0 518
1717941375793 94.0 519
1717941385887 94.0 520
1717941395975 94.0 521
1717941406012 94.0 522
1717941416045 95.0 523
1717941426091 95.0 524
1717941436121 95.0 525
1717941446158 95.0 526
1717941456244 95.0 527
1717941466282 86.0 528
1717941476313 95.0 529
1717941486346 95.0 530
1717941496381 95.0 531
1717941506413 95.0 532
1717941516451 95.0 533
1717941526483 95.0 534
1717941536514 94.0 535
1717941546566 94.0 536
1717941556612 95.0 537
1717941566647 87.0 538
1717941576740 95.0 539
1717941586783 96.0 540
1717941596861 94.0 541
1717941606942 95.0 542
1717941617042 94.0 543
1717941627161 94.0 544
1717941637192 95.0 545
1717941647237 95.0 546
1717941657286 94.0 547
1717941667330 93.0 548
1717941677374 87.0 549
1717941687429 94.0 550
1717941697475 94.0 551
1717941707513 95.0 552
1717941717549 95.0 553
1717941727583 94.0 554
1717941737622 93.0 555
1717941747670 94.0 556
1717941757712 94.0 557
1717941767767 95.0 558
1717941777821 93.0 559
1717941787857 86.0 560
1717941797903 94.0 561
1717941807934 95.0 562
1717941817961 95.0 563
1717941828004 94.0 564
1717941838046 94.0 565
1717941848085 94.0 566
1717941858144 95.0 567
1717941868195 94.0 568
1717941878240 94.0 569
1717941888292 95.0 570
1717941898526 94.0 571
1717941908558 67.0 572
1717941918607 95.0 573
1717941928658 96.0 574
1717941938704 95.0 575
1717941948750 96.0 576
1717941958798 93.0 577
1717941968848 96.0 578
1717941978948 96.0 579
1717941989000 96.0 580
1717941999050 87.0 581
1717942009098 96.0 582
1717942019151 96.0 583
1717942029197 96.0 584
1717942039244 95.0 585
1717942049285 95.0 586
1717942059338 95.0 587
1717942069384 95.0 588
1717942079422 96.0 589
1717942089471 96.0 590
