1717936166067 1152.3 0
1717936176084 4637.7 1
1717936186098 4637.7 2
1717936196109 4637.7 3
1717936206123 4637.7 4
1717936216136 4637.7 5
1717936226156 4637.7 6
1717936236172 4637.7 7
1717936246200 4637.7 8
1717936256223 4635.6 9
1717936266248 4635.6 10
1717936276268 4635.6 11
1717936286289 4635.6 12
1717936296335 4635.6 13
1717936306356 4635.6 14
1717936316371 4635.6 15
1717936326392 4635.6 16
1717936336407 4635.6 17
1717936346439 4635.6 18
1717936356461 4635.6 19
1717936366506 4635.6 20
1717936376535 4635.6 21
1717936386560 4635.6 22
1717936396584 4635.6 23
1717936406644 4635.6 24
1717936416658 4635.6 25
1717936426677 4635.6 26
1717936436690 4635.6 27
1717936446703 4635.6 28
1717936456721 4635.6 29
1717936466736 4635.6 30
1717936476750 4635.6 31
1717936486768 4635.6 32
1717936496784 4635.6 33
1717936506796 4635.6 34
1717936516809 4635.6 35
1717936526843 4635.6 36
1717936536857 4635.6 37
1717936546871 4635.6 38
1717936556891 4635.6 39
1717936566906 4635.6 40
1717936576932 4635.6 41
1717936586950 4635.6 42
1717936596968 4635.6 43
1717936606990 4635.6 44
1717936617008 4635.6 45
1717936627030 4635.6 46
1717936637078 4635.6 47
1717936647098 4635.6 48
1717936657123 4635.6 49
1717936667140 4635.6 50
1717936677156 4635.6 51
1717936687171 4635.6 52
1717936697192 4635.6 53
1717936707209 4635.6 54
1717936717224 4635.6 55
1717936727239 4635.6 56
1717936737254 4635.6 57
1717936747270 4635.6 58
1717936757286 4635.6 59
1717936767310 4635.6 60
1717936777333 4635.6 61
1717936787349 4635.6 62
1717936797365 4635.6 63
1717936807381 4635.6 64
1717936817394 4635.6 65
1717936827409 4635.6 66
1717936837423 4635.6 67
1717936847442 4635.6 68
1717936857460 4635.6 69
1717936867504 4635.6 70
1717936877536 4635.6 71
1717936887553 4635.6 72
1717936897568 4635.6 73
1717936907583 4635.6 74
1717936917598 4635.6 75
1717936927614 4635.6 76
1717936937634 4635.6 77
1717936947654 4635.6 78
1717936957669 4635.6 79
1717936967683 4635.6 80
1717936977698 4635.6 81
1717936987715 4635.6 82
1717936997729 4635.6 83
1717937007744 4635.6 84
1717937017766 4635.6 85
1717937027783 4635.6 86
1717937037798 4635.6 87
1717937047815 4635.6 88
1717937057831 4635.6 89
1717937067847 4635.6 90
1717937077863 4635.6 91
1717937087899 4635.6 92
1717937097916 4635.6 93
1717937107933 4635.6 94
1717937118014 4635.6 95
1717937128028 4635.6 96
1717937138049 4635.6 97
1717937148066 4635.6 98
1717937158083 4635.6 99
1717937168109 4635.6 100
1717937178169 4635.6 101
1717937188189 4635.6 102
1717937198241 4635.6 103
1717937208261 4635.6 104
1717937218287 4635.6 105
1717937228310 4635.6 106
1717937238326 4635.6 107
1717937248350 4635.6 108
1717937258419 4635.6 109
1717937268436 4635.6 110
1717937278509 4635.6 111
1717937288590 4635.6 112
1717937298654 4635.6 113
1717937308673 4635.6 114
1717937318742 4635.6 115
1717937328758 4635.6 116
1717937338829 4635.6 117
1717937348850 4635.6 118
1717937358870 4635.6 119
1717937368887 4635.6 120
1717937378904 4635.6 121
1717937388929 4635.6 122
1717937398949 4635.6 123
1717937408965 4635.6 124
1717937418986 4635.6 125
1717937429013 4635.6 126
1717937439031 4635.6 127
1717937449050 4635.6 128
1717937459068 4635.6 129
1717937469099 4934.3 130
1717937479118 4872.5 131
1717937489133 4970.6 132
1717937499155 4959.2 133
1717937509173 4942.8 134
1717937519192 5115.4 135
1717937529211 5041.0 136
1717937539232 5058.3 137
1717937549260 5071.8 138
1717937559282 5135.5 139
1717937569300 5303.7 140
1717937579376 5309.5 141
1717937589402 5304.7 142
1717937599456 5290.1 143
1717937609472 5337.6 144
1717937619488 5295.6 145
1717937629510 5390.0 146
1717937639578 5252.9 147
1717937649600 5237.4 148
1717937659617 5215.9 149
1717937669633 5312.7 150
1717937679653 5423.7 151
1717937689670 5448.3 152
1717937699691 5374.5 153
1717937709714 5250.5 154
1717937719730 5290.8 155
1717937729747 5339.9 156
1717937739779 5444.7 157
1717937749797 5315.0 158
1717937759821 5318.5 159
1717937769849 5257.7 160
1717937779939 5326.2 161
1717937789979 5315.6 162
1717937800011 5284.0 163
1717937810075 5329.0 164
1717937820099 5279.3 165
1717937830126 5287.1 166
1717937840159 5319.2 167
1717937850227 5291.2 168
1717937860253 5327.2 169
1717937870276 5344.0 170
1717937880299 5324.7 171
1717937890368 5295.8 172
1717937900399 5295.8 173
1717937910429 5327.1 174
1717937920475 5325.0 175
1717937930547 5318.4 176
1717937940575 5289.2 177
1717937950598 5320.1 178
1717937960622 5329.2 179
1717937970664 5316.3 180
1717937980693 5302.1 181
1717937990721 5296.8 182
1717938000739 5263.5 183
1717938010763 5265.6 184
1717938020785 5257.3 185
1717938030810 5262.8 186
1717938040839 5288.3 187
1717938050871 5325.7 188
1717938060953 5321.8 189
1717938071028 5227.2 190
1717938081066 5226.4 191
1717938091087 5105.9 192
1717938101170 5086.0 193
1717938111200 5086.0 194
1717938121267 5091.4 195
1717938131340 5109.8 196
1717938141362 5085.8 197
1717938151383 5130.7 198
1717938161410 5330.2 199
1717938171491 5340.2 200
1717938181514 5252.1 201
1717938191548 5250.0 202
1717938201577 5307.8 203
1717938211604 5352.0 204
1717938221624 5356.3 205
1717938231656 5267.8 206
1717938241731 5258.1 207
1717938251798 5264.2 208
1717938261867 5257.1 209
1717938271937 5253.7 210
1717938282010 5245.0 211
1717938292046 5256.0 212
1717938302069 5258.5 213
1717938312098 5271.0 214
1717938322121 5251.4 215
1717938332143 5271.3 216
1717938342169 5271.0 217
1717938352187 5271.3 218
1717938362205 5260.1 219
1717938372224 5271.3 220
1717938382245 5271.3 221
1717938392266 5270.1 222
1717938402348 5267.0 223
1717938412413 5241.9 224
1717938422434 5220.2 225
1717938432505 5309.5 226
1717938442579 5218.8 227
1717938452658 5223.9 228
1717938462723 5230.3 229
1717938472747 5250.6 230
1717938482767 5319.0 231
1717938492790 5254.5 232
1717938502828 5469.3 233
1717938512850 5435.8 234
1717938522948 5427.6 235
1717938532983 5407.7 236
1717938543049 5427.4 237
1717938553134 5427.4 238
1717938563175 5460.8 239
1717938573246 5460.8 240
1717938583268 5460.8 241
1717938593293 5460.8 242
1717938603320 5547.8 243
1717938613369 5375.7 244
1717938623407 5351.3 245
1717938633435 5321.4 246
1717938643457 5318.9 247
1717938653481 5315.1 248
1717938663504 5345.8 249
1717938673543 5336.4 250
1717938683566 5235.0 251
1717938693593 5212.7 252
1717938703619 5212.3 253
1717938713652 5207.4 254
1717938723681 5204.5 255
1717938733780 5193.1 256
1717938743807 5195.5 257
1717938753846 5234.9 258
1717938763918 5274.1 259
1717938773965 5252.6 260
1717938784039 5239.4 261
1717938794070 5236.5 262
1717938804112 5286.9 263
1717938814138 5362.5 264
1717938824168 5276.7 265
1717938834201 5331.4 266
1717938844237 5340.7 267
1717938854264 5331.0 268
1717938864287 5302.6 269
1717938874318 5274.1 270
1717938884339 5262.7 271
1717938894376 5245.6 272
1717938904408 5251.1 273
1717938914431 5253.2 274
1717938924473 5252.9 275
1717938934507 5254.5 276
1717938944550 5254.5 277
1717938954587 5254.5 278
1717938964612 5254.5 279
1717938974642 5308.8 280
1717938984675 5304.5 281
1717938994711 5304.2 282
1717939004734 5343.0 283
1717939014764 5347.7 284
1717939024790 5338.7 285
1717939034818 5351.0 286
1717939044855 5372.5 287
1717939054887 5398.6 288
1717939064920 5370.6 289
1717939075009 5435.9 290
1717939085046 5400.6 291
1717939095083 5423.0 292
1717939105112 5464.5 293
1717939115146 5490.4 294
1717939125206 5529.4 295
1717939135279 5497.9 296
1717939145304 5497.3 297
1717939155387 5514.3 298
1717939165427 5525.0 299
1717939175467 5470.9 300
1717939185491 5451.7 301
1717939195522 5474.8 302
1717939205556 5460.0 303
1717939215582 5485.0 304
1717939225671 5560.3 305
1717939235701 5470.6 306
1717939245777 5517.5 307
1717939255869 5556.7 308
1717939265957 5503.5 309
1717939275987 5550.4 310
1717939286013 5392.4 311
1717939296042 5385.8 312
1717939306066 5371.9 313
1717939316103 5358.7 314
1717939326130 5380.8 315
1717939336158 5365.2 316
1717939346182 5389.5 317
1717939356207 5426.2 318
1717939366233 5362.0 319
1717939376331 5351.5 320
1717939386366 5377.6 321
1717939396400 5356.3 322
1717939406473 5424.0 323
1717939416545 5355.6 324
1717939426568 5414.1 325
1717939436660 5367.6 326
1717939446754 5374.3 327
1717939456779 5359.2 328
1717939466802 5367.5 329
1717939476833 5352.7 330
1717939486910 5371.6 331
1717939496938 5394.5 332
1717939506975 5373.2 333
1717939517011 5397.0 334
1717939527050 5353.0 335
1717939537083 5355.1 336
1717939547112 5337.3 337
1717939557189 5372.6 338
1717939567225 5355.5 339
1717939577270 5340.4 340
1717939587349 5229.6 341
1717939597405 5254.8 342
1717939607436 5271.1 343
1717939617465 5332.8 344
1717939627491 5434.2 345
1717939637528 5324.6 346
1717939647550 5343.7 347
1717939657574 5362.3 348
1717939667606 5344.1 349
1717939677631 5382.1 350
1717939687707 5347.4 351
1717939697731 5315.2 352
1717939707765 5319.4 353
1717939717790 5319.4 354
1717939727821 5439.4 355
1717939737862 5523.0 356
1717939747893 5432.7 357
1717939757924 5515.8 358
1717939767953 5575.9 359
1717939777988 5549.0 360
1717939788072 5475.1 361
1717939798106 5435.0 362
1717939808142 5459.6 363
1717939818213 5535.8 364
1717939828308 5462.2 365
1717939838350 5512.6 366
1717939848393 5448.1 367
1717939858427 5397.3 368
1717939868460 5436.5 369
1717939878493 5380.8 370
1717939888533 5443.3 371
1717939898574 5416.9 372
1717939908622 5439.4 373
1717939918659 5367.5 374
1717939928743 5447.9 375
1717939938771 5396.2 376
1717939948800 5345.5 377
1717939958824 5360.3 378
1717939968859 5333.5 379
1717939978882 5357.6 380
1717939988909 5349.9 381
1717939998954 5371.8 382
1717940008977 5381.9 383
1717940019004 5375.3 384
1717940029087 5344.4 385
1717940039131 5487.3 386
1717940049170 5512.5 387
1717940059260 5454.6 388
1717940069297 5476.5 389
1717940079353 5506.5 390
1717940089434 5408.4 391
1717940099515 5479.0 392
1717940109546 5531.0 393
1717940119584 5550.8 394
1717940129659 5531.2 395
1717940139701 5471.5 396
1717940149799 5495.7 397
1717940159893 5538.1 398
1717940169931 5519.1 399
1717940179963 5532.5 400
1717940190002 5457.1 401
1717940200080 5430.2 402
1717940210119 5357.0 403
1717940220164 5377.0 404
1717940230205 5377.0 405
1717940240252 5377.0 406
1717940250334 5377.0 407
1717940260424 5375.9 408
1717940270451 5356.0 409
1717940280479 5356.0 410
1717940290502 5356.0 411
1717940300536 5356.0 412
1717940310566 5356.0 413
1717940320594 5356.0 414
1717940330627 5356.0 415
1717940340666 5375.9 416
1717940350709 5375.9 417
1717940360746 5375.9 418
1717940370776 5356.0 419
1717940380818 5356.0 420
1717940390862 5356.0 421
1717940400950 5345.5 422
1717940410988 5347.6 423
1717940421053 5347.6 424
1717940431095 5367.5 425
1717940441135 5367.5 426
1717940451178 5367.5 427
1717940461210 5316.7 428
1717940471301 5296.8 429
1717940481389 5296.8 430
1717940491463 5296.8 431
1717940501501 5075.8 432
1717940511554 5212.9 433
1717940521593 5209.0 434
1717940531636 5209.0 435
1717940541678 5209.0 436
1717940551711 5209.0 437
1717940561807 5208.2 438
1717940571833 5188.3 439
1717940581856 5188.3 440
1717940591879 5188.3 441
1717940601908 5188.3 442
1717940611944 5188.3 443
1717940621977 5188.3 444
1717940632005 5188.3 445
1717940642043 5208.2 446
1717940652082 5208.2 447
1717940662112 5208.2 448
1717940672143 5188.3 449
1717940682241 5188.3 450
1717940692281 5188.3 451
1717940702323 5177.8 452
1717940712422 5177.8 453
1717940722465 5177.8 454
1717940732505 5197.7 455
1717940742554 5197.7 456
1717940752608 5197.7 457
1717940762662 5199.2 458
1717940772707 5179.3 459
1717940782750 5179.3 460
1717940792782 5179.3 461
1717940802872 5179.3 462
1717940812916 5149.2 463
1717940822953 5169.2 464
1717940833001 5169.2 465
1717940843059 5169.2 466
1717940853111 5169.3 467
1717940863202 5169.3 468
1717940873227 5148.3 469
1717940883253 5148.3 470
1717940893285 5148.3 471
1717940903317 5148.3 472
1717940913356 5148.3 473
1717940923387 5148.3 474
1717940933426 5168.2 475
1717940943472 5168.2 476
1717940953529 5168.2 477
1717940963570 5168.2 478
1717940973613 5148.3 479
1717940983659 5148.3 480
1717940993690 5148.3 481
1717941003778 5140.6 482
1717941013836 5140.6 483
1717941023872 5160.6 484
1717941033914 5160.6 485
1717941044028 5162.7 486
1717941054071 5130.4 487
1717941064111 5111.0 488
1717941074209 5091.1 489
1717941084241 5091.1 490
1717941094342 5091.1 491
1717941104384 5087.0 492
1717941114431 5092.3 493
1717941124474 5054.0 494
1717941134525 5054.0 495
1717941144569 5054.0 496
1717941154675 5054.0 497
1717941164774 5054.0 498
1717941174807 5034.1 499
1717941184839 5033.1 500
1717941194870 5033.1 501
1717941204901 5033.1 502
1717941214940 5033.1 503
1717941224971 5055.1 504
1717941235009 5053.0 505
1717941245038 5053.0 506
1717941255084 5053.0 507
1717941265119 5053.0 508
1717941275156 5033.1 509
1717941285199 5033.1 510
1717941295291 5033.1 511
1717941305379 5031.0 512
1717941315431 5031.0 513
1717941325475 5053.0 514
1717941335517 5053.0 515
1717941345559 5053.0 516
1717941355660 5053.0 517
1717941365757 5053.0 518
1717941375793 5033.1 519
1717941385887 5033.1 520
1717941395975 5033.1 521
1717941406012 5033.1 522
1717941416045 5009.8 523
1717941426091 5098.3 524
1717941436121 5062.8 525
1717941446158 5063.0 526
1717941456244 5072.5 527
1717941466282 5062.9 528
1717941476313 5060.8 529
1717941486346 5068.2 530
1717941496381 5068.9 531
1717941506413 5060.1 532
1717941516451 5056.9 533
1717941526483 5054.7 534
1717941536514 5131.1 535
1717941546566 5178.0 536
1717941556612 5130.0 537
1717941566647 5167.9 538
1717941576740 5346.8 539
1717941586783 5272.4 540
1717941596861 5275.7 541
1717941606942 5286.1 542
1717941617042 5268.2 543
1717941627161 5241.0 544
1717941637192 5338.8 545
1717941647237 5323.5 546
1717941657286 5295.9 547
1717941667330 5393.1 548
1717941677374 5313.5 549
1717941687429 5337.0 550
1717941697475 5388.2 551
1717941707513 5501.7 552
1717941717549 5576.5 553
1717941727583 5640.2 554
1717941737622 5544.0 555
1717941747670 5523.4 556
1717941757712 5522.3 557
1717941767767 5523.4 558
1717941777821 5485.4 559
1717941787857 5485.4 560
1717941797903 5473.9 561
1717941807934 5497.7 562
1717941817961 5491.9 563
1717941828004 5473.0 564
1717941838046 5431.2 565
1717941848085 5435.9 566
1717941858144 5436.2 567
1717941868195 5434.2 568
1717941878240 5433.3 569
1717941888292 5437.0 570
1717941898526 5443.0 571
1717941908558 5439.8 572
1717941918607 5435.4 573
1717941928658 5462.4 574
1717941938704 5461.0 575
1717941948750 5461.0 576
1717941958798 5450.5 577
1717941968848 5450.5 578
1717941978948 5455.7 579
1717941989000 5450.5 580
1717941999050 5458.9 581
1717942009098 5444.7 582
1717942019151 5444.7 583
1717942029197 5444.7 584
1717942039244 5450.5 585
1717942049285 5450.5 586
1717942059338 5450.5 587
1717942069384 5364.9 588
1717942079422 5364.9 589
1717942089471 5373.3 590
