1717936166067 8.9 0
1717936176084 36.0 1
1717936186098 36.0 2
1717936196109 36.0 3
1717936206123 36.0 4
1717936216136 36.0 5
1717936226156 36.0 6
1717936236172 36.0 7
1717936246200 36.0 8
1717936256223 36.0 9
1717936266248 36.0 10
1717936276268 36.0 11
1717936286289 36.0 12
1717936296335 36.0 13
1717936306356 36.0 14
1717936316371 36.0 15
1717936326392 36.0 16
1717936336407 36.0 17
1717936346439 36.0 18
1717936356461 36.0 19
1717936366506 36.0 20
1717936376535 36.0 21
1717936386560 36.0 22
1717936396584 36.0 23
1717936406644 36.0 24
1717936416658 36.0 25
1717936426677 36.0 26
1717936436690 36.0 27
1717936446703 36.0 28
1717936456721 36.0 29
1717936466736 36.0 30
1717936476750 36.0 31
1717936486768 36.0 32
1717936496784 36.0 33
1717936506796 36.0 34
1717936516809 36.0 35
1717936526843 36.0 36
1717936536857 36.0 37
1717936546871 36.0 38
1717936556891 36.0 39
1717936566906 36.0 40
1717936576932 36.0 41
1717936586950 36.0 42
1717936596968 36.0 43
1717936606990 36.0 44
1717936617008 36.0 45
1717936627030 36.0 46
1717936637078 36.0 47
1717936647098 36.0 48
1717936657123 36.0 49
1717936667140 36.0 50
1717936677156 36.0 51
1717936687171 36.0 52
1717936697192 36.0 53
1717936707209 36.0 54
1717936717224 36.0 55
1717936727239 36.0 56
1717936737254 36.0 57
1717936747270 36.0 58
1717936757286 36.0 59
1717936767310 36.0 60
1717936777333 36.0 61
1717936787349 36.0 62
1717936797365 36.0 63
1717936807381 36.0 64
1717936817394 36.0 65
1717936827409 36.0 66
1717936837423 36.0 67
1717936847442 36.0 68
1717936857460 36.0 69
1717936867504 36.0 70
1717936877536 36.0 71
1717936887553 36.0 72
1717936897568 36.0 73
1717936907583 36.0 74
1717936917598 36.0 75
1717936927614 36.0 76
1717936937634 36.0 77
1717936947654 36.0 78
1717936957669 36.0 79
1717936967683 36.0 80
1717936977698 36.0 81
1717936987715 36.0 82
1717936997729 36.0 83
1717937007744 36.0 84
1717937017766 36.0 85
1717937027783 36.0 86
1717937037798 36.0 87
1717937047815 36.0 88
1717937057831 36.0 89
1717937067847 36.0 90
1717937077863 36.0 91
1717937087899 36.0 92
1717937097916 36.0 93
1717937107933 36.0 94
1717937118014 36.0 95
1717937128028 36.0 96
1717937138049 36.0 97
1717937148066 36.0 98
1717937158083 36.0 99
1717937168109 36.0 100
1717937178169 36.0 101
1717937188189 36.0 102
1717937198241 36.0 103
1717937208261 36.0 104
1717937218287 36.0 105
1717937228310 36.0 106
1717937238326 36.0 107
1717937248350 36.0 108
1717937258419 36.0 109
1717937268436 36.0 110
1717937278509 36.0 111
1717937288590 36.0 112
1717937298654 36.0 113
1717937308673 36.0 114
1717937318742 36.0 115
1717937328758 36.0 116
1717937338829 36.0 117
1717937348850 36.0 118
1717937358870 36.0 119
1717937368887 36.0 120
1717937378904 36.0 121
1717937388929 36.0 122
1717937398949 36.0 123
1717937408965 36.0 124
1717937418986 36.0 125
1717937429013 36.0 126
1717937439031 36.0 127
1717937449050 36.0 128
1717937459068 36.0 129
1717937469099 38.3 130
1717937479118 37.8 131
1717937489133 38.6 132
1717937499155 38.5 133
1717937509173 38.4 134
1717937519192 39.7 135
1717937529211 39.1 136
1717937539232 39.3 137
1717937549260 39.4 138
1717937559282 39.9 139
1717937569300 41.2 140
1717937579376 41.2 141
1717937589402 41.2 142
1717937599456 41.1 143
1717937609472 41.4 144
1717937619488 41.1 145
1717937629510 41.8 146
1717937639578 40.8 147
1717937649600 40.6 148
1717937659617 40.5 149
1717937669633 41.2 150
1717937679653 42.1 151
1717937689670 42.3 152
1717937699691 41.7 153
1717937709714 40.7 154
1717937719730 41.1 155
1717937729747 41.4 156
1717937739779 42.3 157
1717937749797 41.2 158
1717937759821 41.3 159
1717937769849 40.8 160
1717937779939 41.3 161
1717937789979 41.3 162
1717937800011 41.0 163
1717937810075 41.4 164
1717937820099 41.0 165
1717937830126 41.0 166
1717937840159 41.3 167
1717937850227 41.1 168
1717937860253 41.3 169
1717937870276 41.5 170
1717937880299 41.3 171
1717937890368 41.1 172
1717937900399 41.1 173
1717937910429 41.3 174
1717937920475 41.3 175
1717937930547 41.3 176
1717937940575 41.0 177
1717937950598 41.3 178
1717937960622 41.4 179
1717937970664 41.3 180
1717937980693 41.1 181
1717937990721 41.1 182
1717938000739 40.8 183
1717938010763 40.9 184
1717938020785 40.8 185
1717938030810 40.8 186
1717938040839 41.0 187
1717938050871 41.3 188
1717938060953 41.3 189
1717938071028 40.6 190
1717938081066 40.6 191
1717938091087 39.6 192
1717938101170 39.5 193
1717938111200 39.5 194
1717938121267 39.5 195
1717938131340 39.7 196
1717938141362 39.5 197
1717938151383 39.8 198
1717938161410 41.4 199
1717938171491 41.4 200
1717938181514 40.8 201
1717938191548 40.7 202
1717938201577 41.2 203
1717938211604 41.5 204
1717938221624 41.6 205
1717938231656 40.9 206
1717938241731 40.8 207
1717938251798 40.9 208
1717938261867 40.8 209
1717938271937 40.8 210
1717938282010 40.7 211
1717938292046 40.8 212
1717938302069 40.8 213
1717938312098 40.9 214
1717938322121 40.8 215
1717938332143 40.9 216
1717938342169 40.9 217
1717938352187 40.9 218
1717938362205 40.8 219
1717938372224 40.9 220
1717938382245 40.9 221
1717938392266 40.9 222
1717938402348 40.9 223
1717938412413 40.7 224
1717938422434 40.5 225
1717938432505 41.2 226
1717938442579 40.5 227
1717938452658 40.5 228
1717938462723 40.6 229
1717938472747 40.8 230
1717938482767 41.3 231
1717938492790 40.8 232
1717938502828 42.4 233
1717938512850 42.2 234
1717938522948 42.1 235
1717938532983 42.0 236
1717938543049 42.1 237
1717938553134 42.1 238
1717938563175 42.4 239
1717938573246 42.4 240
1717938583268 42.4 241
1717938593293 42.4 242
1717938603320 43.1 243
1717938613369 41.7 244
1717938623407 41.5 245
1717938633435 41.3 246
1717938643457 41.3 247
1717938653481 41.3 248
1717938663504 41.5 249
1717938673543 41.4 250
1717938683566 40.6 251
1717938693593 40.5 252
1717938703619 40.5 253
1717938713652 40.4 254
1717938723681 40.4 255
1717938733780 40.3 256
1717938743807 40.3 257
1717938753846 40.6 258
1717938763918 40.9 259
1717938773965 40.8 260
1717938784039 40.7 261
1717938794070 40.6 262
1717938804112 41.0 263
1717938814138 41.6 264
1717938824168 41.0 265
1717938834201 41.4 266
1717938844237 41.4 267
1717938854264 41.4 268
1717938864287 41.2 269
1717938874318 40.9 270
1717938884339 40.8 271
1717938894376 40.7 272
1717938904408 40.8 273
1717938914431 40.8 274
1717938924473 40.8 275
1717938934507 40.8 276
1717938944550 40.8 277
1717938954587 40.8 278
1717938964612 40.8 279
1717938974642 41.2 280
1717938984675 41.2 281
1717938994711 41.2 282
1717939004734 41.5 283
1717939014764 41.5 284
1717939024790 41.4 285
1717939034818 41.5 286
1717939044855 41.7 287
1717939054887 41.9 288
1717939064920 41.7 289
1717939075009 42.2 290
1717939085046 41.9 291
1717939095083 42.1 292
1717939105112 42.4 293
1717939115146 42.6 294
1717939125206 42.9 295
1717939135279 42.7 296
1717939145304 42.7 297
1717939155387 42.8 298
1717939165427 42.9 299
1717939175467 42.5 300
1717939185491 42.3 301
1717939195522 42.5 302
1717939205556 42.4 303
1717939215582 42.6 304
1717939225671 43.2 305
1717939235701 42.5 306
1717939245777 42.8 307
1717939255869 43.1 308
1717939265957 42.7 309
1717939275987 43.1 310
1717939286013 41.9 311
1717939296042 41.8 312
1717939306066 41.7 313
1717939316103 41.6 314
1717939326130 41.8 315
1717939336158 41.6 316
1717939346182 41.8 317
1717939356207 42.1 318
1717939366233 41.6 319
1717939376331 41.5 320
1717939386366 41.7 321
1717939396400 41.6 322
1717939406473 42.1 323
1717939416545 41.6 324
1717939426568 42.0 325
1717939436660 41.7 326
1717939446754 41.7 327
1717939456779 41.6 328
1717939466802 41.7 329
1717939476833 41.5 330
1717939486910 41.7 331
1717939496938 41.9 332
1717939506975 41.7 333
1717939517011 41.9 334
1717939527050 41.5 335
1717939537083 41.6 336
1717939547112 41.4 337
1717939557189 41.7 338
1717939567225 41.6 339
1717939577270 41.4 340
1717939587349 40.6 341
1717939597405 40.8 342
1717939607436 40.9 343
1717939617465 41.4 344
1717939627491 42.2 345
1717939637528 41.3 346
1717939647550 41.5 347
1717939657574 41.6 348
1717939667606 41.5 349
1717939677631 41.8 350
1717939687707 41.5 351
1717939697731 41.3 352
1717939707765 41.3 353
1717939717790 41.3 354
1717939727821 42.2 355
1717939737862 42.9 356
1717939747893 42.2 357
1717939757924 42.8 358
1717939767953 43.3 359
1717939777988 43.1 360
1717939788072 42.5 361
1717939798106 42.2 362
1717939808142 42.4 363
1717939818213 43.0 364
1717939828308 42.4 365
1717939838350 42.8 366
1717939848393 42.3 367
1717939858427 41.9 368
1717939868460 42.2 369
1717939878493 41.8 370
1717939888533 42.2 371
1717939898574 42.0 372
1717939908622 42.2 373
1717939918659 41.7 374
1717939928743 42.3 375
1717939938771 41.9 376
1717939948800 41.5 377
1717939958824 41.6 378
1717939968859 41.4 379
1717939978882 41.6 380
1717939988909 41.5 381
1717939998954 41.7 382
1717940008977 41.8 383
1717940019004 41.7 384
1717940029087 41.5 385
1717940039131 42.6 386
1717940049170 42.8 387
1717940059260 42.3 388
1717940069297 42.5 389
1717940079353 42.7 390
1717940089434 42.0 391
1717940099515 42.5 392
1717940109546 42.9 393
1717940119584 43.1 394
1717940129659 42.9 395
1717940139701 42.5 396
1717940149799 42.7 397
1717940159893 43.0 398
1717940169931 42.8 399
1717940179963 42.9 400
1717940190002 42.4 401
1717940200080 42.1 402
1717940210119 41.6 403
1717940220164 41.7 404
1717940230205 41.7 405
1717940240252 41.7 406
1717940250334 41.7 407
1717940260424 41.7 408
1717940270451 41.6 409
1717940280479 41.6 410
1717940290502 41.6 411
1717940300536 41.6 412
1717940310566 41.6 413
1717940320594 41.6 414
1717940330627 41.6 415
1717940340666 41.7 416
1717940350709 41.7 417
1717940360746 41.7 418
1717940370776 41.6 419
1717940380818 41.6 420
1717940390862 41.6 421
1717940400950 41.5 422
1717940410988 41.5 423
1717940421053 41.5 424
1717940431095 41.7 425
1717940441135 41.7 426
1717940451178 41.7 427
1717940461210 41.3 428
1717940471301 41.1 429
1717940481389 41.1 430
1717940491463 41.1 431
1717940501501 39.4 432
1717940511554 40.5 433
1717940521593 40.4 434
1717940531636 40.4 435
1717940541678 40.4 436
1717940551711 40.4 437
1717940561807 40.4 438
1717940571833 40.3 439
1717940581856 40.3 440
1717940591879 40.3 441
1717940601908 40.3 442
1717940611944 40.3 443
1717940621977 40.3 444
1717940632005 40.3 445
1717940642043 40.4 446
1717940652082 40.4 447
1717940662112 40.4 448
1717940672143 40.3 449
1717940682241 40.3 450
1717940692281 40.3 451
1717940702323 40.2 452
1717940712422 40.2 453
1717940722465 40.2 454
1717940732505 40.3 455
1717940742554 40.3 456
1717940752608 40.3 457
1717940762662 40.4 458
1717940772707 40.2 459
1717940782750 40.2 460
1717940792782 40.2 461
1717940802872 40.2 462
1717940812916 40.0 463
1717940822953 40.1 464
1717940833001 40.1 465
1717940843059 40.1 466
1717940853111 40.1 467
1717940863202 40.1 468
1717940873227 40.0 469
1717940883253 40.0 470
1717940893285 40.0 471
1717940903317 40.0 472
1717940913356 40.0 473
1717940923387 40.0 474
1717940933426 40.1 475
1717940943472 40.1 476
1717940953529 40.1 477
1717940963570 40.1 478
1717940973613 40.0 479
1717940983659 40.0 480
1717940993690 40.0 481
1717941003778 39.9 482
1717941013836 39.9 483
1717941023872 40.1 484
1717941033914 40.1 485
1717941044028 40.1 486
1717941054071 39.8 487
1717941064111 39.7 488
1717941074209 39.5 489
1717941084241 39.5 490
1717941094342 39.5 491
1717941104384 39.5 492
1717941114431 39.5 493
1717941124474 39.2 494
1717941134525 39.2 495
1717941144569 39.2 496
1717941154675 39.2 497
1717941164774 39.2 498
1717941174807 39.1 499
1717941184839 39.1 500
1717941194870 39.1 501
1717941204901 39.1 502
1717941214940 39.1 503
1717941224971 39.2 504
1717941235009 39.2 505
1717941245038 39.2 506
1717941255084 39.2 507
1717941265119 39.2 508
1717941275156 39.1 509
1717941285199 39.1 510
1717941295291 39.1 511
1717941305379 39.0 512
1717941315431 39.0 513
1717941325475 39.2 514
1717941335517 39.2 515
1717941345559 39.2 516
1717941355660 39.2 517
1717941365757 39.2 518
1717941375793 39.1 519
1717941385887 39.1 520
1717941395975 39.1 521
1717941406012 39.1 522
1717941416045 38.9 523
1717941426091 39.6 524
1717941436121 39.3 525
1717941446158 39.3 526
1717941456244 39.4 527
1717941466282 39.3 528
1717941476313 39.3 529
1717941486346 39.3 530
1717941496381 39.3 531
1717941506413 39.3 532
1717941516451 39.2 533
1717941526483 39.2 534
1717941536514 39.8 535
1717941546566 40.2 536
1717941556612 39.8 537
1717941566647 40.1 538
1717941576740 41.5 539
1717941586783 40.9 540
1717941596861 40.9 541
1717941606942 41.0 542
1717941617042 40.9 543
1717941627161 40.7 544
1717941637192 41.4 545
1717941647237 41.3 546
1717941657286 41.1 547
1717941667330 41.9 548
1717941677374 41.2 549
1717941687429 41.4 550
1717941697475 41.8 551
1717941707513 42.7 552
1717941717549 43.3 553
1717941727583 43.8 554
1717941737622 43.0 555
1717941747670 42.9 556
1717941757712 42.9 557
1717941767767 42.9 558
1717941777821 42.6 559
1717941787857 42.6 560
1717941797903 42.5 561
1717941807934 42.7 562
1717941817961 42.6 563
1717941828004 42.5 564
1717941838046 42.2 565
1717941848085 42.2 566
1717941858144 42.2 567
1717941868195 42.2 568
1717941878240 42.2 569
1717941888292 42.2 570
1717941898526 42.2 571
1717941908558 42.2 572
1717941918607 42.2 573
1717941928658 42.4 574
1717941938704 42.4 575
1717941948750 42.4 576
1717941958798 42.3 577
1717941968848 42.3 578
1717941978948 42.3 579
1717941989000 42.3 580
1717941999050 42.4 581
1717942009098 42.3 582
1717942019151 42.3 583
1717942029197 42.3 584
1717942039244 42.3 585
1717942049285 42.3 586
1717942059338 42.3 587
1717942069384 41.6 588
1717942079422 41.6 589
1717942089471 41.7 590
