1717936166067 0.0 0
1717936176084 6.000000030326191e-05 1
1717936186098 0.0006469999998444109 2
1717936196109 0.0006469999998444109 3
1717936206123 0.0051199999998061685 4
1717936216136 0.0051199999998061685 5
1717936226156 0.005323000000316824 6
1717936236172 0.0053829999997105915 7
1717936246200 0.005486000000018976 8
1717936256223 0.005546000000322238 9
1717936266248 0.009833000000071479 10
1717936276268 0.009833000000071479 11
1717936286289 0.010201999999480904 12
1717936296335 0.010502000000087719 13
1717936306356 0.010604999999486608 14
1717936316371 0.010604999999486608 15
1717936326392 0.015816999999515247 16
1717936336407 0.015816999999515247 17
1717936346439 0.01597700000002078 18
1717936356461 0.01597700000002078 19
1717936366506 0.01597700000002078 20
1717936376535 0.04149799999959214 21
1717936386560 0.04590399999960937 22
1717936396584 0.046059999999670254 23
1717936406644 0.046059999999670254 24
1717936416658 0.04716699999971752 25
1717936426677 0.047298999999839 26
1717936436690 0.047298999999839 27
1717936446703 0.05154299999958312 28
1717936456721 0.05154299999958312 29
1717936466736 0.05180099999961385 30
1717936476750 0.05190099999981612 31
1717936486768 0.05190099999981612 32
1717936496784 0.05202099999951315 33
1717936506796 0.05633099999977276 34
1717936516809 0.05633099999977276 35
1717936526843 0.05633099999977276 36
1717936536857 0.05633099999977276 37
1717936546871 0.05633099999977276 38
1717936556891 0.05639100000007602 39
1717936566906 0.060574999999516876 40
1717936576932 0.060574999999516876 41
1717936586950 0.060574999999516876 42
1717936596968 0.06073500000002241 43
1717936606990 0.06073500000002241 44
1717936617008 0.06073500000002241 45
1717936627030 0.06594700000005105 46
1717936637078 0.06594700000005105 47
1717936647098 0.06600699999944482 48
1717936657123 0.06600699999944482 49
1717936667140 0.06600699999944482 50
1717936677156 0.08707299999969109 51
1717936687171 0.1093829999999798 52
1717936697192 0.1093829999999798 53
1717936707209 0.10962599999947997 54
1717936717224 0.11060699999961798 55
1717936727239 0.11083899999994173 56
1717936737254 0.11083899999994173 57
1717936747270 0.11502300000029209 58
1717936757286 0.11502300000029209 59
1717936767310 0.11515499999950407 60
1717936777333 0.11534699999992881 61
1717936787349 0.11534699999992881 62
1717936797365 0.11534699999992881 63
1717936807381 0.11972299999979441 64
1717936817394 0.11984299999949144 65
1717936827409 0.11984299999949144 66
1717936837423 0.11984299999949144 67
1717936847442 0.17444499999965046 68
1717936857460 0.20030099999985396 69
1717936867504 0.22804199999973207 70
1717936877536 0.24196699999993143 71
1717936887553 0.25391399999989517 72
1717936897568 0.2545559999998659 73
1717936907583 0.25461600000016915 74
1717936917598 0.25468199999977514 75
1717936927614 0.2603739999995014 76
1717936937634 0.26043399999980466 77
1717936947654 0.26043399999980466 78
1717936957669 0.26043399999980466 79
1717936967683 0.2605599999997139 80
1717936977698 0.27143100000012055 81
1717936987715 0.2762190000003102 82
1717936997729 0.27627899999970396 83
1717937007744 0.27665999999953783 84
1717937017766 0.27764099999967584 85
1717937027783 0.2777729999997973 86
1717937037798 0.2777729999997973 87
1717937047815 0.2819570000001477 88
1717937057831 0.28201699999954144 89
1717937067847 0.2820830000000569 90
1717937077863 0.2821489999996629 91
1717937087899 0.2821489999996629 92
1717937097916 0.2821489999996629 93
1717937107933 0.28661899999951856 94
1717937118014 0.28661899999951856 95
1717937128028 0.28661899999951856 96
1717937138049 0.28661899999951856 97
1717937148066 0.28661899999951856 98
1717937158083 0.28661899999951856 99
1717937168109 0.2908630000001722 100
1717937178169 0.2908630000001722 101
1717937188189 0.2908630000001722 102
1717937198241 0.29106899999987945 103
1717937208261 0.29117200000018784 104
1717937218287 0.2914810000002035 105
1717937228310 0.29691300000013143 106
1717937238326 0.2970159999995303 107
1717937248350 0.2970159999995303 108
1717937258419 0.2971189999998387 109
1717937268436 0.2971189999998387 110
1717937278509 0.31512800000018615 111
1717937288590 0.32720400000016525 112
1717937298654 0.32730699999956414 113
1717937308673 0.32730699999956414 114
1717937318742 0.32839100000001054 115
1717937328758 0.328588999999738 116
1717937338829 0.3286920000000464 117
1717937348850 0.3329359999997905 118
1717937358870 0.3336429999999382 119
1717937368887 0.3337089999995442 120
1717937378904 0.3340040000002773 121
1717937388929 0.3340040000002773 122
1717937398949 0.3341069999996762 123
1717937408965 0.33847700000023906 124
1717937418986 0.33847700000023906 125
1717937429013 0.33871999999973923 126
1717937439031 0.33871999999973923 127
1717937449050 0.33871999999973923 128
1717937459068 0.3387800000000425 129
1717937469099 0.34296399999948335 130
1717937479118 0.3430639999996856 131
1717937489133 15.358086000000185 132
1717937499155 60.49758500000007 133
1717937509173 106.87772500000028 134
1717937519192 146.0315100000007 135
1717937529211 157.07590899999923 136
1717937539232 157.08050299999923 137
1717937549260 157.16706499999964 138
1717937559282 157.43633000000045 139
1717937569300 166.46483699999953 140
1717937579376 172.47965099999965 141
1717937589402 176.56832600000052 142
1717937599456 178.43524799999977 143
1717937609472 182.91459600000053 144
1717937619488 184.8348900000001 145
1717937629510 187.7180559999997 146
1717937639578 191.48110599999927 147
1717937649600 191.49080099999992 148
1717937659617 191.49561200000062 149
1717937669633 199.05004799999915 150
1717937679653 211.9806239999998 151
1717937689670 222.55341699999917 152
1717937699691 230.24294100000043 153
1717937709714 236.16409600000043 154
1717937719730 242.0501289999993 155
1717937729747 244.3900389999999 156
1717937739779 260.2230550000004 157
1717937749797 267.1984819999998 158
1717937759821 274.87042699999984 159
1717937769849 280.2563960000007 160
1717937779939 287.5200819999991 161
1717937789979 287.5631279999998 162
1717937800011 292.6481989999993 163
1717937810075 292.6535160000003 164
1717937820099 301.9989249999999 165
1717937830126 302.0089119999993 166
1717937840159 308.6635729999998 167
1717937850227 308.66613399999915 168
1717937860253 313.2697389999994 169
1717937870276 313.27577500000007 170
1717937880299 313.28107400000044 171
1717937890368 317.89623799999936 172
1717937900399 317.9030070000008 173
1717937910429 326.0491149999998 174
1717937920475 326.05653299999904 175
1717937930547 326.0601540000007 176
1717937940575 332.5016919999998 177
1717937950598 332.50957000000017 178
1717937960622 339.2349269999995 179
1717937970664 339.2381299999997 180
1717937980693 345.6010129999995 181
1717937990721 345.6029699999999 182
1717938000739 350.9888119999996 183
1717938010763 353.5991149999991 184
1717938020785 353.60877400000027 185
1717938030810 358.9517570000007 186
1717938040839 358.96966500000053 187
1717938050871 366.37180199999966 188
1717938060953 366.3795289999998 189
1717938071028 366.38924399999996 190
1717938081066 372.98606199999995 191
1717938091087 379.06583300000057 192
1717938101170 379.08561700000064 193
1717938111200 379.09147099999973 194
1717938121267 384.5956299999998 195
1717938131340 384.6033499999994 196
1717938141362 389.52703699999984 197
1717938151383 389.5589920000002 198
1717938161410 389.56864900000073 199
1717938171491 389.606221 200
1717938181514 397.82828599999993 201
1717938191548 397.8338760000006 202
1717938201577 404.77872000000025 203
1717938211604 406.6995630000001 204
1717938221624 412.63141799999903 205
1717938231656 412.6507500000007 206
1717938241731 424.73479699999916 207
1717938251798 424.7423799999997 208
1717938261867 434.3634600000005 209
1717938271937 434.378686 210
1717938282010 434.3893819999994 211
1717938292046 444.62718099999984 212
1717938302069 444.64924000000065 213
1717938312098 450.8920529999996 214
1717938322121 450.89938299999994 215
1717938332143 453.9460390000004 216
1717938342169 453.9529500000008 217
1717938352187 457.85797900000034 218
1717938362205 457.8587439999992 219
1717938372224 457.90484800000013 220
1717938382245 457.92316500000015 221
1717938392266 457.95516300000054 222
1717938402348 457.9714210000002 223
1717938412413 457.9986779999999 224
1717938422434 458.0328609999997 225
1717938432505 458.04552200000035 226
1717938442579 458.0561710000002 227
1717938452658 458.0775470000008 228
1717938462723 458.08007700000053 229
1717938472747 458.08190300000024 230
1717938482767 458.0866669999996 231
1717938492790 458.0968499999999 232
1717938502828 458.1045460000005 233
1717938512850 462.14646899999934 234
1717938522948 462.147864999999 235
1717938532983 469.5100970000003 236
1717938543049 469.5153859999991 237
1717938553134 469.52118300000075 238
1717938563175 474.18236400000023 239
1717938573246 474.1974680000003 240
1717938583268 479.35362299999906 241
1717938593293 479.35840499999904 242
1717938603320 484.1738210000003 243
1717938613369 484.1962330000006 244
1717938623407 490.7914490000003 245
1717938633435 490.8020940000006 246
1717938643457 497.92859300000055 247
1717938653481 498.13461800000005 248
1717938663504 506.2005590000008 249
1717938673543 506.56601799999953 250
1717938683566 513.3503820000005 251
1717938693593 515.8279239999993 252
1717938703619 515.8510509999996 253
1717938713652 526.7019459999992 254
1717938723681 526.7129719999994 255
1717938733780 539.6229970000004 256
1717938743807 539.8222979999991 257
1717938753846 543.2650780000004 258
1717938763918 548.4670650000007 259
1717938773965 548.5758619999997 260
1717938784039 560.1937909999997 261
1717938794070 560.2011629999997 262
1717938804112 564.905503 263
1717938814138 566.7461120000007 264
1717938824168 574.7790779999996 265
1717938834201 574.9943110000004 266
1717938844237 580.0929269999997 267
1717938854264 581.458181 268
1717938864287 581.5575969999991 269
1717938874318 587.5776580000002 270
1717938884339 587.5810729999994 271
1717938894376 592.6109130000004 272
1717938904408 597.0558939999992 273
1717938914431 597.0590709999997 274
1717938924473 605.7089529999994 275
1717938934507 605.7117369999996 276
1717938944550 612.0998880000006 277
1717938954587 612.1032290000003 278
1717938964612 612.110267 279
1717938974642 617.2381580000001 280
1717938984675 617.2452890000004 281
1717938994711 620.6758829999999 282
1717939004734 620.6811679999992 283
1717939014764 624.0781129999996 284
1717939024790 624.0906799999993 285
1717939034818 625.724843 286
1717939044855 625.7281779999994 287
1717939054887 625.7330959999999 288
1717939064920 625.741614999999 289
1717939075009 625.7435750000004 290
1717939085046 627.5389950000008 291
1717939095083 627.5479969999997 292
1717939105112 627.5696630000002 293
1717939115146 629.4591149999997 294
1717939125206 655.7401530000006 295
1717939135279 687.8433239999995 296
1717939145304 726.6749500000005 297
1717939155387 764.8087009999999 298
1717939165427 794.6537709999993 299
1717939175467 796.4821799999991 300
1717939185491 796.4931369999995 301
1717939195522 797.6161119999997 302
1717939205556 797.6215339999999 303
1717939215582 797.6260160000002 304
1717939225671 797.6353029999991 305
1717939235701 797.6404939999993 306
1717939245777 801.9461069999998 307
1717939255869 814.8139630000005 308
1717939265957 823.6716469999992 309
1717939275987 829.1581609999994 310
1717939286013 835.1569249999993 311
1717939296042 840.8777840000002 312
1717939306066 845.5925370000004 313
1717939316103 845.5977849999999 314
1717939326130 852.1508620000004 315
1717939336158 852.1576779999996 316
1717939346182 857.8671450000002 317
1717939356207 857.9043029999993 318
1717939366233 864.4014399999996 319
1717939376331 864.4080219999996 320
1717939386366 870.0225809999993 321
1717939396400 870.0256549999995 322
1717939406473 875.8006669999995 323
1717939416545 875.872276 324
1717939426568 880.0426119999993 325
1717939436660 880.0525620000008 326
1717939446754 883.9136170000002 327
1717939456779 883.918803999999 328
1717939466802 889.253643 329
1717939476833 889.3202980000005 330
1717939486910 894.1425299999992 331
1717939496938 895.5865030000004 332
1717939506975 895.5938380000007 333
1717939517011 895.5961019999995 334
1717939527050 895.6011350000008 335
1717939537083 905.7048379999997 336
1717939547112 911.2666690000005 337
1717939557189 918.3555479999995 338
1717939567225 918.3770029999996 339
1717939577270 924.5002299999996 340
1717939587349 924.8559189999996 341
1717939597405 928.9872570000007 342
1717939607436 930.1425240000008 343
1717939617465 931.5419380000003 344
1717939627491 936.419672 345
1717939637528 937.8548159999991 346
1717939647550 945.5738010000005 347
1717939657574 945.5820739999999 348
1717939667606 953.057182999999 349
1717939677631 953.0653440000006 350
1717939687707 953.2704659999999 351
1717939697731 953.2739689999999 352
1717939707765 953.2893280000008 353
1717939717790 966.0758289999994 354
1717939727821 973.5277000000006 355
1717939737862 973.638798 356
1717939747893 980.8659960000005 357
1717939757924 980.9593289999993 358
1717939767953 989.2774050000007 359
1717939777988 989.3311919999996 360
1717939788072 994.9098400000003 361
1717939798106 994.9138480000001 362
1717939808142 999.3398969999998 363
1717939818213 999.3452589999997 364
1717939828308 1005.1341520000005 365
1717939838350 1005.1351410000007 366
1717939848393 1011.390750999999 367
1717939858427 1011.4224269999995 368
1717939868460 1018.4958609999994 369
1717939878493 1018.5173469999991 370
1717939888533 1023.6930250000005 371
1717939898574 1023.8695310000003 372
1717939908622 1029.2184070000003 373
1717939918659 1029.2682370000002 374
1717939928743 1035.6891620000006 375
1717939938771 1035.6929710000004 376
1717939948800 1038.410828 377
1717939958824 1042.661211999999 378
1717939968859 1044.837766999999 379
1717939978882 1052.6614840000002 380
1717939988909 1052.6987129999998 381
1717939998954 1061.9258800000007 382
1717940008977 1061.9417479999993 383
1717940019004 1063.6585479999994 384
1717940029087 1063.6674870000006 385
1717940039131 1064.3406090000008 386
1717940049170 1064.3743080000004 387
1717940059260 1064.386054999999 388
1717940069297 1074.8439909999997 389
1717940079353 1086.983999 390
1717940089434 1089.9878530000005 391
1717940099515 1094.2022550000002 392
1717940109546 1098.6745009999995 393
1717940119584 1100.3209879999995 394
1717940129659 1104.460067 395
1717940139701 1109.7472350000007 396
1717940149799 1109.763746999999 397
1717940159893 1113.4249049999999 398
1717940169931 1117.5705839999991 399
1717940179963 1120.5186119999998 400
1717940190002 1126.2598280000002 401
1717940200080 1131.213259 402
1717940210119 1131.215564 403
1717940220164 1131.2239599999994 404
1717940230205 1131.2527200000004 405
1717940240252 1131.2589210000006 406
1717940250334 1131.260311 407
1717940260424 1131.2630399999998 408
1717940270451 1131.2713899999999 409
1717940280479 1131.2827820000002 410
1717940290502 1131.2925560000003 411
1717940300536 1131.3015369999994 412
1717940310566 1131.3026819999995 413
1717940320594 1131.305037 414
1717940330627 1131.307021999999 415
1717940340666 1131.3148340000007 416
1717940350709 1131.3206580000005 417
1717940360746 1131.3425239999997 418
1717940370776 1131.3535250000004 419
1717940380818 1131.3669050000008 420
1717940390862 1131.3722190000008 421
1717940400950 1131.3802990000004 422
1717940410988 1131.3871280000003 423
1717940421053 1131.4065979999996 424
1717940431095 1131.4314219999997 425
1717940441135 1131.4805730000007 426
1717940451178 1131.5095469999997 427
1717940461210 1131.5328840000002 428
1717940471301 1131.543495 429
1717940481389 1131.5532060000005 430
1717940491463 1131.5558189999992 431
1717940501501 1131.5797739999998 432
1717940511554 1131.5919240000003 433
1717940521593 1131.604358999999 434
1717940531636 1131.6154470000001 435
1717940541678 1131.626216999999 436
1717940551711 1131.6327249999995 437
1717940561807 1131.6365960000003 438
1717940571833 1131.6397550000002 439
1717940581856 1131.6426489999994 440
1717940591879 1131.6482489999999 441
1717940601908 1131.6590730000007 442
1717940611944 1131.660969999999 443
1717940621977 1131.6674249999996 444
1717940632005 1131.669527 445
1717940642043 1131.6710569999996 446
1717940652082 1131.6763449999999 447
1717940662112 1131.6896780000006 448
1717940672143 1131.694519999999 449
1717940682241 1131.6981539999997 450
1717940692281 1131.7054950000002 451
1717940702323 1131.716053 452
1717940712422 1131.7234389999994 453
1717940722465 1131.728416 454
1717940732505 1131.7295269999995 455
1717940742554 1131.7367959999992 456
1717940752608 1131.7387799999997 457
1717940762662 1131.752015 458
1717940772707 1131.762107999999 459
1717940782750 1131.7717740000007 460
1717940792782 1131.784028 461
1717940802872 1131.7887470000005 462
1717940812916 1131.9121830000004 463
1717940822953 1131.9149519999992 464
1717940833001 1131.924590999999 465
1717940843059 1131.9526029999997 466
1717940853111 1131.963228999999 467
1717940863202 1131.9790400000002 468
1717940873227 1131.9828230000003 469
1717940883253 1131.9949419999994 470
1717940893285 1132.0005509999992 471
1717940903317 1132.0140809999994 472
1717940913356 1132.0165969999998 473
1717940923387 1132.0217319999992 474
1717940933426 1132.0222809999996 475
1717940943472 1132.0289150000008 476
1717940953529 1132.0377750000007 477
1717940963570 1132.0488160000004 478
1717940973613 1132.0518489999995 479
1717940983659 1132.094798 480
1717940993690 1132.0963769999998 481
1717941003778 1132.1092719999997 482
1717941013836 1132.1143890000003 483
1717941023872 1132.1186560000006 484
1717941033914 1132.120465 485
1717941044028 1132.1213079999998 486
1717941054071 1132.1223329999993 487
1717941064111 1132.1233639999991 488
1717941074209 1132.1336339999998 489
1717941084241 1132.1457219999993 490
1717941094342 1132.1573210000006 491
1717941104384 1132.2218639999992 492
1717941114431 1132.2927469999995 493
1717941124474 1132.350554999999 494
1717941134525 1132.362486 495
1717941144569 1132.369901 496
1717941154675 1132.3768180000006 497
1717941164774 1132.378928 498
1717941174807 1132.379993999999 499
1717941184839 1132.3870630000001 500
1717941194870 1132.393478 501
1717941204901 1132.4096819999995 502
1717941214940 1132.4117580000002 503
1717941224971 1132.4193739999992 504
1717941235009 1132.4205629999997 505
1717941245038 1132.4224020000001 506
1717941255084 1132.427377 507
1717941265119 1132.4496070000005 508
1717941275156 1132.4511920000004 509
1717941285199 1132.4519060000002 510
1717941295291 1132.4535469999992 511
1717941305379 1132.4543990000002 512
1717941315431 1132.4603079999997 513
1717941325475 1132.4732769999991 514
1717941335517 1132.4739919999993 515
1717941345559 1132.50252 516
1717941355660 1132.5043399999995 517
1717941365757 1132.5108660000005 518
1717941375793 1132.5541489999996 519
1717941385887 1132.5706740000005 520
1717941395975 1132.586502 521
1717941406012 1132.5919109999995 522
1717941416045 1132.6028910000005 523
1717941426091 1132.8859379999994 524
1717941436121 1132.9210669999993 525
1717941446158 1132.9303899999995 526
1717941456244 1132.9480139999996 527
1717941466282 1132.9641699999993 528
1717941476313 1133.1380759999993 529
1717941486346 1133.151414 530
1717941496381 1133.179166 531
1717941506413 1133.2028279999995 532
1717941516451 1133.2541849999998 533
1717941526483 1133.2876049999995 534
1717941536514 1134.0695300000007 535
1717941546566 1138.5524129999994 536
1717941556612 1138.5774839999995 537
1717941566647 1157.7928379999994 538
1717941576740 1167.0344519999999 539
1717941586783 1180.6256429999994 540
1717941596861 1185.100108999999 541
1717941606942 1189.6194269999996 542
1717941617042 1194.0639749999991 543
1717941627161 1198.6213179999995 544
1717941637192 1203.119272 545
1717941647237 1207.5945890000003 546
1717941657286 1212.1377749999992 547
1717941667330 1220.9256349999996 548
1717941677374 1225.5324029999992 549
1717941687429 1230.2807909999992 550
1717941697475 1237.8571219999994 551
1717941707513 1242.48092 552
1717941717549 1247.0619530000004 553
1717941727583 1251.5879679999998 554
1717941737622 1255.9783009999992 555
1717941747670 1260.5039689999994 556
1717941757712 1265.0772859999997 557
1717941767767 1269.6246769999998 558
1717941777821 1274.0932570000004 559
1717941787857 1278.617182 560
1717941797903 1283.074219 561
1717941807934 1287.5438020000001 562
1717941817961 1292.0563459999994 563
1717941828004 1296.6344360000003 564
1717941838046 1301.1633170000005 565
1717941848085 1305.6414380000006 566
1717941858144 1310.230281 567
1717941868195 1314.7355289999996 568
1717941878240 1319.2627379999994 569
1717941888292 1323.705634 570
1717941898526 1328.1804360000006 571
1717941908558 1332.8332140000002 572
1717941918607 1337.2654820000007 573
1717941928658 1341.7201519999999 574
1717941938704 1341.7247700000007 575
1717941948750 1341.7300489999998 576
1717941958798 1341.7388680000004 577
1717941968848 1341.7456820000007 578
1717941978948 1341.7549259999996 579
1717941989000 1341.775904 580
1717941999050 1341.7811299999994 581
1717942009098 1341.787182 582
1717942019151 1341.7904249999992 583
1717942029197 1341.7976299999991 584
1717942039244 1341.8105030000006 585
1717942049285 1341.8146450000004 586
1717942059338 1341.8170129999999 587
1717942069384 1341.8195329999999 588
1717942079422 1341.8267190000006 589
1717942089471 1341.8343769999992 590
