1717936166067 0.0 0
1717936176084 0.0 1
1717936186098 0.0 2
1717936196109 0.0 3
1717936206123 0.004331999999990899 4
1717936216136 0.004331999999990899 5
1717936226156 0.004406000000003019 6
1717936236172 0.004406000000003019 7
1717936246200 0.004491999999999052 8
1717936256223 0.004553999999998837 9
1717936266248 0.008737999999993917 10
1717936276268 0.008737999999993917 11
1717936286289 0.009264000000001715 12
1717936296335 0.009473999999997318 13
1717936306356 0.009473999999997318 14
1717936316371 0.009473999999997318 15
1717936326392 0.014553999999989742 16
1717936336407 0.014639999999999986 17
1717936346439 0.01477599999999768 18
1717936356461 0.01477599999999768 19
1717936366506 0.01477599999999768 20
1717936376535 0.02603700000000231 21
1717936386560 0.030490999999997825 22
1717936396584 0.030749000000000137 23
1717936406644 0.030749000000000137 24
1717936416658 0.031945999999990704 25
1717936426677 0.03203200000000095 26
1717936436690 0.03203200000000095 27
1717936446703 0.03621599999999603 28
1717936456721 0.03621599999999603 29
1717936466736 0.036535999999998126 30
1717936476750 0.036609999999996035 31
1717936486768 0.036609999999996035 32
1717936496784 0.036609999999996035 33
1717936506796 0.040942000000001144 34
1717936516809 0.040942000000001144 35
1717936526843 0.040942000000001144 36
1717936536857 0.040942000000001144 37
1717936546871 0.04102799999999718 38
1717936556891 0.04108999999999696 39
1717936566906 0.04527399999999204 40
1717936576932 0.04527399999999204 41
1717936586950 0.04527399999999204 42
1717936596968 0.04542200000000207 43
1717936606990 0.04549599999999998 44
1717936617008 0.04549599999999998 45
1717936627030 0.050575999999992405 46
1717936637078 0.05066200000000265 47
1717936647098 0.050724000000002434 48
1717936657123 0.050724000000002434 49
1717936667140 0.050724000000002434 50
1717936677156 0.060969999999997526 51
1717936687171 0.07517999999998892 52
1717936697192 0.07517999999998892 53
1717936707209 0.07526599999999917 54
1717936717224 0.07622899999999788 55
1717936727239 0.07647500000000207 56
1717936737254 0.07673299999999017 57
1717936747270 0.08091699999999946 58
1717936757286 0.08091699999999946 59
1717936767310 0.08108899999999153 60
1717936777333 0.08132299999999759 61
1717936787349 0.08132299999999759 62
1717936797365 0.08132299999999759 63
1717936807381 0.08567899999999895 64
1717936817394 0.08574099999999873 65
1717936827409 0.08574099999999873 66
1717936837423 0.08574099999999873 67
1717936847442 0.11211999999999023 68
1717936857460 0.12458900000000028 69
1717936867504 0.1393679999999904 70
1717936877536 0.15199099999999532 71
1717936887553 0.16562299999999652 72
1717936897568 0.1669689999999946 73
1717936907583 0.16753500000000088 74
1717936917598 0.16778699999998992 75
1717936927614 0.17292899999999634 76
1717936937634 0.1733289999999954 77
1717936947654 0.1733289999999954 78
1717936957669 0.1733289999999954 79
1717936967683 0.17364299999999844 80
1717936977698 0.18048899999999435 81
1717936987715 0.18514999999999304 82
1717936997729 0.18514999999999304 83
1717937007744 0.18640999999999508 84
1717937017766 0.18762499999999704 85
1717937027783 0.18796299999999633 86
1717937037798 0.18796299999999633 87
1717937047815 0.1921469999999914 88
1717937057831 0.1923749999999984 89
1717937067847 0.19246099999999444 90
1717937077863 0.19254699999999048 91
1717937087899 0.19254699999999048 92
1717937097916 0.19254699999999048 93
1717937107933 0.1971190000000007 94
1717937118014 0.1971190000000007 95
1717937128028 0.1971190000000007 96
1717937138049 0.1971190000000007 97
1717937148066 0.1971190000000007 98
1717937158083 0.19720499999999674 99
1717937168109 0.2014509999999916 100
1717937178169 0.2014509999999916 101
1717937188189 0.2014509999999916 102
1717937198241 0.2014509999999916 103
1717937208261 0.20153700000000185 104
1717937218287 0.20153700000000185 105
1717937228310 0.20675299999999197 106
1717937238326 0.20675299999999197 107
1717937248350 0.20683900000000222 108
1717937258419 0.20683900000000222 109
1717937268436 0.20683900000000222 110
1717937278509 0.21756899999999746 111
1717937288590 0.22263199999999017 112
1717937298654 0.22271800000000042 113
1717937308673 0.22280399999999645 114
1717937318742 0.22368099999999913 115
1717937328758 0.22393900000000144 116
1717937338829 0.22393900000000144 117
1717937348850 0.22820899999999256 118
1717937358870 0.22828299999999047 119
1717937368887 0.2283690000000007 120
1717937378904 0.22860299999999256 121
1717937388929 0.22860299999999256 122
1717937398949 0.22860299999999256 123
1717937408965 0.2328729999999979 124
1717937418986 0.2328729999999979 125
1717937429013 0.2328729999999979 126
1717937439031 0.2328729999999979 127
1717937449050 0.2328729999999979 128
1717937459068 0.2330209999999937 129
1717937469099 0.237205000000003 130
1717937479118 0.2372790000000009 131
1717937489133 0.9694049999999947 132
1717937499155 1.7739329999999995 133
1717937509173 2.7292429999999968 134
1717937519192 3.1022159999999985 135
1717937529211 3.147880999999998 136
1717937539232 3.1543009999999896 137
1717937549260 3.401654999999991 138
1717937559282 3.559545 139
1717937569300 3.886743999999993 140
1717937579376 4.03896499999999 141
1717937589402 4.1009969999999925 142
1717937599456 4.132069999999999 143
1717937609472 4.214494999999999 144
1717937619488 4.252239000000003 145
1717937629510 4.332606999999996 146
1717937639578 4.501386999999994 147
1717937649600 4.511238999999989 148
1717937659617 4.516685999999993 149
1717937669633 4.7001750000000015 150
1717937679653 4.90743599999999 151
1717937689670 5.1132300000000015 152
1717937699691 5.207860999999994 153
1717937709714 5.339967999999999 154
1717937719730 5.409955999999994 155
1717937729747 5.517533999999998 156
1717937739779 5.872394 157
1717937749797 5.993090999999993 158
1717937759821 6.080128000000002 159
1717937769849 6.1516929999999945 160
1717937779939 6.228448999999998 161
1717937789979 6.270612 162
1717937800011 6.342708999999999 163
1717937810075 6.352432999999991 164
1717937820099 6.430892 165
1717937830126 6.441839000000002 166
1717937840159 6.518085999999997 167
1717937850227 6.522878999999989 168
1717937860253 6.566088999999991 169
1717937870276 6.572941 170
1717937880299 6.578915999999992 171
1717937890368 6.622816999999998 172
1717937900399 6.641232000000002 173
1717937910429 6.704003999999998 174
1717937920475 6.712063999999998 175
1717937930547 6.716610000000003 176
1717937940575 6.762333999999996 177
1717937950598 6.770609999999991 178
1717937960622 6.828932999999992 179
1717937970664 6.8343149999999895 180
1717937980693 6.889022999999995 181
1717937990721 6.891250999999997 182
1717938000739 6.9334949999999935 183
1717938010763 6.954999999999998 184
1717938020785 6.977508999999998 185
1717938030810 7.010976999999997 186
1717938040839 7.023713000000001 187
1717938050871 7.084160999999995 188
1717938060953 7.095075999999992 189
1717938071028 7.103957999999992 190
1717938081066 7.147662999999994 191
1717938091087 7.2373779999999925 192
1717938101170 7.269064999999998 193
1717938111200 7.277105999999989 194
1717938121267 7.323317000000003 195
1717938131340 7.331154999999995 196
1717938141362 7.401379999999989 197
1717938151383 7.417924999999997 198
1717938161410 7.427060999999995 199
1717938171491 7.445178999999996 200
1717938181514 7.546139999999994 201
1717938191548 7.551675000000003 202
1717938201577 7.628186999999997 203
1717938211604 7.810895000000002 204
1717938221624 7.862544999999997 205
1717938231656 7.874425000000002 206
1717938241731 7.958148999999992 207
1717938251798 7.9661569999999955 208
1717938261867 8.02586199999999 209
1717938271937 8.035932000000003 210
1717938282010 8.040947000000003 211
1717938292046 8.10860199999999 212
1717938302069 8.124887999999999 213
1717938312098 8.152485999999996 214
1717938322121 8.170273999999992 215
1717938332143 8.199620999999993 216
1717938342169 8.209196999999989 217
1717938352187 8.233227999999997 218
1717938362205 8.23397 219
1717938372224 8.276108999999991 220
1717938382245 8.309552999999994 221
1717938392266 8.345379999999992 222
1717938402348 8.374355999999992 223
1717938412413 8.397922999999992 224
1717938422434 8.42597099999999 225
1717938432505 8.449348 226
1717938442579 8.475018999999989 227
1717938452658 8.493927999999997 228
1717938462723 8.496235999999996 229
1717938472747 8.498149999999995 230
1717938482767 8.510739000000001 231
1717938492790 8.51901199999999 232
1717938502828 8.541803000000002 233
1717938512850 8.61178799999999 234
1717938522948 8.613277999999994 235
1717938532983 8.682387999999989 236
1717938543049 8.691772999999998 237
1717938553134 8.697694999999996 238
1717938563175 8.758842000000001 239
1717938573246 8.774574999999999 240
1717938583268 8.822953999999996 241
1717938593293 8.827078999999998 242
1717938603320 8.887115999999992 243
1717938613369 8.907955000000001 244
1717938623407 8.995238999999998 245
1717938633435 9.00309399999999 246
1717938643457 9.084206999999992 247
1717938653481 9.102548999999996 248
1717938663504 9.178188999999989 249
1717938673543 9.18909099999999 250
1717938683566 9.24640199999999 251
1717938693593 9.298991999999998 252
1717938703619 9.317948000000001 253
1717938713652 9.397988999999995 254
1717938723681 9.415404999999993 255
1717938733780 9.492148 256
1717938743807 9.541187999999991 257
1717938753846 9.578029999999998 258
1717938763918 9.608689999999996 259
1717938773965 9.621669999999995 260
1717938784039 9.733114999999998 261
1717938794070 9.74824799999999 262
1717938804112 9.841391000000002 263
1717938814138 9.919196999999997 264
1717938824168 10.00988799999999 265
1717938834201 10.01981099999999 266
1717938844237 10.073669999999993 267
1717938854264 10.164529000000002 268
1717938864287 10.240338999999992 269
1717938874318 10.304942999999994 270
1717938884339 10.30916599999999 271
1717938894376 10.36563799999999 272
1717938904408 10.408136999999996 273
1717938914431 10.412043999999995 274
1717938924473 10.477142999999998 275
1717938934507 10.48140699999999 276
1717938944550 10.522089999999992 277
1717938954587 10.523893000000001 278
1717938964612 10.529454000000001 279
1717938974642 10.560687999999999 280
1717938984675 10.586007999999993 281
1717938994711 10.633161000000001 282
1717939004734 10.639741 283
1717939014764 10.662854999999993 284
1717939024790 10.676554999999993 285
1717939034818 10.690759 286
1717939044855 10.70550999999999 287
1717939054887 10.717288999999994 288
1717939064920 10.728258999999994 289
1717939075009 10.73011799999999 290
1717939085046 10.812432000000001 291
1717939095083 10.824157 292
1717939105112 10.875529 293
1717939115146 10.991298 294
1717939125206 11.276844999999994 295
1717939135279 11.479677999999993 296
1717939145304 11.678494999999998 297
1717939155387 11.8579 298
1717939165427 12.061517999999992 299
1717939175467 12.10243299999999 300
1717939185491 12.111356999999998 301
1717939195522 12.133332999999993 302
1717939205556 12.138937999999996 303
1717939215582 12.146327 304
1717939225671 12.164986999999996 305
1717939235701 12.170132999999993 306
1717939245777 12.323111999999995 307
1717939255869 12.599508999999998 308
1717939265957 12.791184000000001 309
1717939275987 12.89335899999999 310
1717939286013 12.982067999999998 311
1717939296042 13.06393899999999 312
1717939306066 13.119993999999991 313
1717939316103 13.128022000000001 314
1717939326130 13.19509099999999 315
1717939336158 13.205237999999994 316
1717939346182 13.376818999999998 317
1717939356207 13.403972999999993 318
1717939366233 13.476322999999994 319
1717939376331 13.480722 320
1717939386366 13.534369999999996 321
1717939396400 13.537679999999995 322
1717939406473 13.620452 323
1717939416545 13.66968399999999 324
1717939426568 13.720066000000003 325
1717939436660 13.728589 326
1717939446754 13.776293999999993 327
1717939456779 13.785320999999996 328
1717939466802 13.91808499999999 329
1717939476833 13.957825 330
1717939486910 14.01360799999999 331
1717939496938 14.051296999999991 332
1717939506975 14.065467999999996 333
1717939517011 14.06765999999999 334
1717939527050 14.085067999999993 335
1717939537083 14.198695 336
1717939547112 14.264512999999994 337
1717939557189 14.355184999999992 338
1717939567225 14.370978999999991 339
1717939577270 14.416150000000002 340
1717939587349 14.44647599999999 341
1717939597405 14.484060999999997 342
1717939607436 14.495549999999994 343
1717939617465 14.513767999999999 344
1717939627491 14.611004999999992 345
1717939637528 14.639763000000002 346
1717939647550 14.713205000000002 347
1717939657574 14.724453999999994 348
1717939667606 14.778367000000003 349
1717939677631 14.787109999999998 350
1717939687707 14.803734999999989 351
1717939697731 14.810091 352
1717939707765 14.833765999999997 353
1717939717790 14.977649999999997 354
1717939727821 15.106748999999994 355
1717939737862 15.171404999999993 356
1717939747893 15.28796899999999 357
1717939757924 15.304468999999997 358
1717939767953 15.453566999999993 359
1717939777988 15.491530999999995 360
1717939788072 15.561387999999994 361
1717939798106 15.570279999999997 362
1717939808142 15.618493999999998 363
1717939818213 15.62652899999999 364
1717939828308 15.70558299999999 365
1717939838350 15.706725999999989 366
1717939848393 15.802329 367
1717939858427 15.833045999999996 368
1717939868460 15.922341000000003 369
1717939878493 15.941268999999991 370
1717939888533 16.015332 371
1717939898574 16.053568999999996 372
1717939908622 16.11893099999999 373
1717939918659 16.15721599999999 374
1717939928743 16.294620999999992 375
1717939938771 16.301233999999994 376
1717939948800 16.342102999999994 377
1717939958824 16.373869999999997 378
1717939968859 16.389479999999992 379
1717939978882 16.437365999999997 380
1717939988909 16.462256999999994 381
1717939998954 16.530558999999997 382
1717940008977 16.553151999999997 383
1717940019004 16.584925999999996 384
1717940029087 16.593417000000002 385
1717940039131 16.635334 386
1717940049170 16.643327999999997 387
1717940059260 16.670485 388
1717940069297 16.849964 389
1717940079353 17.032585999999995 390
1717940089434 17.078108 391
1717940099515 17.129409999999993 392
1717940109546 17.185463999999996 393
1717940119584 17.226873999999995 394
1717940129659 17.272097000000002 395
1717940139701 17.32352499999999 396
1717940149799 17.340614000000002 397
1717940159893 17.37742 398
1717940169931 17.52301299999999 399
1717940179963 17.67755799999999 400
1717940190002 17.89442299999999 401
1717940200080 18.256632999999994 402
1717940210119 18.261623999999998 403
1717940220164 18.268704999999997 404
1717940230205 18.43867999999999 405
1717940240252 18.45837999999999 406
1717940250334 18.460809999999995 407
1717940260424 18.464513999999994 408
1717940270451 18.471604 409
1717940280479 18.482446999999993 410
1717940290502 18.491715999999997 411
1717940300536 18.509304999999998 412
1717940310566 18.510565999999997 413
1717940320594 18.512783999999996 414
1717940330627 18.515078000000003 415
1717940340666 18.522651999999994 416
1717940350709 18.52841099999999 417
1717940360746 18.56984399999999 418
1717940370776 18.582415999999995 419
1717940380818 18.593777000000003 420
1717940390862 18.598670999999996 421
1717940400950 18.605441999999996 422
1717940410988 18.611683999999997 423
1717940421053 18.638992000000002 424
1717940431095 18.653994999999995 425
1717940441135 18.673175999999998 426
1717940451178 18.68728399999999 427
1717940461210 18.699812999999992 428
1717940471301 18.709148999999996 429
1717940481389 18.732258 430
1717940491463 18.737201999999996 431
1717940501501 18.774478000000002 432
1717940511554 18.800123 433
1717940521593 18.810304000000002 434
1717940531636 18.824879999999993 435
1717940541678 18.839423999999994 436
1717940551711 18.846842999999993 437
1717940561807 18.84966999999999 438
1717940571833 18.852532999999994 439
1717940581856 18.855323999999996 440
1717940591879 18.860828999999995 441
1717940601908 18.881354 442
1717940611944 18.883977 443
1717940621977 18.89052699999999 444
1717940632005 18.89253099999999 445
1717940642043 18.893862 446
1717940652082 18.899132999999992 447
1717940662112 18.934574999999995 448
1717940672143 18.937466999999998 449
1717940682241 18.943257000000003 450
1717940692281 18.948498999999998 451
1717940702323 18.955219 452
1717940712422 18.962131999999997 453
1717940722465 18.977025999999995 454
1717940732505 18.979124 455
1717940742554 18.986981 456
1717940752608 18.98926 457
1717940762662 18.998221 458
1717940772707 19.00705099999999 459
1717940782750 19.02982999999999 460
1717940792782 19.037374 461
1717940802872 19.042799000000002 462
1717940812916 19.088717000000003 463
1717940822953 19.092265999999995 464
1717940833001 19.099564 465
1717940843059 19.13396399999999 466
1717940853111 19.144076 467
1717940863202 19.156762999999998 468
1717940873227 19.16014299999999 469
1717940883253 19.165881 470
1717940893285 19.171544999999995 471
1717940903317 19.19984199999999 472
1717940913356 19.202322999999993 473
1717940923387 19.214300999999992 474
1717940933426 19.214895 475
1717940943472 19.219312000000002 476
1717940953529 19.22798999999999 477
1717940963570 19.25182199999999 478
1717940973613 19.254678 479
1717940983659 19.277603 480
1717940993690 19.27924 481
1717941003778 19.288119999999992 482
1717941013836 19.293020999999996 483
1717941023872 19.307964 484
1717941033914 19.309332999999995 485
1717941044028 19.310181 486
1717941054071 19.31117599999999 487
1717941064111 19.31215499999999 488
1717941074209 19.323453999999998 489
1717941084241 19.34858299999999 490
1717941094342 19.357546 491
1717941104384 19.39226099999999 492
1717941114431 19.413917999999995 493
1717941124474 19.45062 494
1717941134525 19.463055999999995 495
1717941144569 19.482304999999997 496
1717941154675 19.57739199999999 497
1717941164774 19.580123 498
1717941174807 19.581108999999998 499
1717941184839 19.587491 500
1717941194870 19.594082999999998 501
1717941204901 19.623926999999995 502
1717941214940 19.626299000000003 503
1717941224971 19.634053999999992 504
1717941235009 19.635335999999995 505
1717941245038 19.637135 506
1717941255084 19.64245799999999 507
1717941265119 19.675901999999994 508
1717941275156 19.677273 509
1717941285199 19.678079999999994 510
1717941295291 19.680059999999997 511
1717941305379 19.680909 512
1717941315431 19.686965 513
1717941325475 19.715520999999995 514
1717941335517 19.716426999999996 515
1717941345559 19.73427199999999 516
1717941355660 19.73615199999999 517
1717941365757 19.740493999999998 518
1717941375793 19.769115999999997 519
1717941385887 19.798755 520
1717941395975 19.810853999999992 521
1717941406012 19.81630299999999 522
1717941416045 19.823696999999996 523
1717941426091 19.897002999999998 524
1717941436121 19.930285999999995 525
1717941446158 19.953639999999993 526
1717941456244 19.970446999999993 527
1717941466282 19.986193999999998 528
1717941476313 20.106313999999998 529
1717941486346 20.123820999999992 530
1717941496381 20.14405099999999 531
1717941506413 20.201047000000003 532
1717941516451 20.25671299999999 533
1717941526483 20.282640999999998 534
1717941536514 20.502056999999994 535
1717941546566 20.721587999999997 536
1717941556612 20.770077 537
1717941566647 21.519249000000002 538
1717941576740 22.039704999999998 539
1717941586783 22.37035999999999 540
1717941596861 22.468036999999995 541
1717941606942 22.55901399999999 542
1717941617042 22.650948 543
1717941627161 22.800485999999992 544
1717941637192 22.94026199999999 545
1717941647237 23.07149299999999 546
1717941657286 23.214055000000002 547
1717941667330 27.657624 548
1717941677374 27.89530099999999 549
1717941687429 28.262236 550
1717941697475 28.625856999999996 551
1717941707513 28.886855999999995 552
1717941717549 29.085460999999995 553
1717941727583 29.231983999999997 554
1717941737622 29.361549999999994 555
1717941747670 29.508139999999997 556
1717941757712 29.644228 557
1717941767767 29.783523000000002 558
1717941777821 29.911469999999994 559
1717941787857 30.038944 560
1717941797903 30.161890999999997 561
1717941807934 30.31208199999999 562
1717941817961 30.450655999999995 563
1717941828004 30.625407999999993 564
1717941838046 30.771783999999997 565
1717941848085 30.873356 566
1717941858144 30.971086 567
1717941868195 31.091752999999997 568
1717941878240 31.198881999999998 569
1717941888292 31.295901 570
1717941898526 31.387638999999993 571
1717941908558 31.46640099999999 572
1717941918607 31.586767999999992 573
1717941928658 31.727002 574
1717941938704 31.73483999999999 575
1717941948750 31.747097999999994 576
1717941958798 31.756411999999997 577
1717941968848 31.763846 578
1717941978948 31.773594000000003 579
1717941989000 31.805466999999993 580
1717941999050 31.816447999999994 581
1717942009098 31.822693 582
1717942019151 31.826976000000002 583
1717942029197 31.834265000000002 584
1717942039244 31.857249999999993 585
1717942049285 31.862195 586
1717942059338 31.870796999999996 587
1717942069384 31.87392299999999 588
1717942079422 31.881340999999992 589
1717942089471 31.89132699999999 590
