1717936166067 13.8 0
1717936176084 14.6 1
1717936186098 14.7 2
1717936196109 14.7 3
1717936206123 14.7 4
1717936216136 14.7 5
1717936226156 14.7 6
1717936236172 14.7 7
1717936246200 14.7 8
1717936256223 14.7 9
1717936266248 14.7 10
1717936276268 14.7 11
1717936286289 14.7 12
1717936296335 14.7 13
1717936306356 14.7 14
1717936316371 14.6 15
1717936326392 14.7 16
1717936336407 14.7 17
1717936346439 14.7 18
1717936356461 14.7 19
1717936366506 14.7 20
1717936376535 14.7 21
1717936386560 14.7 22
1717936396584 14.7 23
1717936406644 14.7 24
1717936416658 14.7 25
1717936426677 14.7 26
1717936436690 14.7 27
1717936446703 14.7 28
1717936456721 14.7 29
1717936466736 14.8 30
1717936476750 14.7 31
1717936486768 14.8 32
1717936496784 14.8 33
1717936506796 14.8 34
1717936516809 14.8 35
1717936526843 14.8 36
1717936536857 14.8 37
1717936546871 14.8 38
1717936556891 14.8 39
1717936566906 14.7 40
1717936576932 14.7 41
1717936586950 14.7 42
1717936596968 14.7 43
1717936606990 14.7 44
1717936617008 14.7 45
1717936627030 14.7 46
1717936637078 14.7 47
1717936647098 14.7 48
1717936657123 14.7 49
1717936667140 14.7 50
1717936677156 14.7 51
1717936687171 14.7 52
1717936697192 14.7 53
1717936707209 14.7 54
1717936717224 14.7 55
1717936727239 14.7 56
1717936737254 14.7 57
1717936747270 14.7 58
1717936757286 15.3 59
1717936767310 15.3 60
1717936777333 15.3 61
1717936787349 15.3 62
1717936797365 15.3 63
1717936807381 15.3 64
1717936817394 15.3 65
1717936827409 15.3 66
1717936837423 15.3 67
1717936847442 15.4 68
1717936857460 14.9 69
1717936867504 14.8 70
1717936877536 14.7 71
1717936887553 14.7 72
1717936897568 14.7 73
1717936907583 14.7 74
1717936917598 14.7 75
1717936927614 14.7 76
1717936937634 14.7 77
1717936947654 14.7 78
1717936957669 14.7 79
1717936967683 14.7 80
1717936977698 14.7 81
1717936987715 14.7 82
1717936997729 14.7 83
1717937007744 14.8 84
1717937017766 14.7 85
1717937027783 14.7 86
1717937037798 14.7 87
1717937047815 14.7 88
1717937057831 15.3 89
1717937067847 15.3 90
1717937077863 15.3 91
1717937087899 15.3 92
1717937097916 15.3 93
1717937107933 15.3 94
1717937118014 15.3 95
1717937128028 15.4 96
1717937138049 15.3 97
1717937148066 15.3 98
1717937158083 14.7 99
1717937168109 14.8 100
1717937178169 14.7 101
1717937188189 14.7 102
1717937198241 14.7 103
1717937208261 14.7 104
1717937218287 14.7 105
1717937228310 14.8 106
1717937238326 14.7 107
1717937248350 14.8 108
1717937258419 14.7 109
1717937268436 14.7 110
1717937278509 14.8 111
1717937288590 14.7 112
1717937298654 14.8 113
1717937308673 14.7 114
1717937318742 14.7 115
1717937328758 14.7 116
1717937338829 14.8 117
1717937348850 14.8 118
1717937358870 14.8 119
1717937368887 14.8 120
1717937378904 14.8 121
1717937388929 14.8 122
1717937398949 14.8 123
1717937408965 14.8 124
1717937418986 14.9 125
1717937429013 14.9 126
1717937439031 14.9 127
1717937449050 14.8 128
1717937459068 14.8 129
1717937469099 14.9 130
1717937479118 14.9 131
1717937489133 20.0 132
1717937499155 23.2 133
1717937509173 26.0 134
1717937519192 25.9 135
1717937529211 25.7 136
1717937539232 25.4 137
1717937549260 25.0 138
1717937559282 25.0 139
1717937569300 25.7 140
1717937579376 26.1 141
1717937589402 25.5 142
1717937599456 25.5 143
1717937609472 25.6 144
1717937619488 25.6 145
1717937629510 25.5 146
1717937639578 25.4 147
1717937649600 25.3 148
1717937659617 25.6 149
1717937669633 25.8 150
1717937679653 26.3 151
1717937689670 26.9 152
1717937699691 26.8 153
1717937709714 26.8 154
1717937719730 27.0 155
1717937729747 27.1 156
1717937739779 27.7 157
1717937749797 27.5 158
1717937759821 27.3 159
1717937769849 27.4 160
1717937779939 27.4 161
1717937789979 27.3 162
1717937800011 27.3 163
1717937810075 27.3 164
1717937820099 27.3 165
1717937830126 27.2 166
1717937840159 27.3 167
1717937850227 27.3 168
1717937860253 27.3 169
1717937870276 27.4 170
1717937880299 27.3 171
1717937890368 27.3 172
1717937900399 27.3 173
1717937910429 27.3 174
1717937920475 27.3 175
1717937930547 27.3 176
1717937940575 27.2 177
1717937950598 27.3 178
1717937960622 27.4 179
1717937970664 27.4 180
1717937980693 27.3 181
1717937990721 27.4 182
1717938000739 27.5 183
1717938010763 27.5 184
1717938020785 27.5 185
1717938030810 27.5 186
1717938040839 27.5 187
1717938050871 27.7 188
1717938060953 27.6 189
1717938071028 27.7 190
1717938081066 27.8 191
1717938091087 27.9 192
1717938101170 27.8 193
1717938111200 27.7 194
1717938121267 27.7 195
1717938131340 27.7 196
1717938141362 27.8 197
1717938151383 27.8 198
1717938161410 28.1 199
1717938171491 28.0 200
1717938181514 28.0 201
1717938191548 28.0 202
1717938201577 28.2 203
1717938211604 28.3 204
1717938221624 28.4 205
1717938231656 28.4 206
1717938241731 28.4 207
1717938251798 28.3 208
1717938261867 28.4 209
1717938271937 28.4 210
1717938282010 28.4 211
1717938292046 28.4 212
1717938302069 28.0 213
1717938312098 28.0 214
1717938322121 27.9 215
1717938332143 27.9 216
1717938342169 27.8 217
1717938352187 27.8 218
1717938362205 27.9 219
1717938372224 28.2 220
1717938382245 27.7 221
1717938392266 27.7 222
1717938402348 27.5 223
1717938412413 27.7 224
1717938422434 27.6 225
1717938432505 27.6 226
1717938442579 27.6 227
1717938452658 27.4 228
1717938462723 27.4 229
1717938472747 27.4 230
1717938482767 27.6 231
1717938492790 27.6 232
1717938502828 28.0 233
1717938512850 27.9 234
1717938522948 27.8 235
1717938532983 27.7 236
1717938543049 27.8 237
1717938553134 27.7 238
1717938563175 27.9 239
1717938573246 27.8 240
1717938583268 27.8 241
1717938593293 27.8 242
1717938603320 27.9 243
1717938613369 27.9 244
1717938623407 27.9 245
1717938633435 28.4 246
1717938643457 28.4 247
1717938653481 28.3 248
1717938663504 28.4 249
1717938673543 28.5 250
1717938683566 28.8 251
1717938693593 28.8 252
1717938703619 28.6 253
1717938713652 29.1 254
1717938723681 28.8 255
1717938733780 28.5 256
1717938743807 28.1 257
1717938753846 28.2 258
1717938763918 28.3 259
1717938773965 28.2 260
1717938784039 28.2 261
1717938794070 28.2 262
1717938804112 28.4 263
1717938814138 28.3 264
1717938824168 28.2 265
1717938834201 28.2 266
1717938844237 28.3 267
1717938854264 28.4 268
1717938864287 28.4 269
1717938874318 28.5 270
1717938884339 28.4 271
1717938894376 28.3 272
1717938904408 28.3 273
1717938914431 28.2 274
1717938924473 28.3 275
1717938934507 28.4 276
1717938944550 28.3 277
1717938954587 28.3 278
1717938964612 28.4 279
1717938974642 28.4 280
1717938984675 28.5 281
1717938994711 28.5 282
1717939004734 28.4 283
1717939014764 28.5 284
1717939024790 28.6 285
1717939034818 28.5 286
1717939044855 28.5 287
1717939054887 28.6 288
1717939064920 28.5 289
1717939075009 28.4 290
1717939085046 27.8 291
1717939095083 27.4 292
1717939105112 27.5 293
1717939115146 27.7 294
1717939125206 28.5 295
1717939135279 28.5 296
1717939145304 28.7 297
1717939155387 28.8 298
1717939165427 28.0 299
1717939175467 27.9 300
1717939185491 27.8 301
1717939195522 27.7 302
1717939205556 27.7 303
1717939215582 27.8 304
1717939225671 27.7 305
1717939235701 27.8 306
1717939245777 27.9 307
1717939255869 28.2 308
1717939265957 28.9 309
1717939275987 29.3 310
1717939286013 29.6 311
1717939296042 29.4 312
1717939306066 29.2 313
1717939316103 29.2 314
1717939326130 29.3 315
1717939336158 29.2 316
1717939346182 29.4 317
1717939356207 29.3 318
1717939366233 29.4 319
1717939376331 29.3 320
1717939386366 29.3 321
1717939396400 29.2 322
1717939406473 29.2 323
1717939416545 29.3 324
1717939426568 29.3 325
1717939436660 29.3 326
1717939446754 29.3 327
1717939456779 29.3 328
1717939466802 29.4 329
1717939476833 29.3 330
1717939486910 29.4 331
1717939496938 29.4 332
1717939506975 29.4 333
1717939517011 29.5 334
1717939527050 29.3 335
1717939537083 29.4 336
1717939547112 29.4 337
1717939557189 29.5 338
1717939567225 29.5 339
1717939577270 29.6 340
1717939587349 29.7 341
1717939597405 29.8 342
1717939607436 29.7 343
1717939617465 29.9 344
1717939627491 29.6 345
1717939637528 29.7 346
1717939647550 29.9 347
1717939657574 29.7 348
1717939667606 29.6 349
1717939677631 29.6 350
1717939687707 29.4 351
1717939697731 29.4 352
1717939707765 29.5 353
1717939717790 29.4 354
1717939727821 29.7 355
1717939737862 29.5 356
1717939747893 29.6 357
1717939757924 29.5 358
1717939767953 29.7 359
1717939777988 29.8 360
1717939788072 29.6 361
1717939798106 29.5 362
1717939808142 29.5 363
1717939818213 29.5 364
1717939828308 29.6 365
1717939838350 29.5 366
1717939848393 29.6 367
1717939858427 29.6 368
1717939868460 29.6 369
1717939878493 29.6 370
1717939888533 29.6 371
1717939898574 29.6 372
1717939908622 29.6 373
1717939918659 29.5 374
1717939928743 29.5 375
1717939938771 29.6 376
1717939948800 29.6 377
1717939958824 29.7 378
1717939968859 29.7 379
1717939978882 29.5 380
1717939988909 29.5 381
1717939998954 29.5 382
1717940008977 29.6 383
1717940019004 29.6 384
1717940029087 29.5 385
1717940039131 29.6 386
1717940049170 29.6 387
1717940059260 29.3 388
1717940069297 29.0 389
1717940079353 27.8 390
1717940089434 27.6 391
1717940099515 27.8 392
1717940109546 27.4 393
1717940119584 27.8 394
1717940129659 27.6 395
1717940139701 27.6 396
1717940149799 27.3 397
1717940159893 27.5 398
1717940169931 27.6 399
1717940179963 27.5 400
1717940190002 27.1 401
1717940200080 27.0 402
1717940210119 26.9 403
1717940220164 26.8 404
1717940230205 26.8 405
1717940240252 26.9 406
1717940250334 26.7 407
1717940260424 26.6 408
1717940270451 26.7 409
1717940280479 26.7 410
1717940290502 26.7 411
1717940300536 26.7 412
1717940310566 26.7 413
1717940320594 26.7 414
1717940330627 26.7 415
1717940340666 26.7 416
1717940350709 26.6 417
1717940360746 26.7 418
1717940370776 26.6 419
1717940380818 26.6 420
1717940390862 26.5 421
1717940400950 26.6 422
1717940410988 26.6 423
1717940421053 26.6 424
1717940431095 26.6 425
1717940441135 26.6 426
1717940451178 26.6 427
1717940461210 26.4 428
1717940471301 26.5 429
1717940481389 26.6 430
1717940491463 26.5 431
1717940501501 27.1 432
1717940511554 27.4 433
1717940521593 27.1 434
1717940531636 27.4 435
1717940541678 27.1 436
1717940551711 27.1 437
1717940561807 27.0 438
1717940571833 27.1 439
1717940581856 27.1 440
1717940591879 27.1 441
1717940601908 27.1 442
1717940611944 27.1 443
1717940621977 27.1 444
1717940632005 27.1 445
1717940642043 27.1 446
1717940652082 27.1 447
1717940662112 27.2 448
1717940672143 27.0 449
1717940682241 27.1 450
1717940692281 27.0 451
1717940702323 27.0 452
1717940712422 27.0 453
1717940722465 27.0 454
1717940732505 27.0 455
1717940742554 27.0 456
1717940752608 27.0 457
1717940762662 27.0 458
1717940772707 27.1 459
1717940782750 27.2 460
1717940792782 27.1 461
1717940802872 27.1 462
1717940812916 27.1 463
1717940822953 27.2 464
1717940833001 27.1 465
1717940843059 27.2 466
1717940853111 27.2 467
1717940863202 27.2 468
1717940873227 27.4 469
1717940883253 27.4 470
1717940893285 27.4 471
1717940903317 27.5 472
1717940913356 27.5 473
1717940923387 27.5 474
1717940933426 27.2 475
1717940943472 27.2 476
1717940953529 27.2 477
1717940963570 27.3 478
1717940973613 27.1 479
1717940983659 27.1 480
1717940993690 27.1 481
1717941003778 27.1 482
1717941013836 27.0 483
1717941023872 27.1 484
1717941033914 27.1 485
1717941044028 27.1 486
1717941054071 27.0 487
1717941064111 27.0 488
1717941074209 27.1 489
1717941084241 27.2 490
1717941094342 27.3 491
1717941104384 27.3 492
1717941114431 27.3 493
1717941124474 27.5 494
1717941134525 27.2 495
1717941144569 27.2 496
1717941154675 27.2 497
1717941164774 27.2 498
1717941174807 27.3 499
1717941184839 27.3 500
1717941194870 27.3 501
1717941204901 27.4 502
1717941214940 27.4 503
1717941224971 27.4 504
1717941235009 27.4 505
1717941245038 27.3 506
1717941255084 27.4 507
1717941265119 27.4 508
1717941275156 27.2 509
1717941285199 27.2 510
1717941295291 27.2 511
1717941305379 27.2 512
1717941315431 27.2 513
1717941325475 27.2 514
1717941335517 27.2 515
1717941345559 27.3 516
1717941355660 27.2 517
1717941365757 27.2 518
1717941375793 27.2 519
1717941385887 27.3 520
1717941395975 27.2 521
1717941406012 27.2 522
1717941416045 27.3 523
1717941426091 27.4 524
1717941436121 27.5 525
1717941446158 27.5 526
1717941456244 27.4 527
1717941466282 27.3 528
1717941476313 27.7 529
1717941486346 27.7 530
1717941496381 27.8 531
1717941506413 27.6 532
1717941516451 27.6 533
1717941526483 27.6 534
1717941536514 27.6 535
1717941546566 27.7 536
1717941556612 27.7 537
1717941566647 28.1 538
1717941576740 28.3 539
1717941586783 28.3 540
1717941596861 27.8 541
1717941606942 27.8 542
1717941617042 27.6 543
1717941627161 27.6 544
1717941637192 27.7 545
1717941647237 27.9 546
1717941657286 27.8 547
1717941667330 27.9 548
1717941677374 27.9 549
1717941687429 28.0 550
1717941697475 29.8 551
1717941707513 28.5 552
1717941717549 28.1 553
1717941727583 28.0 554
1717941737622 27.9 555
1717941747670 27.9 556
1717941757712 28.0 557
1717941767767 28.0 558
1717941777821 27.8 559
1717941787857 27.7 560
1717941797903 28.0 561
1717941807934 28.0 562
1717941817961 28.0 563
1717941828004 28.2 564
1717941838046 28.1 565
1717941848085 28.1 566
1717941858144 27.9 567
1717941868195 28.0 568
1717941878240 28.1 569
1717941888292 28.0 570
1717941898526 27.9 571
1717941908558 28.0 572
1717941918607 28.0 573
1717941928658 28.2 574
1717941938704 28.2 575
1717941948750 28.1 576
1717941958798 28.1 577
1717941968848 28.0 578
1717941978948 28.1 579
1717941989000 28.0 580
1717941999050 28.0 581
1717942009098 28.0 582
1717942019151 28.0 583
1717942029197 28.0 584
1717942039244 28.1 585
1717942049285 28.0 586
1717942059338 28.1 587
1717942069384 28.1 588
1717942079422 28.0 589
1717942089471 28.0 590
