1717936166067 4612.9 0
1717936176084 4900.3 1
1717936186098 4930.9 2
1717936196109 4921.1 3
1717936206123 4919.8 4
1717936216136 4921.0 5
1717936226156 4916.8 6
1717936236172 4916.5 7
1717936246200 4914.0 8
1717936256223 4920.6 9
1717936266248 4929.4 10
1717936276268 4918.8 11
1717936286289 4925.0 12
1717936296335 4922.7 13
1717936306356 4919.6 14
1717936316371 4909.3 15
1717936326392 4926.9 16
1717936336407 4922.7 17
1717936346439 4929.8 18
1717936356461 4925.5 19
1717936366506 4923.8 20
1717936376535 4933.4 21
1717936386560 4932.9 22
1717936396584 4931.0 23
1717936406644 4924.3 24
1717936416658 4925.2 25
1717936426677 4922.4 26
1717936436690 4925.3 27
1717936446703 4928.8 28
1717936456721 4923.7 29
1717936466736 4951.9 30
1717936476750 4943.9 31
1717936486768 4947.6 32
1717936496784 4953.4 33
1717936506796 4958.4 34
1717936516809 4963.0 35
1717936526843 4960.8 36
1717936536857 4961.0 37
1717936546871 4971.4 38
1717936556891 4972.3 39
1717936566906 4930.9 40
1717936576932 4924.5 41
1717936586950 4924.1 42
1717936596968 4924.0 43
1717936606990 4918.9 44
1717936617008 4923.2 45
1717936627030 4925.7 46
1717936637078 4921.0 47
1717936647098 4923.0 48
1717936657123 4925.0 49
1717936667140 4922.7 50
1717936677156 4944.2 51
1717936687171 4942.3 52
1717936697192 4926.8 53
1717936707209 4935.7 54
1717936717224 4930.0 55
1717936727239 4929.8 56
1717936737254 4933.0 57
1717936747270 4945.7 58
1717936757286 5143.3 59
1717936767310 5146.2 60
1717936777333 5124.9 61
1717936787349 5122.8 62
1717936797365 5140.3 63
1717936807381 5134.9 64
1717936817394 5135.6 65
1717936827409 5143.0 66
1717936837423 5140.2 67
1717936847442 5148.7 68
1717936857460 4981.3 69
1717936867504 4967.3 70
1717936877536 4942.4 71
1717936887553 4944.4 72
1717936897568 4945.4 73
1717936907583 4935.5 74
1717936917598 4930.6 75
1717936927614 4945.0 76
1717936937634 4940.9 77
1717936947654 4940.2 78
1717936957669 4941.7 79
1717936967683 4930.0 80
1717936977698 4944.7 81
1717936987715 4934.0 82
1717936997729 4943.6 83
1717937007744 4950.2 84
1717937017766 4939.8 85
1717937027783 4935.7 86
1717937037798 4938.6 87
1717937047815 4937.2 88
1717937057831 5133.5 89
1717937067847 5130.6 90
1717937077863 5127.3 91
1717937087899 5141.7 92
1717937097916 5142.6 93
1717937107933 5143.4 94
1717937118014 5130.6 95
1717937128028 5150.6 96
1717937138049 5143.7 97
1717937148066 5145.9 98
1717937158083 4942.6 99
1717937168109 4950.9 100
1717937178169 4944.5 101
1717937188189 4940.2 102
1717937198241 4946.1 103
1717937208261 4944.5 104
1717937218287 4940.4 105
1717937228310 4946.8 106
1717937238326 4939.8 107
1717937248350 4948.5 108
1717937258419 4945.6 109
1717937268436 4939.8 110
1717937278509 4968.7 111
1717937288590 4943.4 112
1717937298654 4948.6 113
1717937308673 4946.6 114
1717937318742 4945.5 115
1717937328758 4945.8 116
1717937338829 4955.1 117
1717937348850 4978.8 118
1717937358870 4974.5 119
1717937368887 4965.5 120
1717937378904 4963.5 121
1717937388929 4966.4 122
1717937398949 4977.2 123
1717937408965 4976.8 124
1717937418986 4984.0 125
1717937429013 4987.5 126
1717937439031 4988.9 127
1717937449050 4964.8 128
1717937459068 4959.6 129
1717937469099 4991.3 130
1717937479118 4989.0 131
1717937489133 6696.5 132
1717937499155 7793.6 133
1717937509173 8729.5 134
1717937519192 8681.0 135
1717937529211 8605.1 136
1717937539232 8521.6 137
1717937549260 8399.2 138
1717937559282 8385.1 139
1717937569300 8627.1 140
1717937579376 8739.4 141
1717937589402 8560.4 142
1717937599456 8559.1 143
1717937609472 8594.4 144
1717937619488 8583.5 145
1717937629510 8542.7 146
1717937639578 8517.8 147
1717937649600 8485.9 148
1717937659617 8582.2 149
1717937669633 8663.7 150
1717937679653 8832.4 151
1717937689670 9017.5 152
1717937699691 8990.5 153
1717937709714 9002.4 154
1717937719730 9066.0 155
1717937729747 9093.9 156
1717937739779 9282.5 157
1717937749797 9221.1 158
1717937759821 9157.9 159
1717937769849 9186.2 160
1717937779939 9199.4 161
1717937789979 9166.8 162
1717937800011 9142.9 163
1717937810075 9141.1 164
1717937820099 9166.8 165
1717937830126 9125.6 166
1717937840159 9168.2 167
1717937850227 9141.0 168
1717937860253 9157.0 169
1717937870276 9174.8 170
1717937880299 9150.7 171
1717937890368 9160.5 172
1717937900399 9163.9 173
1717937910429 9157.4 174
1717937920475 9164.6 175
1717937930547 9158.4 176
1717937940575 9138.2 177
1717937950598 9154.4 178
1717937960622 9174.3 179
1717937970664 9177.5 180
1717937980693 9166.3 181
1717937990721 9181.5 182
1717938000739 9221.2 183
1717938010763 9219.5 184
1717938020785 9233.2 185
1717938030810 9225.5 186
1717938040839 9226.9 187
1717938050871 9273.2 188
1717938060953 9258.9 189
1717938071028 9291.0 190
1717938081066 9327.4 191
1717938091087 9366.5 192
1717938101170 9331.6 193
1717938111200 9297.8 194
1717938121267 9288.1 195
1717938131340 9284.5 196
1717938141362 9307.3 197
1717938151383 9307.1 198
1717938161410 9424.4 199
1717938171491 9391.4 200
1717938181514 9399.6 201
1717938191548 9385.8 202
1717938201577 9455.6 203
1717938211604 9490.5 204
1717938221624 9525.4 205
1717938231656 9514.2 206
1717938241731 9508.9 207
1717938251798 9479.7 208
1717938261867 9520.5 209
1717938271937 9522.4 210
1717938282010 9511.6 211
1717938292046 9523.7 212
1717938302069 9388.1 213
1717938312098 9404.8 214
1717938322121 9361.7 215
1717938332143 9353.0 216
1717938342169 9316.5 217
1717938352187 9329.9 218
1717938362205 9340.6 219
1717938372224 9465.5 220
1717938382245 9299.9 221
1717938392266 9273.4 222
1717938402348 9235.4 223
1717938412413 9289.1 224
1717938422434 9240.9 225
1717938432505 9261.6 226
1717938442579 9266.9 227
1717938452658 9198.1 228
1717938462723 9177.6 229
1717938472747 9177.0 230
1717938482767 9247.7 231
1717938492790 9241.7 232
1717938502828 9378.7 233
1717938512850 9354.7 234
1717938522948 9310.7 235
1717938532983 9305.7 236
1717938543049 9312.6 237
1717938553134 9300.2 238
1717938563175 9341.0 239
1717938573246 9323.0 240
1717938583268 9319.9 241
1717938593293 9307.9 242
1717938603320 9369.3 243
1717938613369 9371.9 244
1717938623407 9349.3 245
1717938633435 9512.9 246
1717938643457 9527.2 247
1717938653481 9496.2 248
1717938663504 9523.8 249
1717938673543 9562.8 250
1717938683566 9656.2 251
1717938693593 9643.7 252
1717938703619 9602.8 253
1717938713652 9769.9 254
1717938723681 9645.3 255
1717938733780 9567.6 256
1717938743807 9425.8 257
1717938753846 9456.7 258
1717938763918 9487.4 259
1717938773965 9473.9 260
1717938784039 9460.2 261
1717938794070 9447.5 262
1717938804112 9509.5 263
1717938814138 9492.3 264
1717938824168 9460.4 265
1717938834201 9458.3 266
1717938844237 9478.3 267
1717938854264 9511.1 268
1717938864287 9517.8 269
1717938874318 9565.2 270
1717938884339 9525.6 271
1717938894376 9482.8 272
1717938904408 9484.8 273
1717938914431 9472.2 274
1717938924473 9490.1 275
1717938934507 9514.7 276
1717938944550 9477.9 277
1717938954587 9477.0 278
1717938964612 9530.8 279
1717938974642 9537.3 280
1717938984675 9561.6 281
1717938994711 9551.2 282
1717939004734 9537.2 283
1717939014764 9562.3 284
1717939024790 9591.8 285
1717939034818 9573.4 286
1717939044855 9557.5 287
1717939054887 9585.3 288
1717939064920 9567.3 289
1717939075009 9539.6 290
1717939085046 9336.0 291
1717939095083 9195.1 292
1717939105112 9238.2 293
1717939115146 9279.3 294
1717939125206 9571.2 295
1717939135279 9558.9 296
1717939145304 9609.0 297
1717939155387 9644.5 298
1717939165427 9379.9 299
1717939175467 9363.3 300
1717939185491 9339.9 301
1717939195522 9279.2 302
1717939205556 9273.6 303
1717939215582 9318.5 304
1717939225671 9295.6 305
1717939235701 9311.3 306
1717939245777 9351.3 307
1717939255869 9442.6 308
1717939265957 9682.3 309
1717939275987 9827.8 310
1717939286013 9921.7 311
1717939296042 9846.0 312
1717939306066 9789.1 313
1717939316103 9791.0 314
1717939326130 9826.2 315
1717939336158 9803.5 316
1717939346182 9855.4 317
1717939356207 9829.0 318
1717939366233 9846.9 319
1717939376331 9828.4 320
1717939386366 9828.7 321
1717939396400 9778.8 322
1717939406473 9794.4 323
1717939416545 9836.3 324
1717939426568 9812.8 325
1717939436660 9820.9 326
1717939446754 9839.5 327
1717939456779 9835.9 328
1717939466802 9860.6 329
1717939476833 9836.6 330
1717939486910 9863.6 331
1717939496938 9852.5 332
1717939506975 9865.3 333
1717939517011 9876.7 334
1717939527050 9837.4 335
1717939537083 9865.1 336
1717939547112 9861.8 337
1717939557189 9880.7 338
1717939567225 9905.3 339
1717939577270 9912.5 340
1717939587349 9957.2 341
1717939597405 9990.8 342
1717939607436 9969.2 343
1717939617465 10013.6 344
1717939627491 9928.4 345
1717939637528 9943.7 346
1717939647550 10021.3 347
1717939657574 9963.3 348
1717939667606 9920.9 349
1717939677631 9926.0 350
1717939687707 9875.2 351
1717939697731 9850.5 352
1717939707765 9886.1 353
1717939717790 9869.9 354
1717939727821 9963.8 355
1717939737862 9891.6 356
1717939747893 9921.9 357
1717939757924 9887.1 358
1717939767953 9952.8 359
1717939777988 10010.0 360
1717939788072 9912.5 361
1717939798106 9888.9 362
1717939808142 9899.8 363
1717939818213 9900.6 364
1717939828308 9919.8 365
1717939838350 9898.5 366
1717939848393 9911.2 367
1717939858427 9920.9 368
1717939868460 9930.4 369
1717939878493 9916.8 370
1717939888533 9934.4 371
1717939898574 9931.0 372
1717939908622 9933.0 373
1717939918659 9903.8 374
1717939928743 9895.6 375
1717939938771 9921.1 376
1717939948800 9929.8 377
1717939958824 9957.7 378
1717939968859 9956.3 379
1717939978882 9896.6 380
1717939988909 9898.7 381
1717939998954 9905.9 382
1717940008977 9933.7 383
1717940019004 9925.5 384
1717940029087 9895.5 385
1717940039131 9933.9 386
1717940049170 9911.1 387
1717940059260 9832.4 388
1717940069297 9722.4 389
1717940079353 9316.2 390
1717940089434 9264.8 391
1717940099515 9313.4 392
1717940109546 9174.3 393
1717940119584 9314.2 394
1717940129659 9239.9 395
1717940139701 9256.9 396
1717940149799 9141.2 397
1717940159893 9218.4 398
1717940169931 9271.2 399
1717940179963 9229.3 400
1717940190002 9086.7 401
1717940200080 9058.0 402
1717940210119 9030.3 403
1717940220164 8988.9 404
1717940230205 8997.1 405
1717940240252 9005.6 406
1717940250334 8939.2 407
1717940260424 8921.0 408
1717940270451 8944.1 409
1717940280479 8946.6 410
1717940290502 8945.1 411
1717940300536 8958.9 412
1717940310566 8953.3 413
1717940320594 8941.8 414
1717940330627 8953.6 415
1717940340666 8942.9 416
1717940350709 8928.3 417
1717940360746 8950.0 418
1717940370776 8905.9 419
1717940380818 8922.1 420
1717940390862 8901.5 421
1717940400950 8905.9 422
1717940410988 8915.3 423
1717940421053 8923.8 424
1717940431095 8913.0 425
1717940441135 8923.4 426
1717940451178 8917.0 427
1717940461210 8857.5 428
1717940471301 8891.3 429
1717940481389 8907.0 430
1717940491463 8883.8 431
1717940501501 9074.5 432
1717940511554 9185.9 433
1717940521593 9097.2 434
1717940531636 9180.4 435
1717940541678 9090.4 436
1717940551711 9100.9 437
1717940561807 9060.8 438
1717940571833 9091.8 439
1717940581856 9074.9 440
1717940591879 9079.6 441
1717940601908 9097.3 442
1717940611944 9079.1 443
1717940621977 9078.0 444
1717940632005 9083.5 445
1717940642043 9087.7 446
1717940652082 9098.2 447
1717940662112 9114.0 448
1717940672143 9065.0 449
1717940682241 9074.4 450
1717940692281 9066.9 451
1717940702323 9057.6 452
1717940712422 9064.7 453
1717940722465 9054.2 454
1717940732505 9063.0 455
1717940742554 9061.7 456
1717940752608 9046.1 457
1717940762662 9059.4 458
1717940772707 9094.9 459
1717940782750 9120.9 460
1717940792782 9075.5 461
1717940802872 9095.7 462
1717940812916 9104.8 463
1717940822953 9113.4 464
1717940833001 9103.5 465
1717940843059 9130.9 466
1717940853111 9121.4 467
1717940863202 9115.1 468
1717940873227 9202.1 469
1717940883253 9192.3 470
1717940893285 9195.9 471
1717940903317 9215.6 472
1717940913356 9220.7 473
1717940923387 9215.8 474
1717940933426 9116.8 475
1717940943472 9113.7 476
1717940953529 9136.4 477
1717940963570 9142.2 478
1717940973613 9080.1 479
1717940983659 9080.7 480
1717940993690 9074.0 481
1717941003778 9076.2 482
1717941013836 9068.8 483
1717941023872 9088.4 484
1717941033914 9082.2 485
1717941044028 9079.1 486
1717941054071 9055.4 487
1717941064111 9067.2 488
1717941074209 9097.2 489
1717941084241 9120.7 490
1717941094342 9163.4 491
1717941104384 9165.9 492
1717941114431 9146.2 493
1717941124474 9209.7 494
1717941134525 9138.0 495
1717941144569 9120.5 496
1717941154675 9122.6 497
1717941164774 9106.9 498
1717941174807 9163.0 499
1717941184839 9144.7 500
1717941194870 9163.5 501
1717941204901 9189.7 502
1717941214940 9177.8 503
1717941224971 9174.1 504
1717941235009 9175.3 505
1717941245038 9171.6 506
1717941255084 9173.1 507
1717941265119 9197.5 508
1717941275156 9132.5 509
1717941285199 9127.2 510
1717941295291 9122.4 511
1717941305379 9110.3 512
1717941315431 9123.2 513
1717941325475 9137.0 514
1717941335517 9132.6 515
1717941345559 9141.8 516
1717941355660 9118.6 517
1717941365757 9112.7 518
1717941375793 9138.5 519
1717941385887 9141.4 520
1717941395975 9137.6 521
1717941406012 9133.0 522
1717941416045 9172.1 523
1717941426091 9201.0 524
1717941436121 9223.3 525
1717941446158 9219.8 526
1717941456244 9184.4 527
1717941466282 9169.9 528
1717941476313 9298.7 529
1717941486346 9289.9 530
1717941496381 9307.5 531
1717941506413 9269.4 532
1717941516451 9268.2 533
1717941526483 9266.7 534
1717941536514 9271.0 535
1717941546566 9301.3 536
1717941556612 9287.2 537
1717941566647 9410.0 538
1717941576740 9476.0 539
1717941586783 9489.5 540
1717941596861 9330.3 541
1717941606942 9309.2 542
1717941617042 9245.3 543
1717941627161 9258.4 544
1717941637192 9283.3 545
1717941647237 9361.3 546
1717941657286 9315.5 547
1717941667330 9366.9 548
1717941677374 9361.3 549
1717941687429 9386.0 550
1717941697475 10003.5 551
1717941707513 9560.2 552
1717941717549 9432.9 553
1717941727583 9394.2 554
1717941737622 9344.7 555
1717941747670 9348.0 556
1717941757712 9387.6 557
1717941767767 9388.7 558
1717941777821 9309.6 559
1717941787857 9305.6 560
1717941797903 9375.8 561
1717941807934 9394.1 562
1717941817961 9402.9 563
1717941828004 9450.5 564
1717941838046 9422.3 565
1717941848085 9436.2 566
1717941858144 9371.0 567
1717941868195 9386.5 568
1717941878240 9410.0 569
1717941888292 9402.4 570
1717941898526 9352.1 571
1717941908558 9375.0 572
1717941918607 9383.7 573
1717941928658 9461.3 574
1717941938704 9465.5 575
1717941948750 9417.3 576
1717941958798 9417.1 577
1717941968848 9388.3 578
1717941978948 9430.6 579
1717941989000 9396.0 580
1717941999050 9397.5 581
1717942009098 9404.0 582
1717942019151 9393.2 583
1717942029197 9389.3 584
1717942039244 9425.5 585
1717942049285 9406.9 586
1717942059338 9411.8 587
1717942069384 9407.6 588
1717942079422 9394.1 589
1717942089471 9397.3 590
