1717947857657 0.02 100
1717947878532 0.04 200
1717947900288 0.05 300
1717947921224 0.07 400
1717947942486 0.09 500
1717947963377 0.11 600
1717947984231 0.12 700
1717948005379 0.14 800
1717948026537 0.16 900
1717948047590 0.18 1000
1717948061705 0.18 1000
1717948082949 0.19 1100
1717948103977 0.21 1200
1717948124998 0.23 1300
1717948145974 0.25 1400
1717948166964 0.26 1500
1717948187941 0.28 1600
1717948209093 0.3 1700
1717948229296 0.32 1800
1717948248406 0.33 1900
1717948267290 0.35 2000
1717948279902 0.35 2000
1717948299485 0.37 2100
1717948320668 0.39 2200
1717948340037 0.4 2300
1717948358761 0.42 2400
1717948377417 0.44 2500
1717948396284 0.46 2600
1717948415941 0.47 2700
1717948435749 0.49 2800
1717948455607 0.51 2900
1717948475405 0.53 3000
1717948488572 0.53 3000
1717948510635 0.54 3100
1717948530492 0.56 3200
1717948550318 0.58 3300
1717948570168 0.6 3400
1717948589920 0.61 3500
1717948609705 0.63 3600
1717948629468 0.65 3700
1717948649259 0.67 3800
1717948669032 0.68 3900
1717948688778 0.7 4000
1717948701914 0.7 4000
1717948721757 0.72 4100
1717948741503 0.74 4200
1717948761201 0.75 4300
1717948780586 0.77 4400
1717948800217 0.79 4500
1717948820487 0.81 4600
1717948839758 0.82 4700
1717948858765 0.84 4800
1717948878010 0.86 4900
1717948897740 0.88 5000
1717948911886 0.88 5000
1717948933124 0.89 5100
1717948954285 0.91 5200
1717948975490 0.93 5300
1717948996672 0.95 5400
1717949017913 0.96 5500
1717949039208 0.98 5600
1717949059132 1.0 5700
1717949081416 1.02 5800
1717949101178 1.03 5900
1717949120969 1.05 6000
1717949134120 1.05 6000
1717949156362 1.07 6100
1717949176207 1.09 6200
1717949196075 1.1 6300
1717949215965 1.12 6400
1717949235781 1.14 6500
1717949255614 1.16 6600
1717949275442 1.18 6700
1717949295266 1.19 6800
1717949315069 1.21 6900
1717949334965 1.23 7000
1717949348100 1.23 7000
1717949367954 1.25 7100
1717949387767 1.26 7200
1717949407657 1.28 7300
1717949427480 1.3 7400
1717949447327 1.32 7500
1717949467208 1.33 7600
1717949486579 1.35 7700
1717949505275 1.37 7800
1717949523701 1.39 7900
1717949541757 1.4 8000
1717949553640 1.4 8000
1717949571874 1.42 8100
1717949589833 1.44 8200
1717949607779 1.46 8300
1717949625899 1.47 8400
1717949645022 1.49 8500
1717949664106 1.51 8600
1717949683266 1.53 8700
1717949702483 1.54 8800
1717949721637 1.56 8900
1717949741122 1.58 9000
1717949754010 1.58 9000
1717949775509 1.6 9100
1717949794617 1.61 9200
1717949813620 1.63 9300
1717949832784 1.65 9400
1717949851412 1.67 9500
1717949869598 1.68 9600
1717949887762 1.7 9700
1717949906261 1.72 9800
1717949924396 1.74 9900
1717949942573 1.75 10000
1717949954639 1.75 10000
1717949972838 1.77 10100
1717949991060 1.79 10200
1717950009340 1.81 10300
1717950027208 1.82 10400
1717950045323 1.84 10500
1717950063426 1.86 10600
1717950081451 1.88 10700
1717950099635 1.89 10800
1717950117398 1.91 10900
1717950135198 1.93 11000
1717950147113 1.93 11000
1717950165262 1.95 11100
1717950183341 1.96 11200
1717950201305 1.98 11300
1717950219985 2.0 11400
1717950238520 2.02 11500
1717950257014 2.03 11600
1717950276129 2.05 11700
1717950295724 2.07 11800
1717950314858 2.09 11900
1717950333405 2.1 12000
1717950345332 2.1 12000
1717950365336 2.12 12100
1717950383824 2.14 12200
1717950401851 2.16 12300
1717950420162 2.17 12400
1717950438059 2.19 12500
1717950456193 2.21 12600
1717950474421 2.23 12700
1717950492606 2.24 12800
1717950510769 2.26 12900
1717950528857 2.28 13000
1717950541069 2.28 13000
1717950559222 2.3 13100
1717950577286 2.31 13200
1717950595361 2.33 13300
1717950613515 2.35 13400
1717950631947 2.37 13500
1717950650588 2.39 13600
1717950669336 2.4 13700
1717950688927 2.42 13800
1717950708040 2.44 13900
1717950726751 2.46 14000
1717950739981 2.46 14000
1717950759700 2.47 14100
1717950778507 2.49 14200
1717950797593 2.51 14300
1717950817024 2.53 14400
1717950836440 2.54 14500
1717950855354 2.56 14600
1717950875263 2.58 14700
1717950893406 2.6 14800
1717950911238 2.61 14900
1717950929084 2.63 15000
1717950940950 2.63 15000
1717950960950 2.65 15100
1717950978810 2.67 15200
1717950996620 2.68 15300
1717951014458 2.7 15400
1717951032256 2.72 15500
1717951050041 2.74 15600
1717951067851 2.75 15700
1717951085616 2.77 15800
1717951103414 2.79 15900
1717951121221 2.81 16000
1717951133106 2.81 16000
1717951150962 2.82 16100
1717951168819 2.84 16200
1717951186666 2.86 16300
1717951204512 2.88 16400
1717951222380 2.89 16500
1717951240230 2.91 16600
1717951258083 2.93 16700
1717951275969 2.95 16800
1717951293802 2.96 16900
1717951311656 2.98 17000
1717951323520 2.98 17000
1717951341363 3.0 17100
1717951359194 3.02 17200
1717951377045 3.03 17300
1717951394934 3.05 17400
1717951412800 3.07 17500
1717951430678 3.09 17600
1717951448546 3.1 17700
1717951466398 3.12 17800
1717951484265 3.14 17900
1717951502143 3.16 18000
1717951514014 3.16 18000
1717951534147 3.17 18100
1717951551973 3.19 18200
1717951569807 3.21 18300
1717951587630 3.23 18400
1717951605402 3.24 18500
1717951623186 3.26 18600
1717951640972 3.28 18700
1717951658765 3.3 18800
1717951676563 3.31 18900
1717951694329 3.33 19000
1717951706155 3.33 19000
1717951723927 3.35 19100
1717951741725 3.37 19200
1717951759494 3.38 19300
1717951777275 3.4 19400
1717951795045 3.42 19500
1717951812829 3.44 19600
1717951830618 3.45 19700
1717951848411 3.47 19800
1717951866251 3.49 19900
1717951884081 3.51 20000
1717951895916 3.51 20000
1717951913725 3.53 20100
1717951931545 3.54 20200
1717951949333 3.56 20300
1717951967097 3.58 20400
1717951984873 3.6 20500
1717952002655 3.61 20600
1717952020425 3.63 20700
1717952038195 3.65 20800
1717952055963 3.67 20900
1717952073714 3.68 21000
1717952085524 3.68 21000
1717952105476 3.7 21100
1717952123309 3.72 21200
1717952141137 3.74 21300
1717952158980 3.75 21400
1717952176773 3.77 21500
1717952194555 3.79 21600
1717952212351 3.81 21700
1717952230182 3.82 21800
1717952247977 3.84 21900
1717952265765 3.86 22000
1717952277606 3.86 22000
1717952295415 3.88 22100
1717952313181 3.89 22200
1717952330966 3.91 22300
1717952348748 3.93 22400
1717952366521 3.95 22500
1717952384302 3.96 22600
1717952402110 3.98 22700
1717952419920 4.0 22800
1717952437699 4.02 22900
1717952455516 4.03 23000
1717952467518 4.03 23000
1717952486147 4.05 23100
1717952504371 4.07 23200
1717952521856 4.09 23300
1717952539281 4.1 23400
1717952556710 4.12 23500
1717952574157 4.14 23600
1717952591581 4.16 23700
1717952608980 4.17 23800
1717952626380 4.19 23900
1717952643803 4.21 24000
1717952655324 4.21 24000
1717952675011 4.23 24100
1717952692397 4.24 24200
1717952709795 4.26 24300
1717952727174 4.28 24400
1717952744549 4.3 24500
1717952761914 4.31 24600
1717952779255 4.33 24700
1717952796595 4.35 24800
1717952813930 4.37 24900
1717952831275 4.38 25000
1717952842820 4.38 25000
1717952860245 4.4 25100
1717952877645 4.42 25200
1717952895065 4.44 25300
1717952912478 4.45 25400
1717952929916 4.47 25500
1717952947345 4.49 25600
1717952964791 4.51 25700
1717952982214 4.52 25800
1717952999638 4.54 25900
1717953017074 4.56 26000
1717953028642 4.56 26000
1717953046083 4.58 26100
1717953063534 4.59 26200
1717953080960 4.61 26300
1717953098352 4.63 26400
1717953115781 4.65 26500
1717953133210 4.67 26600
1717953150607 4.68 26700
1717953168013 4.7 26800
1717953185405 4.72 26900
1717953202791 4.74 27000
1717953214308 4.74 27000
1717953233844 4.75 27100
1717953251253 4.77 27200
1717953268651 4.79 27300
1717953286060 4.81 27400
1717953303410 4.82 27500
1717953320783 4.84 27600
1717953338152 4.86 27700
1717953355529 4.88 27800
1717953372903 4.89 27900
1717953390308 4.91 28000
1717953401878 4.91 28000
1717953419305 4.93 28100
1717953436712 4.95 28200
1717953454123 4.96 28300
1717953471551 4.98 28400
1717953488991 5.0 28500
1717953491314 5.0 28510
