1717947857657 1.8688462972640991 100
1717947878532 3.916025161743164 200
1717947900288 11.218303680419922 300
1717947921224 11.389810562133789 400
1717947942486 13.849533081054688 500
1717947963377 14.912206649780273 600
1717947984231 19.207965850830078 700
1717948005379 41.00395584106445 800
1717948026537 20.277009963989258 900
1717948047590 28.0932674407959 1000
1717948082949 25.506319046020508 1100
1717948103977 23.801420211791992 1200
1717948124998 31.446870803833008 1300
1717948145974 39.164306640625 1400
1717948166964 24.76449203491211 1500
1717948187941 34.113685607910156 1600
1717948209093 11.314640045166016 1700
1717948229296 21.338239669799805 1800
1717948248406 28.444927215576172 1900
1717948267290 13.145278930664062 2000
1717948299485 15.726662635803223 2100
1717948320668 24.89004898071289 2200
1717948340037 10.3573579788208 2300
1717948358761 49.163551330566406 2400
1717948377417 11.055578231811523 2500
1717948396284 23.84138298034668 2600
1717948415941 8.416348457336426 2700
1717948435749 12.201261520385742 2800
1717948455607 17.09842872619629 2900
1717948475405 13.063799858093262 3000
1717948510635 6.969627857208252 3100
1717948530492 4.470069885253906 3200
1717948550318 38.1100959777832 3300
1717948570168 25.295818328857422 3400
1717948589920 10.755614280700684 3500
1717948609705 15.499624252319336 3600
1717948629468 17.267536163330078 3700
1717948649259 10.432536125183105 3800
1717948669032 7.13218879699707 3900
1717948688778 21.596820831298828 4000
1717948721757 23.63698959350586 4100
1717948741503 8.874263763427734 4200
1717948761201 36.361385345458984 4300
1717948780586 16.096683502197266 4400
1717948800217 11.689783096313477 4500
1717948820487 17.454669952392578 4600
1717948839758 8.86163330078125 4700
1717948858765 32.868865966796875 4800
1717948878010 8.2914457321167 4900
1717948897740 13.031193733215332 5000
1717948933124 12.115774154663086 5100
1717948954285 11.170915603637695 5200
1717948975490 14.413422584533691 5300
1717948996672 10.667170524597168 5400
1717949017913 9.996678352355957 5500
1717949039208 14.207834243774414 5600
1717949059132 13.664260864257812 5700
1717949081416 5.629868507385254 5800
1717949101178 14.614542961120605 5900
1717949120969 17.619911193847656 6000
1717949156362 5.6232523918151855 6100
1717949176207 13.108442306518555 6200
1717949196075 16.154321670532227 6300
1717949215965 5.4052019119262695 6400
1717949235781 13.793320655822754 6500
1717949255614 23.246200561523438 6600
1717949275442 11.097087860107422 6700
1717949295266 25.62923812866211 6800
1717949315069 14.04985237121582 6900
1717949334965 10.041723251342773 7000
1717949367954 9.867416381835938 7100
1717949387767 12.745911598205566 7200
1717949407657 17.328081130981445 7300
1717949427480 11.439258575439453 7400
1717949447327 15.336418151855469 7500
1717949467208 15.601625442504883 7600
1717949486579 15.300850868225098 7700
1717949505275 19.485828399658203 7800
1717949523701 26.52383804321289 7900
1717949541757 11.5574369430542 8000
1717949571874 13.489090919494629 8100
1717949589833 13.417238235473633 8200
1717949607779 16.953012466430664 8300
1717949625899 19.691457748413086 8400
1717949645022 31.5031795501709 8500
1717949664106 27.596546173095703 8600
1717949683266 12.521707534790039 8700
1717949702483 17.93918228149414 8800
1717949721637 14.669692039489746 8900
1717949741122 9.901850700378418 9000
1717949775509 12.079300880432129 9100
1717949794617 9.366106033325195 9200
1717949813620 8.221516609191895 9300
1717949832784 12.347715377807617 9400
1717949851412 16.999624252319336 9500
1717949869598 7.765329837799072 9600
1717949887762 9.833895683288574 9700
1717949906261 10.406525611877441 9800
1717949924396 16.12220573425293 9900
1717949942573 24.72883415222168 10000
1717949972838 25.918720245361328 10100
1717949991060 10.08089828491211 10200
1717950009340 5.959028720855713 10300
1717950027208 29.281509399414062 10400
1717950045323 20.814573287963867 10500
1717950063426 14.464532852172852 10600
1717950081451 5.92364501953125 10700
1717950099635 14.159066200256348 10800
1717950117398 20.98349380493164 10900
1717950135198 15.399275779724121 11000
1717950165262 5.21227502822876 11100
1717950183341 29.800739288330078 11200
1717950201305 17.349103927612305 11300
1717950219985 12.353877067565918 11400
1717950238520 19.326200485229492 11500
1717950257014 29.052684783935547 11600
1717950276129 19.288318634033203 11700
1717950295724 4.038957595825195 11800
1717950314858 17.848167419433594 11900
1717950333405 30.092065811157227 12000
1717950365336 9.308051109313965 12100
1717950383824 9.624444007873535 12200
1717950401851 15.03181266784668 12300
1717950420162 1.9510616064071655 12400
1717950438059 9.517858505249023 12500
1717950456193 5.374598979949951 12600
1717950474421 12.6541109085083 12700
1717950492606 25.368215560913086 12800
1717950510769 30.024375915527344 12900
1717950528857 4.9173760414123535 13000
1717950559222 15.32806396484375 13100
1717950577286 14.935894966125488 13200
1717950595361 29.431196212768555 13300
1717950613515 12.114713668823242 13400
1717950631947 7.489603519439697 13500
1717950650588 37.83382034301758 13600
1717950669336 10.260085105895996 13700
1717950688927 8.388296127319336 13800
1717950708040 9.444172859191895 13900
1717950726751 26.53876304626465 14000
1717950759700 18.113279342651367 14100
1717950778507 74.97473907470703 14200
1717950797593 13.139066696166992 14300
1717950817024 27.909828186035156 14400
1717950836440 24.312854766845703 14500
1717950855354 15.198518753051758 14600
1717950875263 16.72921371459961 14700
1717950893406 31.244667053222656 14800
1717950911238 31.507558822631836 14900
1717950929084 27.760517120361328 15000
1717950960950 13.585000038146973 15100
1717950978810 6.472803592681885 15200
1717950996620 1.7661272287368774 15300
1717951014458 23.457544326782227 15400
1717951032256 7.2557373046875 15500
1717951050041 11.724518775939941 15600
1717951067851 19.012248992919922 15700
1717951085616 22.69884490966797 15800
1717951103414 14.626900672912598 15900
1717951121221 15.600802421569824 16000
1717951150962 45.57040023803711 16100
1717951168819 26.513277053833008 16200
1717951186666 16.278778076171875 16300
1717951204512 32.72279357910156 16400
1717951222380 29.730968475341797 16500
1717951240230 23.177106857299805 16600
1717951258083 6.300881862640381 16700
1717951275969 24.358430862426758 16800
1717951293802 12.181212425231934 16900
1717951311656 15.13755989074707 17000
1717951341363 36.3292350769043 17100
1717951359194 45.85405731201172 17200
1717951377045 4.287984371185303 17300
1717951394934 7.871941089630127 17400
1717951412800 20.435094833374023 17500
1717951430678 18.870214462280273 17600
1717951448546 0.9596961736679077 17700
1717951466398 10.29220199584961 17800
1717951484265 0.3334360718727112 17900
1717951502143 10.35085391998291 18000
1717951534147 46.17158508300781 18100
1717951551973 32.347434997558594 18200
1717951569807 5.292675495147705 18300
1717951587630 12.952065467834473 18400
1717951605402 2.009458303451538 18500
1717951623186 5.857402801513672 18600
1717951640972 3.9931070804595947 18700
1717951658765 66.75355529785156 18800
1717951676563 62.50690841674805 18900
1717951694329 95.97531127929688 19000
1717951723927 57.115020751953125 19100
1717951741725 85.87338256835938 19200
1717951759494 75.94892883300781 19300
1717951777275 1.142494559288025 19400
1717951795045 5.3038835525512695 19500
1717951812829 66.52294158935547 19600
1717951830618 84.70054626464844 19700
1717951848411 0.43753868341445923 19800
1717951866251 73.37144470214844 19900
1717951884081 21.682538986206055 20000
1717951913725 47.666709899902344 20100
1717951931545 58.60200500488281 20200
1717951949333 25.344446182250977 20300
1717951967097 71.98129272460938 20400
1717951984873 18.56825065612793 20500
1717952002655 5.4767913818359375 20600
1717952020425 12.883113861083984 20700
1717952038195 11.023468971252441 20800
1717952055963 0.22141790390014648 20900
1717952073714 1.7723073959350586 21000
1717952105476 44.69413375854492 21100
1717952123309 7.412409782409668 21200
1717952141137 26.67222785949707 21300
1717952158980 50.6297721862793 21400
1717952176773 0.2822655141353607 21500
1717952194555 62.18009948730469 21600
1717952212351 35.11643981933594 21700
1717952230182 8.119876861572266 21800
1717952247977 101.26165008544922 21900
1717952265765 11.501609802246094 22000
1717952295415 0.290006548166275 22100
1717952313181 19.543882369995117 22200
1717952330966 1.5430257320404053 22300
1717952348748 21.688358306884766 22400
1717952366521 25.66411590576172 22500
1717952384302 2.9217777252197266 22600
1717952402110 65.09736633300781 22700
1717952419920 0.7627971172332764 22800
1717952437699 21.36639404296875 22900
1717952455516 114.2061996459961 23000
1717952486147 25.700572967529297 23100
1717952504371 0.31702664494514465 23200
1717952521856 9.081915855407715 23300
1717952539281 3.5744616985321045 23400
1717952556710 1.2601885795593262 23500
1717952574157 71.71961975097656 23600
1717952591581 105.71338653564453 23700
1717952608980 100.4667739868164 23800
1717952626380 0.32603681087493896 23900
1717952643803 54.6540641784668 24000
1717952675011 7.05482292175293 24100
1717952692397 53.272186279296875 24200
1717952709795 26.561199188232422 24300
1717952727174 4.5803399085998535 24400
1717952744549 50.64889144897461 24500
1717952761914 0.16679055988788605 24600
1717952779255 2.0344960689544678 24700
1717952796595 9.88792610168457 24800
1717952813930 0.11660541594028473 24900
1717952831275 102.15172576904297 25000
1717952860245 19.307106018066406 25100
1717952877645 0.22085723280906677 25200
1717952895065 53.99728775024414 25300
1717952912478 0.8267073631286621 25400
1717952929916 0.10614755004644394 25500
1717952947345 32.48496627807617 25600
1717952964791 79.1436767578125 25700
1717952982214 45.10053253173828 25800
1717952999638 0.6209848523139954 25900
1717953017074 0.32513707876205444 26000
1717953046083 162.40235900878906 26100
1717953063534 0.11438708752393723 26200
1717953080960 0.3242158889770508 26300
1717953098352 21.01723289489746 26400
1717953115781 73.07489776611328 26500
1717953133210 97.74698638916016 26600
1717953150607 6.110455513000488 26700
1717953168013 22.227991104125977 26800
1717953185405 36.61428451538086 26900
1717953202791 74.97425842285156 27000
1717953233844 37.26884460449219 27100
1717953251253 90.96797943115234 27200
1717953268651 190.59519958496094 27300
1717953286060 31.714590072631836 27400
1717953303410 0.10017376393079758 27500
1717953320783 12.085115432739258 27600
1717953338152 21.998300552368164 27700
1717953355529 199.87490844726562 27800
1717953372903 0.3741587996482849 27900
1717953390308 0.10090047121047974 28000
1717953419305 62.256690979003906 28100
1717953436712 0.16606612503528595 28200
1717953454123 130.28237915039062 28300
1717953471551 47.22730255126953 28400
1717953488991 115.30451202392578 28500
