1717947857657 1.052262364082778e-06 100
1717947878532 2.104524728165556e-06 200
1717947900288 3.156787092248334e-06 300
1717947921224 4.209049456331112e-06 400
1717947942486 5.26131182041389e-06 500
1717947963377 6.313574184496668e-06 600
1717947984231 7.365836548579446e-06 700
1717948005379 8.418098912662223e-06 800
1717948026537 9.470361276745002e-06 900
1717948047590 1.052262364082778e-05 1000
1717948082949 1.1574886004910558e-05 1100
1717948103977 1.2627148368993337e-05 1200
1717948124998 1.3679410733076115e-05 1300
1717948145974 1.4731673097158892e-05 1400
1717948166964 1.578393546124167e-05 1500
1717948187941 1.6836197825324447e-05 1600
1717948209093 1.7888460189407227e-05 1700
1717948229296 1.8940722553490003e-05 1800
1717948248406 1.9992984917572783e-05 1900
1717948267290 2.104524728165556e-05 2000
1717948299485 2.209750964573834e-05 2100
1717948320668 2.3149772009821117e-05 2200
1717948340037 2.4202034373903893e-05 2300
1717948358761 2.5254296737986673e-05 2400
1717948377417 2.630655910206945e-05 2500
1717948396284 2.735882146615223e-05 2600
1717948415941 2.8411083830235007e-05 2700
1717948435749 2.9463346194317783e-05 2800
1717948455607 2.9999730056787032e-05 2900
1717948475405 2.9997504014561394e-05 3000
1717948510635 2.999302977797846e-05 3100
1717948530492 2.9986308017746726e-05 3200
1717948550318 2.9977339741488758e-05 3300
1717948570168 2.996612629359013e-05 3400
1717948589920 2.9952669354997906e-05 3500
1717948609705 2.9936970942968644e-05 3600
1717948629468 2.991903341076602e-05 3700
1717948649259 2.989885944730804e-05 3800
1717948669032 2.9876452076763977e-05 3900
1717948688778 2.9851814658101038e-05 4000
1717948721757 2.982495088458081e-05 4100
1717948741503 2.9795864783205656e-05 4200
1717948761201 2.9764560714115026e-05 4300
1717948780586 2.9731043369931873e-05 4400
1717948800217 2.969531777505919e-05 4500
1717948820487 2.9657389284926828e-05 4600
1717948839758 2.9617263585188718e-05 4700
1717948858765 2.957494669087053e-05 4800
1717948878010 2.9530444945468023e-05 4900
1717948897740 2.9483765019996095e-05 5000
1717948933124 2.9434913911988818e-05 5100
1717948954285 2.9383898944450406e-05 5200
1717948975490 2.9330727764757528e-05 5300
1717948996672 2.9275408343512897e-05 5400
1717949017913 2.9217948973350434e-05 5500
1717949039208 2.9158358267692203e-05 5600
1717949059132 2.9096645159457173e-05 5700
1717949081416 2.903281889972216e-05 5800
1717949101178 2.8966889056335045e-05 5900
1717949120969 2.889886551248051e-05 6000
1717949156362 2.882875846519849e-05 6100
1717949176207 2.875657842385561e-05 6200
1717949196075 2.8682336208569774e-05 6300
1717949215965 2.860604294858817e-05 6400
1717949235781 2.8527710080618968e-05 6500
1717949255614 2.8447349347116872e-05 6600
1717949275442 2.8364972794522922e-05 6700
1717949295266 2.8280592771458624e-05 6800
1717949315069 2.8194221926874865e-05 6900
1717949334965 2.8105873208155773e-05 7000
1717949367954 2.8015559859177842e-05 7100
1717949387767 2.792329541832462e-05 7200
1717949407657 2.7829093716457226e-05 7300
1717949427480 2.773296887484108e-05 7400
1717949447327 2.7634935303029006e-05 7500
1717949467208 2.7535007696701224e-05 7600
1717949486579 2.7433201035462362e-05 7700
1717949505275 2.7329530580595978e-05 7800
1717949523701 2.72240118727768e-05 7900
1717949541757 2.711666072974112e-05 8000
1717949571874 2.7007493243915635e-05 8100
1717949589833 2.6896525780005124e-05 8200
1717949607779 2.678377497253931e-05 8300
1717949625899 2.6669257723379247e-05 8400
1717949645022 2.6552991199183674e-05 8500
1717949664106 2.643499282883566e-05 8600
1717949683266 2.63152803008299e-05 8700
1717949702483 2.6193871560621174e-05 8800
1717949721637 2.607078480793421e-05 8900
1717949741122 2.594603849403546e-05 9000
1717949775509 2.5819651318967202e-05 9100
1717949794617 2.5691642228744288e-05 9200
1717949813620 2.5562030412514057e-05 9300
1717949832784 2.543083529967981e-05 9400
1717949851412 2.5298076556988228e-05 9500
1717949869598 2.516377408558125e-05 9600
1717949887762 2.502794801801282e-05 9700
1717949906261 2.4890618715230878e-05 9800
1717949924396 2.4751806763525215e-05 9900
1717949942573 2.4611532971441447e-05 10000
1717949972838 2.4469818366661755e-05 10100
1717949991060 2.4326684192852714e-05 10200
1717950009340 2.4182151906480782e-05 10300
1717950027208 2.4036243173595892e-05 10400
1717950045323 2.388897986658358e-05 10500
1717950063426 2.3740384060886233e-05 10600
1717950081451 2.3590478031693876e-05 10700
1717950099635 2.3439284250605032e-05 10800
1717950117398 2.328682538225811e-05 10900
1717950135198 2.3133124280933865e-05 11000
1717950165262 2.297820398712947e-05 11100
1717950183341 2.2822087724104608e-05 11200
1717950201305 2.2664798894400217e-05 11300
1717950219985 2.2506361076330325e-05 11400
1717950238520 2.234679802044758e-05 11500
1717950257014 2.2186133645982902e-05 11600
1717950276129 2.2024392037259916e-05 11700
1717950295724 2.1861597440084556e-05 11800
1717950314858 2.1697774258110566e-05 11900
1717950333405 2.1532947049181227e-05 12000
1717950365336 2.136714052164806e-05 12100
1717950383824 2.1200379530666904e-05 12200
1717950401851 2.1032689074472044e-05 12300
1717950420162 2.086409429062883e-05 12400
1717950438059 2.0694620452265485e-05 12500
1717950456193 2.052429296428448e-05 12600
1717950474421 2.0353137359554296e-05 12700
1717950492606 2.0181179295081883e-05 12800
1717950510769 2.000844454816658e-05 12900
1717950528857 1.9834959012535956e-05 13000
1717950559222 1.9660748694464256e-05 13100
1717950577286 1.948583970887391e-05 13200
1717950595361 1.9310258275420812e-05 13300
1717950613515 1.9134030714563857e-05 13400
1717950631947 1.8957183443619387e-05 13500
1717950650588 1.877974297280111e-05 13600
1717950669336 1.8601735901246123e-05 13700
1717950688927 1.8423188913027555e-05 13800
1717950708040 1.82441287731545e-05 13900
1717950726751 1.806458232355983e-05 14000
1717950759700 1.788457647907648e-05 14100
1717950778507 1.7704138223402767e-05 14200
1717950797593 1.7523294605057416e-05 14300
1717950817024 1.734207273332487e-05 14400
1717950836440 1.7160499774191495e-05 14500
1717950855354 1.697860294627325e-05 14600
1717950875263 1.679640951673551e-05 14700
1717950893406 1.661394679720558e-05 14800
1717950911238 1.6431242139678567e-05 14900
1717950929084 1.6248322932417204e-05 15000
1717950960950 1.6065216595846184e-05 15100
1717950978810 1.588195057844176e-05 15200
1717950996620 1.5698552352617052e-05 15300
1717951014458 1.551504941060385e-05 15400
1717951032256 1.5331469260331357e-05 15500
1717951050041 1.5147839421302652e-05 15600
1717951067851 1.4964187420469397e-05 15700
1717951085616 1.47805407881054e-05 15800
1717951103414 1.4596927053679708e-05 15900
1717951121221 1.4413373741729824e-05 16000
1717951150962 1.4229908367735645e-05 16100
1717951168819 1.4046558433994761e-05 16200
1717951186666 1.3863351425499748e-05 16300
1717951204512 1.3680314805818032e-05 16400
1717951222380 1.3497476012974964e-05 16500
1717951240230 1.331486245534078e-05 16600
1717951258083 1.31325015075219e-05 16700
1717951275969 1.2950420506257395e-05 16800
1717951293802 1.2768646746321061e-05 16900
1717951311656 1.2587207476429812e-05 17000
1717951341363 1.2406129895158988e-05 17100
1717951359194 1.2225441146865142e-05 17200
1717951377045 1.2045168317617e-05 17300
1717951394934 1.1865338431135112e-05 17400
1717951412800 1.1685978444740884e-05 17500
1717951430678 1.1507115245315561e-05 17600
1717951448546 1.1328775645269746e-05 17700
1717951466398 1.11509863785241e-05 17800
1717951484265 1.097377409650182e-05 17900
1717951502143 1.079716536413344e-05 18000
1717951534147 1.0621186655874666e-05 18100
1717951551973 1.04458643517377e-05 18200
1717951569807 1.0271224733336758e-05 18300
1717951587630 1.0097293979948366e-05 18400
1717951605402 9.924098164586933e-06 18500
1717951623186 9.751663250096304e-06 18600
1717951640972 9.58001508525781e-06 18700
1717951658765 9.409179400915407e-06 18800
1717951676563 9.239181806118534e-06 18900
1717951694329 9.070047784283157e-06 19000
1717951723927 8.901802689371717e-06 19100
1717951741725 8.734471742092456e-06 19200
1717951759494 8.568080026118697e-06 19300
1717951777275 8.402652484328712e-06 19400
1717951795045 8.238213915066653e-06 19500
1717951812829 8.074788968425174e-06 19600
1717951830618 7.912402142550274e-06 19700
1717951848411 7.751077779968892e-06 19800
1717951866251 7.590840063939881e-06 19900
1717951884081 7.4317130148288085e-06 20000
1717951913725 7.273720486507188e-06 20100
1717951931545 7.116886162776698e-06 20200
1717951949333 6.961233553818853e-06 20300
1717951967097 6.80678599267072e-06 20400
1717951984873 6.653566631727212e-06 20500
1717952002655 6.5015984392703955e-06 20600
1717952020425 6.3509041960264825e-06 20700
1717952038195 6.2015064917508835e-06 20800
1717952055963 6.053427721841871e-06 20900
1717952073714 5.906690083983467e-06 21000
1717952105476 5.761315574817843e-06 21100
1717952123309 5.617325986647963e-06 21200
1717952141137 5.474742904170818e-06 21300
1717952158980 5.333587701241748e-06 21400
1717952176773 5.193881537670447e-06 21500
1717952194555 5.05564535604899e-06 21600
1717952212351 4.918899878612419e-06 21700
1717952230182 4.783665604132447e-06 21800
1717952247977 4.649962804844527e-06 21900
1717952265765 4.517811523409005e-06 22000
1717952295415 4.3872315699066105e-06 22100
1717952313181 4.258242518868826e-06 22200
1717952330966 4.130863706343607e-06 22300
1717952348748 4.00511422699679e-06 22400
1717952366521 3.881012931249718e-06 22500
1717952384302 3.7585784224535084e-06 22600
1717952402110 3.6378290541002716e-06 22700
1717952419920 3.5187829270718878e-06 22800
1717952437699 3.40145788692658e-06 22900
1717952455516 3.285871521223775e-06 23000
1717952486147 3.1720411568876686e-06 23100
1717952504371 3.0599838576098367e-06 23200
1717952521856 2.94971642129128e-06 23300
1717952539281 2.8412553775243977e-06 23400
1717952556710 2.7346169851150687e-06 23500
1717952574157 2.629817229645421e-06 23600
1717952591581 2.526871821077504e-06 23700
1717952608980 2.4257961913982905e-06 23800
1717952626380 2.3266054923063675e-06 23900
1717952643803 2.2293145929406106e-06 24000
1717952675011 2.1339380776512328e-06 24100
1717952692397 2.04049024381355e-06 24200
1717952709795 1.948985099684692e-06 24300
1717952727174 1.8594363623037457e-06 24400
1717952744549 1.7718574554354877e-06 24500
1717952761914 1.6862615075580906e-06 24600
1717952779255 1.602661349895138e-06 24700
1717952796595 1.5210695144921267e-06 24800
1717952813930 1.441498232337871e-06 24900
1717952831275 1.3639594315310438e-06 25000
1717952860245 1.2884647354920576e-06 25100
1717952877645 1.215025461220698e-06 25200
1717952895065 1.1436526175996336e-06 25300
1717952912478 1.0743569037441336e-06 25400
1717952929916 1.0071487073982444e-06 25500
1717952947345 9.420381033775843e-07 25600
1717952964791 8.790348520591052e-07 25700
1717952982214 8.181483979179738e-07 25800
1717952999638 7.593878681117749e-07 25900
1717953017074 7.027620711123372e-07 26000
1717953046083 6.482794953852861e-07 26100
1717953063534 5.959483081175832e-07 26200
1717953080960 5.457763539932459e-07 26300
1717953098352 4.97771154017368e-07 26400
1717953115781 4.519399043886996e-07 26500
1717953133210 4.082894754209171e-07 26600
1717953150607 3.668264105127017e-07 26700
1717953168013 3.2755692516688086e-07 26800
1717953185405 2.9048690605868345e-07 26900
1717953202791 2.556219101532975e-07 27000
1717953233844 2.2296716387287309e-07 27100
1717953251253 1.9252756231303237e-07 27200
1717953268651 1.6430766850908997e-07 27300
1717953286060 1.3831171275203335e-07 27400
1717953303410 1.1454359195437359e-07 27500
1717953320783 9.300686906598577e-08 27600
1717953338152 7.37047725400064e-08 27700
1717953355529 5.664019584887214e-08 27800
1717953372903 4.181569705057675e-08 27900
1717953390308 2.923349840520617e-08 28000
1717953419305 1.8895486041808353e-08 28100
1717953436712 1.0803209675661064e-08 28200
1717953454123 4.957882375954403e-09 28300
1717953471551 1.3603803839495887e-09 28400
1717953488991 1.1242981629022708e-11 28500
