1717947857657 1.1303 100
1717947878532 1.063 200
1717947900288 1.0193 300
1717947921224 0.9731 400
1717947942486 0.8398 500
1717947963377 0.8007 600
1717947984231 0.7834 700
1717948005379 0.779 800
1717948026537 0.7166 900
1717948047590 0.7536 1000
1717948082949 0.7558 1100
1717948103977 0.7186 1200
1717948124998 0.7577 1300
1717948145974 0.7294 1400
1717948166964 0.7309 1500
1717948187941 0.7139 1600
1717948209093 0.7205 1700
1717948229296 0.7469 1800
1717948248406 0.6837 1900
1717948267290 0.7132 2000
1717948299485 0.7347 2100
1717948320668 0.6928 2200
1717948340037 0.7251 2300
1717948358761 0.7554 2400
1717948377417 0.7492 2500
1717948396284 0.733 2600
1717948415941 0.7507 2700
1717948435749 0.7711 2800
1717948455607 0.727 2900
1717948475405 0.725 3000
1717948510635 0.7382 3100
1717948530492 0.7313 3200
1717948550318 0.6885 3300
1717948570168 0.7167 3400
1717948589920 0.7349 3500
1717948609705 0.7787 3600
1717948629468 0.6965 3700
1717948649259 0.7517 3800
1717948669032 0.7082 3900
1717948688778 0.7558 4000
1717948721757 0.6977 4100
1717948741503 0.735 4200
1717948761201 0.6836 4300
1717948780586 0.7148 4400
1717948800217 0.6888 4500
1717948820487 0.7034 4600
1717948839758 0.6595 4700
1717948858765 0.6964 4800
1717948878010 0.6649 4900
1717948897740 0.7257 5000
1717948933124 0.7267 5100
1717948954285 0.7092 5200
1717948975490 0.6918 5300
1717948996672 0.6585 5400
1717949017913 0.6842 5500
1717949039208 0.7001 5600
1717949059132 0.6976 5700
1717949081416 0.6212 5800
1717949101178 0.6433 5900
1717949120969 0.5808 6000
1717949156362 0.6138 6100
1717949176207 0.6599 6200
1717949196075 0.56 6300
1717949215965 0.6177 6400
1717949235781 0.6562 6500
1717949255614 0.6272 6600
1717949275442 0.6331 6700
1717949295266 0.6737 6800
1717949315069 0.6564 6900
1717949334965 0.6427 7000
1717949367954 0.6752 7100
1717949387767 0.6088 7200
1717949407657 0.6495 7300
1717949427480 0.6251 7400
1717949447327 0.5592 7500
1717949467208 0.61 7600
1717949486579 0.6114 7700
1717949505275 0.557 7800
1717949523701 0.6149 7900
1717949541757 0.6397 8000
1717949571874 0.5696 8100
1717949589833 0.6186 8200
1717949607779 0.5851 8300
1717949625899 0.5935 8400
1717949645022 0.625 8500
1717949664106 0.603 8600
1717949683266 0.6122 8700
1717949702483 0.6606 8800
1717949721637 0.612 8900
1717949741122 0.613 9000
1717949775509 0.6133 9100
1717949794617 0.5836 9200
1717949813620 0.6311 9300
1717949832784 0.6273 9400
1717949851412 0.5837 9500
1717949869598 0.596 9600
1717949887762 0.5716 9700
1717949906261 0.6257 9800
1717949924396 0.5877 9900
1717949942573 0.6141 10000
1717949972838 0.5842 10100
1717949991060 0.6352 10200
1717950009340 0.5991 10300
1717950027208 0.5857 10400
1717950045323 0.5969 10500
1717950063426 0.5835 10600
1717950081451 0.6344 10700
1717950099635 0.6064 10800
1717950117398 0.5915 10900
1717950135198 0.6137 11000
1717950165262 0.5726 11100
1717950183341 0.6026 11200
1717950201305 0.6533 11300
1717950219985 0.5886 11400
1717950238520 0.524 11500
1717950257014 0.4818 11600
1717950276129 0.4872 11700
1717950295724 0.4841 11800
1717950314858 0.5011 11900
1717950333405 0.4766 12000
1717950365336 0.4678 12100
1717950383824 0.4435 12200
1717950401851 0.5019 12300
1717950420162 0.4694 12400
1717950438059 0.4983 12500
1717950456193 0.4999 12600
1717950474421 0.4614 12700
1717950492606 0.5054 12800
1717950510769 0.5113 12900
1717950528857 0.4687 13000
1717950559222 0.4551 13100
1717950577286 0.5485 13200
1717950595361 0.4609 13300
1717950613515 0.4918 13400
1717950631947 0.4868 13500
1717950650588 0.4848 13600
1717950669336 0.4681 13700
1717950688927 0.4808 13800
1717950708040 0.4911 13900
1717950726751 0.4984 14000
1717950759700 0.4776 14100
1717950778507 0.4304 14200
1717950797593 0.515 14300
1717950817024 0.4995 14400
1717950836440 0.455 14500
1717950855354 0.5099 14600
1717950875263 0.4322 14700
1717950893406 0.4931 14800
1717950911238 0.4792 14900
1717950929084 0.5119 15000
1717950960950 0.5049 15100
1717950978810 0.5104 15200
1717950996620 0.4809 15300
1717951014458 0.4957 15400
1717951032256 0.4799 15500
1717951050041 0.4956 15600
1717951067851 0.5379 15700
1717951085616 0.4501 15800
1717951103414 0.4735 15900
1717951121221 0.4934 16000
1717951150962 0.4481 16100
1717951168819 0.4994 16200
1717951186666 0.4391 16300
1717951204512 0.5266 16400
1717951222380 0.4146 16500
1717951240230 0.4627 16600
1717951258083 0.4122 16700
1717951275969 0.4849 16800
1717951293802 0.4915 16900
1717951311656 0.4423 17000
1717951341363 0.4797 17100
1717951359194 0.3747 17200
1717951377045 0.3592 17300
1717951394934 0.3115 17400
1717951412800 0.4169 17500
1717951430678 0.353 17600
1717951448546 0.4082 17700
1717951466398 0.3965 17800
1717951484265 0.4037 17900
1717951502143 0.4037 18000
1717951534147 0.4168 18100
1717951551973 0.3853 18200
1717951569807 0.3785 18300
1717951587630 0.4042 18400
1717951605402 0.4176 18500
1717951623186 0.4046 18600
1717951640972 0.389 18700
1717951658765 0.3769 18800
1717951676563 0.4025 18900
1717951694329 0.3898 19000
1717951723927 0.3797 19100
1717951741725 0.3264 19200
1717951759494 0.3953 19300
1717951777275 0.3697 19400
1717951795045 0.3832 19500
1717951812829 0.4077 19600
1717951830618 0.4414 19700
1717951848411 0.3789 19800
1717951866251 0.4276 19900
1717951884081 0.381 20000
1717951913725 0.3991 20100
1717951931545 0.4103 20200
1717951949333 0.3755 20300
1717951967097 0.3493 20400
1717951984873 0.3348 20500
1717952002655 0.4003 20600
1717952020425 0.4304 20700
1717952038195 0.3444 20800
1717952055963 0.2982 20900
1717952073714 0.3717 21000
1717952105476 0.3227 21100
1717952123309 0.3982 21200
1717952141137 0.3646 21300
1717952158980 0.4065 21400
1717952176773 0.4133 21500
1717952194555 0.3125 21600
1717952212351 0.3901 21700
1717952230182 0.3838 21800
1717952247977 0.3876 21900
1717952265765 0.3734 22000
1717952295415 0.4068 22100
1717952313181 0.3915 22200
1717952330966 0.421 22300
1717952348748 0.3443 22400
1717952366521 0.3895 22500
1717952384302 0.346 22600
1717952402110 0.3785 22700
1717952419920 0.4005 22800
1717952437699 0.2502 22900
1717952455516 0.2499 23000
1717952486147 0.3905 23100
1717952504371 0.2984 23200
1717952521856 0.3189 23300
1717952539281 0.3263 23400
1717952556710 0.3488 23500
1717952574157 0.3067 23600
1717952591581 0.3164 23700
1717952608980 0.3472 23800
1717952626380 0.3003 23900
1717952643803 0.2886 24000
1717952675011 0.3411 24100
1717952692397 0.311 24200
1717952709795 0.3252 24300
1717952727174 0.3096 24400
1717952744549 0.3063 24500
1717952761914 0.293 24600
1717952779255 0.3315 24700
1717952796595 0.2884 24800
1717952813930 0.3127 24900
1717952831275 0.2563 25000
1717952860245 0.309 25100
1717952877645 0.3142 25200
1717952895065 0.2818 25300
1717952912478 0.2773 25400
1717952929916 0.3475 25500
1717952947345 0.2755 25600
1717952964791 0.3142 25700
1717952982214 0.3139 25800
1717952999638 0.282 25900
1717953017074 0.215 26000
1717953046083 0.3014 26100
1717953063534 0.3098 26200
1717953080960 0.2732 26300
1717953098352 0.432 26400
1717953115781 0.2764 26500
1717953133210 0.2987 26600
1717953150607 0.2884 26700
1717953168013 0.2916 26800
1717953185405 0.2795 26900
1717953202791 0.3116 27000
1717953233844 0.3263 27100
1717953251253 0.299 27200
1717953268651 0.3201 27300
1717953286060 0.3261 27400
1717953303410 0.2891 27500
1717953320783 0.3853 27600
1717953338152 0.315 27700
1717953355529 0.2731 27800
1717953372903 0.3258 27900
1717953390308 0.3368 28000
1717953419305 0.3138 28100
1717953436712 0.3107 28200
1717953454123 0.2556 28300
1717953471551 0.2704 28400
1717953488991 0.2802 28500
