1717909926977 0.02 100
1717909943892 0.04 200
1717909960832 0.05 300
1717909977801 0.07 400
1717909994788 0.09 500
1717910011790 0.11 600
1717910028792 0.12 700
1717910045817 0.14 800
1717910062820 0.16 900
1717910079827 0.18 1000
1717910091717 0.18 1000
1717910108760 0.19 1100
1717910125801 0.21 1200
1717910142819 0.23 1300
1717910159843 0.25 1400
1717910176877 0.26 1500
1717910193905 0.28 1600
1717910210941 0.3 1700
1717910227961 0.32 1800
1717910244984 0.33 1900
1717910262027 0.35 2000
1717910273904 0.35 2000
1717910290946 0.37 2100
1717910307974 0.39 2200
1717910325001 0.4 2300
1717910342033 0.42 2400
1717910359072 0.44 2500
1717910376096 0.46 2600
1717910393128 0.47 2700
1717910410155 0.49 2800
1717910427180 0.51 2900
1717910444205 0.53 3000
1717910456105 0.53 3000
1717910474955 0.54 3100
1717910491985 0.56 3200
1717910509024 0.58 3300
1717910526050 0.6 3400
1717910543059 0.61 3500
1717910560055 0.63 3600
1717910577043 0.65 3700
1717910594062 0.67 3800
1717910611068 0.68 3900
1717910628080 0.7 4000
1717910639965 0.7 4000
1717910656972 0.72 4100
1717910673967 0.74 4200
1717910690963 0.75 4300
1717910707965 0.77 4400
1717910724972 0.79 4500
1717910741977 0.81 4600
1717910758959 0.82 4700
1717910775955 0.84 4800
1717910792964 0.86 4900
1717910809965 0.88 5000
1717910821842 0.88 5000
1717910838879 0.89 5100
1717910855906 0.91 5200
1717910872948 0.93 5300
1717910889973 0.95 5400
1717910906973 0.96 5500
1717910923978 0.98 5600
1717910940976 1.0 5700
1717910960514 1.02 5800
1717910977514 1.03 5900
1717910994519 1.05 6000
1717911006400 1.05 6000
1717911025393 1.07 6100
1717911042429 1.09 6200
1717911059465 1.1 6300
1717911076503 1.12 6400
1717911093537 1.14 6500
1717911110555 1.16 6600
1717911127558 1.18 6700
1717911144588 1.19 6800
1717911161627 1.21 6900
1717911178653 1.23 7000
1717911190573 1.23 7000
1717911207637 1.25 7100
1717911224689 1.26 7200
1717911241735 1.28 7300
1717911258787 1.3 7400
1717911275847 1.32 7500
1717911292920 1.33 7600
1717911309962 1.35 7700
1717911326996 1.37 7800
1717911344022 1.39 7900
1717911361073 1.4 8000
1717911372949 1.4 8000
1717911390020 1.42 8100
1717911407091 1.44 8200
1717911424152 1.46 8300
1717911441210 1.47 8400
1717911458259 1.49 8500
1717911475311 1.51 8600
1717911492370 1.53 8700
1717911509422 1.54 8800
1717911526477 1.56 8900
1717911543524 1.58 9000
1717911555422 1.58 9000
1717911574315 1.6 9100
1717911591392 1.61 9200
1717911608483 1.63 9300
1717911625563 1.65 9400
1717911642613 1.67 9500
1717911659641 1.68 9600
1717911676663 1.7 9700
1717911693693 1.72 9800
1717911710730 1.74 9900
1717911727769 1.75 10000
1717911739671 1.75 10000
1717911756724 1.77 10100
1717911773755 1.79 10200
1717911790793 1.81 10300
1717911807859 1.82 10400
1717911824932 1.84 10500
1717911842009 1.86 10600
1717911859069 1.88 10700
1717911876116 1.89 10800
1717911893159 1.91 10900
1717911910195 1.93 11000
1717911922067 1.93 11000
1717911939116 1.95 11100
1717911956160 1.96 11200
1717911973204 1.98 11300
1717911990249 2.0 11400
1717912007264 2.02 11500
1717912024305 2.03 11600
1717912041329 2.05 11700
1717912058373 2.07 11800
1717912075405 2.09 11900
1717912092437 2.1 12000
1717912104334 2.1 12000
1717912123227 2.12 12100
1717912140308 2.14 12200
1717912157384 2.16 12300
1717912174461 2.17 12400
1717912191526 2.19 12500
1717912208565 2.21 12600
1717912225599 2.23 12700
1717912242627 2.24 12800
1717912259667 2.26 12900
1717912276722 2.28 13000
1717912288618 2.28 13000
1717912305702 2.3 13100
1717912322762 2.31 13200
1717912339826 2.33 13300
1717912356889 2.35 13400
1717912373954 2.37 13500
1717912390997 2.39 13600
1717912408058 2.4 13700
1717912425135 2.42 13800
1717912442203 2.44 13900
1717912459252 2.46 14000
1717912471129 2.46 14000
1717912488182 2.47 14100
1717912505210 2.49 14200
1717912522245 2.51 14300
1717912539277 2.53 14400
1717912556309 2.54 14500
1717912573341 2.56 14600
1717912590384 2.58 14700
1717912607429 2.6 14800
1717912624478 2.61 14900
1717912641545 2.63 15000
1717912653421 2.63 15000
1717912672674 2.65 15100
1717912689746 2.67 15200
1717912706820 2.68 15300
1717912723900 2.7 15400
1717912740941 2.72 15500
1717912757969 2.74 15600
1717912774997 2.75 15700
1717912792034 2.77 15800
1717912809081 2.79 15900
1717912826127 2.81 16000
1717912838028 2.81 16000
1717912855085 2.82 16100
1717912872156 2.84 16200
1717912889216 2.86 16300
1717912906287 2.88 16400
1717912923322 2.89 16500
1717912940381 2.91 16600
1717912957433 2.93 16700
1717912974503 2.95 16800
1717912991576 2.96 16900
1717913008644 2.98 17000
1717913020551 2.98 17000
1717913037638 3.0 17100
1717913038735 3.0 17106
