1717909926977 6.463629722595215 100
1717909943892 3.211496353149414 200
1717909960832 5.469710350036621 300
1717909977801 8.691450119018555 400
1717909994788 14.510581016540527 500
1717910011790 19.880359649658203 600
1717910028792 10.33664321899414 700
1717910045817 14.214444160461426 800
1717910062820 14.048297882080078 900
1717910079827 9.413596153259277 1000
1717910108760 14.937068939208984 1100
1717910125801 11.328764915466309 1200
1717910142819 12.684649467468262 1300
1717910159843 12.257603645324707 1400
1717910176877 6.806916236877441 1500
1717910193905 17.673614501953125 1600
1717910210941 7.665048599243164 1700
1717910227961 11.507450103759766 1800
1717910244984 11.35971450805664 1900
1717910262027 7.65645694732666 2000
1717910290946 5.982104778289795 2100
1717910307974 7.665596961975098 2200
1717910325001 10.718923568725586 2300
1717910342033 15.204076766967773 2400
1717910359072 7.575011730194092 2500
1717910376096 18.7681884765625 2600
1717910393128 23.060192108154297 2700
1717910410155 8.602274894714355 2800
1717910427180 11.021933555603027 2900
1717910444205 5.553244590759277 3000
1717910474955 3.5944576263427734 3100
1717910491985 7.244548320770264 3200
1717910509024 8.337883949279785 3300
1717910526050 14.083096504211426 3400
1717910543059 7.288090705871582 3500
1717910560055 13.225132942199707 3600
1717910577043 15.804011344909668 3700
1717910594062 7.400196552276611 3800
1717910611068 4.864861965179443 3900
1717910628080 6.673766136169434 4000
1717910656972 13.648829460144043 4100
1717910673967 8.34577751159668 4200
1717910690963 7.267033100128174 4300
1717910707965 8.890756607055664 4400
1717910724972 8.835296630859375 4500
1717910741977 9.672991752624512 4600
1717910758959 10.713294982910156 4700
1717910775955 27.14324951171875 4800
1717910792964 6.173582077026367 4900
1717910809965 12.973783493041992 5000
1717910838879 8.500203132629395 5100
1717910855906 8.210172653198242 5200
1717910872948 14.760130882263184 5300
1717910889973 10.736412048339844 5400
1717910906973 5.9491071701049805 5500
1717910923978 12.83924388885498 5600
1717910940976 6.872306823730469 5700
1717910960514 12.380303382873535 5800
1717910977514 6.623045921325684 5900
1717910994519 15.360431671142578 6000
1717911025393 4.39007043838501 6100
1717911042429 3.422459602355957 6200
1717911059465 6.904290199279785 6300
1717911076503 8.961257934570312 6400
1717911093537 17.213090896606445 6500
1717911110555 15.583988189697266 6600
1717911127558 24.847980499267578 6700
1717911144588 18.53243064880371 6800
1717911161627 21.82868003845215 6900
1717911178653 15.984160423278809 7000
1717911207637 7.523923397064209 7100
1717911224689 13.436126708984375 7200
1717911241735 8.916535377502441 7300
1717911258787 15.267621040344238 7400
1717911275847 7.252817153930664 7500
1717911292920 12.926100730895996 7600
1717911309962 5.168704986572266 7700
1717911326996 10.534509658813477 7800
1717911344022 8.624588966369629 7900
1717911361073 8.219128608703613 8000
1717911390020 15.999102592468262 8100
1717911407091 8.154501914978027 8200
1717911424152 24.266273498535156 8300
1717911441210 10.246603965759277 8400
1717911458259 16.476924896240234 8500
1717911475311 28.035280227661133 8600
1717911492370 14.013420104980469 8700
1717911509422 17.26874351501465 8800
1717911526477 7.803621768951416 8900
1717911543524 7.3110551834106445 9000
1717911574315 11.173727989196777 9100
1717911591392 14.853129386901855 9200
1717911608483 10.588194847106934 9300
1717911625563 5.244385242462158 9400
1717911642613 11.322577476501465 9500
1717911659641 24.822160720825195 9600
1717911676663 7.241672039031982 9700
1717911693693 3.502906322479248 9800
1717911710730 15.938651084899902 9900
1717911727769 18.200298309326172 10000
1717911756724 20.638710021972656 10100
1717911773755 9.378615379333496 10200
1717911790793 12.391702651977539 10300
1717911807859 12.286910057067871 10400
1717911824932 7.162167549133301 10500
1717911842009 6.72163724899292 10600
1717911859069 14.843728065490723 10700
1717911876116 8.558388710021973 10800
1717911893159 15.864099502563477 10900
1717911910195 24.873842239379883 11000
1717911939116 22.95793914794922 11100
1717911956160 7.796212673187256 11200
1717911973204 8.137107849121094 11300
1717911990249 16.814620971679688 11400
1717912007264 14.162562370300293 11500
1717912024305 9.67705249786377 11600
1717912041329 22.163665771484375 11700
1717912058373 0.14329348504543304 11800
1717912075405 1.2246789932250977 11900
1717912092437 25.221630096435547 12000
1717912123227 39.5709342956543 12100
1717912140308 30.395381927490234 12200
1717912157384 16.998638153076172 12300
1717912174461 8.40331745147705 12400
1717912191526 8.390646934509277 12500
1717912208565 18.67146110534668 12600
1717912225599 0.1716831773519516 12700
1717912242627 0.41812700033187866 12800
1717912259667 37.05007553100586 12900
1717912276722 9.57618522644043 13000
1717912305702 25.866172790527344 13100
1717912322762 1.4187142848968506 13200
1717912339826 22.170745849609375 13300
1717912356889 1.4881397485733032 13400
1717912373954 24.989885330200195 13500
1717912390997 20.931076049804688 13600
1717912408058 43.27861404418945 13700
1717912425135 25.853126525878906 13800
1717912442203 0.4881928563117981 13900
1717912459252 7.252793312072754 14000
1717912488182 17.573944091796875 14100
1717912505210 2.845787525177002 14200
1717912522245 39.67947769165039 14300
1717912539277 15.68734073638916 14400
1717912556309 12.298312187194824 14500
1717912573341 1.6221195459365845 14600
1717912590384 5.301599025726318 14700
1717912607429 65.12308502197266 14800
1717912624478 29.229589462280273 14900
1717912641545 82.2870101928711 15000
1717912672674 3.9538967609405518 15100
1717912689746 0.7612587213516235 15200
1717912706820 1.9465241432189941 15300
1717912723900 48.601322174072266 15400
1717912740941 0.38996708393096924 15500
1717912757969 0.2071228176355362 15600
1717912774997 15.259370803833008 15700
1717912792034 16.234615325927734 15800
1717912809081 17.089229583740234 15900
1717912826127 1.992875337600708 16000
1717912855085 10.130562782287598 16100
1717912872156 12.42330551147461 16200
1717912889216 3.7715723514556885 16300
1717912906287 44.71684646606445 16400
1717912923322 33.77887725830078 16500
1717912940381 0.38422515988349915 16600
1717912957433 12.096942901611328 16700
1717912974503 31.382139205932617 16800
1717912991576 17.799875259399414 16900
1717913008644 28.26713752746582 17000
1717913037638 38.683372497558594 17100
