1717909926977 1.7533606078316775e-06 100
1717909943892 3.506721215663355e-06 200
1717909960832 5.260081823495032e-06 300
1717909977801 7.01344243132671e-06 400
1717909994788 8.766803039158388e-06 500
1717910011790 1.0520163646990064e-05 600
1717910028792 1.2273524254821742e-05 700
1717910045817 1.402688486265342e-05 800
1717910062820 1.5780245470485096e-05 900
1717910079827 1.7533606078316775e-05 1000
1717910108760 1.928696668614845e-05 1100
1717910125801 2.1040327293980128e-05 1200
1717910142819 2.2793687901811804e-05 1300
1717910159843 2.4547048509643484e-05 1400
1717910176877 2.6300409117475163e-05 1500
1717910193905 2.805376972530684e-05 1600
1717910210941 2.9807130333138516e-05 1700
1717910227961 2.9997526170877787e-05 1800
1717910244984 2.9988844953250696e-05 1900
1717910262027 2.9973922171235945e-05 2000
1717910290946 2.9952764038888398e-05 2100
1717910307974 2.9925379366749876e-05 2200
1717910325001 2.9891779558180333e-05 2300
1717910342033 2.985197860460936e-05 2400
1717910359072 2.9805993079709913e-05 2500
1717910376096 2.9753842132496845e-05 2600
1717910393128 2.9695547479352963e-05 2700
1717910410155 2.9631133394986038e-05 2800
1717910427180 2.9560626702320476e-05 2900
1717910444205 2.9484056761327864e-05 3000
1717910474955 2.9401455456801087e-05 3100
1717910491985 2.9312857185077042e-05 3200
1717910509024 2.921829883971352e-05 3300
1717910526050 2.9117819796126243e-05 3400
1717910543059 2.9011461895192332e-05 3500
1717910560055 2.8899269425827242e-05 3600
1717910577043 2.878128910654221e-05 3700
1717910594062 2.8657570065990022e-05 3800
1717910611068 2.8528163822507137e-05 3900
1717910628080 2.8393124262660766e-05 4000
1717910656972 2.8252507618809718e-05 4100
1717910673967 2.8106372445688495e-05 4200
1717910690963 2.795477959602425e-05 4300
1717910707965 2.779779219519687e-05 4400
1717910724972 2.7635475614952714e-05 4500
1717910741977 2.7467897446182865e-05 4600
1717910758959 2.7295127470777364e-05 4700
1717910775955 2.7117237632567047e-05 4800
1717910792964 2.6934302007365127e-05 4900
1717910809965 2.6746396772121012e-05 5000
1717910838879 2.6553600173199114e-05 5100
1717910855906 2.6355992493796018e-05 5200
1717910872948 2.615365602050941e-05 5300
1717910889973 2.594667500907282e-05 5400
1717910906973 2.573513564927028e-05 5500
1717910923978 2.551912602904581e-05 5600
1717910940976 2.529873609782225e-05 5700
1717910960514 2.5074057629045166e-05 5800
1717910977514 2.484518418196704e-05 5900
1717910994519 2.4612211062687897e-05 6000
1717911025393 2.4375235284468554e-05 6100
1717911042429 2.4134355527332888e-05 6200
1717911059465 2.388967209697614e-05 6300
1717911076503 2.364128688299621e-05 6400
1717911093537 2.3389303316465388e-05 6500
1717911110555 2.313382632686023e-05 6600
1717911127558 2.2874962298367457e-05 6700
1717911144588 2.261281902558408e-05 6800
1717911161627 2.234750566863025e-05 6900
1717911178653 2.2079132707693423e-05 7000
1717911207637 2.1807811897022902e-05 7100
1717911224689 2.1533656218393784e-05 7200
1717911241735 2.1256779834059786e-05 7300
1717911258787 2.097729803921447e-05 7400
1717911275847 2.0695327213980738e-05 7500
1717911292920 2.041098477494849e-05 7600
1717911309962 2.012438912628076e-05 7700
1717911326996 1.9835659610408525e-05 7800
1717911344022 1.9544916458334888e-05 7900
1717911361073 1.925228073956917e-05 8000
1717911390020 1.8957874311711915e-05 8100
1717911407091 1.8661819769711646e-05 8200
1717911424152 1.8364240394814656e-05 8300
1717911441210 1.806526010322893e-05 8400
1717911458259 1.7765003394523757e-05 8500
1717911475311 1.7463595299786308e-05 8600
1717911492370 1.716116132955701e-05 8700
1717911509422 1.685782742156515e-05 8800
1717911526477 1.6553719888286686e-05 8900
1717911543524 1.624896536434594e-05 9000
1717911574315 1.594369075378319e-05 9100
1717911591392 1.5638023177210034e-05 9200
1717911608483 1.533208991887463e-05 9300
1717911625563 1.5026018373658702e-05 9400
1717911642613 1.4719935994028585e-05 9500
1717911659641 1.4413970236962208e-05 9600
1717911676663 1.4108248510874235e-05 9700
1717911693693 1.3802898122561423e-05 9800
1717911710730 1.3498046224190295e-05 9900
1717911727769 1.319381976034919e-05 10000
1717911756724 1.2890345415186791e-05 10100
1717911773755 1.258774955965904e-05 10200
1717911790793 1.2286158198906539e-05 10300
1717911807859 1.1985696919784224e-05 10400
1717911824932 1.1686490838565274e-05 10500
1717911842009 1.1388664548840907e-05 10600
1717911859069 1.1092342069637903e-05 10700
1717911876116 1.0797646793775343e-05 10800
1717911893159 1.0504701436482108e-05 10900
1717911910195 1.0213627984296529e-05 11000
1717911939116 9.924547644269526e-06 11100
1717911956160 9.637580793492265e-06 11200
1717911973204 9.352846928969479e-06 11300
1717911990249 9.070464617859227e-06 11400
1717912007264 8.790551448099892e-06 11500
1717912024305 8.513223979444907e-06 11600
1717912041329 8.238597694925645e-06 11700
1717912058373 7.966786952762688e-06 11800
1717912075405 7.697904938745454e-06 11900
1717912092437 7.4320636191000505e-06 12000
1717912123227 7.1693736938649855e-06 12100
1717912140308 6.9099445507941134e-06 12200
1717912157384 6.6538842198060564e-06 12300
1717912174461 6.401299327999034e-06 12400
1717912191526 6.152295055249838e-06 12500
1717912208565 5.906975090415485e-06 12600
1717912225599 5.665441588155721e-06 12700
1717912242627 5.427795126394383e-06 12800
1717912259667 5.194134664437347e-06 12900
1717912276722 4.964557501764513e-06 13000
1717912305702 4.73915923751292e-06 13100
1717912322762 4.518033730667938e-06 13200
1717912339826 4.301273060979078e-06 13300
1717912356889 4.088967490616692e-06 13400
1717912373954 3.8812054265855515e-06 13500
1717912390997 3.678073383910933e-06 13600
1717912408058 3.4796559496125417e-06 13700
1717912425135 3.286035747481323e-06 13800
1717912442203 3.097293403673732e-06 13900
1717912459252 2.913507513137901e-06 14000
1717912488182 2.734754606885575e-06 14100
1717912505210 2.561109120123563e-06 14200
1717912522245 2.3926433612578595e-06 14300
1717912539277 2.2294274817834176e-06 14400
1717912556309 2.0715294470720873e-06 14500
1717912573341 1.919015008070873e-06 14600
1717912590384 1.7719476739223538e-06 14700
1717912607429 1.6303886855185595e-06 14800
1717912624478 1.494396989999406e-06 14900
1717912641545 1.364029216206309e-06 15000
1717912672674 1.2393396511011178e-06 15100
1717912689746 1.1203802171602879e-06 15200
1717912706820 1.0072004507536099e-06 15300
1717912723900 8.998474815166014e-07 15400
1717912740941 7.983660127250486e-07 15500
1717912757969 7.0279830267995e-07 15600
1717912774997 6.131841471105626e-07 15700
1717912792034 5.295608626029025e-07 15800
1717912809081 4.5196327106060366e-07 15900
1717912826127 3.804236852045967e-07 16000
1717912855085 3.149718951176189e-07 16100
1717912872156 2.556351558392289e-07 16200
1717912889216 2.024381760164201e-07 16300
1717912906287 1.5540310761458953e-07 16400
1717912923322 1.1454953669315982e-07 16500
1717912940381 7.989447524966498e-08 16600
1717912957433 5.145235413571536e-08 16700
1717912974503 2.9235017047796185e-08 16800
1717912991576 1.3251715595377634e-08 16900
1717913008644 3.509105448424865e-09 17000
1717913037638 1.1243565876672967e-11 17100
