1717909926977 1.0888 100
1717909943892 1.0191 200
1717909960832 1.0049 300
1717909977801 0.925 400
1717909994788 0.8456 500
1717910011790 0.7688 600
1717910028792 0.7991 700
1717910045817 0.7441 800
1717910062820 0.7368 900
1717910079827 0.7552 1000
1717910108760 0.7544 1100
1717910125801 0.7455 1200
1717910142819 0.7666 1300
1717910159843 0.7271 1400
1717910176877 0.7054 1500
1717910193905 0.7228 1600
1717910210941 0.7083 1700
1717910227961 0.7523 1800
1717910244984 0.7033 1900
1717910262027 0.7159 2000
1717910290946 0.7322 2100
1717910307974 0.6859 2200
1717910325001 0.7246 2300
1717910342033 0.717 2400
1717910359072 0.732 2500
1717910376096 0.6947 2600
1717910393128 0.7077 2700
1717910410155 0.7266 2800
1717910427180 0.6865 2900
1717910444205 0.6839 3000
1717910474955 0.6814 3100
1717910491985 0.7031 3200
1717910509024 0.6594 3300
1717910526050 0.6839 3400
1717910543059 0.6889 3500
1717910560055 0.705 3600
1717910577043 0.6495 3700
1717910594062 0.7151 3800
1717910611068 0.6728 3900
1717910628080 0.7036 4000
1717910656972 0.6489 4100
1717910673967 0.6697 4200
1717910690963 0.6596 4300
1717910707965 0.672 4400
1717910724972 0.6556 4500
1717910741977 0.6676 4600
1717910758959 0.6327 4700
1717910775955 0.6795 4800
1717910792964 0.6188 4900
1717910809965 0.6652 5000
1717910838879 0.7192 5100
1717910855906 0.6792 5200
1717910872948 0.6547 5300
1717910889973 0.6354 5400
1717910906973 0.6332 5500
1717910923978 0.6566 5600
1717910940976 0.6814 5700
1717910960514 0.4997 5800
1717910977514 0.5183 5900
1717910994519 0.4409 6000
1717911025393 0.5195 6100
1717911042429 0.5322 6200
1717911059465 0.4902 6300
1717911076503 0.4935 6400
1717911093537 0.5001 6500
1717911110555 0.5669 6600
1717911127558 0.53 6700
1717911144588 0.5365 6800
1717911161627 0.5383 6900
1717911178653 0.5521 7000
1717911207637 0.5257 7100
1717911224689 0.5169 7200
1717911241735 0.5178 7300
1717911258787 0.5054 7400
1717911275847 0.4574 7500
1717911292920 0.5422 7600
1717911309962 0.5228 7700
1717911326996 0.4915 7800
1717911344022 0.5118 7900
1717911361073 0.4951 8000
1717911390020 0.4609 8100
1717911407091 0.4919 8200
1717911424152 0.4617 8300
1717911441210 0.484 8400
1717911458259 0.5014 8500
1717911475311 0.4952 8600
1717911492370 0.4553 8700
1717911509422 0.5356 8800
1717911526477 0.5067 8900
1717911543524 0.5247 9000
1717911574315 0.4933 9100
1717911591392 0.4719 9200
1717911608483 0.5404 9300
1717911625563 0.487 9400
1717911642613 0.4357 9500
1717911659641 0.5063 9600
1717911676663 0.4689 9700
1717911693693 0.4742 9800
1717911710730 0.4617 9900
1717911727769 0.4951 10000
1717911756724 0.4751 10100
1717911773755 0.5381 10200
1717911790793 0.4479 10300
1717911807859 0.4904 10400
1717911824932 0.443 10500
1717911842009 0.4743 10600
1717911859069 0.5458 10700
1717911876116 0.4811 10800
1717911893159 0.492 10900
1717911910195 0.4881 11000
1717911939116 0.4955 11100
1717911956160 0.5083 11200
1717911973204 0.5543 11300
1717911990249 0.4789 11400
1717912007264 0.3304 11500
1717912024305 0.2742 11600
1717912041329 0.2791 11700
1717912058373 0.2996 11800
1717912075405 0.32 11900
1717912092437 0.3283 12000
1717912123227 0.2484 12100
1717912140308 0.2823 12200
1717912157384 0.3153 12300
1717912174461 0.3396 12400
1717912191526 0.2916 12500
1717912208565 0.3645 12600
1717912225599 0.2298 12700
1717912242627 0.3126 12800
1717912259667 0.2826 12900
1717912276722 0.3213 13000
1717912305702 0.3246 13100
1717912322762 0.3289 13200
1717912339826 0.2897 13300
1717912356889 0.3139 13400
1717912373954 0.2702 13500
1717912390997 0.3134 13600
1717912408058 0.3127 13700
1717912425135 0.2878 13800
1717912442203 0.3105 13900
1717912459252 0.2955 14000
1717912488182 0.3324 14100
1717912505210 0.2439 14200
1717912522245 0.3449 14300
1717912539277 0.3067 14400
1717912556309 0.2691 14500
1717912573341 0.2491 14600
1717912590384 0.2677 14700
1717912607429 0.3472 14800
1717912624478 0.2886 14900
1717912641545 0.2825 15000
1717912672674 0.3587 15100
1717912689746 0.289 15200
1717912706820 0.3249 15300
1717912723900 0.3233 15400
1717912740941 0.3238 15500
1717912757969 0.3109 15600
1717912774997 0.3539 15700
1717912792034 0.2451 15800
1717912809081 0.2988 15900
1717912826127 0.2827 16000
1717912855085 0.3363 16100
1717912872156 0.3321 16200
1717912889216 0.3033 16300
1717912906287 0.3407 16400
1717912923322 0.26 16500
1717912940381 0.2936 16600
1717912957433 0.2818 16700
1717912974503 0.3 16800
1717912991576 0.2857 16900
1717913008644 0.2974 17000
1717913037638 0.3209 17100
