1718215495339 0.0 0
1718215505362 10.3 1
1718215515396 9.2 2
1718215525416 12.2 3
1718215535437 12.5 4
1718215545461 9.0 5
1718215555480 8.3 6
1718215565501 8.2 7
1718215575533 11.8 8
1718215585570 14.3 9
1718215595596 10.6 10
1718215605624 7.9 11
1718215615652 8.1 12
1718215625680 10.1 13
1718215635708 14.8 14
1718215645729 10.1 15
1718215655751 7.7 16
1718215665786 7.9 17
1718215675811 11.8 18
1718215685843 13.4 19
1718215695863 14.3 20
1718215705885 8.4 21
1718215715916 8.2 22
1718215725936 8.9 23
1718215735960 8.3 24
1718215745979 8.2 25
1718215755996 9.5 26
1718215766034 9.4 27
1718215776062 8.8 28
1718215786093 12.9 29
1718215796116 14.1 30
1718215806142 12.8 31
1718215816160 12.7 32
1718215826181 9.9 33
1718215836208 11.4 34
1718215846238 12.5 35
1718215856284 14.0 36
1718215866326 13.9 37
1718215876354 15.2 38
1718215886375 11.3 39
1718215896394 11.7 40
1718215906431 10.9 41
1718215916457 11.5 42
1718215926485 12.0 43
1718215936512 13.3 44
1718215946549 12.6 45
1718215956575 14.3 46
1718215966602 15.0 47
1718215976625 20.1 48
1718215986657 14.4 49
1718215996683 14.0 50
1718216006702 12.6 51
1718216016726 12.7 52
1718216026748 12.7 53
1718216036766 11.0 54
1718216046783 10.4 55
1718216056804 7.9 56
1718216066829 7.6 57
1718216076851 7.8 58
1718216086879 8.2 59
1718216096899 8.0 60
1718216106920 7.2 61
1718216116941 7.5 62
1718216126968 7.6 63
1718216136995 7.2 64
1718216147017 8.4 65
1718216157040 7.3 66
1718216167106 7.5 67
1718216177159 8.0 68
1718216187186 7.8 69
1718216197216 9.2 70
1718216207238 6.9 71
1718216217269 7.5 72
1718216227295 8.3 73
1718216237318 8.1 74
1718216247343 11.2 75
1718216257373 9.8 76
1718216267399 10.4 77
1718216277423 9.7 78
1718216287448 9.8 79
1718216297478 11.0 80
1718216307505 10.9 81
1718216317528 8.9 82
1718216327552 7.6 83
1718216337583 7.3 84
1718216347619 9.2 85
1718216357645 10.4 86
1718216367668 10.5 87
1718216377699 10.2 88
1718216387733 9.0 89
1718216397755 8.5 90
1718216407780 10.4 91
1718216417801 11.0 92
