1718215495339 584160.4 0
1718215505362 584161.3 1
1718215515396 584161.3 2
1718215525416 584161.3 3
1718215535437 584162.3 4
1718215545461 584162.4 5
1718215555480 584162.4 6
1718215565501 584163.1 7
1718215575533 584163.1 8
1718215585570 584163.1 9
1718215595596 584167.0 10
1718215605624 584167.0 11
1718215615652 584167.0 12
1718215625680 584167.0 13
1718215635708 584167.0 14
1718215645729 584167.0 15
1718215655751 584167.1 16
1718215665786 584167.1 17
1718215675811 584167.2 18
1718215685843 584170.2 19
1718215695863 584170.9 20
1718215705885 584167.8 21
1718215715916 584168.2 22
1718215725936 584167.2 23
1718215735960 584167.2 24
1718215745979 584167.2 25
1718215755996 584167.3 26
1718215766034 584167.3 27
1718215776062 584167.3 28
1718215786093 584167.3 29
1718215796116 584167.3 30
1718215806142 584167.5 31
1718215816160 584167.5 32
1718215826181 584167.9 33
1718215836208 584169.1 34
1718215846238 584169.3 35
1718215856284 584169.7 36
1718215866326 584170.6 37
1718215876354 584170.3 38
1718215886375 584170.3 39
1718215896394 584170.3 40
1718215906431 584170.3 41
1718215916457 584170.3 42
1718215926485 584170.3 43
1718215936512 584170.6 44
1718215946549 584170.9 45
1718215956575 585262.1 46
1718215966602 585262.7 47
1718215976625 585257.4 48
1718215986657 585258.0 49
1718215996683 585243.0 50
1718216006702 585243.2 51
1718216016726 585240.2 52
1718216026748 585240.4 53
1718216036766 585240.5 54
1718216046783 585241.0 55
1718216056804 585241.5 56
1718216066829 585241.5 57
1718216076851 585241.3 58
1718216086879 585240.8 59
1718216096899 585240.2 60
1718216106920 585240.1 61
1718216116941 585240.1 62
1718216126968 585240.4 63
1718216136995 585240.7 64
1718216147017 585241.2 65
1718216157040 585241.6 66
1718216167106 585241.9 67
1718216177159 585243.6 68
1718216187186 585243.9 69
1718216197216 585243.9 70
1718216207238 585243.9 71
1718216217269 585243.9 72
1718216227295 585243.9 73
1718216237318 585244.0 74
1718216247343 585244.0 75
1718216257373 585243.9 76
1718216267399 585243.9 77
1718216277423 585243.9 78
1718216287448 585243.9 79
1718216297478 585244.4 80
1718216307505 585245.1 81
1718216317528 585245.7 82
1718216327552 585245.9 83
1718216337583 585245.8 84
1718216347619 585245.6 85
1718216357645 585245.6 86
1718216367668 585245.9 87
1718216377699 585245.9 88
1718216387733 585246.8 89
1718216397755 585246.8 90
1718216407780 586337.9 91
1718216417801 586338.0 92
