1718215495339 62.6 0
1718215505362 62.6 1
1718215515396 62.6 2
1718215525416 62.6 3
1718215535437 62.6 4
1718215545461 62.6 5
1718215555480 62.6 6
1718215565501 62.6 7
1718215575533 62.6 8
1718215585570 62.6 9
1718215595596 62.6 10
1718215605624 62.6 11
1718215615652 62.6 12
1718215625680 62.6 13
1718215635708 62.6 14
1718215645729 62.6 15
1718215655751 62.6 16
1718215665786 62.6 17
1718215675811 62.6 18
1718215685843 62.6 19
1718215695863 62.6 20
1718215705885 62.6 21
1718215715916 62.6 22
1718215725936 62.6 23
1718215735960 62.6 24
1718215745979 62.6 25
1718215755996 62.6 26
1718215766034 62.6 27
1718215776062 62.6 28
1718215786093 62.6 29
1718215796116 62.6 30
1718215806142 62.6 31
1718215816160 62.6 32
1718215826181 62.6 33
1718215836208 62.6 34
1718215846238 62.6 35
1718215856284 62.6 36
1718215866326 62.6 37
1718215876354 62.6 38
1718215886375 62.6 39
1718215896394 62.6 40
1718215906431 62.6 41
1718215916457 62.6 42
1718215926485 62.6 43
1718215936512 62.6 44
1718215946549 62.6 45
1718215956575 62.7 46
1718215966602 62.7 47
1718215976625 62.7 48
1718215986657 62.7 49
1718215996683 62.7 50
1718216006702 62.7 51
1718216016726 62.7 52
1718216026748 62.7 53
1718216036766 62.7 54
1718216046783 62.7 55
1718216056804 62.7 56
1718216066829 62.7 57
1718216076851 62.7 58
1718216086879 62.7 59
1718216096899 62.7 60
1718216106920 62.7 61
1718216116941 62.7 62
1718216126968 62.7 63
1718216136995 62.7 64
1718216147017 62.7 65
1718216157040 62.7 66
1718216167106 62.7 67
1718216177159 62.7 68
1718216187186 62.7 69
1718216197216 62.7 70
1718216207238 62.7 71
1718216217269 62.7 72
1718216227295 62.7 73
1718216237318 62.7 74
1718216247343 62.7 75
1718216257373 62.7 76
1718216267399 62.7 77
1718216277423 62.7 78
1718216287448 62.7 79
1718216297478 62.7 80
1718216307505 62.7 81
1718216317528 62.7 82
1718216327552 62.7 83
1718216337583 62.7 84
1718216347619 62.7 85
1718216357645 62.7 86
1718216367668 62.7 87
1718216377699 62.7 88
1718216387733 62.7 89
1718216397755 62.7 90
1718216407780 62.9 91
1718216417801 62.9 92
