1718215495339 348660.4 0
1718215505362 348659.5 1
1718215515396 348659.5 2
1718215525416 348659.5 3
1718215535437 348658.5 4
1718215545461 348658.4 5
1718215555480 348658.4 6
1718215565501 348657.7 7
1718215575533 348657.7 8
1718215585570 348657.7 9
1718215595596 348653.8 10
1718215605624 348653.8 11
1718215615652 348653.8 12
1718215625680 348653.8 13
1718215635708 348653.8 14
1718215645729 348653.8 15
1718215655751 348653.7 16
1718215665786 348653.7 17
1718215675811 348653.6 18
1718215685843 348650.6 19
1718215695863 348649.9 20
1718215705885 348653.0 21
1718215715916 348652.6 22
1718215725936 348653.6 23
1718215735960 348653.6 24
1718215745979 348653.6 25
1718215755996 348653.5 26
1718215766034 348653.5 27
1718215776062 348653.5 28
1718215786093 348653.5 29
1718215796116 348653.5 30
1718215806142 348653.3 31
1718215816160 348653.3 32
1718215826181 348653.0 33
1718215836208 348651.7 34
1718215846238 348651.5 35
1718215856284 348651.1 36
1718215866326 348650.2 37
1718215876354 348650.5 38
1718215886375 348650.5 39
1718215896394 348650.5 40
1718215906431 348650.5 41
1718215916457 348650.5 42
1718215926485 348650.5 43
1718215936512 348650.2 44
1718215946549 348650.0 45
1718215956575 347558.7 46
1718215966602 347558.1 47
1718215976625 347563.4 48
1718215986657 347562.8 49
1718215996683 347577.8 50
1718216006702 347577.6 51
1718216016726 347580.6 52
1718216026748 347580.4 53
1718216036766 347580.3 54
1718216046783 347579.8 55
1718216056804 347579.3 56
1718216066829 347579.3 57
1718216076851 347579.5 58
1718216086879 347580.0 59
1718216096899 347580.6 60
1718216106920 347580.7 61
1718216116941 347580.7 62
1718216126968 347580.4 63
1718216136995 347580.1 64
1718216147017 347579.6 65
1718216157040 347579.2 66
1718216167106 347578.9 67
1718216177159 347577.2 68
1718216187186 347577.0 69
1718216197216 347576.9 70
1718216207238 347576.9 71
1718216217269 347576.9 72
1718216227295 347576.9 73
1718216237318 347576.9 74
1718216247343 347576.8 75
1718216257373 347576.9 76
1718216267399 347576.9 77
1718216277423 347576.9 78
1718216287448 347576.9 79
1718216297478 347576.4 80
1718216307505 347575.7 81
1718216317528 347575.1 82
1718216327552 347575.0 83
1718216337583 347575.0 84
1718216347619 347575.2 85
1718216357645 347575.2 86
1718216367668 347574.9 87
1718216377699 347575.0 88
1718216387733 347574.0 89
1718216397755 347574.0 90
1718216407780 346482.9 91
1718216417801 346482.9 92
