1718215495339 37.6 0
1718215505362 44.5 1
1718215515396 45.4 2
1718215525416 45.9 3
1718215535437 45.6 4
1718215545461 45.3 5
1718215555480 45.3 6
1718215565501 45.2 7
1718215575533 45.7 8
1718215585570 45.7 9
1718215595596 46.8 10
1718215605624 46.0 11
1718215615652 47.0 12
1718215625680 46.2 13
1718215635708 45.7 14
1718215645729 46.3 15
1718215655751 46.5 16
1718215665786 45.7 17
1718215675811 46.1 18
1718215685843 45.0 19
1718215695863 45.8 20
1718215705885 45.5 21
1718215715916 45.2 22
1718215725936 45.0 23
1718215735960 45.0 24
1718215745979 45.0 25
1718215755996 45.8 26
1718215766034 44.8 27
1718215776062 44.9 28
1718215786093 45.9 29
1718215796116 45.5 30
1718215806142 45.4 31
1718215816160 45.9 32
1718215826181 45.5 33
1718215836208 45.9 34
1718215846238 45.2 35
1718215856284 45.6 36
1718215866326 45.7 37
1718215876354 45.7 38
1718215886375 45.3 39
1718215896394 45.3 40
1718215906431 45.2 41
1718215916457 45.3 42
1718215926485 46.0 43
1718215936512 46.6 44
1718215946549 46.0 45
1718215956575 46.6 46
1718215966602 46.2 47
1718215976625 45.5 48
1718215986657 45.1 49
1718215996683 44.8 50
1718216006702 44.6 51
1718216016726 44.7 52
1718216026748 44.7 53
1718216036766 44.7 54
1718216046783 44.9 55
1718216056804 44.4 56
1718216066829 44.4 57
1718216076851 44.5 58
1718216086879 44.8 59
1718216096899 44.4 60
1718216106920 43.9 61
1718216116941 43.9 62
1718216126968 45.8 63
1718216136995 45.7 64
1718216147017 45.7 65
1718216157040 45.3 66
1718216167106 45.1 67
1718216177159 45.2 68
1718216187186 45.6 69
1718216197216 45.3 70
1718216207238 44.9 71
1718216217269 45.2 72
1718216227295 45.0 73
1718216237318 45.0 74
1718216247343 45.1 75
1718216257373 44.6 76
1718216267399 44.6 77
1718216277423 44.4 78
1718216287448 44.3 79
1718216297478 44.4 80
1718216307505 45.0 81
1718216317528 45.1 82
1718216327552 45.2 83
1718216337583 45.6 84
1718216347619 45.2 85
1718216357645 45.2 86
1718216367668 44.9 87
1718216377699 45.5 88
1718216387733 45.2 89
1718216397755 45.4 90
1718216407780 45.2 91
1718216417801 45.3 92
