1718215495339 4845.5 0
1718215505362 5730.6 1
1718215515396 5844.2 2
1718215525416 5908.3 3
1718215535437 5871.1 4
1718215545461 5835.3 5
1718215555480 5835.7 6
1718215565501 5827.3 7
1718215575533 5886.4 8
1718215585570 5886.8 9
1718215595596 6034.0 10
1718215605624 5928.2 11
1718215615652 6055.4 12
1718215625680 5953.2 13
1718215635708 5888.6 14
1718215645729 5968.2 15
1718215655751 5993.4 16
1718215665786 5890.4 17
1718215675811 5945.0 18
1718215685843 5802.8 19
1718215695863 5899.0 20
1718215705885 5869.0 21
1718215715916 5817.8 22
1718215725936 5802.2 23
1718215735960 5803.7 24
1718215745979 5803.3 25
1718215755996 5897.1 26
1718215766034 5771.0 27
1718215776062 5790.0 28
1718215786093 5918.0 29
1718215796116 5860.0 30
1718215806142 5850.2 31
1718215816160 5908.5 32
1718215826181 5867.0 33
1718215836208 5911.5 34
1718215846238 5818.7 35
1718215856284 5881.6 36
1718215866326 5882.9 37
1718215876354 5882.6 38
1718215886375 5842.5 39
1718215896394 5842.9 40
1718215906431 5828.3 41
1718215916457 5837.0 42
1718215926485 5926.4 43
1718215936512 5999.8 44
1718215946549 5923.5 45
1718215956575 5998.1 46
1718215966602 5950.9 47
1718215976625 5856.6 48
1718215986657 5811.0 49
1718215996683 5775.9 50
1718216006702 5749.9 51
1718216016726 5758.2 52
1718216026748 5766.0 53
1718216036766 5765.9 54
1718216046783 5780.9 55
1718216056804 5723.1 56
1718216066829 5723.1 57
1718216076851 5734.3 58
1718216086879 5771.3 59
1718216096899 5726.7 60
1718216106920 5654.9 61
1718216116941 5654.9 62
1718216126968 5900.1 63
1718216136995 5891.0 64
1718216147017 5891.6 65
1718216157040 5836.9 66
1718216167106 5814.4 67
1718216177159 5828.5 68
1718216187186 5880.9 69
1718216197216 5835.7 70
1718216207238 5780.5 71
1718216217269 5824.1 72
1718216227295 5804.4 73
1718216237318 5792.1 74
1718216247343 5814.7 75
1718216257373 5750.1 76
1718216267399 5751.2 77
1718216277423 5721.7 78
1718216287448 5713.3 79
1718216297478 5722.1 80
1718216307505 5796.3 81
1718216317528 5807.0 82
1718216327552 5821.1 83
1718216337583 5872.2 84
1718216347619 5822.4 85
1718216357645 5820.7 86
1718216367668 5789.3 87
1718216377699 5861.5 88
1718216387733 5821.4 89
1718216397755 5856.2 90
1718216407780 5827.5 91
1718216417801 5835.9 92
