1718215495339 8.0 0
1718215505362 81.0 1
1718215515396 82.0 2
1718215525416 83.0 3
1718215535437 89.0 4
1718215545461 76.0 5
1718215555480 76.0 6
1718215565501 76.0 7
1718215575533 89.0 8
1718215585570 84.0 9
1718215595596 74.0 10
1718215605624 82.0 11
1718215615652 82.0 12
1718215625680 82.0 13
1718215635708 84.0 14
1718215645729 87.0 15
1718215655751 84.0 16
1718215665786 84.0 17
1718215675811 82.0 18
1718215685843 86.0 19
1718215695863 87.0 20
1718215705885 83.0 21
1718215715916 84.0 22
1718215725936 83.0 23
1718215735960 83.0 24
1718215745979 89.0 25
1718215755996 74.0 26
1718215766034 84.0 27
1718215776062 83.0 28
1718215786093 82.0 29
1718215796116 87.0 30
1718215806142 83.0 31
1718215816160 83.0 32
1718215826181 84.0 33
1718215836208 86.0 34
1718215846238 88.0 35
1718215856284 87.0 36
1718215866326 83.0 37
1718215876354 88.0 38
1718215886375 83.0 39
1718215896394 85.0 40
1718215906431 85.0 41
1718215916457 86.0 42
1718215926485 86.0 43
1718215936512 85.0 44
1718215946549 86.0 45
1718215956575 85.0 46
1718215966602 73.0 47
1718215976625 98.0 48
1718215986657 87.0 49
1718215996683 97.0 50
1718216006702 73.0 51
1718216016726 87.0 52
1718216026748 90.0 53
1718216036766 88.0 54
1718216046783 88.0 55
1718216056804 91.0 56
1718216066829 88.0 57
1718216076851 89.0 58
1718216086879 88.0 59
1718216096899 83.0 60
1718216106920 82.0 61
1718216116941 87.0 62
1718216126968 88.0 63
1718216136995 81.0 64
1718216147017 88.0 65
1718216157040 85.0 66
1718216167106 82.0 67
1718216177159 82.0 68
1718216187186 86.0 69
1718216197216 86.0 70
1718216207238 87.0 71
1718216217269 76.0 72
1718216227295 87.0 73
1718216237318 93.0 74
1718216247343 80.0 75
1718216257373 93.0 76
1718216267399 92.0 77
1718216277423 88.0 78
1718216287448 88.0 79
1718216297478 79.0 80
1718216307505 87.0 81
1718216317528 79.0 82
1718216327552 87.0 83
1718216337583 83.0 84
1718216347619 86.0 85
1718216357645 87.0 86
1718216367668 85.0 87
1718216377699 87.0 88
1718216387733 87.0 89
1718216397755 89.0 90
1718216407780 83.0 91
1718216417801 87.0 92
