1718215495339 0.0 0
1718215505362 11.506218999998964 1
1718215515396 18.809699999999793 2
1718215525416 33.1446049999995 3
1718215535437 33.23486199999934 4
1718215545461 53.49417899999935 5
1718215555480 53.501882999999 6
1718215565501 58.51508499999909 7
1718215575533 71.98116200000004 8
1718215585570 92.10340199999882 9
1718215595596 108.93721299999925 10
1718215605624 118.35873699999865 11
1718215615652 118.43582799999967 12
1718215625680 118.55989799999952 13
1718215635708 118.58778899999925 14
1718215645729 118.71126299999924 15
1718215655751 118.87245799999982 16
1718215665786 118.8819540000004 17
1718215675811 118.92540399999962 18
1718215685843 135.45481999999902 19
1718215695863 149.913638 20
1718215705885 153.62091899999905 21
1718215715916 157.8258539999988 22
1718215725936 157.82743899999878 23
1718215735960 161.77125700000033 24
1718215745979 161.77442299999893 25
1718215755996 166.07193000000007 26
1718215766034 166.07723599999917 27
1718215776062 173.586722 28
1718215786093 193.14322699999866 29
1718215796116 211.88387899999907 30
1718215806142 225.05472199999895 31
1718215816160 239.6805089999998 32
1718215826181 256.52743399999963 33
1718215836208 268.20748099999946 34
1718215846238 286.6405940000004 35
1718215856284 299.84190599999965 36
1718215866326 313.2456860000002 37
1718215876354 334.7932440000004 38
1718215886375 353.20549799999935 39
1718215896394 369.17910200000006 40
1718215906431 372.8679599999996 41
1718215916457 388.6656789999997 42
1718215926485 388.9064010000002 43
1718215936512 405.83383799999865 44
1718215946549 416.7324520000002 45
1718215956575 423.35049099999924 46
1718215966602 431.2280009999995 47
1718215976625 432.4172859999999 48
1718215986657 432.63110099999903 49
1718215996683 434.2952640000003 50
1718216006702 434.307311999999 51
1718216016726 434.310974 52
1718216026748 434.3652320000001 53
1718216036766 434.3672210000004 54
1718216046783 434.3983470000003 55
1718216056804 434.4042069999996 56
1718216066829 434.41148299999986 57
1718216076851 434.4261009999991 58
1718216086879 434.43100500000037 59
1718216096899 434.5049719999988 60
1718216106920 434.5117419999988 61
1718216116941 434.51936699999897 62
1718216126968 434.5798849999992 63
1718216136995 434.60935900000004 64
1718216147017 434.62959899999987 65
1718216157040 434.67015100000026 66
1718216167106 434.7042029999993 67
1718216177159 434.860537999999 68
1718216187186 434.9180329999999 69
1718216197216 434.9503359999999 70
1718216207238 434.95342399999936 71
1718216217269 434.96372899999915 72
1718216227295 434.9942059999994 73
1718216237318 437.19436999999925 74
1718216247343 446.74838699999964 75
1718216257373 450.86691900000005 76
1718216267399 451.63878300000033 77
1718216277423 451.6424589999988 78
1718216287448 451.6529959999989 79
1718216297478 458.1378539999987 80
1718216307505 460.50435599999946 81
1718216317528 460.69630700000016 82
1718216327552 460.70725800000037 83
1718216337583 460.7077599999993 84
1718216347619 460.7388410000003 85
1718216357645 460.75981899999897 86
1718216367668 460.76507800000036 87
1718216377699 460.7717529999991 88
1718216387733 463.07868899999994 89
1718216397755 463.0823529999998 90
1718216407780 463.0978419999992 91
1718216417801 463.1033749999988 92
