1718215495339 0.0 0
1718215505362 0.1465130000000272 1
1718215515396 0.21616500000004635 2
1718215525416 0.4848870000000147 3
1718215535437 0.5491059999999948 4
1718215545461 0.7698270000000207 5
1718215555480 0.7785440000000108 6
1718215565501 0.8406410000000051 7
1718215575533 1.0795300000000339 8
1718215585570 1.2914930000000027 9
1718215595596 1.494132000000036 10
1718215605624 1.647751000000028 11
1718215615652 1.6919100000000071 12
1718215625680 1.7871770000000424 13
1718215635708 1.9858189999999922 14
1718215645729 2.140960000000007 15
1718215655751 2.320572000000027 16
1718215665786 2.3361560000000168 17
1718215675811 2.3500000000000227 18
1718215685843 2.652670999999998 19
1718215695863 2.866104000000007 20
1718215705885 2.923879999999997 21
1718215715916 2.978385000000003 22
1718215725936 2.980621000000042 23
1718215735960 3.022726000000034 24
1718215745979 3.0318000000000325 25
1718215755996 3.0929950000000304 26
1718215766034 3.098781000000031 27
1718215776062 3.207671000000005 28
1718215786093 3.408213000000046 29
1718215796116 3.6304100000000403 30
1718215806142 3.809355000000039 31
1718215816160 3.984062999999992 32
1718215826181 4.175130000000024 33
1718215836208 4.39020800000003 34
1718215846238 4.6758159999999975 35
1718215856284 4.842969000000039 36
1718215866326 5.0591870000000085 37
1718215876354 5.298829000000012 38
1718215886375 5.522679000000039 39
1718215896394 5.724189000000024 40
1718215906431 5.7833160000000134 41
1718215916457 5.932352000000037 42
1718215926485 5.949264000000028 43
1718215936512 6.158439000000044 44
1718215946549 6.355428000000018 45
1718215956575 6.506482000000005 46
1718215966602 6.688390000000027 47
1718215976625 6.795379000000025 48
1718215986657 6.85516100000001 49
1718215996683 6.9465660000000184 50
1718216006702 6.960484000000008 51
1718216016726 6.9693470000000275 52
1718216026748 6.981689000000017 53
1718216036766 6.985075999999992 54
1718216046783 7.031528000000037 55
1718216056804 7.036471000000006 56
1718216066829 7.044048000000032 57
1718216076851 7.056066000000044 58
1718216086879 7.061953000000017 59
1718216096899 7.074797000000046 60
1718216106920 7.0869820000000345 61
1718216116941 7.0941250000000196 62
1718216126968 7.113285000000019 63
1718216136995 7.159342000000038 64
1718216147017 7.3019970000000285 65
1718216157040 7.336439000000041 66
1718216167106 7.365670000000023 67
1718216177159 7.491542000000038 68
1718216187186 7.510734000000014 69
1718216197216 7.535245000000032 70
1718216207238 7.5391610000000355 71
1718216217269 7.5508290000000216 72
1718216227295 7.583751000000007 73
1718216237318 7.659186000000034 74
1718216247343 7.858245000000011 75
1718216257373 7.941610000000026 76
1718216267399 7.958256000000006 77
1718216277423 7.963325999999995 78
1718216287448 7.984437000000014 79
1718216297478 8.141098999999997 80
1718216307505 8.231949000000043 81
1718216317528 8.28232700000001 82
1718216327552 8.298910000000035 83
1718216337583 8.299506000000008 84
1718216347619 8.333020000000033 85
1718216357645 8.357391000000007 86
1718216367668 8.362836000000016 87
1718216377699 8.39163000000002 88
1718216387733 8.491561000000047 89
1718216397755 8.500055000000032 90
1718216407780 8.519424000000015 91
1718216417801 8.524158 92
