1718215495339 9820.5 0
1718215505362 11085.4 1
1718215515396 11126.2 2
1718215525416 11345.7 3
1718215535437 11480.7 4
1718215545461 11446.5 5
1718215555480 11398.6 6
1718215565501 11398.9 7
1718215575533 11522.4 8
1718215585570 11503.8 9
1718215595596 11539.3 10
1718215605624 11460.9 11
1718215615652 11504.5 12
1718215625680 11579.4 13
1718215635708 11611.8 14
1718215645729 11551.3 15
1718215655751 11527.1 16
1718215665786 11502.5 17
1718215675811 11752.9 18
1718215685843 11812.2 19
1718215695863 11651.9 20
1718215705885 11643.9 21
1718215715916 11642.0 22
1718215725936 11583.5 23
1718215735960 11583.1 24
1718215745979 11565.6 25
1718215755996 11619.1 26
1718215766034 11588.1 27
1718215776062 11601.9 28
1718215786093 11718.0 29
1718215796116 11748.2 30
1718215806142 11692.9 31
1718215816160 11635.4 32
1718215826181 11622.3 33
1718215836208 11681.1 34
1718215846238 11714.4 35
1718215856284 11796.6 36
1718215866326 11801.1 37
1718215876354 11786.4 38
1718215886375 11604.2 39
1718215896394 11739.6 40
1718215906431 11721.1 41
1718215916457 11774.5 42
1718215926485 11802.1 43
1718215936512 11824.2 44
1718215946549 11847.3 45
1718215956575 12972.9 46
1718215966602 12988.0 47
1718215976625 12954.0 48
1718215986657 13020.5 49
1718215996683 13067.4 50
1718216006702 12875.4 51
1718216016726 12765.6 52
1718216026748 12753.0 53
1718216036766 12772.2 54
1718216046783 12799.8 55
1718216056804 12773.6 56
1718216066829 12733.6 57
1718216076851 12735.4 58
1718216086879 12723.4 59
1718216096899 12744.7 60
1718216106920 12709.0 61
1718216116941 12703.2 62
1718216126968 12772.6 63
1718216136995 12729.5 64
1718216147017 12723.3 65
1718216157040 12753.5 66
1718216167106 12699.5 67
1718216177159 12773.7 68
1718216187186 12731.2 69
1718216197216 12702.1 70
1718216207238 12658.7 71
1718216217269 12684.1 72
1718216227295 12695.6 73
1718216237318 12733.3 74
1718216247343 12833.7 75
1718216257373 12797.3 76
1718216267399 12857.7 77
1718216277423 12800.9 78
1718216287448 12800.2 79
1718216297478 12828.8 80
1718216307505 12790.9 81
1718216317528 12835.4 82
1718216327552 12774.9 83
1718216337583 12769.6 84
1718216347619 12810.4 85
1718216357645 12887.5 86
1718216367668 13371.9 87
1718216377699 12909.3 88
1718216387733 12821.5 89
1718216397755 12795.9 90
1718216407780 12801.5 91
1718216417801 12738.6 92
