1718215495339 29.3 0
1718215505362 33.1 1
1718215515396 33.2 2
1718215525416 33.8 3
1718215535437 34.2 4
1718215545461 34.1 5
1718215555480 34.0 6
1718215565501 34.0 7
1718215575533 34.4 8
1718215585570 34.3 9
1718215595596 34.4 10
1718215605624 34.2 11
1718215615652 34.3 12
1718215625680 34.5 13
1718215635708 34.6 14
1718215645729 34.4 15
1718215655751 34.4 16
1718215665786 34.3 17
1718215675811 35.0 18
1718215685843 35.2 19
1718215695863 34.7 20
1718215705885 34.7 21
1718215715916 34.7 22
1718215725936 34.5 23
1718215735960 34.5 24
1718215745979 34.5 25
1718215755996 34.6 26
1718215766034 34.6 27
1718215776062 34.6 28
1718215786093 34.9 29
1718215796116 35.0 30
1718215806142 34.9 31
1718215816160 34.7 32
1718215826181 34.7 33
1718215836208 34.8 34
1718215846238 34.9 35
1718215856284 35.2 36
1718215866326 35.2 37
1718215876354 35.1 38
1718215886375 34.6 39
1718215896394 35.0 40
1718215906431 35.0 41
1718215916457 35.1 42
1718215926485 35.2 43
1718215936512 35.3 44
1718215946549 35.3 45
1718215956575 38.7 46
1718215966602 38.7 47
1718215976625 38.6 48
1718215986657 38.8 49
1718215996683 39.0 50
1718216006702 38.4 51
1718216016726 38.1 52
1718216026748 38.0 53
1718216036766 38.1 54
1718216046783 38.2 55
1718216056804 38.1 56
1718216066829 38.0 57
1718216076851 38.0 58
1718216086879 37.9 59
1718216096899 38.0 60
1718216106920 37.9 61
1718216116941 37.9 62
1718216126968 38.1 63
1718216136995 38.0 64
1718216147017 37.9 65
1718216157040 38.0 66
1718216167106 37.9 67
1718216177159 38.1 68
1718216187186 38.0 69
1718216197216 37.9 70
1718216207238 37.7 71
1718216217269 37.8 72
1718216227295 37.9 73
1718216237318 38.0 74
1718216247343 38.3 75
1718216257373 38.2 76
1718216267399 38.3 77
1718216277423 38.2 78
1718216287448 38.2 79
1718216297478 38.3 80
1718216307505 38.1 81
1718216317528 38.3 82
1718216327552 38.1 83
1718216337583 38.1 84
1718216347619 38.2 85
1718216357645 38.4 86
1718216367668 39.9 87
1718216377699 38.5 88
1718216387733 38.2 89
1718216397755 38.2 90
1718216407780 38.2 91
1718216417801 38.0 92
