1718311264167 0.0 0
1718311274195 7.6 1
1718311284217 6.1 2
1718311294242 5.7 3
1718311304266 5.8 4
1718311314290 6.3 5
1718311324314 6.9 6
1718311334341 5.9 7
1718311344365 5.7 8
1718311354392 6.0 9
1718311364413 5.5 10
1718311374440 6.1 11
1718311384468 8.6 12
1718311394489 10.1 13
1718311404510 9.9 14
1718311414530 9.8 15
1718311424551 10.5 16
1718311434579 8.5 17
1718311444604 14.1 18
1718311454627 12.2 19
1718311464648 10.6 20
1718311474669 12.0 21
1718311484689 12.3 22
1718311494709 12.2 23
1718311504730 12.8 24
1718311514749 12.7 25
1718311524769 12.4 26
1718311534791 12.8 27
1718311544813 11.4 28
1718311554838 13.0 29
1718311564859 12.7 30
1718311574878 12.2 31
1718311584897 14.0 32
1718311594920 11.7 33
1718311604946 12.2 34
1718311614970 12.0 35
1718311624995 12.9 36
1718311635016 12.8 37
1718311645037 13.1 38
1718311655062 12.6 39
1718311665082 11.9 40
1718311675101 11.5 41
1718311685126 12.0 42
1718311695153 12.1 43
1718311705180 12.1 44
1718311715203 11.7 45
1718311725224 9.6 46
1718311735249 6.7 47
1718311745267 8.6 48
1718311755305 12.7 49
1718311765355 12.0 50
1718311775397 11.5 51
1718311785423 11.4 52
1718311795467 11.0 53
1718311805485 10.9 54
1718311815508 10.9 55
1718311825535 13.5 56
1718311835558 13.0 57
1718311845586 12.8 58
1718311855609 13.1 59
1718311865631 14.8 60
1718311875657 14.3 61
1718311885678 15.9 62
1718311895701 14.6 63
1718311905724 13.4 64
1718311915745 17.1 65
1718311925765 16.5 66
1718311935788 16.0 67
1718311945810 11.5 68
1718311955833 8.9 69
1718311965856 7.8 70
1718311975885 10.3 71
1718311985913 7.4 72
1718311995942 8.7 73
1718312005966 9.5 74
1718312015988 7.2 75
1718312026009 7.8 76
1718312036031 12.1 77
1718312046055 16.2 78
1718312056077 16.9 79
1718312066102 18.9 80
1718312076126 15.6 81
1718312086156 16.0 82
1718312096188 16.6 83
1718312106212 19.9 84
1718312116238 17.8 85
1718312126266 14.3 86
1718312136294 13.2 87
1718312146321 15.1 88
1718312156343 14.7 89
1718312166366 12.8 90
1718312176390 12.8 91
1718312186413 13.2 92
1718312196442 12.9 93
1718312206465 14.7 94
1718312216490 12.0 95
1718312226511 8.9 96
1718312236544 10.4 97
1718312246579 13.1 98
1718312256604 12.9 99
1718312266626 6.7 100
1718312276649 7.2 101
1718312286674 9.0 102
1718312296697 13.8 103
1718312306742 15.7 104
1718312316766 13.6 105
1718312326793 13.1 106
1718312336813 12.5 107
1718312346834 9.9 108
1718312356859 12.6 109
1718312366888 11.6 110
1718312376914 11.0 111
1718312386938 11.5 112
1718312396965 10.1 113
1718312406990 11.2 114
1718312417014 10.6 115
1718312427045 9.8 116
1718312437074 10.1 117
1718312447105 10.5 118
1718312457139 9.7 119
1718312467171 10.6 120
1718312477202 11.4 121
1718312487279 10.6 122
1718312497305 10.4 123
1718312507330 11.0 124
1718312517355 12.2 125
1718312527384 11.3 126
1718312537409 11.0 127
1718312547435 11.3 128
1718312557461 11.3 129
1718312567486 10.8 130
1718312577580 12.2 131
1718312587610 12.2 132
1718312597642 12.8 133
1718312607667 11.5 134
1718312617694 9.9 135
1718312627725 7.4 136
1718312637758 10.0 137
1718312647804 9.9 138
1718312657878 10.9 139
1718312667902 8.9 140
1718312677930 12.1 141
1718312687957 10.3 142
1718312697980 10.0 143
1718312708004 10.4 144
1718312718084 13.7 145
1718312728175 12.2 146
1718312739200 16.0 147
1718312749232 12.8 148
1718312759312 11.3 149
1718312769392 11.0 150
1718312779472 12.4 151
1718312789496 12.9 152
1718312799520 11.5 153
1718312809543 12.4 154
1718312819562 11.6 155
1718312829585 13.9 156
1718312839608 15.3 157
1718312849632 14.8 158
1718312859658 14.4 159
