1718311264167 66.7 0
1718311274195 66.7 1
1718311284217 66.7 2
1718311294242 66.7 3
1718311304266 66.7 4
1718311314290 66.7 5
1718311324314 66.7 6
1718311334341 66.7 7
1718311344365 66.7 8
1718311354392 66.7 9
1718311364413 66.7 10
1718311374440 66.7 11
1718311384468 66.7 12
1718311394489 66.7 13
1718311404510 66.7 14
1718311414530 66.7 15
1718311424551 66.7 16
1718311434579 66.7 17
1718311444604 66.7 18
1718311454627 66.7 19
1718311464648 66.7 20
1718311474669 66.7 21
1718311484689 66.7 22
1718311494709 66.7 23
1718311504730 66.7 24
1718311514749 66.7 25
1718311524769 66.7 26
1718311534791 66.7 27
1718311544813 66.7 28
1718311554838 66.7 29
1718311564859 66.7 30
1718311574878 66.7 31
1718311584897 66.7 32
1718311594920 66.7 33
1718311604946 66.7 34
1718311614970 66.7 35
1718311624995 66.7 36
1718311635016 66.7 37
1718311645037 66.7 38
1718311655062 66.7 39
1718311665082 66.7 40
1718311675101 66.7 41
1718311685126 66.7 42
1718311695153 66.7 43
1718311705180 66.7 44
1718311715203 66.7 45
1718311725224 66.7 46
1718311735249 66.7 47
1718311745267 66.7 48
1718311755305 66.7 49
1718311765355 66.7 50
1718311775397 66.7 51
1718311785423 66.7 52
1718311795467 66.7 53
1718311805485 66.7 54
1718311815508 66.7 55
1718311825535 66.7 56
1718311835558 66.7 57
1718311845586 66.7 58
1718311855609 66.7 59
1718311865631 66.7 60
1718311875657 66.7 61
1718311885678 66.7 62
1718311895701 66.7 63
1718311905724 66.7 64
1718311915745 66.7 65
1718311925765 66.7 66
1718311935788 66.7 67
1718311945810 66.7 68
1718311955833 66.7 69
1718311965856 66.7 70
1718311975885 66.7 71
1718311985913 66.7 72
1718311995942 66.7 73
1718312005966 66.7 74
1718312015988 66.7 75
1718312026009 66.7 76
1718312036031 66.8 77
1718312046055 66.8 78
1718312056077 66.8 79
1718312066102 66.8 80
1718312076126 66.8 81
1718312086156 66.8 82
1718312096188 66.8 83
1718312106212 66.8 84
1718312116238 66.8 85
1718312126266 66.8 86
1718312136294 66.8 87
1718312146321 66.8 88
1718312156343 66.8 89
1718312166366 66.8 90
1718312176390 66.8 91
1718312186413 66.8 92
1718312196442 66.8 93
1718312206465 66.8 94
1718312216490 66.8 95
1718312226511 66.8 96
1718312236544 66.8 97
1718312246579 66.8 98
1718312256604 66.8 99
1718312266626 66.8 100
1718312276649 66.8 101
1718312286674 66.8 102
1718312296697 66.8 103
1718312306742 66.8 104
1718312316766 66.8 105
1718312326793 66.8 106
1718312336813 66.8 107
1718312346834 66.8 108
1718312356859 66.8 109
1718312366888 66.8 110
1718312376914 66.8 111
1718312386938 66.8 112
1718312396965 66.8 113
1718312406990 66.8 114
1718312417014 66.8 115
1718312427045 66.8 116
1718312437074 66.8 117
1718312447105 66.8 118
1718312457139 66.8 119
1718312467171 66.8 120
1718312477202 66.8 121
1718312487279 66.8 122
1718312497305 66.8 123
1718312507330 66.8 124
1718312517355 66.8 125
1718312527384 66.8 126
1718312537409 66.8 127
1718312547435 66.8 128
1718312557461 66.8 129
1718312567486 66.8 130
1718312577580 66.8 131
1718312587610 66.8 132
1718312597642 66.8 133
1718312607667 66.8 134
1718312617694 66.8 135
1718312627725 66.8 136
1718312637758 66.8 137
1718312647804 66.8 138
1718312657878 66.8 139
1718312667902 66.8 140
1718312677930 66.8 141
1718312687957 66.8 142
1718312697980 66.8 143
1718312708004 66.8 144
1718312718084 66.8 145
1718312728175 66.8 146
1718312739200 66.8 147
1718312749232 66.8 148
1718312759312 66.8 149
1718312769392 66.8 150
1718312779472 66.8 151
1718312789496 66.8 152
1718312799520 66.8 153
1718312809543 66.8 154
1718312819562 66.8 155
1718312829585 66.8 156
1718312839608 66.8 157
1718312849632 66.8 158
1718312859658 66.8 159
