1718311264167 310321.9 0
1718311274195 310320.7 1
1718311284217 310320.6 2
1718311294242 310320.5 3
1718311304266 310320.5 4
1718311314290 310320.5 5
1718311324314 310320.5 6
1718311334341 310320.5 7
1718311344365 310320.5 8
1718311354392 310320.5 9
1718311364413 310320.5 10
1718311374440 310320.5 11
1718311384468 310320.5 12
1718311394489 310320.4 13
1718311404510 310320.4 14
1718311414530 310320.3 15
1718311424551 310319.4 16
1718311434579 310320.2 17
1718311444604 310319.0 18
1718311454627 310319.0 19
1718311464648 310318.8 20
1718311474669 310318.6 21
1718311484689 310318.0 22
1718311494709 310317.9 23
1718311504730 310317.8 24
1718311514749 310317.1 25
1718311524769 310316.6 26
1718311534791 310315.9 27
1718311544813 310316.0 28
1718311554838 310315.9 29
1718311564859 310332.0 30
1718311574878 310331.4 31
1718311584897 310331.4 32
1718311594920 310331.1 33
1718311604946 310330.5 34
1718311614970 310329.7 35
1718311624995 310329.4 36
1718311635016 310328.6 37
1718311645037 310328.3 38
1718311655062 310324.5 39
1718311665082 310327.4 40
1718311675101 310330.4 41
1718311685126 310329.5 42
1718311695153 310329.5 43
1718311705180 310329.5 44
1718311715203 310329.2 45
1718311725224 310324.6 46
1718311735249 310323.5 47
1718311745267 310324.1 48
1718311755305 310323.6 49
1718311765355 310323.3 50
1718311775397 310323.3 51
1718311785423 310323.9 52
1718311795467 310323.9 53
1718311805485 310323.9 54
1718311815508 310323.8 55
1718311825535 310323.4 56
1718311835558 310323.5 57
1718311845586 310323.5 58
1718311855609 310323.4 59
1718311865631 310323.2 60
1718311875657 310322.9 61
1718311885678 310322.9 62
1718311895701 310323.3 63
1718311905724 310323.1 64
1718311915745 310319.8 65
1718311925765 310316.4 66
1718311935788 310314.3 67
1718311945810 310313.4 68
1718311955833 310312.2 69
1718311965856 310311.8 70
1718311975885 310311.8 71
1718311985913 310304.6 72
1718311995942 310304.6 73
1718312005966 310304.5 74
1718312015988 310304.5 75
1718312026009 310304.3 76
1718312036031 309798.0 77
1718312046055 309797.7 78
1718312056077 309797.7 79
1718312066102 309797.7 80
1718312076126 309798.0 81
1718312086156 309797.0 82
1718312096188 309796.7 83
1718312106212 309796.7 84
1718312116238 309796.7 85
1718312126266 309796.8 86
1718312136294 309796.8 87
1718312146321 309796.7 88
1718312156343 309796.7 89
1718312166366 309796.7 90
1718312176390 309796.4 91
1718312186413 309796.1 92
1718312196442 309796.2 93
1718312206465 309796.2 94
1718312216490 309796.3 95
1718312226511 309795.9 96
1718312236544 309796.0 97
1718312246579 309796.0 98
1718312256604 309795.7 99
1718312266626 309795.5 100
1718312276649 309795.5 101
1718312286674 309795.3 102
1718312296697 309794.9 103
1718312306742 309794.8 104
1718312316766 309794.8 105
1718312326793 309794.8 106
1718312336813 309794.8 107
1718312346834 309795.7 108
1718312356859 309795.0 109
1718312366888 309795.0 110
1718312376914 309797.0 111
1718312386938 309797.0 112
1718312396965 309797.0 113
1718312406990 309796.9 114
1718312417014 309796.9 115
1718312427045 309796.9 116
1718312437074 309796.9 117
1718312447105 309796.9 118
1718312457139 309796.9 119
1718312467171 309796.9 120
1718312477202 309796.9 121
1718312487279 309795.8 122
1718312497305 309795.8 123
1718312507330 309794.4 124
1718312517355 309797.2 125
1718312527384 309796.4 126
1718312537409 309796.4 127
1718312547435 309796.3 128
1718312557461 309796.3 129
1718312567486 309795.5 130
1718312577580 309794.0 131
1718312587610 309797.3 132
1718312597642 309797.1 133
1718312607667 309797.0 134
1718312617694 309796.9 135
1718312627725 309796.9 136
1718312637758 309796.8 137
1718312647804 309796.1 138
1718312657878 309796.2 139
1718312667902 309796.2 140
1718312677930 309795.7 141
1718312687957 309795.5 142
1718312697980 309795.5 143
1718312708004 309795.5 144
1718312718084 309795.5 145
1718312728175 309795.7 146
1718312739200 309795.6 147
1718312749232 309795.6 148
1718312759312 309795.6 149
1718312769392 309795.6 150
1718312779472 309795.6 151
1718312789496 309795.5 152
1718312799520 309795.2 153
1718312809543 309795.1 154
1718312819562 309288.9 155
1718312829585 309288.9 156
1718312839608 309288.5 157
1718312849632 309288.5 158
1718312859658 309288.1 159
