1718311264167 622498.9 0
1718311274195 622500.1 1
1718311284217 622500.2 2
1718311294242 622500.3 3
1718311304266 622500.3 4
1718311314290 622500.3 5
1718311324314 622500.3 6
1718311334341 622500.3 7
1718311344365 622500.3 8
1718311354392 622500.3 9
1718311364413 622500.3 10
1718311374440 622500.3 11
1718311384468 622500.3 12
1718311394489 622500.5 13
1718311404510 622500.5 14
1718311414530 622500.5 15
1718311424551 622501.4 16
1718311434579 622500.6 17
1718311444604 622501.8 18
1718311454627 622501.8 19
1718311464648 622502.0 20
1718311474669 622502.2 21
1718311484689 622502.9 22
1718311494709 622503.0 23
1718311504730 622503.0 24
1718311514749 622503.8 25
1718311524769 622504.2 26
1718311534791 622504.9 27
1718311544813 622504.8 28
1718311554838 622504.9 29
1718311564859 622488.8 30
1718311574878 622489.4 31
1718311584897 622489.4 32
1718311594920 622489.7 33
1718311604946 622490.3 34
1718311614970 622491.1 35
1718311624995 622491.4 36
1718311635016 622492.2 37
1718311645037 622492.5 38
1718311655062 622496.4 39
1718311665082 622493.5 40
1718311675101 622490.4 41
1718311685126 622491.3 42
1718311695153 622491.3 43
1718311705180 622491.3 44
1718311715203 622491.6 45
1718311725224 622496.2 46
1718311735249 622497.3 47
1718311745267 622496.7 48
1718311755305 622497.3 49
1718311765355 622497.5 50
1718311775397 622497.5 51
1718311785423 622496.9 52
1718311795467 622496.9 53
1718311805485 622496.9 54
1718311815508 622497.0 55
1718311825535 622497.5 56
1718311835558 622497.4 57
1718311845586 622497.4 58
1718311855609 622497.4 59
1718311865631 622497.6 60
1718311875657 622497.9 61
1718311885678 622497.9 62
1718311895701 622497.5 63
1718311905724 622497.7 64
1718311915745 622501.1 65
1718311925765 622504.4 66
1718311935788 622506.5 67
1718311945810 622507.4 68
1718311955833 622508.6 69
1718311965856 622509.0 70
1718311975885 622509.0 71
1718311985913 622516.2 72
1718311995942 622516.2 73
1718312005966 622516.3 74
1718312015988 622516.3 75
1718312026009 622516.5 76
1718312036031 623022.8 77
1718312046055 623023.1 78
1718312056077 623023.1 79
1718312066102 623023.1 80
1718312076126 623022.8 81
1718312086156 623023.8 82
1718312096188 623024.1 83
1718312106212 623024.1 84
1718312116238 623024.1 85
1718312126266 623024.0 86
1718312136294 623024.0 87
1718312146321 623024.1 88
1718312156343 623024.1 89
1718312166366 623024.1 90
1718312176390 623024.4 91
1718312186413 623024.7 92
1718312196442 623024.6 93
1718312206465 623024.6 94
1718312216490 623024.5 95
1718312226511 623024.9 96
1718312236544 623024.8 97
1718312246579 623024.8 98
1718312256604 623025.1 99
1718312266626 623025.3 100
1718312276649 623025.3 101
1718312286674 623025.5 102
1718312296697 623026.0 103
1718312306742 623026.0 104
1718312316766 623026.0 105
1718312326793 623026.0 106
1718312336813 623026.0 107
1718312346834 623025.2 108
1718312356859 623025.8 109
1718312366888 623025.8 110
1718312376914 623023.8 111
1718312386938 623023.8 112
1718312396965 623023.8 113
1718312406990 623023.9 114
1718312417014 623023.9 115
1718312427045 623023.9 116
1718312437074 623023.9 117
1718312447105 623023.9 118
1718312457139 623023.9 119
1718312467171 623023.9 120
1718312477202 623023.9 121
1718312487279 623025.0 122
1718312497305 623025.0 123
1718312507330 623026.4 124
1718312517355 623023.6 125
1718312527384 623024.4 126
1718312537409 623024.4 127
1718312547435 623024.5 128
1718312557461 623024.5 129
1718312567486 623025.3 130
1718312577580 623026.8 131
1718312587610 623023.5 132
1718312597642 623023.7 133
1718312607667 623023.8 134
1718312617694 623023.9 135
1718312627725 623023.9 136
1718312637758 623024.0 137
1718312647804 623024.7 138
1718312657878 623024.6 139
1718312667902 623024.7 140
1718312677930 623025.1 141
1718312687957 623025.3 142
1718312697980 623025.3 143
1718312708004 623025.3 144
1718312718084 623025.4 145
1718312728175 623025.1 146
1718312739200 623025.2 147
1718312749232 623025.2 148
1718312759312 623025.2 149
1718312769392 623025.2 150
1718312779472 623025.2 151
1718312789496 623025.3 152
1718312799520 623025.6 153
1718312809543 623025.7 154
1718312819562 623531.9 155
1718312829585 623531.9 156
1718312839608 623532.3 157
1718312849632 623532.3 158
1718312859658 623532.7 159
