1718311264167 58.2 0
1718311274195 66.0 1
1718311284217 70.1 2
1718311294242 70.2 3
1718311304266 70.1 4
1718311314290 70.2 5
1718311324314 70.1 6
1718311334341 70.2 7
1718311344365 70.1 8
1718311354392 70.1 9
1718311364413 70.1 10
1718311374440 70.5 11
1718311384468 70.4 12
1718311394489 71.5 13
1718311404510 74.0 14
1718311414530 76.3 15
1718311424551 71.9 16
1718311434579 71.3 17
1718311444604 71.6 18
1718311454627 71.4 19
1718311464648 71.5 20
1718311474669 72.4 21
1718311484689 72.2 22
1718311494709 71.7 23
1718311504730 71.5 24
1718311514749 71.9 25
1718311524769 72.1 26
1718311534791 71.7 27
1718311544813 71.7 28
1718311554838 71.9 29
1718311564859 71.5 30
1718311574878 72.9 31
1718311584897 73.5 32
1718311594920 73.2 33
1718311604946 72.6 34
1718311614970 72.4 35
1718311624995 72.0 36
1718311635016 71.9 37
1718311645037 72.4 38
1718311655062 71.8 39
1718311665082 72.8 40
1718311675101 72.2 41
1718311685126 72.0 42
1718311695153 72.4 43
1718311705180 72.1 44
1718311715203 71.7 45
1718311725224 71.6 46
1718311735249 71.6 47
1718311745267 73.7 48
1718311755305 70.9 49
1718311765355 71.3 50
1718311775397 70.8 51
1718311785423 70.9 52
1718311795467 70.9 53
1718311805485 71.3 54
1718311815508 70.9 55
1718311825535 71.5 56
1718311835558 71.2 57
1718311845586 71.0 58
1718311855609 71.0 59
1718311865631 72.4 60
1718311875657 71.8 61
1718311885678 71.7 62
1718311895701 71.8 63
1718311905724 71.5 64
1718311915745 71.3 65
1718311925765 71.1 66
1718311935788 71.8 67
1718311945810 71.3 68
1718311955833 72.1 69
1718311965856 71.6 70
1718311975885 71.2 71
1718311985913 71.1 72
1718311995942 71.2 73
1718312005966 71.3 74
1718312015988 71.2 75
1718312026009 71.6 76
1718312036031 72.8 77
1718312046055 71.9 78
1718312056077 72.1 79
1718312066102 72.0 80
1718312076126 72.3 81
1718312086156 71.8 82
1718312096188 71.8 83
1718312106212 73.1 84
1718312116238 72.6 85
1718312126266 72.9 86
1718312136294 72.5 87
1718312146321 73.4 88
1718312156343 73.0 89
1718312166366 72.3 90
1718312176390 72.5 91
1718312186413 72.0 92
1718312196442 71.9 93
1718312206465 72.6 94
1718312216490 72.0 95
1718312226511 72.0 96
1718312236544 72.4 97
1718312246579 71.5 98
1718312256604 72.2 99
1718312266626 71.9 100
1718312276649 71.8 101
1718312286674 72.0 102
1718312296697 72.3 103
1718312306742 71.6 104
1718312316766 71.5 105
1718312326793 71.5 106
1718312336813 71.7 107
1718312346834 71.3 108
1718312356859 72.0 109
1718312366888 71.9 110
1718312376914 71.3 111
1718312386938 71.2 112
1718312396965 71.3 113
1718312406990 71.2 114
1718312417014 71.2 115
1718312427045 71.2 116
1718312437074 71.1 117
1718312447105 71.1 118
1718312457139 71.1 119
1718312467171 71.1 120
1718312477202 71.8 121
1718312487279 71.5 122
1718312497305 71.5 123
1718312507330 71.2 124
1718312517355 71.5 125
1718312527384 71.1 126
1718312537409 71.8 127
1718312547435 71.0 128
1718312557461 70.9 129
1718312567486 71.3 130
1718312577580 71.5 131
1718312587610 70.9 132
1718312597642 71.5 133
1718312607667 70.8 134
1718312617694 71.1 135
1718312627725 71.2 136
1718312637758 70.9 137
1718312647804 70.9 138
1718312657878 71.0 139
1718312667902 71.0 140
1718312677930 71.0 141
1718312687957 70.5 142
1718312697980 70.4 143
1718312708004 71.0 144
1718312718084 70.6 145
1718312728175 70.5 146
1718312739200 70.9 147
1718312749232 70.4 148
1718312759312 70.3 149
1718312769392 70.4 150
1718312779472 70.3 151
1718312789496 70.6 152
1718312799520 70.6 153
1718312809543 70.5 154
1718312819562 70.7 155
1718312829585 70.7 156
1718312839608 71.4 157
1718312849632 71.4 158
1718312859658 70.9 159
