1718311264167 1.0 0
1718311274195 87.0 1
1718311284217 79.0 2
1718311294242 87.0 3
1718311304266 93.0 4
1718311314290 87.0 5
1718311324314 93.0 6
1718311334341 87.0 7
1718311344365 94.0 8
1718311354392 82.0 9
1718311364413 87.0 10
1718311374440 95.0 11
1718311384468 93.0 12
1718311394489 88.0 13
1718311404510 94.0 14
1718311414530 67.0 15
1718311424551 87.0 16
1718311434579 95.0 17
1718311444604 93.0 18
1718311454627 85.0 19
1718311464648 93.0 20
1718311474669 94.0 21
1718311484689 95.0 22
1718311494709 98.0 23
1718311504730 77.0 24
1718311514749 86.0 25
1718311524769 94.0 26
1718311534791 96.0 27
1718311544813 96.0 28
1718311554838 96.0 29
1718311564859 95.0 30
1718311574878 97.0 31
1718311584897 81.0 32
1718311594920 92.0 33
1718311604946 86.0 34
1718311614970 85.0 35
1718311624995 98.0 36
1718311635016 97.0 37
1718311645037 81.0 38
1718311655062 93.0 39
1718311665082 83.0 40
1718311675101 96.0 41
1718311685126 86.0 42
1718311695153 91.0 43
1718311705180 97.0 44
1718311715203 97.0 45
1718311725224 88.0 46
1718311735249 86.0 47
1718311745267 98.0 48
1718311755305 95.0 49
1718311765355 97.0 50
1718311775397 88.0 51
1718311785423 95.0 52
1718311795467 88.0 53
1718311805485 95.0 54
1718311815508 79.0 55
1718311825535 95.0 56
1718311835558 92.0 57
1718311845586 88.0 58
1718311855609 91.0 59
1718311865631 98.0 60
1718311875657 89.0 61
1718311885678 99.0 62
1718311895701 98.0 63
1718311905724 92.0 64
1718311915745 95.0 65
1718311925765 95.0 66
1718311935788 91.0 67
1718311945810 92.0 68
1718311955833 93.0 69
1718311965856 93.0 70
1718311975885 93.0 71
1718311985913 93.0 72
1718311995942 93.0 73
1718312005966 94.0 74
1718312015988 92.0 75
1718312026009 92.0 76
1718312036031 79.0 77
1718312046055 90.0 78
1718312056077 92.0 79
1718312066102 99.0 80
1718312076126 62.0 81
1718312086156 96.0 82
1718312096188 69.0 83
1718312106212 82.0 84
1718312116238 90.0 85
1718312126266 90.0 86
1718312136294 91.0 87
1718312146321 73.0 88
1718312156343 99.0 89
1718312166366 98.0 90
1718312176390 98.0 91
1718312186413 94.0 92
1718312196442 68.0 93
1718312206465 99.0 94
1718312216490 86.0 95
1718312226511 79.0 96
1718312236544 99.0 97
1718312246579 98.0 98
1718312256604 97.0 99
1718312266626 94.0 100
1718312276649 83.0 101
1718312286674 79.0 102
1718312296697 90.0 103
1718312306742 92.0 104
1718312316766 99.0 105
1718312326793 72.0 106
1718312336813 98.0 107
1718312346834 87.0 108
1718312356859 95.0 109
1718312366888 92.0 110
1718312376914 95.0 111
1718312386938 86.0 112
1718312396965 86.0 113
1718312406990 83.0 114
1718312417014 96.0 115
1718312427045 94.0 116
1718312437074 70.0 117
1718312447105 95.0 118
1718312457139 97.0 119
1718312467171 88.0 120
1718312477202 94.0 121
1718312487279 68.0 122
1718312497305 88.0 123
1718312507330 93.0 124
1718312517355 95.0 125
1718312527384 97.0 126
1718312537409 69.0 127
1718312547435 88.0 128
1718312557461 97.0 129
1718312567486 88.0 130
1718312577580 86.0 131
1718312587610 66.0 132
1718312597642 86.0 133
1718312607667 97.0 134
1718312617694 93.0 135
1718312627725 95.0 136
1718312637758 93.0 137
1718312647804 93.0 138
1718312657878 95.0 139
1718312667902 95.0 140
1718312677930 95.0 141
1718312687957 95.0 142
1718312697980 94.0 143
1718312708004 93.0 144
1718312718084 97.0 145
1718312728175 97.0 146
1718312739200 97.0 147
1718312749232 98.0 148
1718312759312 97.0 149
1718312769392 97.0 150
1718312779472 97.0 151
1718312789496 97.0 152
1718312799520 96.0 153
1718312809543 93.0 154
1718312819562 5.0 155
1718312829585 95.0 156
1718312839608 83.0 157
1718312849632 93.0 158
1718312859658 86.0 159
