1718311264167 7504.1 0
1718311274195 8500.2 1
1718311284217 9035.0 2
1718311294242 9039.2 3
1718311304266 9035.0 4
1718311314290 9044.3 5
1718311324314 9035.0 6
1718311334341 9043.4 7
1718311344365 9026.6 8
1718311354392 9036.0 9
1718311364413 9027.6 10
1718311374440 9079.0 11
1718311384468 9076.7 12
1718311394489 9206.9 13
1718311404510 9540.1 14
1718311414530 9829.9 15
1718311424551 9267.8 16
1718311434579 9187.7 17
1718311444604 9227.2 18
1718311454627 9202.6 19
1718311464648 9215.0 20
1718311474669 9331.5 21
1718311484689 9301.5 22
1718311494709 9235.1 23
1718311504730 9211.5 24
1718311514749 9267.3 25
1718311524769 9284.1 26
1718311534791 9232.2 27
1718311544813 9244.3 28
1718311554838 9260.4 29
1718311564859 9213.9 30
1718311574878 9390.0 31
1718311584897 9476.8 32
1718311594920 9429.3 33
1718311604946 9360.0 34
1718311614970 9325.6 35
1718311624995 9282.5 36
1718311635016 9268.5 37
1718311645037 9330.1 38
1718311655062 9245.2 39
1718311665082 9384.7 40
1718311675101 9299.0 41
1718311685126 9270.8 42
1718311695153 9331.7 43
1718311705180 9288.4 44
1718311715203 9244.7 45
1718311725224 9222.2 46
1718311735249 9225.9 47
1718311745267 9490.7 48
1718311755305 9138.5 49
1718311765355 9183.2 50
1718311775397 9120.7 51
1718311785423 9135.8 52
1718311795467 9138.5 53
1718311805485 9187.0 54
1718311815508 9139.9 55
1718311825535 9210.7 56
1718311835558 9169.1 57
1718311845586 9143.8 58
1718311855609 9149.8 59
1718311865631 9332.3 60
1718311875657 9256.0 61
1718311885678 9232.7 62
1718311895701 9256.2 63
1718311905724 9218.5 64
1718311915745 9181.3 65
1718311925765 9166.1 66
1718311935788 9248.0 67
1718311945810 9189.2 68
1718311955833 9294.2 69
1718311965856 9229.6 70
1718311975885 9171.4 71
1718311985913 9163.8 72
1718311995942 9169.5 73
1718312005966 9180.6 74
1718312015988 9173.5 75
1718312026009 9230.9 76
1718312036031 9384.2 77
1718312046055 9263.6 78
1718312056077 9295.2 79
1718312066102 9280.9 80
1718312076126 9314.0 81
1718312086156 9247.5 82
1718312096188 9250.3 83
1718312106212 9414.7 84
1718312116238 9356.8 85
1718312126266 9391.6 86
1718312136294 9343.6 87
1718312146321 9457.4 88
1718312156343 9399.9 89
1718312166366 9317.1 90
1718312176390 9339.1 91
1718312186413 9281.1 92
1718312196442 9269.7 93
1718312206465 9355.6 94
1718312216490 9274.3 95
1718312226511 9280.0 96
1718312236544 9325.4 97
1718312246579 9209.2 98
1718312256604 9300.8 99
1718312266626 9261.4 100
1718312276649 9254.1 101
1718312286674 9279.6 102
1718312296697 9316.4 103
1718312306742 9223.7 104
1718312316766 9215.7 105
1718312326793 9211.0 106
1718312336813 9241.4 107
1718312346834 9190.5 108
1718312356859 9276.3 109
1718312366888 9258.7 110
1718312376914 9188.8 111
1718312386938 9176.0 112
1718312396965 9193.3 113
1718312406990 9171.5 114
1718312417014 9167.6 115
1718312427045 9171.5 116
1718312437074 9163.0 117
1718312447105 9159.0 118
1718312457139 9164.6 119
1718312467171 9160.0 120
1718312477202 9249.9 121
1718312487279 9218.3 122
1718312497305 9211.5 123
1718312507330 9179.5 124
1718312517355 9212.1 125
1718312527384 9164.0 126
1718312537409 9245.4 127
1718312547435 9150.6 128
1718312557461 9137.0 129
1718312567486 9184.8 130
1718312577580 9209.7 131
1718312587610 9131.0 132
1718312597642 9210.6 133
1718312607667 9123.0 134
1718312617694 9157.3 135
1718312627725 9171.6 136
1718312637758 9131.7 137
1718312647804 9131.3 138
1718312657878 9144.2 139
1718312667902 9144.1 140
1718312677930 9150.1 141
1718312687957 9081.5 142
1718312697980 9069.7 143
1718312708004 9144.3 144
1718312718084 9095.4 145
1718312728175 9082.4 146
1718312739200 9130.4 147
1718312749232 9076.9 148
1718312759312 9064.3 149
1718312769392 9069.6 150
1718312779472 9053.8 151
1718312789496 9097.2 152
1718312799520 9090.6 153
1718312809543 9080.4 154
1718312819562 9108.9 155
1718312829585 9112.8 156
1718312839608 9201.8 157
1718312849632 9204.2 158
1718312859658 9137.4 159
