1718311264167 0.0 0
1718311274195 0.014555999999998903 1
1718311284217 0.033339999999995484 2
1718311294242 0.04215200000000152 3
1718311304266 0.043290999999996416 4
1718311314290 0.0476900000000029 5
1718311324314 0.06062799999999413 6
1718311334341 0.07413499999999829 7
1718311344365 0.09756799999999544 8
1718311354392 0.1072719999999947 9
1718311364413 0.11086799999999641 10
1718311374440 0.11632500000000334 11
1718311384468 0.12978900000000237 12
1718311394489 0.24680000000000746 13
1718311404510 0.33984100000000694 14
1718311414530 0.3582449999999966 15
1718311424551 0.4835769999999968 16
1718311434579 0.6139500000000027 17
1718311444604 0.8626050000000021 18
1718311454627 1.0148599999999988 19
1718311464648 1.0757720000000006 20
1718311474669 1.1326870000000042 21
1718311484689 1.3501020000000068 22
1718311494709 1.360872999999998 23
1718311504730 1.5147610000000071 24
1718311514749 1.5906910000000067 25
1718311524769 1.657663999999997 26
1718311534791 1.7702110000000033 27
1718311544813 1.8294910000000044 28
1718311554838 1.9180199999999985 29
1718311564859 2.575040999999999 30
1718311574878 2.586203999999995 31
1718311584897 2.6507469999999955 32
1718311594920 2.829711000000003 33
1718311604946 2.916572000000002 34
1718311614970 3.0454969999999975 35
1718311624995 3.1015960000000007 36
1718311635016 3.1658939999999944 37
1718311645037 3.2560059999999993 38
1718311655062 3.3039440000000013 39
1718311665082 3.5284539999999964 40
1718311675101 3.5966769999999997 41
1718311685126 3.7685850000000016 42
1718311695153 3.7936289999999957 43
1718311705180 3.839179999999999 44
1718311715203 3.8528440000000046 45
1718311725224 3.979093000000006 46
1718311735249 4.011463000000006 47
1718311745267 4.064998000000003 48
1718311755305 4.171267999999998 49
1718311765355 4.1881680000000046 50
1718311775397 4.220472000000001 51
1718311785423 4.231826999999996 52
1718311795467 4.278131000000002 53
1718311805485 4.299857000000003 54
1718311815508 4.428328000000008 55
1718311825535 4.5405449999999945 56
1718311835558 4.646445 57
1718311845586 4.665862000000004 58
1718311855609 4.739368999999996 59
1718311865631 4.8221790000000055 60
1718311875657 4.952344999999994 61
1718311885678 4.979101 62
1718311895701 5.117047999999997 63
1718311905724 5.190641999999997 64
1718311915745 5.291376999999997 65
1718311925765 5.563767999999996 66
1718311935788 5.644714000000008 67
1718311945810 5.697724000000008 68
1718311955833 5.810354000000004 69
1718311965856 5.818933999999999 70
1718311975885 5.834248000000002 71
1718311985913 5.841485000000006 72
1718311995942 5.910681999999994 73
1718312005966 5.9275750000000045 74
1718312015988 5.9391549999999995 75
1718312026009 5.952426000000003 76
1718312036031 6.109699000000006 77
1718312046055 6.165604999999999 78
1718312056077 6.1761630000000025 79
1718312066102 6.207676000000006 80
1718312076126 6.239405000000005 81
1718312086156 6.33999 82
1718312096188 6.381059000000008 83
1718312106212 6.439852000000002 84
1718312116238 6.477676000000002 85
1718312126266 6.513981000000001 86
1718312136294 6.523820999999998 87
1718312146321 6.658409000000006 88
1718312156343 6.688683999999995 89
1718312166366 6.736086 90
1718312176390 6.7981670000000065 91
1718312186413 6.870272 92
1718312196442 6.889216000000005 93
1718312206465 6.9356930000000006 94
1718312216490 6.9918090000000035 95
1718312226511 7.023385000000005 96
1718312236544 7.0945370000000025 97
1718312246579 7.102243000000001 98
1718312256604 7.1524730000000005 99
1718312266626 7.159338000000005 100
1718312276649 7.1808479999999975 101
1718312286674 7.200190000000006 102
1718312296697 7.316508999999996 103
1718312306742 7.386236999999994 104
1718312316766 7.407071000000002 105
1718312326793 7.464408000000006 106
1718312336813 7.483243000000002 107
1718312346834 7.535883999999996 108
1718312356859 7.627361000000008 109
1718312366888 7.732489000000001 110
1718312376914 7.797168999999997 111
1718312386938 7.838746 112
1718312396965 7.860658999999998 113
1718312406990 7.910368000000005 114
1718312417014 7.923445000000001 115
1718312427045 7.960327000000007 116
1718312437074 7.974607000000006 117
1718312447105 8.030996000000002 118
1718312457139 8.059427999999997 119
1718312467171 8.093812 120
1718312477202 8.124524000000008 121
1718312487279 8.223084999999998 122
1718312497305 8.244579000000002 123
1718312507330 8.372251000000006 124
1718312517355 8.462582999999995 125
1718312527384 8.554044000000005 126
1718312537409 8.607203999999996 127
1718312547435 8.625589000000005 128
1718312557461 8.706747000000007 129
1718312567486 8.768175999999997 130
1718312577580 8.925987000000006 131
1718312587610 8.963544999999996 132
1718312597642 8.996143000000004 133
1718312607667 9.012224000000003 134
1718312617694 9.048566000000008 135
1718312627725 9.054854000000006 136
1718312637758 9.202100000000002 137
1718312647804 9.333053000000007 138
1718312657878 9.441297000000006 139
1718312667902 9.485877000000002 140
1718312677930 9.580281999999997 141
1718312687957 9.654831000000001 142
1718312697980 9.728318999999999 143
1718312708004 9.758474000000007 144
1718312718084 9.810707000000008 145
1718312728175 9.838947000000005 146
1718312739200 9.895592000000008 147
1718312749232 9.942232000000004 148
1718312759312 9.969643000000005 149
1718312769392 10.046040000000005 150
1718312779472 10.087451000000001 151
1718312789496 10.136623 152
1718312799520 10.174655000000001 153
1718312809543 10.206502 154
1718312819562 10.245647000000005 155
1718312829585 10.269175000000004 156
1718312839608 10.320088999999996 157
1718312849632 10.357685000000004 158
1718312859658 10.456998999999996 159
