1718311264167 0.0 0
1718311274195 0.013283999999885054 1
1718311284217 0.038716999999905966 2
1718311294242 0.04757700000004661 3
1718311304266 0.04870299999993222 4
1718311314290 0.053100999999969645 5
1718311324314 0.05795399999988149 6
1718311334341 0.0686439999999493 7
1718311344365 0.0978299999999308 8
1718311354392 0.11344799999983479 9
1718311364413 0.11561699999992925 10
1718311374440 0.12074600000005375 11
1718311384468 0.12860200000000077 12
1718311394489 1.4918989999998757 13
1718311404510 1.5892639999999574 14
1718311414530 1.6062399999998433 15
1718311424551 1.9715609999998378 16
1718311434579 5.956158999999843 17
1718311444604 21.32825099999991 18
1718311454627 24.848793999999998 19
1718311464648 28.28179699999987 20
1718311474669 32.23273300000005 21
1718311484689 34.79918599999996 22
1718311494709 34.80629699999986 23
1718311504730 38.67685699999993 24
1718311514749 38.75261699999987 25
1718311524769 42.88524399999983 26
1718311534791 43.01318100000003 27
1718311544813 46.78404599999999 28
1718311554838 46.87066099999993 29
1718311564859 51.54912399999989 30
1718311574878 51.56019300000003 31
1718311584897 55.266478000000006 32
1718311594920 55.29316799999992 33
1718311604946 59.5493449999999 34
1718311614970 59.694986999999855 35
1718311624995 63.289604000000054 36
1718311635016 63.65115300000002 37
1718311645037 68.03972899999985 38
1718311655062 68.25174599999991 39
1718311665082 73.03479300000004 40
1718311675101 73.12910399999987 41
1718311685126 76.98874099999989 42
1718311695153 77.01744299999996 43
1718311705180 80.23949900000002 44
1718311715203 80.62852299999986 45
1718311725224 86.75273599999991 46
1718311735249 89.59279900000001 47
1718311745267 89.71594299999992 48
1718311755305 93.682008 49
1718311765355 93.73744299999998 50
1718311775397 97.48472199999992 51
1718311785423 97.50133800000003 52
1718311795467 104.22858499999984 53
1718311805485 104.24649099999988 54
1718311815508 114.20933100000002 55
1718311825535 114.32555000000002 56
1718311835558 123.8422109999999 57
1718311845586 123.86145699999997 58
1718311855609 133.58741799999984 59
1718311865631 133.6704339999999 60
1718311875657 143.52054899999985 61
1718311885678 143.54997400000002 62
1718311895701 154.0981099999999 63
1718311905724 154.177727 64
1718311915745 157.79774399999997 65
1718311925765 160.47227899999984 66
1718311935788 162.38928599999986 67
1718311945810 162.88304700000003 68
1718311955833 168.56852000000003 69
1718311965856 168.57044699999983 70
1718311975885 168.58453999999983 71
1718311985913 168.586002 72
1718311995942 168.64002499999992 73
1718312005966 168.66290600000002 74
1718312015988 168.6765989999999 75
1718312026009 168.7290109999999 76
1718312036031 176.096677 77
1718312046055 179.3493289999999 78
1718312056077 179.3609469999999 79
1718312066102 182.67719199999988 80
1718312076126 182.694346 81
1718312086156 186.07940699999995 82
1718312096188 186.14943199999993 83
1718312106212 189.3468499999999 84
1718312116238 189.38782100000003 85
1718312126266 193.31925499999988 86
1718312136294 193.332811 87
1718312146321 200.15063299999997 88
1718312156343 201.42365399999994 89
1718312166366 207.54785199999992 90
1718312176390 207.96855600000004 91
1718312186413 213.9192089999999 92
1718312196442 215.00960199999986 93
1718312206465 220.34242099999983 94
1718312216490 222.86345899999992 95
1718312226511 222.99699299999997 96
1718312236544 231.20412599999986 97
1718312246579 231.21040399999993 98
1718312256604 236.74650899999983 99
1718312266626 236.79614700000002 100
1718312276649 236.80413699999986 101
1718312286674 236.86025999999993 102
1718312296697 237.49521099999993 103
1718312306742 244.27383199999986 104
1718312316766 244.29900699999985 105
1718312326793 253.21159699999998 106
1718312336813 253.2214429999999 107
1718312346834 261.50029500000005 108
1718312356859 261.58682299999987 109
1718312366888 268.68439999999987 110
1718312376914 268.7718789999999 111
1718312386938 277.223561 112
1718312396965 277.23169699999994 113
1718312406990 285.68230100000005 114
1718312417014 285.698183 115
1718312427045 291.76293799999985 116
1718312437074 291.7760739999999 117
1718312447105 300.43819299999996 118
1718312457139 300.46580300000005 119
1718312467171 309.56643699999995 120
1718312477202 309.59488399999987 121
1718312487279 317.1539069999999 122
1718312497305 317.18540599999983 123
1718312507330 326.28989 124
1718312517355 326.39468799999986 125
1718312527384 336.14635599999997 126
1718312537409 336.1780759999999 127
1718312547435 338.57504399999993 128
1718312557461 345.84506899999997 129
1718312567486 347.63475900000003 130
1718312577580 353.865456 131
1718312587610 353.92769899999985 132
1718312597642 353.95129699999984 133
1718312607667 353.9681189999999 134
1718312617694 354.043175 135
1718312627725 354.05248099999994 136
1718312637758 356.408539 137
1718312647804 361.10913200000005 138
1718312657878 368.3813869999999 139
1718312667902 372.7083419999999 140
1718312677930 375.78869699999996 141
1718312687957 377.50867199999993 142
1718312697980 379.556018 143
1718312708004 381.4603159999999 144
1718312718084 383.57243399999993 145
1718312728175 385.36674300000004 146
1718312739200 386.850019 147
1718312749232 388.64172099999996 148
1718312759312 389.743465 149
1718312769392 392.0560109999999 150
1718312779472 394.0358739999999 151
1718312789496 395.87060099999985 152
1718312799520 397.01707799999986 153
1718312809543 398.1630459999999 154
1718312819562 399.42477699999995 155
1718312829585 400.303099 156
1718312839608 401.907232 157
1718312849632 402.990184 158
1718312859658 404.13245099999995 159
