1718311264167 11559.0 0
1718311274195 12883.9 1
1718311284217 12881.5 2
1718311294242 12863.3 3
1718311304266 12851.0 4
1718311314290 12856.3 5
1718311324314 12838.1 6
1718311334341 12932.5 7
1718311344365 12853.5 8
1718311354392 12847.7 9
1718311364413 12833.8 10
1718311374440 12837.1 11
1718311384468 12888.5 12
1718311394489 12948.6 13
1718311404510 13002.0 14
1718311414530 12933.8 15
1718311424551 12864.6 16
1718311434579 12817.5 17
1718311444604 12890.4 18
1718311454627 12987.2 19
1718311464648 12946.4 20
1718311474669 12962.2 21
1718311484689 13015.4 22
1718311494709 13056.6 23
1718311504730 13060.5 24
1718311514749 13074.4 25
1718311524769 13058.5 26
1718311534791 13030.6 27
1718311544813 13066.7 28
1718311554838 13072.0 29
1718311564859 13202.6 30
1718311574878 13036.0 31
1718311584897 13070.4 32
1718311594920 13108.6 33
1718311604946 13169.7 34
1718311614970 13138.5 35
1718311624995 13097.3 36
1718311635016 13099.0 37
1718311645037 13111.5 38
1718311655062 13069.2 39
1718311665082 13158.4 40
1718311675101 13125.6 41
1718311685126 13183.8 42
1718311695153 13181.0 43
1718311705180 13168.7 44
1718311715203 13130.4 45
1718311725224 13280.8 46
1718311735249 13247.6 47
1718311745267 13311.2 48
1718311755305 13263.7 49
1718311765355 13261.8 50
1718311775397 13288.5 51
1718311785423 13203.5 52
1718311795467 13294.8 53
1718311805485 13293.2 54
1718311815508 13278.5 55
1718311825535 13453.1 56
1718311835558 13425.3 57
1718311845586 13394.4 58
1718311855609 13285.9 59
1718311865631 13343.1 60
1718311875657 13420.6 61
1718311885678 13393.1 62
1718311895701 13381.0 63
1718311905724 13430.4 64
1718311915745 13971.2 65
1718311925765 14294.9 66
1718311935788 14447.5 67
1718311945810 13542.7 68
1718311955833 13613.4 69
1718311965856 13557.3 70
1718311975885 13299.2 71
1718311985913 13247.0 72
1718311995942 13284.8 73
1718312005966 13319.9 74
1718312015988 13271.7 75
1718312026009 13316.2 76
1718312036031 13925.2 77
1718312046055 13979.1 78
1718312056077 13972.3 79
1718312066102 13939.8 80
1718312076126 14021.0 81
1718312086156 14009.9 82
1718312096188 14028.6 83
1718312106212 14105.8 84
1718312116238 14031.0 85
1718312126266 14067.5 86
1718312136294 14036.3 87
1718312146321 14084.2 88
1718312156343 14054.7 89
1718312166366 14030.2 90
1718312176390 14066.1 91
1718312186413 14051.5 92
1718312196442 14028.9 93
1718312206465 14073.9 94
1718312216490 14118.9 95
1718312226511 14146.5 96
1718312236544 14074.7 97
1718312246579 14022.6 98
1718312256604 14066.4 99
1718312266626 14015.1 100
1718312276649 14045.0 101
1718312286674 14090.1 102
1718312296697 14089.5 103
1718312306742 14043.7 104
1718312316766 14076.7 105
1718312326793 14038.2 106
1718312336813 14025.3 107
1718312346834 14052.5 108
1718312356859 14081.0 109
1718312366888 14084.3 110
1718312376914 14117.9 111
1718312386938 14113.1 112
1718312396965 14140.5 113
1718312406990 14120.1 114
1718312417014 14078.8 115
1718312427045 14121.5 116
1718312437074 14108.3 117
1718312447105 14087.8 118
1718312457139 14123.6 119
1718312467171 14095.2 120
1718312477202 14124.5 121
1718312487279 14150.0 122
1718312497305 14124.9 123
1718312507330 14174.2 124
1718312517355 14207.8 125
1718312527384 14149.6 126
1718312537409 14167.1 127
1718312547435 14177.6 128
1718312557461 14173.2 129
1718312567486 14240.2 130
1718312577580 14242.6 131
1718312587610 14261.9 132
1718312597642 14234.5 133
1718312607667 14203.3 134
1718312617694 14315.8 135
1718312627725 14274.0 136
1718312637758 14148.3 137
1718312647804 14088.0 138
1718312657878 14089.1 139
1718312667902 14087.0 140
1718312677930 14143.5 141
1718312687957 14156.6 142
1718312697980 14130.3 143
1718312708004 14208.1 144
1718312718084 14251.5 145
1718312728175 14226.8 146
1718312739200 14346.8 147
1718312749232 14454.4 148
1718312759312 14501.8 149
1718312769392 14634.1 150
1718312779472 14564.6 151
1718312789496 14622.7 152
1718312799520 14713.3 153
1718312809543 14636.2 154
1718312819562 14671.4 155
1718312829585 14742.0 156
1718312839608 14886.5 157
1718312849632 14999.4 158
1718312859658 15229.6 159
