1718311264167 34.5 0
1718311274195 38.4 1
1718311284217 38.4 2
1718311294242 38.4 3
1718311304266 38.3 4
1718311314290 38.3 5
1718311324314 38.3 6
1718311334341 38.6 7
1718311344365 38.3 8
1718311354392 38.3 9
1718311364413 38.3 10
1718311374440 38.3 11
1718311384468 38.4 12
1718311394489 38.6 13
1718311404510 38.8 14
1718311414530 38.6 15
1718311424551 38.4 16
1718311434579 38.2 17
1718311444604 38.4 18
1718311454627 38.7 19
1718311464648 38.6 20
1718311474669 38.7 21
1718311484689 38.8 22
1718311494709 38.9 23
1718311504730 38.9 24
1718311514749 39.0 25
1718311524769 38.9 26
1718311534791 38.9 27
1718311544813 39.0 28
1718311554838 39.0 29
1718311564859 39.4 30
1718311574878 38.9 31
1718311584897 39.0 32
1718311594920 39.1 33
1718311604946 39.3 34
1718311614970 39.2 35
1718311624995 39.1 36
1718311635016 39.1 37
1718311645037 39.1 38
1718311655062 39.0 39
1718311665082 39.2 40
1718311675101 39.1 41
1718311685126 39.3 42
1718311695153 39.3 43
1718311705180 39.3 44
1718311715203 39.2 45
1718311725224 39.6 46
1718311735249 39.5 47
1718311745267 39.7 48
1718311755305 39.5 49
1718311765355 39.5 50
1718311775397 39.6 51
1718311785423 39.4 52
1718311795467 39.6 53
1718311805485 39.6 54
1718311815508 39.6 55
1718311825535 40.1 56
1718311835558 40.0 57
1718311845586 39.9 58
1718311855609 39.6 59
1718311865631 39.8 60
1718311875657 40.0 61
1718311885678 39.9 62
1718311895701 39.9 63
1718311905724 40.0 64
1718311915745 41.7 65
1718311925765 42.6 66
1718311935788 43.1 67
1718311945810 40.4 68
1718311955833 40.6 69
1718311965856 40.4 70
1718311975885 39.7 71
1718311985913 39.5 72
1718311995942 39.6 73
1718312005966 39.7 74
1718312015988 39.6 75
1718312026009 39.7 76
1718312036031 41.5 77
1718312046055 41.7 78
1718312056077 41.7 79
1718312066102 41.6 80
1718312076126 41.8 81
1718312086156 41.8 82
1718312096188 41.8 83
1718312106212 42.1 84
1718312116238 41.8 85
1718312126266 41.9 86
1718312136294 41.9 87
1718312146321 42.0 88
1718312156343 41.9 89
1718312166366 41.8 90
1718312176390 41.9 91
1718312186413 41.9 92
1718312196442 41.8 93
1718312206465 42.0 94
1718312216490 42.1 95
1718312226511 42.2 96
1718312236544 42.0 97
1718312246579 41.8 98
1718312256604 41.9 99
1718312266626 41.8 100
1718312276649 41.9 101
1718312286674 42.0 102
1718312296697 42.0 103
1718312306742 41.9 104
1718312316766 42.0 105
1718312326793 41.9 106
1718312336813 41.8 107
1718312346834 41.9 108
1718312356859 42.0 109
1718312366888 42.0 110
1718312376914 42.1 111
1718312386938 42.1 112
1718312396965 42.2 113
1718312406990 42.1 114
1718312417014 42.0 115
1718312427045 42.1 116
1718312437074 42.1 117
1718312447105 42.0 118
1718312457139 42.1 119
1718312467171 42.0 120
1718312477202 42.1 121
1718312487279 42.2 122
1718312497305 42.1 123
1718312507330 42.3 124
1718312517355 42.4 125
1718312527384 42.2 126
1718312537409 42.2 127
1718312547435 42.3 128
1718312557461 42.3 129
1718312567486 42.5 130
1718312577580 42.5 131
1718312587610 42.5 132
1718312597642 42.4 133
1718312607667 42.4 134
1718312617694 42.7 135
1718312627725 42.6 136
1718312637758 42.2 137
1718312647804 42.0 138
1718312657878 42.0 139
1718312667902 42.0 140
1718312677930 42.2 141
1718312687957 42.2 142
1718312697980 42.1 143
1718312708004 42.4 144
1718312718084 42.5 145
1718312728175 42.4 146
1718312739200 42.8 147
1718312749232 43.1 148
1718312759312 43.2 149
1718312769392 43.6 150
1718312779472 43.4 151
1718312789496 43.6 152
1718312799520 43.9 153
1718312809543 43.6 154
1718312819562 43.7 155
1718312829585 44.0 156
1718312839608 44.4 157
1718312849632 44.7 158
1718312859658 45.4 159
