1717913391962 0.0 0
1717913401981 5.4 1
1717913411992 5.7 2
1717913422004 5.5 3
1717913432015 5.4 4
1717913442027 5.4 5
1717913452038 5.5 6
1717913462050 5.5 7
1717913472062 5.5 8
1717913482075 5.4 9
1717913492086 5.4 10
1717913502098 5.4 11
1717913512110 5.3 12
1717913522131 5.4 13
1717913532155 5.4 14
1717913542178 5.4 15
1717913552190 5.4 16
1717913562204 5.3 17
1717913572216 5.7 18
1717913582239 5.6 19
1717913592252 5.2 20
1717913602278 5.4 21
1717913612293 5.4 22
1717913622310 5.5 23
1717913632323 5.4 24
1717913642337 5.3 25
1717913652349 5.6 26
1717913662360 5.3 27
1717913672372 5.4 28
1717913682385 5.5 29
1717913692400 5.3 30
1717913702424 5.5 31
1717913712450 5.5 32
1717913722471 5.4 33
1717913732484 5.4 34
1717913742502 5.4 35
1717913752516 5.4 36
1717913762528 5.6 37
1717913772547 5.3 38
1717913782559 5.5 39
1717913792571 5.4 40
1717913802583 5.4 41
1717913812595 5.3 42
1717913822622 5.4 43
1717913832637 5.4 44
1717913842651 5.2 45
1717913852666 5.4 46
1717913862678 5.5 47
1717913872691 5.5 48
1717913882703 5.4 49
1717913892715 5.3 50
1717913902727 5.6 51
1717913912740 5.5 52
1717913922752 5.2 53
1717913933298 5.6 54
1717913943313 5.6 55
1717913953356 9.6 56
1717913963375 9.6 57
1717913973390 9.4 58
1717913983405 9.6 59
1717913993417 9.3 60
1717914003430 9.3 61
1717914013504 9.4 62
1717914023546 6.1 63
1717914033559 5.5 64
1717914043574 5.5 65
1717914053587 5.5 66
1717914063610 5.7 67
1717914073631 5.4 68
1717914083656 5.5 69
1717914093692 5.4 70
1717914103720 5.3 71
1717914113735 5.5 72
1717914123765 5.4 73
1717914133785 5.4 74
1717914143804 5.6 75
1717914153822 5.2 76
1717914163847 5.5 77
1717914173871 5.4 78
1717914183887 5.3 79
1717914193906 5.4 80
1717914203925 5.4 81
1717914213947 5.3 82
1717914223967 5.4 83
1717914233986 5.6 84
1717914244009 5.3 85
1717914254036 5.4 86
1717914264056 5.6 87
1717914274093 5.5 88
1717914284131 5.5 89
1717914294163 5.5 90
1717914304179 5.5 91
1717914314226 5.7 92
1717914324275 5.2 93
1717914334305 5.4 94
1717914344336 5.5 95
1717914354371 5.5 96
1717914364404 5.7 97
1717914374441 5.3 98
1717914384479 5.4 99
1717914394516 5.5 100
1717914404572 5.3 101
1717914414590 5.6 102
1717914424606 5.4 103
1717914434622 5.4 104
1717914444642 5.3 105
1717914454669 5.6 106
1717914464690 5.4 107
1717914474707 5.4 108
1717914484724 5.3 109
1717914494740 6.1 110
1717914504757 9.5 111
1717914514803 9.4 112
1717914524829 9.5 113
1717914534845 9.7 114
1717914544866 9.4 115
1717914554889 9.6 116
1717914564954 9.6 117
1717914575040 5.9 118
1717914585120 5.4 119
1717914595139 5.4 120
1717914605176 5.4 121
1717914615239 5.5 122
1717914625256 5.3 123
1717914635318 5.5 124
1717914645383 5.3 125
1717914655409 5.3 126
1717914665429 5.6 127
1717914675489 5.5 128
1717914685558 5.5 129
1717914695614 5.3 130
1717914705682 5.2 131
1717914715760 5.5 132
1717914725828 5.3 133
1717914735847 5.4 134
1717914745912 5.7 135
1717914755983 5.3 136
1717914766057 5.4 137
1717914776124 5.5 138
1717914786142 5.4 139
1717914796161 5.5 140
1717914806223 5.4 141
1717914816288 5.4 142
1717914826310 5.4 143
1717914836329 5.5 144
1717914846347 5.4 145
1717914856365 5.6 146
1717914866383 5.6 147
1717914876402 5.5 148
1717914886464 5.5 149
1717914896528 5.3 150
1717914906547 5.3 151
1717914916566 5.4 152
1717914926636 5.4 153
1717914936696 5.5 154
1717914946763 5.5 155
1717914956782 5.3 156
1717914966845 5.6 157
1717914976863 5.3 158
1717914986943 5.2 159
1717914997023 5.4 160
1717915007042 5.3 161
1717915017109 5.6 162
1717915027181 5.3 163
1717915037252 5.4 164
1717915047274 8.0 165
1717915057292 9.6 166
1717915067317 9.4 167
1717915077336 9.6 168
1717915087354 9.3 169
1717915097390 9.3 170
1717915107463 9.5 171
1717915117485 7.8 172
1717915127552 5.5 173
1717915137621 5.3 174
1717915147679 5.3 175
1717915157698 5.5 176
1717915167761 5.5 177
1717915177835 5.3 178
1717915187927 5.4 179
1717915197993 5.3 180
1717915208010 5.3 181
1717915218074 5.5 182
1717915228146 5.4 183
1717915238180 5.4 184
1717915248206 5.6 185
1717915258288 5.7 186
1717915268310 5.4 187
1717915278378 5.5 188
1717915288397 5.3 189
1717915298457 5.4 190
1717915308524 5.2 191
1717915318611 5.6 192
1717915328672 5.4 193
1717915338760 5.3 194
1717915348836 5.6 195
1717915358900 5.5 196
1717915368918 5.4 197
1717915378993 5.4 198
1717915389076 5.3 199
1717915399153 5.6 200
1717915409184 5.5 201
1717915419204 5.4 202
1717915429272 5.5 203
1717915439352 5.4 204
1717915449374 5.4 205
1717915459393 5.6 206
1717915469482 5.3 207
1717915479570 5.6 208
1717915489657 5.3 209
1717915499678 5.3 210
1717915509758 5.5 211
1717915519825 5.4 212
1717915529893 5.6 213
1717915539961 5.4 214
1717915549980 5.3 215
1717915560048 5.7 216
1717915570070 5.3 217
1717915580218 5.5 218
1717915590242 5.7 219
1717915600261 9.4 220
1717915610280 9.4 221
1717915620305 9.3 222
1717915630323 9.3 223
1717915640342 9.4 224
1717915650362 9.5 225
1717915660434 9.4 226
1717915670507 6.2 227
1717915680575 5.4 228
1717915690639 5.1 229
1717915700658 5.5 230
1717915710677 5.5 231
1717915720741 5.3 232
1717915730826 5.6 233
1717915740898 5.3 234
1717915750927 5.5 235
1717915760971 5.3 236
1717915771071 5.4 237
1717915781093 5.5 238
1717915791172 5.3 239
1717915801241 5.2 240
1717915811311 5.5 241
1717915821382 5.3 242
1717915831402 5.4 243
1717915841470 5.6 244
1717915851549 5.3 245
1717915861616 5.7 246
1717915871652 5.4 247
1717915881739 5.4 248
1717915891813 5.3 249
1717915901886 5.2 250
1717915911964 5.5 251
1717915921990 5.2 252
1717915932033 5.6 253
1717915942104 5.3 254
1717915952169 5.6 255
1717915962192 5.5 256
1717915972255 5.4 257
1717915982325 5.3 258
1717915992393 5.4 259
1717916002413 5.2 260
1717916012483 5.6 261
1717916022552 5.2 262
1717916032635 5.4 263
1717916042702 5.4 264
1717916052726 5.3 265
1717916062798 5.4 266
1717916072876 5.4 267
1717916082913 5.3 268
1717916092985 5.5 269
1717916103005 5.4 270
1717916113077 5.5 271
1717916123153 5.4 272
1717916133174 5.7 273
1717916143205 7.6 274
1717916153230 9.8 275
1717916163252 9.5 276
1717916173273 9.9 277
1717916183299 9.6 278
1717916193321 9.3 279
1717916203352 9.2 280
1717916213436 8.3 281
1717916223508 5.3 282
1717916233581 5.4 283
1717916243665 5.4 284
1717916253688 5.5 285
1717916263759 5.4 286
1717916273831 5.4 287
1717916283851 5.5 288
1717916293887 5.3 289
1717916303959 5.4 290
1717916314034 5.4 291
1717916324112 5.4 292
1717916334161 5.3 293
1717916344205 5.5 294
1717916354286 5.3 295
1717916364360 5.6 296
1717916374430 5.4 297
1717916384455 5.3 298
1717916394527 5.3 299
1717916404599 5.3 300
1717916414628 5.5 301
1717916424711 5.4 302
1717916434778 5.3 303
1717916444856 5.6 304
1717916454930 5.4 305
1717916464971 5.6 306
1717916474996 5.4 307
1717916485084 5.3 308
1717916495111 5.5 309
1717916505153 5.5 310
1717916515233 5.3 311
1717916525295 5.6 312
1717916535383 5.3 313
1717916545405 5.4 314
1717916555434 5.6 315
1717916565506 5.3 316
1717916575576 5.5 317
1717916585606 5.2 318
1717916595629 5.3 319
1717916605658 5.7 320
1717916615726 5.3 321
1717916625804 5.4 322
1717916635835 5.6 323
1717916645868 5.4 324
1717916655945 5.3 325
1717916666032 5.4 326
1717916677249 5.5 327
1717916687277 5.6 328
1717916697300 9.4 329
1717916707319 9.3 330
1717916717339 9.5 331
1717916727361 9.5 332
1717916737384 9.4 333
1717916747408 9.6 334
1717916757487 9.6 335
1717916767558 6.3 336
1717916777642 5.5 337
1717916787717 5.3 338
1717916797756 5.5 339
1717916807824 5.3 340
1717916817916 5.3 341
1717916827986 5.5 342
1717916838008 5.3 343
1717916848036 5.6 344
1717916858115 5.4 345
1717916868208 5.5 346
1717916878255 5.6 347
1717916888281 5.4 348
1717916898312 5.2 349
1717916908397 5.5 350
1717916918480 5.2 351
1717916928523 5.5 352
1717916938551 5.4 353
1717916948575 5.3 354
1717916958644 5.5 355
1717916968671 5.3 356
1717916978744 5.4 357
1717916988821 5.4 358
1717916998894 5.2 359
1717917008977 5.3 360
1717917019022 5.3 361
1717917029095 5.5 362
1717917039195 5.5 363
1717917049243 5.4 364
1717917059296 5.8 365
1717917069333 5.5 366
1717917079415 5.3 367
1717917089484 5.4 368
1717917099510 5.2 369
1717917109588 5.4 370
1717917119670 5.3 371
1717917129766 5.4 372
1717917139854 5.5 373
1717917149882 5.5 374
1717917159964 5.4 375
1717917170032 5.4 376
1717917180059 5.6 377
1717917190123 5.4 378
1717917200193 5.4 379
1717917210272 5.3 380
1717917220353 5.2 381
1717917230392 5.5 382
1717917240419 7.6 383
1717917250444 9.4 384
1717917260469 9.7 385
1717917270495 9.7 386
1717917280531 9.5 387
1717917290597 9.5 388
1717917300682 9.4 389
1717917310730 8.7 390
1717917320784 5.3 391
1717917330862 5.4 392
1717917340929 5.7 393
1717917350960 5.4 394
1717917361044 5.7 395
1717917371134 5.4 396
1717917381162 5.4 397
1717917391235 5.6 398
1717917401328 5.2 399
1717917411405 5.6 400
1717917421483 5.6 401
1717917431516 5.4 402
1717917441603 5.5 403
1717917451701 5.3 404
1717917461779 5.5 405
1717917471860 5.5 406
1717917481887 5.3 407
1717917491964 5.2 408
1717917502056 5.2 409
1717917512096 5.6 410
1717917522173 5.3 411
1717917532249 5.4 412
1717917542326 5.4 413
1717917552402 5.3 414
1717917562437 5.6 415
1717917572510 5.4 416
1717917582545 5.5 417
1717917592628 5.3 418
1717917602660 5.4 419
1717917612735 5.3 420
1717917622825 5.5 421
1717917632907 5.4 422
1717917642937 5.5 423
1717917652964 5.6 424
1717917663039 5.6 425
1717917673105 5.5 426
1717917683135 5.3 427
1717917693159 5.5 428
1717917703235 5.4 429
1717917713325 5.3 430
1717917723405 5.5 431
1717917733443 5.2 432
1717917743532 5.5 433
1717917753605 5.3 434
1717917763677 5.4 435
1717917774168 5.6 436
1717917784196 5.5 437
1717917794228 9.5 438
1717917804267 9.5 439
1717917814294 9.4 440
1717917824320 9.7 441
1717917834372 9.3 442
1717917844397 9.3 443
1717917854475 9.4 444
1717917864524 6.3 445
1717917874614 5.5 446
1717917884715 5.5 447
1717917894744 5.5 448
1717917904780 5.4 449
1717917914856 5.4 450
1717917924883 5.4 451
1717917934912 5.4 452
1717917944944 5.4 453
1717917955009 5.4 454
1717917965092 5.5 455
1717917975127 5.4 456
1717917985203 5.4 457
1717917995284 5.2 458
1717918005365 5.6 459
1717918015446 5.4 460
1717918025482 5.5 461
1717918035556 5.4 462
1717918045660 5.5 463
1717918055741 5.6 464
1717918065777 5.4 465
1717918075816 5.6 466
1717918085901 5.2 467
1717918095949 5.3 468
1717918106032 5.7 469
1717918116078 5.6 470
1717918126157 5.4 471
1717918136264 5.6 472
1717918146299 5.7 473
1717918156329 5.6 474
1717918166398 5.5 475
1717918176491 5.4 476
1717918186580 5.6 477
1717918196640 5.3 478
1717918206680 5.4 479
1717918216757 5.4 480
1717918226836 5.2 481
1717918236908 5.5 482
1717918246939 5.3 483
1717918257026 5.5 484
1717918267102 5.5 485
1717918277172 5.4 486
1717918287247 5.4 487
1717918297332 5.2 488
1717918307417 5.4 489
1717918317502 5.4 490
1717918327587 5.4 491
1717918337615 7.8 492
1717918347638 9.7 493
1717918357661 9.5 494
1717918367695 9.6 495
1717918377724 9.7 496
1717918387748 9.3 497
1717918397781 9.4 498
1717918407810 8.3 499
1717918417836 5.2 500
1717918427907 5.4 501
1717918437973 5.4 502
1717918448061 5.4 503
1717918458143 5.6 504
1717918468222 5.3 505
1717918478299 5.4 506
1717918488372 5.4 507
1717918498405 5.5 508
1717918508430 5.5 509
1717918518504 5.4 510
1717918528538 5.2 511
1717918538573 5.4 512
1717918548663 5.3 513
1717918558751 5.3 514
1717918568837 5.6 515
1717918578867 5.3 516
1717918588952 5.4 517
