1717913391962 235225.7 0
1717913401981 235224.7 1
1717913411992 235224.6 2
1717913422004 235224.5 3
1717913432015 235224.5 4
1717913442027 235224.5 5
1717913452038 235224.5 6
1717913462050 235224.5 7
1717913472062 235224.5 8
1717913482075 235224.5 9
1717913492086 235224.5 10
1717913502098 235224.5 11
1717913512110 235224.5 12
1717913522131 235224.5 13
1717913532155 235224.5 14
1717913542178 235224.5 15
1717913552190 235224.5 16
1717913562204 235224.5 17
1717913572216 235224.5 18
1717913582239 235224.4 19
1717913592252 235224.4 20
1717913602278 235224.4 21
1717913612293 235224.4 22
1717913622310 235224.4 23
1717913632323 235224.4 24
1717913642337 235224.4 25
1717913652349 235224.4 26
1717913662360 235224.4 27
1717913672372 235224.4 28
1717913682385 235224.4 29
1717913692400 235224.4 30
1717913702424 235224.4 31
1717913712450 235224.4 32
1717913722471 235224.4 33
1717913732484 235224.4 34
1717913742502 235224.4 35
1717913752516 235224.4 36
1717913762528 235224.4 37
1717913772547 235224.4 38
1717913782559 235224.4 39
1717913792571 235224.4 40
1717913802583 235224.4 41
1717913812595 235224.4 42
1717913822622 235224.4 43
1717913832637 235224.4 44
1717913842651 235224.4 45
1717913852666 235224.4 46
1717913862678 235224.4 47
1717913872691 235224.4 48
1717913882703 235224.4 49
1717913892715 235224.4 50
1717913902727 235224.4 51
1717913912740 235224.4 52
1717913922752 235224.4 53
1717913933298 235224.4 54
1717913943313 233909.3 55
1717913953356 233909.3 56
1717913963375 233909.3 57
1717913973390 233909.3 58
1717913983405 233909.3 59
1717913993417 233909.3 60
1717914003430 233909.3 61
1717914013504 233909.3 62
1717914023546 233909.2 63
1717914033559 233909.2 64
1717914043574 233909.2 65
1717914053587 233909.2 66
1717914063610 233909.2 67
1717914073631 233909.2 68
1717914083656 233909.2 69
1717914093692 233909.2 70
1717914103720 233909.2 71
1717914113735 233909.2 72
1717914123765 233909.2 73
1717914133785 233909.2 74
1717914143804 233909.2 75
1717914153822 233909.2 76
1717914163847 233909.2 77
1717914173871 233909.2 78
1717914183887 233909.2 79
1717914193906 233909.2 80
1717914203925 233909.2 81
1717914213947 233909.2 82
1717914223967 233909.2 83
1717914233986 233909.2 84
1717914244009 233909.2 85
1717914254036 233909.2 86
1717914264056 233909.2 87
1717914274093 233909.2 88
1717914284131 233909.2 89
1717914294163 233909.2 90
1717914304179 233909.2 91
1717914314226 233909.2 92
1717914324275 233909.2 93
1717914334305 233909.2 94
1717914344336 233909.2 95
1717914354371 233909.2 96
1717914364404 233909.2 97
1717914374441 233909.2 98
1717914384479 233909.2 99
1717914394516 233909.2 100
1717914404572 233909.2 101
1717914414590 233909.2 102
1717914424606 233909.2 103
1717914434622 233909.2 104
1717914444642 233909.2 105
1717914454669 233909.2 106
1717914464690 233909.2 107
1717914474707 233909.2 108
1717914484724 233909.2 109
1717914494740 232594.1 110
1717914504757 232594.1 111
1717914514803 232594.1 112
1717914524829 232594.1 113
1717914534845 232594.1 114
1717914544866 232594.1 115
1717914554889 232594.1 116
1717914564954 232594.1 117
1717914575040 232594.1 118
1717914585120 232594.1 119
1717914595139 232594.1 120
1717914605176 232594.1 121
1717914615239 232594.1 122
1717914625256 232594.1 123
1717914635318 232594.1 124
1717914645383 232594.1 125
1717914655409 232594.1 126
1717914665429 232594.1 127
1717914675489 232594.1 128
1717914685558 232594.1 129
1717914695614 232594.1 130
1717914705682 232594.1 131
1717914715760 232594.1 132
1717914725828 232594.1 133
1717914735847 232594.1 134
1717914745912 232594.1 135
1717914755983 232594.1 136
1717914766057 232594.1 137
1717914776124 232594.1 138
1717914786142 232594.1 139
1717914796161 232594.1 140
1717914806223 232594.0 141
1717914816288 232594.0 142
1717914826310 232594.0 143
1717914836329 232594.0 144
1717914846347 232594.0 145
1717914856365 232594.0 146
1717914866383 232594.0 147
1717914876402 232594.0 148
1717914886464 232594.0 149
1717914896528 232594.0 150
1717914906547 232594.0 151
1717914916566 232594.0 152
1717914926636 232594.0 153
1717914936696 232594.0 154
1717914946763 232594.0 155
1717914956782 232594.0 156
1717914966845 232594.0 157
1717914976863 232594.0 158
1717914986943 232594.0 159
1717914997023 232594.0 160
1717915007042 232594.0 161
1717915017109 232594.0 162
1717915027181 232594.0 163
1717915037252 232594.0 164
1717915047274 231278.8 165
1717915057292 231278.8 166
1717915067317 231278.8 167
1717915077336 231278.8 168
1717915087354 231278.8 169
1717915097390 231278.8 170
1717915107463 231278.8 171
1717915117485 231278.7 172
1717915127552 231278.7 173
1717915137621 231278.7 174
1717915147679 231278.7 175
1717915157698 231278.7 176
1717915167761 231278.7 177
1717915177835 231278.7 178
1717915187927 231278.7 179
1717915197993 231278.7 180
1717915208010 231278.7 181
1717915218074 231278.7 182
1717915228146 231278.7 183
1717915238180 231278.7 184
1717915248206 231278.7 185
1717915258288 231278.7 186
1717915268310 231278.7 187
1717915278378 231278.7 188
1717915288397 231278.7 189
1717915298457 231278.7 190
1717915308524 231278.7 191
1717915318611 231278.7 192
1717915328672 231278.7 193
1717915338760 231278.7 194
1717915348836 231278.7 195
1717915358900 231278.7 196
1717915368918 231278.7 197
1717915378993 231278.7 198
1717915389076 231278.7 199
1717915399153 231278.7 200
1717915409184 231278.7 201
1717915419204 231278.7 202
1717915429272 231278.7 203
1717915439352 231278.7 204
1717915449374 231278.7 205
1717915459393 231278.7 206
1717915469482 231278.7 207
1717915479570 231278.7 208
1717915489657 231278.7 209
1717915499678 231278.7 210
1717915509758 231278.7 211
1717915519825 231278.7 212
1717915529893 231278.7 213
1717915539961 231278.7 214
1717915549980 231278.7 215
1717915560048 231278.7 216
1717915570070 231278.7 217
1717915580218 231278.7 218
1717915590242 229963.6 219
1717915600261 229963.5 220
1717915610280 229963.5 221
1717915620305 229963.5 222
1717915630323 229963.5 223
1717915640342 229963.5 224
1717915650362 229963.5 225
1717915660434 229963.5 226
1717915670507 229963.5 227
1717915680575 229963.5 228
1717915690639 229963.5 229
1717915700658 229963.5 230
1717915710677 229963.5 231
1717915720741 229963.5 232
1717915730826 229963.5 233
1717915740898 229963.5 234
1717915750927 229963.5 235
1717915760971 229963.5 236
1717915771071 229963.5 237
1717915781093 229963.5 238
1717915791172 229963.5 239
1717915801241 229963.5 240
1717915811311 229963.5 241
1717915821382 229963.5 242
1717915831402 229963.5 243
1717915841470 229963.5 244
1717915851549 229963.5 245
1717915861616 229963.5 246
1717915871652 229963.5 247
1717915881739 229963.5 248
1717915891813 229963.5 249
1717915901886 229963.5 250
1717915911964 229963.5 251
1717915921990 229963.5 252
1717915932033 229963.5 253
1717915942104 229963.5 254
1717915952169 229963.5 255
1717915962192 229963.5 256
1717915972255 229963.5 257
1717915982325 229963.5 258
1717915992393 229963.5 259
1717916002413 229963.5 260
1717916012483 229963.5 261
1717916022552 229963.5 262
1717916032635 229963.5 263
1717916042702 229963.5 264
1717916052726 229963.5 265
1717916062798 229963.5 266
1717916072876 229963.5 267
1717916082913 229963.5 268
1717916092985 229963.5 269
1717916103005 229963.5 270
1717916113077 229963.5 271
1717916123153 229963.5 272
1717916133174 229963.5 273
1717916143205 228648.3 274
1717916153230 228648.3 275
1717916163252 228648.3 276
1717916173273 228648.3 277
1717916183299 228648.3 278
1717916193321 228648.3 279
1717916203352 228648.3 280
1717916213436 228648.3 281
1717916223508 228648.3 282
1717916233581 228648.3 283
1717916243665 228648.3 284
1717916253688 228648.3 285
1717916263759 228648.3 286
1717916273831 228648.3 287
1717916283851 228648.3 288
1717916293887 228648.3 289
1717916303959 228648.3 290
1717916314034 228648.3 291
1717916324112 228648.3 292
1717916334161 228648.3 293
1717916344205 228648.3 294
1717916354286 228648.3 295
1717916364360 228648.3 296
1717916374430 228648.3 297
1717916384455 228648.3 298
1717916394527 228648.3 299
1717916404599 228648.3 300
1717916414628 228647.2 301
1717916424711 228647.2 302
1717916434778 228647.2 303
1717916444856 228647.2 304
1717916454930 228647.2 305
1717916464971 228647.2 306
1717916474996 228647.2 307
1717916485084 228647.2 308
1717916495111 228647.2 309
1717916505153 228647.2 310
1717916515233 228647.2 311
1717916525295 228647.2 312
1717916535383 228647.2 313
1717916545405 228647.2 314
1717916555434 228647.2 315
1717916565506 228647.2 316
1717916575576 228647.2 317
1717916585606 228647.2 318
1717916595629 228647.2 319
1717916605658 228647.2 320
1717916615726 228647.2 321
1717916625804 228647.2 322
1717916635835 228647.2 323
1717916645868 228647.2 324
1717916655945 228647.2 325
1717916666032 228647.2 326
1717916677249 228647.2 327
1717916687277 227332.0 328
1717916697300 227332.0 329
1717916707319 227332.0 330
1717916717339 227332.0 331
1717916727361 227332.0 332
1717916737384 227332.0 333
1717916747408 227332.0 334
1717916757487 227332.0 335
1717916767558 227332.0 336
1717916777642 227332.0 337
1717916787717 227332.0 338
1717916797756 227332.0 339
1717916807824 227332.0 340
1717916817916 227332.0 341
1717916827986 227332.0 342
1717916838008 227332.0 343
1717916848036 227332.0 344
1717916858115 227332.0 345
1717916868208 227332.0 346
1717916878255 227332.0 347
1717916888281 227332.0 348
1717916898312 227332.0 349
1717916908397 227332.0 350
1717916918480 227332.0 351
1717916928523 227332.0 352
1717916938551 227331.9 353
1717916948575 227331.9 354
1717916958644 227331.9 355
1717916968671 227331.9 356
1717916978744 227331.9 357
1717916988821 227331.9 358
1717916998894 227331.9 359
1717917008977 227331.9 360
1717917019022 227331.9 361
1717917029095 227331.9 362
1717917039195 227331.9 363
1717917049243 227331.9 364
1717917059296 227331.9 365
1717917069333 227331.9 366
1717917079415 227331.9 367
1717917089484 227331.9 368
1717917099510 227331.9 369
1717917109588 227331.9 370
1717917119670 227331.9 371
1717917129766 227331.9 372
1717917139854 227331.9 373
1717917149882 227331.9 374
1717917159964 227331.9 375
1717917170032 227331.9 376
1717917180059 227331.9 377
1717917190123 227331.9 378
1717917200193 227331.9 379
1717917210272 227331.9 380
1717917220353 227331.9 381
1717917230392 227331.9 382
1717917240419 226016.8 383
1717917250444 226016.8 384
1717917260469 226016.8 385
1717917270495 226016.8 386
1717917280531 226016.8 387
1717917290597 226016.8 388
1717917300682 226016.8 389
1717917310730 226016.7 390
1717917320784 226016.7 391
1717917330862 226016.7 392
1717917340929 226016.7 393
1717917350960 226016.7 394
1717917361044 226016.7 395
1717917371134 226016.7 396
1717917381162 226016.7 397
1717917391235 226016.7 398
1717917401328 226016.7 399
1717917411405 226016.7 400
1717917421483 226016.7 401
1717917431516 226016.7 402
1717917441603 226016.7 403
1717917451701 226016.7 404
1717917461779 226016.7 405
1717917471860 226016.7 406
1717917481887 226016.7 407
1717917491964 226016.7 408
1717917502056 226016.7 409
1717917512096 226016.7 410
1717917522173 226016.7 411
1717917532249 226016.7 412
1717917542326 226016.7 413
1717917552402 226016.7 414
1717917562437 226016.7 415
1717917572510 226016.7 416
1717917582545 226016.7 417
1717917592628 226016.7 418
1717917602660 226016.7 419
1717917612735 226016.7 420
1717917622825 226016.7 421
1717917632907 226016.7 422
1717917642937 226016.7 423
1717917652964 226016.7 424
1717917663039 226016.7 425
1717917673105 226016.7 426
1717917683135 226016.7 427
1717917693159 226016.7 428
1717917703235 226016.7 429
1717917713325 226016.7 430
1717917723405 226016.7 431
1717917733443 226016.7 432
1717917743532 226016.7 433
1717917753605 226016.7 434
1717917763677 226016.7 435
1717917774168 226016.7 436
1717917784196 224701.6 437
1717917794228 224701.6 438
1717917804267 224701.6 439
1717917814294 224701.6 440
1717917824320 224701.6 441
1717917834372 224701.6 442
1717917844397 224701.6 443
1717917854475 224701.6 444
1717917864524 224701.5 445
1717917874614 224701.5 446
1717917884715 224701.5 447
1717917894744 224701.5 448
1717917904780 224701.5 449
1717917914856 224701.5 450
1717917924883 224701.5 451
1717917934912 224701.5 452
1717917944944 224701.5 453
1717917955009 224701.5 454
1717917965092 224701.5 455
1717917975127 224701.5 456
1717917985203 224701.5 457
1717917995284 224701.5 458
1717918005365 224701.5 459
1717918015446 224701.5 460
1717918025482 224701.5 461
1717918035556 224701.5 462
1717918045660 224701.5 463
1717918055741 224701.5 464
1717918065777 224701.5 465
1717918075816 224701.5 466
1717918085901 224701.5 467
1717918095949 224701.5 468
1717918106032 224701.5 469
1717918116078 224701.5 470
1717918126157 224701.5 471
1717918136264 224701.5 472
1717918146299 224701.5 473
1717918156329 224701.5 474
1717918166398 224701.5 475
1717918176491 224701.5 476
1717918186580 224701.5 477
1717918196640 224701.5 478
1717918206680 224701.5 479
1717918216757 224701.5 480
1717918226836 224701.5 481
1717918236908 224701.5 482
1717918246939 224701.5 483
1717918257026 224701.5 484
1717918267102 224701.5 485
1717918277172 224701.5 486
1717918287247 224701.5 487
1717918297332 224701.5 488
1717918307417 224701.5 489
1717918317502 224701.5 490
1717918327587 224701.5 491
1717918337615 223386.3 492
1717918347638 223386.3 493
1717918357661 223386.3 494
1717918367695 223386.3 495
1717918377724 223386.3 496
1717918387748 223386.3 497
1717918397781 223386.3 498
1717918407810 223386.3 499
1717918417836 223386.3 500
1717918427907 223386.3 501
1717918437973 223386.3 502
1717918448061 223386.3 503
1717918458143 223386.3 504
1717918468222 223386.3 505
1717918478299 223386.3 506
1717918488372 223386.3 507
1717918498405 223386.3 508
1717918508430 223386.3 509
1717918518504 223386.3 510
1717918528538 223386.3 511
1717918538573 223386.3 512
1717918548663 223386.3 513
1717918558751 223386.3 514
1717918568837 223386.3 515
1717918578867 223386.3 516
1717918588952 223386.3 517
