1717913391962 697595.1 0
1717913401981 697596.1 1
1717913411992 697596.2 2
1717913422004 697596.3 3
1717913432015 697596.3 4
1717913442027 697596.3 5
1717913452038 697596.3 6
1717913462050 697596.3 7
1717913472062 697596.3 8
1717913482075 697596.3 9
1717913492086 697596.3 10
1717913502098 697596.3 11
1717913512110 697596.3 12
1717913522131 697596.3 13
1717913532155 697596.3 14
1717913542178 697596.3 15
1717913552190 697596.3 16
1717913562204 697596.3 17
1717913572216 697596.3 18
1717913582239 697596.4 19
1717913592252 697596.4 20
1717913602278 697596.4 21
1717913612293 697596.4 22
1717913622310 697596.4 23
1717913632323 697596.4 24
1717913642337 697596.4 25
1717913652349 697596.4 26
1717913662360 697596.4 27
1717913672372 697596.4 28
1717913682385 697596.4 29
1717913692400 697596.4 30
1717913702424 697596.4 31
1717913712450 697596.4 32
1717913722471 697596.4 33
1717913732484 697596.4 34
1717913742502 697596.4 35
1717913752516 697596.4 36
1717913762528 697596.4 37
1717913772547 697596.4 38
1717913782559 697596.4 39
1717913792571 697596.4 40
1717913802583 697596.4 41
1717913812595 697596.4 42
1717913822622 697596.4 43
1717913832637 697596.4 44
1717913842651 697596.4 45
1717913852666 697596.4 46
1717913862678 697596.4 47
1717913872691 697596.4 48
1717913882703 697596.4 49
1717913892715 697596.4 50
1717913902727 697596.4 51
1717913912740 697596.4 52
1717913922752 697596.4 53
1717913933298 697596.4 54
1717913943313 698911.5 55
1717913953356 698911.5 56
1717913963375 698911.5 57
1717913973390 698911.5 58
1717913983405 698911.5 59
1717913993417 698911.5 60
1717914003430 698911.5 61
1717914013504 698911.5 62
1717914023546 698911.6 63
1717914033559 698911.6 64
1717914043574 698911.6 65
1717914053587 698911.6 66
1717914063610 698911.6 67
1717914073631 698911.6 68
1717914083656 698911.6 69
1717914093692 698911.6 70
1717914103720 698911.6 71
1717914113735 698911.6 72
1717914123765 698911.6 73
1717914133785 698911.6 74
1717914143804 698911.6 75
1717914153822 698911.6 76
1717914163847 698911.6 77
1717914173871 698911.6 78
1717914183887 698911.6 79
1717914193906 698911.6 80
1717914203925 698911.6 81
1717914213947 698911.6 82
1717914223967 698911.6 83
1717914233986 698911.6 84
1717914244009 698911.6 85
1717914254036 698911.6 86
1717914264056 698911.6 87
1717914274093 698911.6 88
1717914284131 698911.6 89
1717914294163 698911.6 90
1717914304179 698911.6 91
1717914314226 698911.6 92
1717914324275 698911.6 93
1717914334305 698911.6 94
1717914344336 698911.6 95
1717914354371 698911.6 96
1717914364404 698911.6 97
1717914374441 698911.6 98
1717914384479 698911.6 99
1717914394516 698911.6 100
1717914404572 698911.6 101
1717914414590 698911.6 102
1717914424606 698911.6 103
1717914434622 698911.6 104
1717914444642 698911.6 105
1717914454669 698911.6 106
1717914464690 698911.6 107
1717914474707 698911.6 108
1717914484724 698911.6 109
1717914494740 700226.7 110
1717914504757 700226.7 111
1717914514803 700226.7 112
1717914524829 700226.7 113
1717914534845 700226.7 114
1717914544866 700226.7 115
1717914554889 700226.7 116
1717914564954 700226.7 117
1717914575040 700226.8 118
1717914585120 700226.8 119
1717914595139 700226.8 120
1717914605176 700226.8 121
1717914615239 700226.8 122
1717914625256 700226.8 123
1717914635318 700226.8 124
1717914645383 700226.8 125
1717914655409 700226.8 126
1717914665429 700226.8 127
1717914675489 700226.8 128
1717914685558 700226.8 129
1717914695614 700226.8 130
1717914705682 700226.8 131
1717914715760 700226.8 132
1717914725828 700226.8 133
1717914735847 700226.8 134
1717914745912 700226.8 135
1717914755983 700226.8 136
1717914766057 700226.8 137
1717914776124 700226.8 138
1717914786142 700226.8 139
1717914796161 700226.8 140
1717914806223 700226.8 141
1717914816288 700226.8 142
1717914826310 700226.8 143
1717914836329 700226.8 144
1717914846347 700226.8 145
1717914856365 700226.8 146
1717914866383 700226.8 147
1717914876402 700226.8 148
1717914886464 700226.8 149
1717914896528 700226.8 150
1717914906547 700226.8 151
1717914916566 700226.8 152
1717914926636 700226.8 153
1717914936696 700226.8 154
1717914946763 700226.8 155
1717914956782 700226.8 156
1717914966845 700226.8 157
1717914976863 700226.8 158
1717914986943 700226.8 159
1717914997023 700226.8 160
1717915007042 700226.8 161
1717915017109 700226.8 162
1717915027181 700226.8 163
1717915037252 700226.8 164
1717915047274 701542.0 165
1717915057292 701542.0 166
1717915067317 701542.0 167
1717915077336 701542.0 168
1717915087354 701542.0 169
1717915097390 701542.0 170
1717915107463 701542.0 171
1717915117485 701542.1 172
1717915127552 701542.1 173
1717915137621 701542.1 174
1717915147679 701542.1 175
1717915157698 701542.1 176
1717915167761 701542.1 177
1717915177835 701542.1 178
1717915187927 701542.1 179
1717915197993 701542.1 180
1717915208010 701542.1 181
1717915218074 701542.1 182
1717915228146 701542.1 183
1717915238180 701542.1 184
1717915248206 701542.1 185
1717915258288 701542.1 186
1717915268310 701542.1 187
1717915278378 701542.1 188
1717915288397 701542.1 189
1717915298457 701542.1 190
1717915308524 701542.1 191
1717915318611 701542.1 192
1717915328672 701542.1 193
1717915338760 701542.1 194
1717915348836 701542.1 195
1717915358900 701542.1 196
1717915368918 701542.1 197
1717915378993 701542.1 198
1717915389076 701542.1 199
1717915399153 701542.1 200
1717915409184 701542.1 201
1717915419204 701542.1 202
1717915429272 701542.1 203
1717915439352 701542.1 204
1717915449374 701542.1 205
1717915459393 701542.1 206
1717915469482 701542.1 207
1717915479570 701542.1 208
1717915489657 701542.1 209
1717915499678 701542.1 210
1717915509758 701542.1 211
1717915519825 701542.1 212
1717915529893 701542.1 213
1717915539961 701542.1 214
1717915549980 701542.1 215
1717915560048 701542.1 216
1717915570070 701542.1 217
1717915580218 701542.1 218
1717915590242 702857.3 219
1717915600261 702857.3 220
1717915610280 702857.3 221
1717915620305 702857.3 222
1717915630323 702857.3 223
1717915640342 702857.3 224
1717915650362 702857.3 225
1717915660434 702857.3 226
1717915670507 702857.3 227
1717915680575 702857.3 228
1717915690639 702857.3 229
1717915700658 702857.3 230
1717915710677 702857.3 231
1717915720741 702857.3 232
1717915730826 702857.3 233
1717915740898 702857.3 234
1717915750927 702857.3 235
1717915760971 702857.3 236
1717915771071 702857.3 237
1717915781093 702857.4 238
1717915791172 702857.4 239
1717915801241 702857.4 240
1717915811311 702857.4 241
1717915821382 702857.4 242
1717915831402 702857.4 243
1717915841470 702857.4 244
1717915851549 702857.4 245
1717915861616 702857.4 246
1717915871652 702857.4 247
1717915881739 702857.4 248
1717915891813 702857.4 249
1717915901886 702857.4 250
1717915911964 702857.4 251
1717915921990 702857.4 252
1717915932033 702857.4 253
1717915942104 702857.4 254
1717915952169 702857.4 255
1717915962192 702857.4 256
1717915972255 702857.4 257
1717915982325 702857.4 258
1717915992393 702857.4 259
1717916002413 702857.4 260
1717916012483 702857.4 261
1717916022552 702857.4 262
1717916032635 702857.4 263
1717916042702 702857.4 264
1717916052726 702857.4 265
1717916062798 702857.4 266
1717916072876 702857.4 267
1717916082913 702857.4 268
1717916092985 702857.4 269
1717916103005 702857.4 270
1717916113077 702857.4 271
1717916123153 702857.4 272
1717916133174 702857.4 273
1717916143205 704172.5 274
1717916153230 704172.5 275
1717916163252 704172.5 276
1717916173273 704172.5 277
1717916183299 704172.5 278
1717916193321 704172.5 279
1717916203352 704172.5 280
1717916213436 704172.5 281
1717916223508 704172.5 282
1717916233581 704172.5 283
1717916243665 704172.5 284
1717916253688 704172.5 285
1717916263759 704172.5 286
1717916273831 704172.5 287
1717916283851 704172.5 288
1717916293887 704172.5 289
1717916303959 704172.5 290
1717916314034 704172.5 291
1717916324112 704172.5 292
1717916334161 704172.5 293
1717916344205 704172.5 294
1717916354286 704172.5 295
1717916364360 704172.5 296
1717916374430 704172.5 297
1717916384455 704172.5 298
1717916394527 704172.5 299
1717916404599 704172.5 300
1717916414628 704173.6 301
1717916424711 704173.6 302
1717916434778 704173.6 303
1717916444856 704173.6 304
1717916454930 704173.6 305
1717916464971 704173.6 306
1717916474996 704173.6 307
1717916485084 704173.6 308
1717916495111 704173.6 309
1717916505153 704173.6 310
1717916515233 704173.6 311
1717916525295 704173.6 312
1717916535383 704173.6 313
1717916545405 704173.6 314
1717916555434 704173.6 315
1717916565506 704173.6 316
1717916575576 704173.6 317
1717916585606 704173.6 318
1717916595629 704173.6 319
1717916605658 704173.6 320
1717916615726 704173.6 321
1717916625804 704173.6 322
1717916635835 704173.6 323
1717916645868 704173.6 324
1717916655945 704173.6 325
1717916666032 704173.6 326
1717916677249 704173.6 327
1717916687277 705488.8 328
1717916697300 705488.8 329
1717916707319 705488.8 330
1717916717339 705488.8 331
1717916727361 705488.8 332
1717916737384 705488.8 333
1717916747408 705488.8 334
1717916757487 705488.8 335
1717916767558 705488.9 336
1717916777642 705488.9 337
1717916787717 705488.9 338
1717916797756 705488.9 339
1717916807824 705488.9 340
1717916817916 705488.9 341
1717916827986 705488.9 342
1717916838008 705488.9 343
1717916848036 705488.9 344
1717916858115 705488.9 345
1717916868208 705488.9 346
1717916878255 705488.9 347
1717916888281 705488.9 348
1717916898312 705488.9 349
1717916908397 705488.9 350
1717916918480 705488.9 351
1717916928523 705488.9 352
1717916938551 705488.9 353
1717916948575 705488.9 354
1717916958644 705488.9 355
1717916968671 705488.9 356
1717916978744 705488.9 357
1717916988821 705488.9 358
1717916998894 705488.9 359
1717917008977 705488.9 360
1717917019022 705488.9 361
1717917029095 705488.9 362
1717917039195 705488.9 363
1717917049243 705488.9 364
1717917059296 705488.9 365
1717917069333 705488.9 366
1717917079415 705488.9 367
1717917089484 705488.9 368
1717917099510 705488.9 369
1717917109588 705488.9 370
1717917119670 705488.9 371
1717917129766 705488.9 372
1717917139854 705488.9 373
1717917149882 705488.9 374
1717917159964 705488.9 375
1717917170032 705488.9 376
1717917180059 705488.9 377
1717917190123 705488.9 378
1717917200193 705488.9 379
1717917210272 705488.9 380
1717917220353 705488.9 381
1717917230392 705488.9 382
1717917240419 706804.0 383
1717917250444 706804.0 384
1717917260469 706804.0 385
1717917270495 706804.0 386
1717917280531 706804.0 387
1717917290597 706804.0 388
1717917300682 706804.0 389
1717917310730 706804.1 390
1717917320784 706804.1 391
1717917330862 706804.1 392
1717917340929 706804.1 393
1717917350960 706804.1 394
1717917361044 706804.1 395
1717917371134 706804.1 396
1717917381162 706804.1 397
1717917391235 706804.1 398
1717917401328 706804.1 399
1717917411405 706804.1 400
1717917421483 706804.1 401
1717917431516 706804.1 402
1717917441603 706804.1 403
1717917451701 706804.1 404
1717917461779 706804.1 405
1717917471860 706804.1 406
1717917481887 706804.1 407
1717917491964 706804.1 408
1717917502056 706804.1 409
1717917512096 706804.1 410
1717917522173 706804.1 411
1717917532249 706804.1 412
1717917542326 706804.1 413
1717917552402 706804.1 414
1717917562437 706804.1 415
1717917572510 706804.1 416
1717917582545 706804.1 417
1717917592628 706804.1 418
1717917602660 706804.1 419
1717917612735 706804.1 420
1717917622825 706804.1 421
1717917632907 706804.1 422
1717917642937 706804.1 423
1717917652964 706804.1 424
1717917663039 706804.1 425
1717917673105 706804.1 426
1717917683135 706804.1 427
1717917693159 706804.1 428
1717917703235 706804.1 429
1717917713325 706804.1 430
1717917723405 706804.1 431
1717917733443 706804.1 432
1717917743532 706804.1 433
1717917753605 706804.1 434
1717917763677 706804.1 435
1717917774168 706804.1 436
1717917784196 708119.2 437
1717917794228 708119.2 438
1717917804267 708119.2 439
1717917814294 708119.2 440
1717917824320 708119.2 441
1717917834372 708119.2 442
1717917844397 708119.2 443
1717917854475 708119.2 444
1717917864524 708119.3 445
1717917874614 708119.3 446
1717917884715 708119.3 447
1717917894744 708119.3 448
1717917904780 708119.3 449
1717917914856 708119.3 450
1717917924883 708119.3 451
1717917934912 708119.3 452
1717917944944 708119.3 453
1717917955009 708119.3 454
1717917965092 708119.3 455
1717917975127 708119.3 456
1717917985203 708119.3 457
1717917995284 708119.3 458
1717918005365 708119.3 459
1717918015446 708119.3 460
1717918025482 708119.3 461
1717918035556 708119.3 462
1717918045660 708119.3 463
1717918055741 708119.3 464
1717918065777 708119.3 465
1717918075816 708119.3 466
1717918085901 708119.3 467
1717918095949 708119.3 468
1717918106032 708119.3 469
1717918116078 708119.3 470
1717918126157 708119.3 471
1717918136264 708119.3 472
1717918146299 708119.3 473
1717918156329 708119.3 474
1717918166398 708119.3 475
1717918176491 708119.3 476
1717918186580 708119.3 477
1717918196640 708119.3 478
1717918206680 708119.3 479
1717918216757 708119.3 480
1717918226836 708119.3 481
1717918236908 708119.3 482
1717918246939 708119.3 483
1717918257026 708119.3 484
1717918267102 708119.3 485
1717918277172 708119.3 486
1717918287247 708119.3 487
1717918297332 708119.3 488
1717918307417 708119.3 489
1717918317502 708119.3 490
1717918327587 708119.3 491
1717918337615 709434.5 492
1717918347638 709434.5 493
1717918357661 709434.5 494
1717918367695 709434.5 495
1717918377724 709434.5 496
1717918387748 709434.5 497
1717918397781 709434.5 498
1717918407810 709434.6 499
1717918417836 709434.6 500
1717918427907 709434.6 501
1717918437973 709434.6 502
1717918448061 709434.6 503
1717918458143 709434.6 504
1717918468222 709434.6 505
1717918478299 709434.6 506
1717918488372 709434.6 507
1717918498405 709434.6 508
1717918508430 709434.6 509
1717918518504 709434.6 510
1717918528538 709434.6 511
1717918538573 709434.6 512
1717918548663 709434.6 513
1717918558751 709434.6 514
1717918568837 709434.6 515
1717918578867 709434.6 516
1717918588952 709434.6 517
