1717913391962 74.8 0
1717913401981 74.8 1
1717913411992 74.8 2
1717913422004 74.8 3
1717913432015 74.8 4
1717913442027 74.8 5
1717913452038 74.8 6
1717913462050 74.8 7
1717913472062 74.8 8
1717913482075 74.8 9
1717913492086 74.8 10
1717913502098 74.8 11
1717913512110 74.8 12
1717913522131 74.8 13
1717913532155 74.8 14
1717913542178 74.8 15
1717913552190 74.8 16
1717913562204 74.8 17
1717913572216 74.8 18
1717913582239 74.8 19
1717913592252 74.8 20
1717913602278 74.8 21
1717913612293 74.8 22
1717913622310 74.8 23
1717913632323 74.8 24
1717913642337 74.8 25
1717913652349 74.8 26
1717913662360 74.8 27
1717913672372 74.8 28
1717913682385 74.8 29
1717913692400 74.8 30
1717913702424 74.8 31
1717913712450 74.8 32
1717913722471 74.8 33
1717913732484 74.8 34
1717913742502 74.8 35
1717913752516 74.8 36
1717913762528 74.8 37
1717913772547 74.8 38
1717913782559 74.8 39
1717913792571 74.8 40
1717913802583 74.8 41
1717913812595 74.8 42
1717913822622 74.8 43
1717913832637 74.8 44
1717913842651 74.8 45
1717913852666 74.8 46
1717913862678 74.8 47
1717913872691 74.8 48
1717913882703 74.8 49
1717913892715 74.8 50
1717913902727 74.8 51
1717913912740 74.8 52
1717913922752 74.8 53
1717913933298 74.8 54
1717913943313 74.9 55
1717913953356 74.9 56
1717913963375 74.9 57
1717913973390 74.9 58
1717913983405 74.9 59
1717913993417 74.9 60
1717914003430 74.9 61
1717914013504 74.9 62
1717914023546 74.9 63
1717914033559 74.9 64
1717914043574 74.9 65
1717914053587 74.9 66
1717914063610 74.9 67
1717914073631 74.9 68
1717914083656 74.9 69
1717914093692 74.9 70
1717914103720 74.9 71
1717914113735 74.9 72
1717914123765 74.9 73
1717914133785 74.9 74
1717914143804 74.9 75
1717914153822 74.9 76
1717914163847 74.9 77
1717914173871 74.9 78
1717914183887 74.9 79
1717914193906 74.9 80
1717914203925 74.9 81
1717914213947 74.9 82
1717914223967 74.9 83
1717914233986 74.9 84
1717914244009 74.9 85
1717914254036 74.9 86
1717914264056 74.9 87
1717914274093 74.9 88
1717914284131 74.9 89
1717914294163 74.9 90
1717914304179 74.9 91
1717914314226 74.9 92
1717914324275 74.9 93
1717914334305 74.9 94
1717914344336 74.9 95
1717914354371 74.9 96
1717914364404 74.9 97
1717914374441 74.9 98
1717914384479 74.9 99
1717914394516 74.9 100
1717914404572 74.9 101
1717914414590 74.9 102
1717914424606 74.9 103
1717914434622 74.9 104
1717914444642 74.9 105
1717914454669 74.9 106
1717914464690 74.9 107
1717914474707 74.9 108
1717914484724 74.9 109
1717914494740 75.1 110
1717914504757 75.1 111
1717914514803 75.1 112
1717914524829 75.1 113
1717914534845 75.1 114
1717914544866 75.1 115
1717914554889 75.1 116
1717914564954 75.1 117
1717914575040 75.1 118
1717914585120 75.1 119
1717914595139 75.1 120
1717914605176 75.1 121
1717914615239 75.1 122
1717914625256 75.1 123
1717914635318 75.1 124
1717914645383 75.1 125
1717914655409 75.1 126
1717914665429 75.1 127
1717914675489 75.1 128
1717914685558 75.1 129
1717914695614 75.1 130
1717914705682 75.1 131
1717914715760 75.1 132
1717914725828 75.1 133
1717914735847 75.1 134
1717914745912 75.1 135
1717914755983 75.1 136
1717914766057 75.1 137
1717914776124 75.1 138
1717914786142 75.1 139
1717914796161 75.1 140
1717914806223 75.1 141
1717914816288 75.1 142
1717914826310 75.1 143
1717914836329 75.1 144
1717914846347 75.1 145
1717914856365 75.1 146
1717914866383 75.1 147
1717914876402 75.1 148
1717914886464 75.1 149
1717914896528 75.1 150
1717914906547 75.1 151
1717914916566 75.1 152
1717914926636 75.1 153
1717914936696 75.1 154
1717914946763 75.1 155
1717914956782 75.1 156
1717914966845 75.1 157
1717914976863 75.1 158
1717914986943 75.1 159
1717914997023 75.1 160
1717915007042 75.1 161
1717915017109 75.1 162
1717915027181 75.1 163
1717915037252 75.1 164
1717915047274 75.2 165
1717915057292 75.2 166
1717915067317 75.2 167
1717915077336 75.2 168
1717915087354 75.2 169
1717915097390 75.2 170
1717915107463 75.2 171
1717915117485 75.2 172
1717915127552 75.2 173
1717915137621 75.2 174
1717915147679 75.2 175
1717915157698 75.2 176
1717915167761 75.2 177
1717915177835 75.2 178
1717915187927 75.2 179
1717915197993 75.2 180
1717915208010 75.2 181
1717915218074 75.2 182
1717915228146 75.2 183
1717915238180 75.2 184
1717915248206 75.2 185
1717915258288 75.2 186
1717915268310 75.2 187
1717915278378 75.2 188
1717915288397 75.2 189
1717915298457 75.2 190
1717915308524 75.2 191
1717915318611 75.2 192
1717915328672 75.2 193
1717915338760 75.2 194
1717915348836 75.2 195
1717915358900 75.2 196
1717915368918 75.2 197
1717915378993 75.2 198
1717915389076 75.2 199
1717915399153 75.2 200
1717915409184 75.2 201
1717915419204 75.2 202
1717915429272 75.2 203
1717915439352 75.2 204
1717915449374 75.2 205
1717915459393 75.2 206
1717915469482 75.2 207
1717915479570 75.2 208
1717915489657 75.2 209
1717915499678 75.2 210
1717915509758 75.2 211
1717915519825 75.2 212
1717915529893 75.2 213
1717915539961 75.2 214
1717915549980 75.2 215
1717915560048 75.2 216
1717915570070 75.2 217
1717915580218 75.2 218
1717915590242 75.3 219
1717915600261 75.3 220
1717915610280 75.3 221
1717915620305 75.3 222
1717915630323 75.3 223
1717915640342 75.3 224
1717915650362 75.3 225
1717915660434 75.3 226
1717915670507 75.3 227
1717915680575 75.3 228
1717915690639 75.3 229
1717915700658 75.3 230
1717915710677 75.3 231
1717915720741 75.3 232
1717915730826 75.3 233
1717915740898 75.3 234
1717915750927 75.3 235
1717915760971 75.3 236
1717915771071 75.3 237
1717915781093 75.3 238
1717915791172 75.3 239
1717915801241 75.3 240
1717915811311 75.3 241
1717915821382 75.3 242
1717915831402 75.3 243
1717915841470 75.3 244
1717915851549 75.3 245
1717915861616 75.3 246
1717915871652 75.3 247
1717915881739 75.3 248
1717915891813 75.3 249
1717915901886 75.3 250
1717915911964 75.3 251
1717915921990 75.3 252
1717915932033 75.3 253
1717915942104 75.3 254
1717915952169 75.3 255
1717915962192 75.3 256
1717915972255 75.3 257
1717915982325 75.3 258
1717915992393 75.3 259
1717916002413 75.3 260
1717916012483 75.3 261
1717916022552 75.3 262
1717916032635 75.3 263
1717916042702 75.3 264
1717916052726 75.3 265
1717916062798 75.3 266
1717916072876 75.3 267
1717916082913 75.3 268
1717916092985 75.3 269
1717916103005 75.3 270
1717916113077 75.3 271
1717916123153 75.3 272
1717916133174 75.3 273
1717916143205 75.5 274
1717916153230 75.5 275
1717916163252 75.5 276
1717916173273 75.5 277
1717916183299 75.5 278
1717916193321 75.5 279
1717916203352 75.5 280
1717916213436 75.5 281
1717916223508 75.5 282
1717916233581 75.5 283
1717916243665 75.5 284
1717916253688 75.5 285
1717916263759 75.5 286
1717916273831 75.5 287
1717916283851 75.5 288
1717916293887 75.5 289
1717916303959 75.5 290
1717916314034 75.5 291
1717916324112 75.5 292
1717916334161 75.5 293
1717916344205 75.5 294
1717916354286 75.5 295
1717916364360 75.5 296
1717916374430 75.5 297
1717916384455 75.5 298
1717916394527 75.5 299
1717916404599 75.5 300
1717916414628 75.5 301
1717916424711 75.5 302
1717916434778 75.5 303
1717916444856 75.5 304
1717916454930 75.5 305
1717916464971 75.5 306
1717916474996 75.5 307
1717916485084 75.5 308
1717916495111 75.5 309
1717916505153 75.5 310
1717916515233 75.5 311
1717916525295 75.5 312
1717916535383 75.5 313
1717916545405 75.5 314
1717916555434 75.5 315
1717916565506 75.5 316
1717916575576 75.5 317
1717916585606 75.5 318
1717916595629 75.5 319
1717916605658 75.5 320
1717916615726 75.5 321
1717916625804 75.5 322
1717916635835 75.5 323
1717916645868 75.5 324
1717916655945 75.5 325
1717916666032 75.5 326
1717916677249 75.5 327
1717916687277 75.6 328
1717916697300 75.6 329
1717916707319 75.6 330
1717916717339 75.6 331
1717916727361 75.6 332
1717916737384 75.6 333
1717916747408 75.6 334
1717916757487 75.6 335
1717916767558 75.6 336
1717916777642 75.6 337
1717916787717 75.6 338
1717916797756 75.6 339
1717916807824 75.6 340
1717916817916 75.6 341
1717916827986 75.6 342
1717916838008 75.6 343
1717916848036 75.6 344
1717916858115 75.6 345
1717916868208 75.6 346
1717916878255 75.6 347
1717916888281 75.6 348
1717916898312 75.6 349
1717916908397 75.6 350
1717916918480 75.6 351
1717916928523 75.6 352
1717916938551 75.6 353
1717916948575 75.6 354
1717916958644 75.6 355
1717916968671 75.6 356
1717916978744 75.6 357
1717916988821 75.6 358
1717916998894 75.6 359
1717917008977 75.6 360
1717917019022 75.6 361
1717917029095 75.6 362
1717917039195 75.6 363
1717917049243 75.6 364
1717917059296 75.6 365
1717917069333 75.6 366
1717917079415 75.6 367
1717917089484 75.6 368
1717917099510 75.6 369
1717917109588 75.6 370
1717917119670 75.6 371
1717917129766 75.6 372
1717917139854 75.6 373
1717917149882 75.6 374
1717917159964 75.6 375
1717917170032 75.6 376
1717917180059 75.6 377
1717917190123 75.6 378
1717917200193 75.6 379
1717917210272 75.6 380
1717917220353 75.6 381
1717917230392 75.6 382
1717917240419 75.8 383
1717917250444 75.8 384
1717917260469 75.8 385
1717917270495 75.8 386
1717917280531 75.8 387
1717917290597 75.8 388
1717917300682 75.8 389
1717917310730 75.8 390
1717917320784 75.8 391
1717917330862 75.8 392
1717917340929 75.8 393
1717917350960 75.8 394
1717917361044 75.8 395
1717917371134 75.8 396
1717917381162 75.8 397
1717917391235 75.8 398
1717917401328 75.8 399
1717917411405 75.8 400
1717917421483 75.8 401
1717917431516 75.8 402
1717917441603 75.8 403
1717917451701 75.8 404
1717917461779 75.8 405
1717917471860 75.8 406
1717917481887 75.8 407
1717917491964 75.8 408
1717917502056 75.8 409
1717917512096 75.8 410
1717917522173 75.8 411
1717917532249 75.8 412
1717917542326 75.8 413
1717917552402 75.8 414
1717917562437 75.8 415
1717917572510 75.8 416
1717917582545 75.8 417
1717917592628 75.8 418
1717917602660 75.8 419
1717917612735 75.8 420
1717917622825 75.8 421
1717917632907 75.8 422
1717917642937 75.8 423
1717917652964 75.8 424
1717917663039 75.8 425
1717917673105 75.8 426
1717917683135 75.8 427
1717917693159 75.8 428
1717917703235 75.8 429
1717917713325 75.8 430
1717917723405 75.8 431
1717917733443 75.8 432
1717917743532 75.8 433
1717917753605 75.8 434
1717917763677 75.8 435
1717917774168 75.8 436
1717917784196 75.9 437
1717917794228 75.9 438
1717917804267 75.9 439
1717917814294 75.9 440
1717917824320 75.9 441
1717917834372 75.9 442
1717917844397 75.9 443
1717917854475 75.9 444
1717917864524 75.9 445
1717917874614 75.9 446
1717917884715 75.9 447
1717917894744 75.9 448
1717917904780 75.9 449
1717917914856 75.9 450
1717917924883 75.9 451
1717917934912 75.9 452
1717917944944 75.9 453
1717917955009 75.9 454
1717917965092 75.9 455
1717917975127 75.9 456
1717917985203 75.9 457
1717917995284 75.9 458
1717918005365 75.9 459
1717918015446 75.9 460
1717918025482 75.9 461
1717918035556 75.9 462
1717918045660 75.9 463
1717918055741 75.9 464
1717918065777 75.9 465
1717918075816 75.9 466
1717918085901 75.9 467
1717918095949 75.9 468
1717918106032 75.9 469
1717918116078 75.9 470
1717918126157 75.9 471
1717918136264 75.9 472
1717918146299 75.9 473
1717918156329 75.9 474
1717918166398 75.9 475
1717918176491 75.9 476
1717918186580 75.9 477
1717918196640 75.9 478
1717918206680 75.9 479
1717918216757 75.9 480
1717918226836 75.9 481
1717918236908 75.9 482
1717918246939 75.9 483
1717918257026 75.9 484
1717918267102 75.9 485
1717918277172 75.9 486
1717918287247 75.9 487
1717918297332 75.9 488
1717918307417 75.9 489
1717918317502 75.9 490
1717918327587 75.9 491
1717918337615 76.1 492
1717918347638 76.1 493
1717918357661 76.1 494
1717918367695 76.1 495
1717918377724 76.1 496
1717918387748 76.1 497
1717918397781 76.1 498
1717918407810 76.1 499
1717918417836 76.1 500
1717918427907 76.1 501
1717918437973 76.1 502
1717918448061 76.1 503
1717918458143 76.1 504
1717918468222 76.1 505
1717918478299 76.1 506
1717918488372 76.1 507
1717918498405 76.1 508
1717918508430 76.1 509
1717918518504 76.1 510
1717918528538 76.1 511
1717918538573 76.1 512
1717918548663 76.1 513
1717918558751 76.1 514
1717918568837 76.1 515
1717918578867 76.1 516
1717918588952 76.1 517
