1717913391962 1312.6 0
1717913401981 7755.0 1
1717913411992 7755.0 2
1717913422004 7755.0 3
1717913432015 7755.0 4
1717913442027 7755.0 5
1717913452038 7755.0 6
1717913462050 7755.0 7
1717913472062 7755.0 8
1717913482075 7755.0 9
1717913492086 7755.0 10
1717913502098 7755.0 11
1717913512110 7755.0 12
1717913522131 7755.0 13
1717913532155 7755.0 14
1717913542178 7755.0 15
1717913552190 7755.0 16
1717913562204 7755.0 17
1717913572216 7755.0 18
1717913582239 7755.0 19
1717913592252 7755.0 20
1717913602278 7755.0 21
1717913612293 7755.0 22
1717913622310 7755.0 23
1717913632323 7755.0 24
1717913642337 7755.0 25
1717913652349 7755.0 26
1717913662360 7755.0 27
1717913672372 7755.0 28
1717913682385 7755.0 29
1717913692400 7755.0 30
1717913702424 7755.0 31
1717913712450 7755.0 32
1717913722471 7755.0 33
1717913732484 7755.0 34
1717913742502 7755.0 35
1717913752516 7755.0 36
1717913762528 7755.0 37
1717913772547 7755.0 38
1717913782559 7755.0 39
1717913792571 7755.0 40
1717913802583 7755.0 41
1717913812595 7755.0 42
1717913822622 7755.0 43
1717913832637 7755.0 44
1717913842651 7755.0 45
1717913852666 7755.0 46
1717913862678 7755.0 47
1717913872691 7755.0 48
1717913882703 7755.0 49
1717913892715 7755.0 50
1717913902727 7755.0 51
1717913912740 7755.0 52
1717913922752 7755.0 53
1717913933298 7755.0 54
1717913943313 7755.0 55
1717913953356 7755.0 56
1717913963375 7755.0 57
1717913973390 7755.0 58
1717913983405 7755.0 59
1717913993417 7755.0 60
1717914003430 7755.0 61
1717914013504 7755.0 62
1717914023546 7755.0 63
1717914033559 7755.0 64
1717914043574 7755.0 65
1717914053587 7755.0 66
1717914063610 7755.0 67
1717914073631 7755.0 68
1717914083656 7755.0 69
1717914093692 7755.0 70
1717914103720 7755.0 71
1717914113735 7755.0 72
1717914123765 7755.0 73
1717914133785 7755.0 74
1717914143804 7755.0 75
1717914153822 7755.0 76
1717914163847 7755.0 77
1717914173871 7755.0 78
1717914183887 7755.0 79
1717914193906 7755.0 80
1717914203925 7755.0 81
1717914213947 7755.0 82
1717914223967 7755.0 83
1717914233986 7755.0 84
1717914244009 7755.0 85
1717914254036 7755.0 86
1717914264056 7755.0 87
1717914274093 7755.0 88
1717914284131 7755.0 89
1717914294163 7755.0 90
1717914304179 7755.0 91
1717914314226 7755.0 92
1717914324275 7755.0 93
1717914334305 7755.0 94
1717914344336 7755.0 95
1717914354371 7755.0 96
1717914364404 7755.0 97
1717914374441 7755.0 98
1717914384479 7755.0 99
1717914394516 7755.0 100
1717914404572 7755.0 101
1717914414590 7755.0 102
1717914424606 7755.0 103
1717914434622 7755.0 104
1717914444642 7755.0 105
1717914454669 7755.0 106
1717914464690 7755.0 107
1717914474707 7755.0 108
1717914484724 7755.0 109
1717914494740 7755.0 110
1717914504757 7755.0 111
1717914514803 7755.0 112
1717914524829 7755.0 113
1717914534845 7755.0 114
1717914544866 7755.0 115
1717914554889 7755.0 116
1717914564954 7755.0 117
1717914575040 7755.0 118
1717914585120 7755.0 119
1717914595139 7755.0 120
1717914605176 7755.0 121
1717914615239 7755.0 122
1717914625256 7755.0 123
1717914635318 7755.0 124
1717914645383 7755.0 125
1717914655409 7755.0 126
1717914665429 7755.0 127
1717914675489 7755.0 128
1717914685558 7755.0 129
1717914695614 7755.0 130
1717914705682 7755.0 131
1717914715760 7755.0 132
1717914725828 7755.0 133
1717914735847 7755.0 134
1717914745912 7755.0 135
1717914755983 7755.0 136
1717914766057 7755.0 137
1717914776124 7755.0 138
1717914786142 7755.0 139
1717914796161 7755.0 140
1717914806223 7755.0 141
1717914816288 7755.0 142
1717914826310 7755.0 143
1717914836329 7755.0 144
1717914846347 7755.0 145
1717914856365 7755.0 146
1717914866383 7755.0 147
1717914876402 7755.0 148
1717914886464 7755.0 149
1717914896528 7755.0 150
1717914906547 7755.0 151
1717914916566 7755.0 152
1717914926636 7755.0 153
1717914936696 7755.0 154
1717914946763 7755.0 155
1717914956782 7755.0 156
1717914966845 7755.0 157
1717914976863 7755.0 158
1717914986943 7755.0 159
1717914997023 7755.0 160
1717915007042 7755.0 161
1717915017109 7755.0 162
1717915027181 7755.0 163
1717915037252 7755.0 164
1717915047274 7755.0 165
1717915057292 7755.0 166
1717915067317 7755.0 167
1717915077336 7755.0 168
1717915087354 7755.0 169
1717915097390 7755.0 170
1717915107463 7755.0 171
1717915117485 7755.0 172
1717915127552 7755.0 173
1717915137621 7755.0 174
1717915147679 7755.0 175
1717915157698 7755.0 176
1717915167761 7755.0 177
1717915177835 7755.0 178
1717915187927 7755.0 179
1717915197993 7755.0 180
1717915208010 7755.0 181
1717915218074 7755.0 182
1717915228146 7755.0 183
1717915238180 7755.0 184
1717915248206 7755.0 185
1717915258288 7755.0 186
1717915268310 7755.0 187
1717915278378 7755.0 188
1717915288397 7755.0 189
1717915298457 7755.0 190
1717915308524 7755.0 191
1717915318611 7755.0 192
1717915328672 7755.0 193
1717915338760 7755.0 194
1717915348836 7755.0 195
1717915358900 7755.0 196
1717915368918 7755.0 197
1717915378993 7755.0 198
1717915389076 7755.0 199
1717915399153 7755.0 200
1717915409184 7755.0 201
1717915419204 7755.0 202
1717915429272 7755.0 203
1717915439352 7755.0 204
1717915449374 7755.0 205
1717915459393 7755.0 206
1717915469482 7755.0 207
1717915479570 7755.0 208
1717915489657 7755.0 209
1717915499678 7755.0 210
1717915509758 7755.0 211
1717915519825 7755.0 212
1717915529893 7755.0 213
1717915539961 7755.0 214
1717915549980 7755.0 215
1717915560048 7755.0 216
1717915570070 7755.0 217
1717915580218 7755.0 218
1717915590242 7755.0 219
1717915600261 7755.0 220
1717915610280 7755.0 221
1717915620305 7755.0 222
1717915630323 7755.0 223
1717915640342 7755.0 224
1717915650362 7755.0 225
1717915660434 7755.0 226
1717915670507 7755.0 227
1717915680575 7755.0 228
1717915690639 7755.0 229
1717915700658 7755.0 230
1717915710677 7755.0 231
1717915720741 7755.0 232
1717915730826 7755.0 233
1717915740898 7755.0 234
1717915750927 7755.0 235
1717915760971 7755.0 236
1717915771071 7755.0 237
1717915781093 7755.0 238
1717915791172 7755.0 239
1717915801241 7755.0 240
1717915811311 7755.0 241
1717915821382 7755.0 242
1717915831402 7755.0 243
1717915841470 7755.0 244
1717915851549 7755.0 245
1717915861616 7755.0 246
1717915871652 7755.0 247
1717915881739 7755.0 248
1717915891813 7755.0 249
1717915901886 7755.0 250
1717915911964 7755.0 251
1717915921990 7755.0 252
1717915932033 7755.0 253
1717915942104 7755.0 254
1717915952169 7755.0 255
1717915962192 7755.0 256
1717915972255 7755.0 257
1717915982325 7755.0 258
1717915992393 7755.0 259
1717916002413 7755.0 260
1717916012483 7755.0 261
1717916022552 7755.0 262
1717916032635 7755.0 263
1717916042702 7755.0 264
1717916052726 7755.0 265
1717916062798 7755.0 266
1717916072876 7755.0 267
1717916082913 7755.0 268
1717916092985 7755.0 269
1717916103005 7755.0 270
1717916113077 7755.0 271
1717916123153 7755.0 272
1717916133174 7755.0 273
1717916143205 7755.0 274
1717916153230 7755.0 275
1717916163252 7755.0 276
1717916173273 7755.0 277
1717916183299 7755.0 278
1717916193321 7755.0 279
1717916203352 7755.0 280
1717916213436 7755.0 281
1717916223508 7755.0 282
1717916233581 7755.0 283
1717916243665 7755.0 284
1717916253688 7755.0 285
1717916263759 7755.0 286
1717916273831 7755.0 287
1717916283851 7755.0 288
1717916293887 7755.0 289
1717916303959 7755.0 290
1717916314034 7755.0 291
1717916324112 7755.0 292
1717916334161 7755.0 293
1717916344205 7755.0 294
1717916354286 7755.0 295
1717916364360 7755.0 296
1717916374430 7755.0 297
1717916384455 7755.0 298
1717916394527 7755.0 299
1717916404599 7755.0 300
1717916414628 7755.0 301
1717916424711 7755.0 302
1717916434778 7755.0 303
1717916444856 7755.0 304
1717916454930 7755.0 305
1717916464971 7755.0 306
1717916474996 7755.0 307
1717916485084 7755.0 308
1717916495111 7755.0 309
1717916505153 7755.0 310
1717916515233 7755.0 311
1717916525295 7755.0 312
1717916535383 7755.0 313
1717916545405 7755.0 314
1717916555434 7755.0 315
1717916565506 7755.0 316
1717916575576 7755.0 317
1717916585606 7755.0 318
1717916595629 7755.0 319
1717916605658 7755.0 320
1717916615726 7755.0 321
1717916625804 7755.0 322
1717916635835 7755.0 323
1717916645868 7755.0 324
1717916655945 7755.0 325
1717916666032 7755.0 326
1717916677249 7755.0 327
1717916687277 7755.0 328
1717916697300 7755.0 329
1717916707319 7755.0 330
1717916717339 7755.0 331
1717916727361 7755.0 332
1717916737384 7755.0 333
1717916747408 7755.0 334
1717916757487 7755.0 335
1717916767558 7755.0 336
1717916777642 7755.0 337
1717916787717 7755.0 338
1717916797756 7755.0 339
1717916807824 7755.0 340
1717916817916 7755.0 341
1717916827986 7755.0 342
1717916838008 7755.0 343
1717916848036 7755.0 344
1717916858115 7755.0 345
1717916868208 7755.0 346
1717916878255 7755.0 347
1717916888281 7755.0 348
1717916898312 7755.0 349
1717916908397 7755.0 350
1717916918480 7755.0 351
1717916928523 7755.0 352
1717916938551 7755.0 353
1717916948575 7755.0 354
1717916958644 7755.0 355
1717916968671 7755.0 356
1717916978744 7755.0 357
1717916988821 7755.0 358
1717916998894 7755.0 359
1717917008977 7755.0 360
1717917019022 7755.0 361
1717917029095 7755.0 362
1717917039195 7755.0 363
1717917049243 7755.0 364
1717917059296 7755.0 365
1717917069333 7755.0 366
1717917079415 7755.0 367
1717917089484 7755.0 368
1717917099510 7755.0 369
1717917109588 7755.0 370
1717917119670 7755.0 371
1717917129766 7755.0 372
1717917139854 7755.0 373
1717917149882 7755.0 374
1717917159964 7755.0 375
1717917170032 7755.0 376
1717917180059 7755.0 377
1717917190123 7755.0 378
1717917200193 7755.0 379
1717917210272 7755.0 380
1717917220353 7755.0 381
1717917230392 7755.0 382
1717917240419 7755.0 383
1717917250444 7755.0 384
1717917260469 7755.0 385
1717917270495 7755.0 386
1717917280531 7755.0 387
1717917290597 7755.0 388
1717917300682 7755.0 389
1717917310730 7755.0 390
1717917320784 7755.0 391
1717917330862 7755.0 392
1717917340929 7755.0 393
1717917350960 7755.0 394
1717917361044 7755.0 395
1717917371134 7755.0 396
1717917381162 7755.0 397
1717917391235 7755.0 398
1717917401328 7755.0 399
1717917411405 7755.0 400
1717917421483 7755.0 401
1717917431516 7755.0 402
1717917441603 7755.0 403
1717917451701 7755.0 404
1717917461779 7755.0 405
1717917471860 7755.0 406
1717917481887 7755.0 407
1717917491964 7755.0 408
1717917502056 7755.0 409
1717917512096 7755.0 410
1717917522173 7755.0 411
1717917532249 7755.0 412
1717917542326 7755.0 413
1717917552402 7755.0 414
1717917562437 7755.0 415
1717917572510 7755.0 416
1717917582545 7755.0 417
1717917592628 7755.0 418
1717917602660 7755.0 419
1717917612735 7755.0 420
1717917622825 7755.0 421
1717917632907 7755.0 422
1717917642937 7755.0 423
1717917652964 7755.0 424
1717917663039 7755.0 425
1717917673105 7755.0 426
1717917683135 7755.0 427
1717917693159 7755.0 428
1717917703235 7755.0 429
1717917713325 7755.0 430
1717917723405 7755.0 431
1717917733443 7755.0 432
1717917743532 7755.0 433
1717917753605 7755.0 434
1717917763677 7755.0 435
1717917774168 7755.0 436
1717917784196 7755.0 437
1717917794228 7755.0 438
1717917804267 7755.0 439
1717917814294 7755.0 440
1717917824320 7755.0 441
1717917834372 7755.0 442
1717917844397 7755.0 443
1717917854475 7755.0 444
1717917864524 7755.0 445
1717917874614 7755.0 446
1717917884715 7755.0 447
1717917894744 7755.0 448
1717917904780 7755.0 449
1717917914856 7755.0 450
1717917924883 7755.0 451
1717917934912 7755.0 452
1717917944944 7755.0 453
1717917955009 7755.0 454
1717917965092 7755.0 455
1717917975127 7755.0 456
1717917985203 7755.0 457
1717917995284 7755.0 458
1717918005365 7755.0 459
1717918015446 7755.0 460
1717918025482 7755.0 461
1717918035556 7755.0 462
1717918045660 7755.0 463
1717918055741 7755.0 464
1717918065777 7755.0 465
1717918075816 7755.0 466
1717918085901 7755.0 467
1717918095949 7755.0 468
1717918106032 7755.0 469
1717918116078 7755.0 470
1717918126157 7755.0 471
1717918136264 7755.0 472
1717918146299 7755.0 473
1717918156329 7755.0 474
1717918166398 7755.0 475
1717918176491 7755.0 476
1717918186580 7755.0 477
1717918196640 7755.0 478
1717918206680 7755.0 479
1717918216757 7755.0 480
1717918226836 7755.0 481
1717918236908 7755.0 482
1717918246939 7755.0 483
1717918257026 7755.0 484
1717918267102 7755.0 485
1717918277172 7755.0 486
1717918287247 7755.0 487
1717918297332 7755.0 488
1717918307417 7755.0 489
1717918317502 7755.0 490
1717918327587 7755.0 491
1717918337615 7755.0 492
1717918347638 7755.0 493
1717918357661 7755.0 494
1717918367695 7755.0 495
1717918377724 7755.0 496
1717918387748 7755.0 497
1717918397781 7755.0 498
1717918407810 7755.0 499
1717918417836 7755.0 500
1717918427907 7755.0 501
1717918437973 7755.0 502
1717918448061 7755.0 503
1717918458143 7755.0 504
1717918468222 7755.0 505
1717918478299 7755.0 506
1717918488372 7755.0 507
1717918498405 7755.0 508
1717918508430 7755.0 509
1717918518504 7755.0 510
1717918528538 7755.0 511
1717918538573 7755.0 512
1717918548663 7755.0 513
1717918558751 7755.0 514
1717918568837 7755.0 515
1717918578867 7755.0 516
1717918588952 7755.0 517
