1717913391962 10.2 0
1717913401981 60.2 1
1717913411992 60.2 2
1717913422004 60.2 3
1717913432015 60.2 4
1717913442027 60.2 5
1717913452038 60.2 6
1717913462050 60.2 7
1717913472062 60.2 8
1717913482075 60.2 9
1717913492086 60.2 10
1717913502098 60.2 11
1717913512110 60.2 12
1717913522131 60.2 13
1717913532155 60.2 14
1717913542178 60.2 15
1717913552190 60.2 16
1717913562204 60.2 17
1717913572216 60.2 18
1717913582239 60.2 19
1717913592252 60.2 20
1717913602278 60.2 21
1717913612293 60.2 22
1717913622310 60.2 23
1717913632323 60.2 24
1717913642337 60.2 25
1717913652349 60.2 26
1717913662360 60.2 27
1717913672372 60.2 28
1717913682385 60.2 29
1717913692400 60.2 30
1717913702424 60.2 31
1717913712450 60.2 32
1717913722471 60.2 33
1717913732484 60.2 34
1717913742502 60.2 35
1717913752516 60.2 36
1717913762528 60.2 37
1717913772547 60.2 38
1717913782559 60.2 39
1717913792571 60.2 40
1717913802583 60.2 41
1717913812595 60.2 42
1717913822622 60.2 43
1717913832637 60.2 44
1717913842651 60.2 45
1717913852666 60.2 46
1717913862678 60.2 47
1717913872691 60.2 48
1717913882703 60.2 49
1717913892715 60.2 50
1717913902727 60.2 51
1717913912740 60.2 52
1717913922752 60.2 53
1717913933298 60.2 54
1717913943313 60.2 55
1717913953356 60.2 56
1717913963375 60.2 57
1717913973390 60.2 58
1717913983405 60.2 59
1717913993417 60.2 60
1717914003430 60.2 61
1717914013504 60.2 62
1717914023546 60.2 63
1717914033559 60.2 64
1717914043574 60.2 65
1717914053587 60.2 66
1717914063610 60.2 67
1717914073631 60.2 68
1717914083656 60.2 69
1717914093692 60.2 70
1717914103720 60.2 71
1717914113735 60.2 72
1717914123765 60.2 73
1717914133785 60.2 74
1717914143804 60.2 75
1717914153822 60.2 76
1717914163847 60.2 77
1717914173871 60.2 78
1717914183887 60.2 79
1717914193906 60.2 80
1717914203925 60.2 81
1717914213947 60.2 82
1717914223967 60.2 83
1717914233986 60.2 84
1717914244009 60.2 85
1717914254036 60.2 86
1717914264056 60.2 87
1717914274093 60.2 88
1717914284131 60.2 89
1717914294163 60.2 90
1717914304179 60.2 91
1717914314226 60.2 92
1717914324275 60.2 93
1717914334305 60.2 94
1717914344336 60.2 95
1717914354371 60.2 96
1717914364404 60.2 97
1717914374441 60.2 98
1717914384479 60.2 99
1717914394516 60.2 100
1717914404572 60.2 101
1717914414590 60.2 102
1717914424606 60.2 103
1717914434622 60.2 104
1717914444642 60.2 105
1717914454669 60.2 106
1717914464690 60.2 107
1717914474707 60.2 108
1717914484724 60.2 109
1717914494740 60.2 110
1717914504757 60.2 111
1717914514803 60.2 112
1717914524829 60.2 113
1717914534845 60.2 114
1717914544866 60.2 115
1717914554889 60.2 116
1717914564954 60.2 117
1717914575040 60.2 118
1717914585120 60.2 119
1717914595139 60.2 120
1717914605176 60.2 121
1717914615239 60.2 122
1717914625256 60.2 123
1717914635318 60.2 124
1717914645383 60.2 125
1717914655409 60.2 126
1717914665429 60.2 127
1717914675489 60.2 128
1717914685558 60.2 129
1717914695614 60.2 130
1717914705682 60.2 131
1717914715760 60.2 132
1717914725828 60.2 133
1717914735847 60.2 134
1717914745912 60.2 135
1717914755983 60.2 136
1717914766057 60.2 137
1717914776124 60.2 138
1717914786142 60.2 139
1717914796161 60.2 140
1717914806223 60.2 141
1717914816288 60.2 142
1717914826310 60.2 143
1717914836329 60.2 144
1717914846347 60.2 145
1717914856365 60.2 146
1717914866383 60.2 147
1717914876402 60.2 148
1717914886464 60.2 149
1717914896528 60.2 150
1717914906547 60.2 151
1717914916566 60.2 152
1717914926636 60.2 153
1717914936696 60.2 154
1717914946763 60.2 155
1717914956782 60.2 156
1717914966845 60.2 157
1717914976863 60.2 158
1717914986943 60.2 159
1717914997023 60.2 160
1717915007042 60.2 161
1717915017109 60.2 162
1717915027181 60.2 163
1717915037252 60.2 164
1717915047274 60.2 165
1717915057292 60.2 166
1717915067317 60.2 167
1717915077336 60.2 168
1717915087354 60.2 169
1717915097390 60.2 170
1717915107463 60.2 171
1717915117485 60.2 172
1717915127552 60.2 173
1717915137621 60.2 174
1717915147679 60.2 175
1717915157698 60.2 176
1717915167761 60.2 177
1717915177835 60.2 178
1717915187927 60.2 179
1717915197993 60.2 180
1717915208010 60.2 181
1717915218074 60.2 182
1717915228146 60.2 183
1717915238180 60.2 184
1717915248206 60.2 185
1717915258288 60.2 186
1717915268310 60.2 187
1717915278378 60.2 188
1717915288397 60.2 189
1717915298457 60.2 190
1717915308524 60.2 191
1717915318611 60.2 192
1717915328672 60.2 193
1717915338760 60.2 194
1717915348836 60.2 195
1717915358900 60.2 196
1717915368918 60.2 197
1717915378993 60.2 198
1717915389076 60.2 199
1717915399153 60.2 200
1717915409184 60.2 201
1717915419204 60.2 202
1717915429272 60.2 203
1717915439352 60.2 204
1717915449374 60.2 205
1717915459393 60.2 206
1717915469482 60.2 207
1717915479570 60.2 208
1717915489657 60.2 209
1717915499678 60.2 210
1717915509758 60.2 211
1717915519825 60.2 212
1717915529893 60.2 213
1717915539961 60.2 214
1717915549980 60.2 215
1717915560048 60.2 216
1717915570070 60.2 217
1717915580218 60.2 218
1717915590242 60.2 219
1717915600261 60.2 220
1717915610280 60.2 221
1717915620305 60.2 222
1717915630323 60.2 223
1717915640342 60.2 224
1717915650362 60.2 225
1717915660434 60.2 226
1717915670507 60.2 227
1717915680575 60.2 228
1717915690639 60.2 229
1717915700658 60.2 230
1717915710677 60.2 231
1717915720741 60.2 232
1717915730826 60.2 233
1717915740898 60.2 234
1717915750927 60.2 235
1717915760971 60.2 236
1717915771071 60.2 237
1717915781093 60.2 238
1717915791172 60.2 239
1717915801241 60.2 240
1717915811311 60.2 241
1717915821382 60.2 242
1717915831402 60.2 243
1717915841470 60.2 244
1717915851549 60.2 245
1717915861616 60.2 246
1717915871652 60.2 247
1717915881739 60.2 248
1717915891813 60.2 249
1717915901886 60.2 250
1717915911964 60.2 251
1717915921990 60.2 252
1717915932033 60.2 253
1717915942104 60.2 254
1717915952169 60.2 255
1717915962192 60.2 256
1717915972255 60.2 257
1717915982325 60.2 258
1717915992393 60.2 259
1717916002413 60.2 260
1717916012483 60.2 261
1717916022552 60.2 262
1717916032635 60.2 263
1717916042702 60.2 264
1717916052726 60.2 265
1717916062798 60.2 266
1717916072876 60.2 267
1717916082913 60.2 268
1717916092985 60.2 269
1717916103005 60.2 270
1717916113077 60.2 271
1717916123153 60.2 272
1717916133174 60.2 273
1717916143205 60.2 274
1717916153230 60.2 275
1717916163252 60.2 276
1717916173273 60.2 277
1717916183299 60.2 278
1717916193321 60.2 279
1717916203352 60.2 280
1717916213436 60.2 281
1717916223508 60.2 282
1717916233581 60.2 283
1717916243665 60.2 284
1717916253688 60.2 285
1717916263759 60.2 286
1717916273831 60.2 287
1717916283851 60.2 288
1717916293887 60.2 289
1717916303959 60.2 290
1717916314034 60.2 291
1717916324112 60.2 292
1717916334161 60.2 293
1717916344205 60.2 294
1717916354286 60.2 295
1717916364360 60.2 296
1717916374430 60.2 297
1717916384455 60.2 298
1717916394527 60.2 299
1717916404599 60.2 300
1717916414628 60.2 301
1717916424711 60.2 302
1717916434778 60.2 303
1717916444856 60.2 304
1717916454930 60.2 305
1717916464971 60.2 306
1717916474996 60.2 307
1717916485084 60.2 308
1717916495111 60.2 309
1717916505153 60.2 310
1717916515233 60.2 311
1717916525295 60.2 312
1717916535383 60.2 313
1717916545405 60.2 314
1717916555434 60.2 315
1717916565506 60.2 316
1717916575576 60.2 317
1717916585606 60.2 318
1717916595629 60.2 319
1717916605658 60.2 320
1717916615726 60.2 321
1717916625804 60.2 322
1717916635835 60.2 323
1717916645868 60.2 324
1717916655945 60.2 325
1717916666032 60.2 326
1717916677249 60.2 327
1717916687277 60.2 328
1717916697300 60.2 329
1717916707319 60.2 330
1717916717339 60.2 331
1717916727361 60.2 332
1717916737384 60.2 333
1717916747408 60.2 334
1717916757487 60.2 335
1717916767558 60.2 336
1717916777642 60.2 337
1717916787717 60.2 338
1717916797756 60.2 339
1717916807824 60.2 340
1717916817916 60.2 341
1717916827986 60.2 342
1717916838008 60.2 343
1717916848036 60.2 344
1717916858115 60.2 345
1717916868208 60.2 346
1717916878255 60.2 347
1717916888281 60.2 348
1717916898312 60.2 349
1717916908397 60.2 350
1717916918480 60.2 351
1717916928523 60.2 352
1717916938551 60.2 353
1717916948575 60.2 354
1717916958644 60.2 355
1717916968671 60.2 356
1717916978744 60.2 357
1717916988821 60.2 358
1717916998894 60.2 359
1717917008977 60.2 360
1717917019022 60.2 361
1717917029095 60.2 362
1717917039195 60.2 363
1717917049243 60.2 364
1717917059296 60.2 365
1717917069333 60.2 366
1717917079415 60.2 367
1717917089484 60.2 368
1717917099510 60.2 369
1717917109588 60.2 370
1717917119670 60.2 371
1717917129766 60.2 372
1717917139854 60.2 373
1717917149882 60.2 374
1717917159964 60.2 375
1717917170032 60.2 376
1717917180059 60.2 377
1717917190123 60.2 378
1717917200193 60.2 379
1717917210272 60.2 380
1717917220353 60.2 381
1717917230392 60.2 382
1717917240419 60.2 383
1717917250444 60.2 384
1717917260469 60.2 385
1717917270495 60.2 386
1717917280531 60.2 387
1717917290597 60.2 388
1717917300682 60.2 389
1717917310730 60.2 390
1717917320784 60.2 391
1717917330862 60.2 392
1717917340929 60.2 393
1717917350960 60.2 394
1717917361044 60.2 395
1717917371134 60.2 396
1717917381162 60.2 397
1717917391235 60.2 398
1717917401328 60.2 399
1717917411405 60.2 400
1717917421483 60.2 401
1717917431516 60.2 402
1717917441603 60.2 403
1717917451701 60.2 404
1717917461779 60.2 405
1717917471860 60.2 406
1717917481887 60.2 407
1717917491964 60.2 408
1717917502056 60.2 409
1717917512096 60.2 410
1717917522173 60.2 411
1717917532249 60.2 412
1717917542326 60.2 413
1717917552402 60.2 414
1717917562437 60.2 415
1717917572510 60.2 416
1717917582545 60.2 417
1717917592628 60.2 418
1717917602660 60.2 419
1717917612735 60.2 420
1717917622825 60.2 421
1717917632907 60.2 422
1717917642937 60.2 423
1717917652964 60.2 424
1717917663039 60.2 425
1717917673105 60.2 426
1717917683135 60.2 427
1717917693159 60.2 428
1717917703235 60.2 429
1717917713325 60.2 430
1717917723405 60.2 431
1717917733443 60.2 432
1717917743532 60.2 433
1717917753605 60.2 434
1717917763677 60.2 435
1717917774168 60.2 436
1717917784196 60.2 437
1717917794228 60.2 438
1717917804267 60.2 439
1717917814294 60.2 440
1717917824320 60.2 441
1717917834372 60.2 442
1717917844397 60.2 443
1717917854475 60.2 444
1717917864524 60.2 445
1717917874614 60.2 446
1717917884715 60.2 447
1717917894744 60.2 448
1717917904780 60.2 449
1717917914856 60.2 450
1717917924883 60.2 451
1717917934912 60.2 452
1717917944944 60.2 453
1717917955009 60.2 454
1717917965092 60.2 455
1717917975127 60.2 456
1717917985203 60.2 457
1717917995284 60.2 458
1717918005365 60.2 459
1717918015446 60.2 460
1717918025482 60.2 461
1717918035556 60.2 462
1717918045660 60.2 463
1717918055741 60.2 464
1717918065777 60.2 465
1717918075816 60.2 466
1717918085901 60.2 467
1717918095949 60.2 468
1717918106032 60.2 469
1717918116078 60.2 470
1717918126157 60.2 471
1717918136264 60.2 472
1717918146299 60.2 473
1717918156329 60.2 474
1717918166398 60.2 475
1717918176491 60.2 476
1717918186580 60.2 477
1717918196640 60.2 478
1717918206680 60.2 479
1717918216757 60.2 480
1717918226836 60.2 481
1717918236908 60.2 482
1717918246939 60.2 483
1717918257026 60.2 484
1717918267102 60.2 485
1717918277172 60.2 486
1717918287247 60.2 487
1717918297332 60.2 488
1717918307417 60.2 489
1717918317502 60.2 490
1717918327587 60.2 491
1717918337615 60.2 492
1717918347638 60.2 493
1717918357661 60.2 494
1717918367695 60.2 495
1717918377724 60.2 496
1717918387748 60.2 497
1717918397781 60.2 498
1717918407810 60.2 499
1717918417836 60.2 500
1717918427907 60.2 501
1717918437973 60.2 502
1717918448061 60.2 503
1717918458143 60.2 504
1717918468222 60.2 505
1717918478299 60.2 506
1717918488372 60.2 507
1717918498405 60.2 508
1717918508430 60.2 509
1717918518504 60.2 510
1717918528538 60.2 511
1717918538573 60.2 512
1717918548663 60.2 513
1717918558751 60.2 514
1717918568837 60.2 515
1717918578867 60.2 516
1717918588952 60.2 517
