1717913391962 0.0 0
1717913401981 96.0 1
1717913411992 94.0 2
1717913422004 94.0 3
1717913432015 96.0 4
1717913442027 96.0 5
1717913452038 94.0 6
1717913462050 96.0 7
1717913472062 96.0 8
1717913482075 95.0 9
1717913492086 96.0 10
1717913502098 96.0 11
1717913512110 96.0 12
1717913522131 96.0 13
1717913532155 93.0 14
1717913542178 96.0 15
1717913552190 96.0 16
1717913562204 97.0 17
1717913572216 91.0 18
1717913582239 96.0 19
1717913592252 96.0 20
1717913602278 96.0 21
1717913612293 95.0 22
1717913622310 95.0 23
1717913632323 96.0 24
1717913642337 96.0 25
1717913652349 96.0 26
1717913662360 96.0 27
1717913672372 95.0 28
1717913682385 96.0 29
1717913692400 97.0 30
1717913702424 96.0 31
1717913712450 96.0 32
1717913722471 96.0 33
1717913732484 94.0 34
1717913742502 96.0 35
1717913752516 90.0 36
1717913762528 96.0 37
1717913772547 96.0 38
1717913782559 94.0 39
1717913792571 94.0 40
1717913802583 96.0 41
1717913812595 96.0 42
1717913822622 96.0 43
1717913832637 96.0 44
1717913842651 94.0 45
1717913852666 95.0 46
1717913862678 96.0 47
1717913872691 97.0 48
1717913882703 96.0 49
1717913892715 96.0 50
1717913902727 94.0 51
1717913912740 94.0 52
1717913922752 96.0 53
1717913933298 88.0 54
1717913943313 6.0 55
1717913953356 96.0 56
1717913963375 95.0 57
1717913973390 96.0 58
1717913983405 96.0 59
1717913993417 96.0 60
1717914003430 96.0 61
1717914013504 93.0 62
1717914023546 94.0 63
1717914033559 95.0 64
1717914043574 96.0 65
1717914053587 96.0 66
1717914063610 94.0 67
1717914073631 96.0 68
1717914083656 95.0 69
1717914093692 96.0 70
1717914103720 96.0 71
1717914113735 89.0 72
1717914123765 90.0 73
1717914133785 94.0 74
1717914143804 94.0 75
1717914153822 97.0 76
1717914163847 96.0 77
1717914173871 96.0 78
1717914183887 96.0 79
1717914193906 94.0 80
1717914203925 96.0 81
1717914213947 96.0 82
1717914223967 96.0 83
1717914233986 96.0 84
1717914244009 95.0 85
1717914254036 95.0 86
1717914264056 97.0 87
1717914274093 96.0 88
1717914284131 96.0 89
1717914294163 95.0 90
1717914304179 89.0 91
1717914314226 97.0 92
1717914324275 96.0 93
1717914334305 96.0 94
1717914344336 96.0 95
1717914354371 96.0 96
1717914364404 96.0 97
1717914374441 97.0 98
1717914384479 96.0 99
1717914394516 95.0 100
1717914404572 96.0 101
1717914414590 95.0 102
1717914424606 96.0 103
1717914434622 96.0 104
1717914444642 96.0 105
1717914454669 94.0 106
1717914464690 96.0 107
1717914474707 96.0 108
1717914484724 90.0 109
1717914494740 94.0 110
1717914504757 96.0 111
1717914514803 96.0 112
1717914524829 96.0 113
1717914534845 94.0 114
1717914544866 96.0 115
1717914554889 96.0 116
1717914564954 96.0 117
1717914575040 95.0 118
1717914585120 96.0 119
1717914595139 96.0 120
1717914605176 96.0 121
1717914615239 96.0 122
1717914625256 96.0 123
1717914635318 93.0 124
1717914645383 96.0 125
1717914655409 96.0 126
1717914665429 88.0 127
1717914675489 90.0 128
1717914685558 95.0 129
1717914695614 96.0 130
1717914705682 96.0 131
1717914715760 97.0 132
1717914725828 97.0 133
1717914735847 96.0 134
1717914745912 96.0 135
1717914755983 97.0 136
1717914766057 97.0 137
1717914776124 96.0 138
1717914786142 96.0 139
1717914796161 96.0 140
1717914806223 96.0 141
1717914816288 96.0 142
1717914826310 94.0 143
1717914836329 96.0 144
1717914846347 90.0 145
1717914856365 90.0 146
1717914866383 96.0 147
1717914876402 96.0 148
1717914886464 96.0 149
1717914896528 96.0 150
1717914906547 96.0 151
1717914916566 97.0 152
1717914926636 96.0 153
1717914936696 96.0 154
1717914946763 96.0 155
1717914956782 96.0 156
1717914966845 96.0 157
1717914976863 95.0 158
1717914986943 96.0 159
1717914997023 96.0 160
1717915007042 94.0 161
1717915017109 96.0 162
1717915027181 97.0 163
1717915037252 91.0 164
1717915047274 96.0 165
1717915057292 94.0 166
1717915067317 96.0 167
1717915077336 96.0 168
1717915087354 95.0 169
1717915097390 96.0 170
1717915107463 96.0 171
1717915117485 96.0 172
1717915127552 96.0 173
1717915137621 96.0 174
1717915147679 97.0 175
1717915157698 97.0 176
1717915167761 94.0 177
1717915177835 93.0 178
1717915187927 96.0 179
1717915197993 96.0 180
1717915208010 97.0 181
1717915218074 91.0 182
1717915228146 97.0 183
1717915238180 96.0 184
1717915248206 95.0 185
1717915258288 96.0 186
1717915268310 96.0 187
1717915278378 97.0 188
1717915288397 96.0 189
1717915298457 97.0 190
1717915308524 94.0 191
1717915318611 94.0 192
1717915328672 96.0 193
1717915338760 97.0 194
1717915348836 96.0 195
1717915358900 96.0 196
1717915368918 96.0 197
1717915378993 97.0 198
1717915389076 96.0 199
1717915399153 90.0 200
1717915409184 95.0 201
1717915419204 96.0 202
1717915429272 96.0 203
1717915439352 94.0 204
1717915449374 96.0 205
1717915459393 96.0 206
1717915469482 96.0 207
1717915479570 96.0 208
1717915489657 94.0 209
1717915499678 96.0 210
1717915509758 96.0 211
1717915519825 96.0 212
1717915529893 95.0 213
1717915539961 97.0 214
1717915549980 97.0 215
1717915560048 94.0 216
1717915570070 96.0 217
1717915580218 89.0 218
1717915590242 6.0 219
1717915600261 94.0 220
1717915610280 96.0 221
1717915620305 96.0 222
1717915630323 95.0 223
1717915640342 96.0 224
1717915650362 96.0 225
1717915660434 96.0 226
1717915670507 96.0 227
1717915680575 97.0 228
1717915690639 96.0 229
1717915700658 96.0 230
1717915710677 96.0 231
1717915720741 96.0 232
1717915730826 94.0 233
1717915740898 95.0 234
1717915750927 96.0 235
1717915760971 89.0 236
1717915771071 88.0 237
1717915781093 96.0 238
1717915791172 96.0 239
1717915801241 97.0 240
1717915811311 94.0 241
1717915821382 96.0 242
1717915831402 97.0 243
1717915841470 97.0 244
1717915851549 97.0 245
1717915861616 97.0 246
1717915871652 96.0 247
1717915881739 96.0 248
1717915891813 97.0 249
1717915901886 97.0 250
1717915911964 97.0 251
1717915921990 94.0 252
1717915932033 97.0 253
1717915942104 96.0 254
1717915952169 90.0 255
1717915962192 96.0 256
1717915972255 93.0 257
1717915982325 95.0 258
1717915992393 97.0 259
1717916002413 97.0 260
1717916012483 96.0 261
1717916022552 97.0 262
1717916032635 97.0 263
1717916042702 97.0 264
1717916052726 97.0 265
1717916062798 97.0 266
1717916072876 94.0 267
1717916082913 95.0 268
1717916092985 96.0 269
1717916103005 96.0 270
1717916113077 94.0 271
1717916123153 96.0 272
1717916133174 90.0 273
1717916143205 96.0 274
1717916153230 96.0 275
1717916163252 94.0 276
1717916173273 96.0 277
1717916183299 96.0 278
1717916193321 93.0 279
1717916203352 96.0 280
1717916213436 96.0 281
1717916223508 97.0 282
1717916233581 96.0 283
1717916243665 95.0 284
1717916253688 96.0 285
1717916263759 97.0 286
1717916273831 94.0 287
1717916283851 97.0 288
1717916293887 97.0 289
1717916303959 94.0 290
1717916314034 89.0 291
1717916324112 97.0 292
1717916334161 95.0 293
1717916344205 96.0 294
1717916354286 94.0 295
1717916364360 97.0 296
1717916374430 97.0 297
1717916384455 97.0 298
1717916394527 96.0 299
1717916404599 94.0 300
1717916414628 96.0 301
1717916424711 96.0 302
1717916434778 96.0 303
1717916444856 94.0 304
1717916454930 96.0 305
1717916464971 96.0 306
1717916474996 96.0 307
1717916485084 96.0 308
1717916495111 90.0 309
1717916505153 97.0 310
1717916515233 96.0 311
1717916525295 94.0 312
1717916535383 94.0 313
1717916545405 95.0 314
1717916555434 97.0 315
1717916565506 97.0 316
1717916575576 94.0 317
1717916585606 97.0 318
1717916595629 96.0 319
1717916605658 95.0 320
1717916615726 95.0 321
1717916625804 96.0 322
1717916635835 96.0 323
1717916645868 95.0 324
1717916655945 95.0 325
1717916666032 96.0 326
1717916677249 90.0 327
1717916687277 6.0 328
1717916697300 93.0 329
1717916707319 96.0 330
1717916717339 96.0 331
1717916727361 96.0 332
1717916737384 96.0 333
1717916747408 96.0 334
1717916757487 94.0 335
1717916767558 97.0 336
1717916777642 96.0 337
1717916787717 96.0 338
1717916797756 94.0 339
1717916807824 97.0 340
1717916817916 96.0 341
1717916827986 96.0 342
1717916838008 94.0 343
1717916848036 95.0 344
1717916858115 88.0 345
1717916868208 90.0 346
1717916878255 96.0 347
1717916888281 96.0 348
1717916898312 96.0 349
1717916908397 96.0 350
1717916918480 94.0 351
1717916928523 96.0 352
1717916938551 96.0 353
1717916948575 94.0 354
1717916958644 96.0 355
1717916968671 96.0 356
1717916978744 97.0 357
1717916988821 97.0 358
1717916998894 97.0 359
1717917008977 94.0 360
1717917019022 94.0 361
1717917029095 96.0 362
1717917039195 96.0 363
1717917049243 90.0 364
1717917059296 93.0 365
1717917069333 96.0 366
1717917079415 97.0 367
1717917089484 97.0 368
1717917099510 94.0 369
1717917109588 94.0 370
1717917119670 96.0 371
1717917129766 97.0 372
1717917139854 96.0 373
1717917149882 96.0 374
1717917159964 96.0 375
1717917170032 96.0 376
1717917180059 94.0 377
1717917190123 96.0 378
1717917200193 96.0 379
1717917210272 97.0 380
1717917220353 96.0 381
1717917230392 90.0 382
1717917240419 96.0 383
1717917250444 96.0 384
1717917260469 94.0 385
1717917270495 95.0 386
1717917280531 96.0 387
1717917290597 93.0 388
1717917300682 96.0 389
1717917310730 96.0 390
1717917320784 94.0 391
1717917330862 96.0 392
1717917340929 96.0 393
1717917350960 96.0 394
1717917361044 96.0 395
1717917371134 96.0 396
1717917381162 96.0 397
1717917391235 96.0 398
1717917401328 94.0 399
1717917411405 90.0 400
1717917421483 96.0 401
1717917431516 96.0 402
1717917441603 94.0 403
1717917451701 95.0 404
1717917461779 96.0 405
1717917471860 96.0 406
1717917481887 95.0 407
1717917491964 96.0 408
1717917502056 96.0 409
1717917512096 97.0 410
1717917522173 97.0 411
1717917532249 96.0 412
1717917542326 96.0 413
1717917552402 96.0 414
1717917562437 96.0 415
1717917572510 94.0 416
1717917582545 94.0 417
1717917592628 90.0 418
1717917602660 95.0 419
1717917612735 96.0 420
1717917622825 96.0 421
1717917632907 96.0 422
1717917642937 94.0 423
1717917652964 96.0 424
1717917663039 97.0 425
1717917673105 96.0 426
1717917683135 96.0 427
1717917693159 93.0 428
1717917703235 95.0 429
1717917713325 96.0 430
1717917723405 96.0 431
1717917733443 95.0 432
1717917743532 96.0 433
1717917753605 96.0 434
1717917763677 96.0 435
1717917774168 91.0 436
1717917784196 5.0 437
1717917794228 96.0 438
1717917804267 96.0 439
1717917814294 96.0 440
1717917824320 95.0 441
1717917834372 96.0 442
1717917844397 93.0 443
1717917854475 96.0 444
1717917864524 96.0 445
1717917874614 96.0 446
1717917884715 94.0 447
1717917894744 96.0 448
1717917904780 96.0 449
1717917914856 96.0 450
1717917924883 95.0 451
1717917934912 96.0 452
1717917944944 97.0 453
1717917955009 90.0 454
1717917965092 90.0 455
1717917975127 97.0 456
1717917985203 96.0 457
1717917995284 93.0 458
1717918005365 96.0 459
1717918015446 96.0 460
1717918025482 96.0 461
1717918035556 96.0 462
1717918045660 97.0 463
1717918055741 96.0 464
1717918065777 94.0 465
1717918075816 96.0 466
1717918085901 96.0 467
1717918095949 96.0 468
1717918106032 94.0 469
1717918116078 96.0 470
1717918126157 96.0 471
1717918136264 96.0 472
1717918146299 88.0 473
1717918156329 95.0 474
1717918166398 96.0 475
1717918176491 96.0 476
1717918186580 95.0 477
1717918196640 97.0 478
1717918206680 96.0 479
1717918216757 96.0 480
1717918226836 96.0 481
1717918236908 97.0 482
1717918246939 97.0 483
1717918257026 97.0 484
1717918267102 97.0 485
1717918277172 94.0 486
1717918287247 94.0 487
1717918297332 96.0 488
1717918307417 96.0 489
1717918317502 97.0 490
1717918327587 90.0 491
1717918337615 96.0 492
1717918347638 96.0 493
1717918357661 96.0 494
1717918367695 93.0 495
1717918377724 95.0 496
1717918387748 96.0 497
1717918397781 93.0 498
1717918407810 96.0 499
1717918417836 96.0 500
1717918427907 97.0 501
1717918437973 97.0 502
1717918448061 94.0 503
1717918458143 95.0 504
1717918468222 96.0 505
1717918478299 96.0 506
1717918488372 96.0 507
1717918498405 95.0 508
1717918508430 90.0 509
1717918518504 96.0 510
1717918528538 96.0 511
1717918538573 94.0 512
1717918548663 96.0 513
1717918558751 96.0 514
1717918568837 96.0 515
1717918578867 96.0 516
1717918588952 95.0 517
