1717913391962 0.0 0
1717913401981 0.00017199999999917281 1
1717913411992 0.0002459999999970819 2
1717913422004 0.0002459999999970819 3
1717913432015 0.0002459999999970819 4
1717913442027 0.01788900000000382 5
1717913452038 0.043010000000002435 6
1717913462050 0.04323200000000327 7
1717913472062 0.04323200000000327 8
1717913482075 0.0433179999999993 9
1717913492086 0.043379999999999086 10
1717913502098 0.043379999999999086 11
1717913512110 0.04756400000000127 12
1717913522131 0.048459999999998615 13
1717913532155 0.04860800000000154 14
1717913542178 0.04868199999999945 15
1717913552190 0.04868199999999945 16
1717913562204 0.04868199999999945 17
1717913572216 0.05295199999999767 18
1717913582239 0.05301399999999745 19
1717913592252 0.05301399999999745 20
1717913602278 0.057620000000000005 21
1717913612293 0.0642520000000033 22
1717913622310 0.06433799999999934 23
1717913632323 0.06852200000000153 24
1717913642337 0.06860799999999756 25
1717913652349 0.06878000000000384 26
1717913662360 0.06878000000000384 27
1717913672372 0.06900199999999757 28
1717913682385 0.06900199999999757 29
1717913692400 0.07327200000000289 30
1717913702424 0.07335799999999892 31
1717913712450 0.07335799999999892 32
1717913722471 0.07335799999999892 33
1717913732484 0.07344400000000206 34
1717913742502 0.07350600000000185 35
1717913752516 0.07768999999999693 36
1717913762528 0.07768999999999693 37
1717913772547 0.07768999999999693 38
1717913782559 0.07777600000000007 39
1717913792571 0.07784999999999798 40
1717913802583 0.07784999999999798 41
1717913812595 0.08203400000000016 42
1717913822622 0.08332300000000004 43
1717913832637 0.08338499999999982 44
1717913842651 0.08338499999999982 45
1717913852666 0.08338499999999982 46
1717913862678 0.08338499999999982 47
1717913872691 0.08765499999999804 48
1717913882703 0.08765499999999804 49
1717913892715 0.08765499999999804 50
1717913902727 0.09226100000000059 51
1717913912740 0.09854599999999891 52
1717913922752 0.09870599999999996 53
1717913933298 0.10297599999999818 54
1717913943313 0.10297599999999818 55
1717913953356 0.10320999999999714 56
1717913963375 0.10320999999999714 57
1717913973390 0.10329600000000028 58
1717913983405 0.10748000000000246 59
1717913993417 0.1075659999999985 60
1717914003430 0.10771400000000142 61
1717914013504 0.10771400000000142 62
1717914023546 0.10771400000000142 63
1717914033559 0.10779999999999745 64
1717914043574 0.11211999999999733 65
1717914053587 0.11211999999999733 66
1717914063610 0.11211999999999733 67
1717914073631 0.11211999999999733 68
1717914083656 0.11220600000000047 69
1717914093692 0.11256000000000199 70
1717914103720 0.11674399999999707 71
1717914113735 0.11674399999999707 72
1717914123765 0.11772599999999755 73
1717914133785 0.11778799999999734 74
1717914143804 0.11778799999999734 75
1717914153822 0.11778799999999734 76
1717914163847 0.12197199999999953 77
1717914173871 0.12219400000000036 78
1717914183887 0.12219400000000036 79
1717914193906 0.12219400000000036 80
1717914203925 0.1277249999999981 81
1717914213947 0.13323400000000163 82
1717914223967 0.13750399999999985 83
1717914233986 0.13750399999999985 84
1717914244009 0.137590000000003 85
1717914254036 0.13776200000000216 86
1717914264056 0.13776200000000216 87
1717914274093 0.13790999999999798 88
1717914284131 0.14215599999999995 89
1717914294163 0.1422420000000031 90
1717914304179 0.14240199999999703 91
1717914314226 0.14240199999999703 92
1717914324275 0.14240199999999703 93
1717914334305 0.14248800000000017 94
1717914344336 0.15703599999999796 95
1717914354371 0.15703599999999796 96
1717914364404 0.185608000000002 97
1717914374441 0.19957999999999743 98
1717914384479 0.19957999999999743 99
1717914394516 0.20117799999999875 100
1717914404572 0.2057799999999972 101
1717914414590 0.20595200000000347 102
1717914424606 0.20717400000000197 103
1717914434622 0.20717400000000197 104
1717914444642 0.20717400000000197 105
1717914454669 0.20765999999999707 106
1717914464690 0.21184399999999926 107
1717914474707 0.21184399999999926 108
1717914484724 0.21184399999999926 109
1717914494740 0.2126299999999972 110
1717914504757 0.2224470000000025 111
1717914514803 0.22366199999999736 112
1717914524829 0.22801199999999966 113
1717914534845 0.22801199999999966 114
1717914544866 0.22839400000000154 115
1717914554889 0.22886799999999852 116
1717914564954 0.22886799999999852 117
1717914575040 0.22886799999999852 118
1717914585120 0.2330520000000007 119
1717914595139 0.23313800000000384 120
1717914605176 0.23328599999999966 121
1717914615239 0.23328599999999966 122
1717914625256 0.23328599999999966 123
1717914635318 0.2333720000000028 124
1717914645383 0.23761799999999766 125
1717914655409 0.23761799999999766 126
1717914665429 0.23761799999999766 127
1717914675489 0.23761799999999766 128
1717914685558 0.23842799999999897 129
1717914695614 0.23842799999999897 130
1717914705682 0.24261200000000116 131
1717914715760 0.24261200000000116 132
1717914725828 0.24359400000000164 133
1717914735847 0.24365600000000143 134
1717914745912 0.24365600000000143 135
1717914755983 0.24365600000000143 136
1717914766057 0.2478400000000036 137
1717914776124 0.24798799999999943 138
1717914786142 0.24798799999999943 139
1717914796161 0.24798799999999943 140
1717914806223 0.25959900000000147 141
1717914816288 0.26073399999999936 142
1717914826310 0.2650039999999976 143
1717914836329 0.2650900000000007 144
1717914846347 0.2650900000000007 145
1717914856365 0.265348000000003 146
1717914866383 0.26543399999999906 147
1717914876402 0.26549599999999884 148
1717914886464 0.26968000000000103 149
1717914896528 0.26976599999999706 150
1717914906547 0.26993800000000334 151
1717914916566 0.26993800000000334 152
1717914926636 0.27001200000000125 153
1717914936696 0.2700979999999973 154
1717914946763 0.27434399999999926 155
1717914956782 0.27434399999999926 156
1717914966845 0.27434399999999926 157
1717914976863 0.27434399999999926 158
1717914986943 0.2744300000000024 159
1717914997023 0.2744300000000024 160
1717915007042 0.27872399999999686 161
1717915017109 0.27878600000000375 162
1717915027181 0.27976799999999713 163
1717915037252 0.27976799999999713 164
1717915047274 0.27976799999999713 165
1717915057292 0.27984200000000214 166
1717915067317 0.2840259999999972 167
1717915077336 0.28417400000000015 168
1717915087354 0.28417400000000015 169
1717915097390 0.28417400000000015 170
1717915107463 0.293847999999997 171
1717915117485 0.294983000000002 172
1717915127552 0.2992530000000002 173
1717915137621 0.2992530000000002 174
1717915147679 0.29933900000000335 175
1717915157698 0.2995110000000025 176
1717915167761 0.2995110000000025 177
1717915177835 0.29959699999999856 178
1717915187927 0.3039789999999982 179
1717915197993 0.3041509999999974 180
1717915208010 0.3041509999999974 181
1717915218074 0.3041509999999974 182
1717915228146 0.3041509999999974 183
1717915238180 0.30423700000000053 184
1717915248206 0.33628699999999867 185
1717915258288 0.3460940000000008 186
1717915268310 0.3460940000000008 187
1717915278378 0.3460940000000008 188
1717915288397 0.3462420000000037 189
1717915298457 0.3462420000000037 190
1717915308524 0.3505000000000038 191
1717915318611 0.3505000000000038 192
1717915328672 0.35154399999999697 193
1717915338760 0.35154399999999697 194
1717915348836 0.35154399999999697 195
1717915358900 0.35154399999999697 196
1717915368918 0.35572799999999916 197
1717915378993 0.3558760000000021 198
1717915389076 0.3558760000000021 199
1717915399153 0.3558760000000021 200
1717915409184 0.36597900000000294 201
1717915419204 0.36694200000000166 202
1717915429272 0.3712859999999978 203
1717915439352 0.3713720000000009 204
1717915449374 0.37152000000000385 205
1717915459393 0.3716059999999999 206
1717915469482 0.371692000000003 207
1717915479570 0.371692000000003 208
1717915489657 0.3758759999999981 209
1717915499678 0.37610999999999706 210
1717915509758 0.37610999999999706 211
1717915519825 0.37610999999999706 212
1717915529893 0.37610999999999706 213
1717915539961 0.3761960000000002 214
1717915549980 0.3803800000000024 215
1717915560048 0.3804540000000003 216
1717915570070 0.3804540000000003 217
1717915580218 0.38054000000000343 218
1717915590242 0.3806020000000032 219
1717915600261 0.3806020000000032 220
1717915610280 0.3847859999999983 221
1717915620305 0.3847859999999983 222
1717915630323 0.38582999999999856 223
1717915640342 0.38582999999999856 224
1717915650362 0.38582999999999856 225
1717915660434 0.38582999999999856 226
1717915670507 0.3901000000000039 227
1717915680575 0.3902360000000016 228
1717915690639 0.3902360000000016 229
1717915700658 0.3902360000000016 230
1717915710677 0.4004929999999973 231
1717915720741 0.4011899999999997 232
1717915730826 0.4053740000000019 233
1717915740898 0.40545999999999793 234
1717915750927 0.4055460000000011 235
1717915760971 0.4056319999999971 236
1717915771071 0.40571800000000025 237
1717915781093 0.40571800000000025 238
1717915791172 0.40990200000000243 239
1717915801241 0.4101360000000014 240
1717915811311 0.4102099999999993 241
1717915821382 0.4102099999999993 242
1717915831402 0.4102099999999993 243
1717915841470 0.4103580000000022 244
1717915851549 0.4145419999999973 245
1717915861616 0.4348230000000015 246
1717915871652 0.4350810000000038 247
1717915881739 0.44874300000000034 248
1717915891813 0.4498129999999989 249
1717915901886 0.4498129999999989 250
1717915911964 0.45408299999999713 251
1717915921990 0.4551269999999974 252
1717915932033 0.4552010000000024 253
1717915942104 0.4552010000000024 254
1717915952169 0.4552010000000024 255
1717915962192 0.4553489999999982 256
1717915972255 0.4595330000000004 257
1717915982325 0.4595330000000004 258
1717915992393 0.4595330000000004 259
1717916002413 0.4607349999999997 260
1717916012483 0.47118400000000094 261
1717916022552 0.47118400000000094 262
1717916032635 0.4755099999999999 263
1717916042702 0.4755099999999999 264
1717916052726 0.475596000000003 265
1717916062798 0.4759600000000006 266
1717916072876 0.4759600000000006 267
1717916082913 0.4759600000000006 268
1717916092985 0.4802060000000026 269
1717916103005 0.48044000000000153 270
1717916113077 0.48044000000000153 271
1717916123153 0.48044000000000153 272
1717916133174 0.48044000000000153 273
1717916143205 0.491143000000001 274
1717916153230 0.4953270000000032 275
1717916163252 0.4953270000000032 276
1717916173273 0.4953270000000032 277
1717916183299 0.4954129999999992 278
1717916193321 0.4954869999999971 279
1717916203352 0.4954869999999971 280
1717916213436 0.4996709999999993 281
1717916223508 0.5005670000000038 282
1717916233581 0.5007149999999996 283
1717916243665 0.5007149999999996 284
1717916253688 0.5007149999999996 285
1717916263759 0.5007149999999996 286
1717916273831 0.5049849999999978 287
1717916283851 0.5050469999999976 288
1717916293887 0.5050469999999976 289
1717916303959 0.5050469999999976 290
1717916314034 0.5159289999999999 291
1717916324112 0.5160890000000009 292
1717916334161 0.5202730000000031 293
1717916344205 0.5203589999999991 294
1717916354286 0.5205309999999983 295
1717916364360 0.5205929999999981 296
1717916374430 0.5206790000000012 297
1717916384455 0.5206790000000012 298
1717916394527 0.5248630000000034 299
1717916404599 0.5250350000000026 300
1717916414628 0.5250350000000026 301
1717916424711 0.5250350000000026 302
1717916434778 0.5250350000000026 303
1717916444856 0.5252570000000034 304
1717916454930 0.5294409999999985 305
1717916464971 0.5294409999999985 306
1717916474996 0.5294409999999985 307
1717916485084 0.5295270000000016 308
1717916495111 0.5295270000000016 309
1717916505153 0.5315829999999977 310
1717916515233 0.5337110000000038 311
1717916525295 0.5346070000000012 312
1717916535383 0.534754999999997 313
1717916545405 0.534754999999997 314
1717916555434 0.534754999999997 315
1717916565506 0.5390129999999971 316
1717916575576 0.5390990000000002 317
1717916585606 0.539161 318
1717916595629 0.539161 319
1717916605658 0.5438529999999986 320
1717916615726 0.5517329999999987 321
1717916625804 0.5560029999999969 322
1717916635835 0.556089 323
1717916645868 0.556089 324
1717916655945 0.5563470000000024 325
1717916666032 0.5564329999999984 326
1717916677249 0.5564949999999982 327
1717916687277 0.5607529999999983 328
1717916697300 0.5608390000000014 329
1717916707319 0.5610110000000006 330
1717916717339 0.5610110000000006 331
1717916727361 0.5610110000000006 332
1717916737384 0.5610970000000037 333
1717916747408 0.5653429999999986 334
1717916757487 0.5653429999999986 335
1717916767558 0.5653429999999986 336
1717916777642 0.5653429999999986 337
1717916787717 0.5654290000000017 338
1717916797756 0.5654290000000017 339
1717916807824 0.5696130000000039 340
1717916817916 0.5696870000000018 341
1717916827986 0.5707310000000021 342
1717916838008 0.5707310000000021 343
1717916848036 0.5707310000000021 344
1717916858115 0.5707310000000021 345
1717916868208 0.5749149999999972 346
1717916878255 0.5750010000000003 347
1717916888281 0.5750010000000003 348
1717916898312 0.5750010000000003 349
1717916908397 0.5847470000000001 350
1717916918480 0.585881999999998 351
1717916928523 0.5901520000000033 352
1717916938551 0.5902379999999994 353
1717916948575 0.5903119999999973 354
1717916958644 0.5904840000000036 355
1717916968671 0.5905699999999996 356
1717916978744 0.5906319999999994 357
1717916988821 0.5948160000000016 358
1717916998894 0.5949639999999974 359
1717917008977 0.5950500000000005 360
1717917019022 0.5950500000000005 361
1717917029095 0.5950500000000005 362
1717917039195 0.6057610000000011 363
1717917049243 0.6312449999999998 364
1717917059296 0.637945000000002 365
1717917069333 0.637945000000002 366
1717917079415 0.6380189999999999 367
1717917089484 0.6381670000000028 368
1717917099510 0.6381670000000028 369
1717917109588 0.6424329999999969 370
1717917119670 0.6424329999999969 371
1717917129766 0.6434769999999972 372
1717917139854 0.6434769999999972 373
1717917149882 0.6434769999999972 374
1717917159964 0.6434769999999972 375
1717917170032 0.6476609999999994 376
1717917180059 0.6478090000000023 377
1717917190123 0.6478090000000023 378
1717917200193 0.6478830000000002 379
1717917210272 0.6576420000000027 380
1717917220353 0.6587889999999987 381
1717917230392 0.663058999999997 382
1717917240419 0.6631450000000001 383
1717917250444 0.6631450000000001 384
1717917260469 0.663378999999999 385
1717917270495 0.6634650000000022 386
1717917280531 0.6634650000000022 387
1717917290597 0.6676489999999973 388
1717917300682 0.6678210000000036 389
1717917310730 0.6678830000000033 390
1717917320784 0.6678830000000033 391
1717917330862 0.6679570000000012 392
1717917340929 0.6680429999999973 393
1717917350960 0.6722889999999992 394
1717917361044 0.6886470000000031 395
1717917371134 0.6923790000000025 396
1717917381162 0.7060770000000005 397
1717917391235 0.7069749999999999 398
1717917401328 0.707061000000003 399
1717917411405 0.711393000000001 400
1717917421483 0.7125959999999978 401
1717917431516 0.7125959999999978 402
1717917441603 0.7126820000000009 403
1717917451701 0.7128179999999986 404
1717917461779 0.7129040000000018 405
1717917471860 0.7170880000000039 406
1717917481887 0.7170880000000039 407
1717917491964 0.7170880000000039 408
1717917502056 0.7182040000000001 409
1717917512096 0.7304129999999986 410
1717917522173 0.7304129999999986 411
1717917532249 0.7347389999999976 412
1717917542326 0.7347389999999976 413
1717917552402 0.7349669999999975 414
1717917562437 0.7352010000000035 415
1717917572510 0.7352750000000015 416
1717917582545 0.7352750000000015 417
1717917592628 0.7394590000000036 418
1717917602660 0.7397789999999986 419
1717917612735 0.7397789999999986 420
1717917622825 0.7397789999999986 421
1717917632907 0.7397789999999986 422
1717917642937 0.7399270000000016 423
1717917652964 0.7441110000000037 424
1717917663039 0.7441110000000037 425
1717917673105 0.7441110000000037 426
1717917683135 0.7441969999999998 427
1717917693159 0.7445510000000013 428
1717917703235 0.7446249999999992 429
1717917713325 0.7488090000000014 430
1717917723405 0.7497049999999987 431
1717917733443 0.7498530000000017 432
1717917743532 0.7498530000000017 433
1717917753605 0.7498530000000017 434
1717917763677 0.7498530000000017 435
1717917774168 0.7541229999999999 436
1717917784196 0.7541849999999997 437
1717917794228 0.7541849999999997 438
1717917804267 0.7541849999999997 439
1717917814294 0.7650810000000021 440
1717917824320 0.7652410000000032 441
1717917834372 0.7694249999999982 442
1717917844397 0.7695730000000012 443
1717917854475 0.7696589999999972 444
1717917864524 0.7697450000000003 445
1717917874614 0.7698310000000035 446
1717917884715 0.7698930000000033 447
1717917894744 0.7740769999999983 448
1717917904780 0.7743109999999973 449
1717917914856 0.7743109999999973 450
1717917924883 0.7743109999999973 451
1717917934912 0.7743109999999973 452
1717917944944 0.7850150000000014 453
1717917955009 0.7892730000000014 454
1717917965092 0.7935769999999991 455
1717917975127 0.7937489999999983 456
1717917985203 0.7937489999999983 457
1717917995284 0.7938350000000014 458
1717918005365 0.7939209999999974 459
1717918015446 0.7981669999999994 460
1717918025482 0.7991489999999999 461
1717918035556 0.7991489999999999 462
1717918045660 0.7991489999999999 463
1717918055741 0.7992970000000028 464
1717918065777 0.7992970000000028 465
1717918075816 0.8035550000000029 466
1717918085901 0.8035550000000029 467
1717918095949 0.8036409999999989 468
1717918106032 0.8037029999999987 469
1717918116078 0.8139010000000013 470
1717918126157 0.8139010000000013 471
1717918136264 0.8180850000000035 472
1717918146299 0.8184669999999983 473
1717918156329 0.8186389999999975 474
1717918166398 0.8187009999999972 475
1717918176491 0.8187009999999972 476
1717918186580 0.8207570000000004 477
1717918196640 0.8228849999999994 478
1717918206680 0.8231930000000034 479
1717918216757 0.8231930000000034 480
1717918226836 0.8231930000000034 481
1717918236908 0.8231930000000034 482
1717918246939 0.8275250000000014 483
1717918257026 0.8275250000000014 484
1717918267102 0.8275250000000014 485
1717918277172 0.8280510000000021 486
1717918287247 0.8281989999999979 487
1717918297332 0.8282609999999977 488
1717918307417 0.8324449999999999 489
1717918317502 0.8324449999999999 490
1717918327587 0.833477000000002 491
1717918337615 0.833562999999998 492
1717918347638 0.833562999999998 493
1717918357661 0.833562999999998 494
1717918367695 0.8377470000000002 495
1717918377724 0.8378330000000034 496
1717918387748 0.8378950000000032 497
1717918397781 0.8378950000000032 498
1717918407810 0.8425009999999986 499
1717918417836 0.8486169999999973 500
1717918427907 0.8528870000000026 501
1717918437973 0.8528870000000026 502
1717918448061 0.8529729999999986 503
1717918458143 0.8532190000000028 504
1717918468222 0.8532810000000026 505
1717918478299 0.8533669999999987 506
1717918488372 0.8575510000000008 507
1717918498405 0.8576369999999969 508
1717918508430 0.8577849999999998 509
1717918518504 0.8577849999999998 510
1717918528538 0.8577849999999998 511
1717918538573 0.8578710000000029 512
1717918548663 0.862054999999998 513
1717918558751 0.862054999999998 514
1717918568837 0.862054999999998 515
1717918578867 0.862054999999998 516
1717918588952 0.8622769999999988 517
