1717913391962 0.0 0
1717913401981 0.0001320000001214794 1
1717913411992 0.000232000000323751 2
1717913422004 0.000232000000323751 3
1717913432015 0.000232000000323751 4
1717913442027 0.040759999999863794 5
1717913452038 0.08995899999990797 6
1717913462050 0.09007500000006985 7
1717913472062 0.09007500000006985 8
1717913482075 0.09007500000006985 9
1717913492086 0.09013500000037311 10
1717913502098 0.09013500000037311 11
1717913512110 0.09431899999981397 12
1717913522131 0.09534700000040175 13
1717913532155 0.09540699999979552 14
1717913542178 0.09550699999999779 15
1717913552190 0.09550699999999779 16
1717913562204 0.09550699999999779 17
1717913572216 0.09969100000034814 18
1717913582239 0.09975099999974191 19
1717913592252 0.09975099999974191 20
1717913602278 0.10954899999978807 21
1717913612293 0.12017899999955262 22
1717913622310 0.12017899999955262 23
1717913632323 0.12436299999990297 24
1717913642337 0.12436299999990297 25
1717913652349 0.12449500000002445 26
1717913662360 0.12459500000022672 27
1717913672372 0.12465499999962049 28
1717913682385 0.12465499999962049 29
1717913692400 0.12890499999957683 30
1717913702424 0.12897100000009232 31
1717913712450 0.12897100000009232 32
1717913722471 0.12897100000009232 33
1717913732484 0.12909700000000157 34
1717913742502 0.12915700000030483 35
1717913752516 0.1333409999997457 36
1717913762528 0.1333409999997457 37
1717913772547 0.1333409999997457 38
1717913782559 0.1333409999997457 39
1717913792571 0.13344099999994796 40
1717913802583 0.13344099999994796 41
1717913812595 0.13762500000029831 42
1717913822622 0.13872600000013335 43
1717913832637 0.13878600000043662 44
1717913842651 0.13878600000043662 45
1717913852666 0.13878600000043662 46
1717913862678 0.13878600000043662 47
1717913872691 0.14296999999987747 48
1717913882703 0.14296999999987747 49
1717913892715 0.14296999999987747 50
1717913902727 0.15219799999977113 51
1717913912740 0.1625739999999496 52
1717913922752 0.16267400000015186 53
1717913933298 0.16685799999959272 54
1717913943313 0.16685799999959272 55
1717913953356 0.16705000000001746 56
1717913963375 0.16705000000001746 57
1717913973390 0.16705000000001746 58
1717913983405 0.17123400000036781 59
1717913993417 0.1712999999999738 60
1717914003430 0.17142599999988306 61
1717914013504 0.17142599999988306 62
1717914023546 0.17142599999988306 63
1717914033559 0.17155199999979232 64
1717914043574 0.1758959999997387 65
1717914053587 0.1758959999997387 66
1717914063610 0.1758959999997387 67
1717914073631 0.1758959999997387 68
1717914083656 0.1758959999997387 69
1717914093692 0.17602400000032503 70
1717914103720 0.1802079999997659 71
1717914113735 0.1802079999997659 72
1717914123765 0.18123600000035367 73
1717914133785 0.18129599999974744 74
1717914143804 0.18129599999974744 75
1717914153822 0.18129599999974744 76
1717914163847 0.1854800000000978 77
1717914173871 0.18563999999969383 78
1717914183887 0.18563999999969383 79
1717914193906 0.18563999999969383 80
1717914203925 0.19573700000000827 81
1717914213947 0.2053219999997964 82
1717914223967 0.20950600000014674 83
1717914233986 0.20950600000014674 84
1717914244009 0.20950600000014674 85
1717914254036 0.20963800000026822 86
1717914264056 0.20963800000026822 87
1717914274093 0.2102020000002085 88
1717914284131 0.21468600000025617 89
1717914294163 0.21485200000006444 90
1717914304179 0.21491799999967043 91
1717914314226 0.21491799999967043 92
1717914324275 0.21491799999967043 93
1717914334305 0.21504399999957968 94
1717914344336 0.24053300000014133 95
1717914354371 0.24053300000014133 96
1717914364404 0.295086000000083 97
1717914374441 0.30743400000028487 98
1717914384479 0.30743400000028487 99
1717914394516 0.3080760000002556 100
1717914404572 0.31232600000021193 101
1717914414590 0.3124580000003334 102
1717914424606 0.31358600000021397 103
1717914434622 0.31358600000021397 104
1717914444642 0.31358600000021397 105
1717914454669 0.3138440000002447 106
1717914464690 0.31802799999968556 107
1717914474707 0.31802799999968556 108
1717914484724 0.31802799999968556 109
1717914494740 0.31859499999973195 110
1717914504757 0.33686000000034255 111
1717914514803 0.33825400000023365 112
1717914524829 0.3424379999996745 113
1717914534845 0.3424379999996745 114
1717914544866 0.3429489999998623 115
1717914554889 0.343141000000287 116
1717914564954 0.343141000000287 117
1717914575040 0.343141000000287 118
1717914585120 0.3473249999997279 119
1717914595139 0.34739100000024337 120
1717914605176 0.3475170000001526 121
1717914615239 0.3475170000001526 122
1717914625256 0.3475170000001526 123
1717914635318 0.3476430000000619 124
1717914645383 0.351886999999806 125
1717914655409 0.351886999999806 126
1717914665429 0.351886999999806 127
1717914675489 0.35198700000000827 128
1717914685558 0.35249300000032235 129
1717914695614 0.35249300000032235 130
1717914705682 0.3566769999997632 131
1717914715760 0.3566769999997632 132
1717914725828 0.357705000000351 133
1717914735847 0.35776499999974476 134
1717914745912 0.35776499999974476 135
1717914755983 0.35776499999974476 136
1717914766057 0.3619490000000951 137
1717914776124 0.3620090000003984 138
1717914786142 0.3620090000003984 139
1717914796161 0.3621689999999944 140
1717914806223 0.3881250000004002 141
1717914816288 0.3891059999996287 142
1717914826310 0.39328999999997905 143
1717914836329 0.39328999999997905 144
1717914846347 0.39328999999997905 145
1717914856365 0.3934879999997065 146
1717914866383 0.3934879999997065 147
1717914876402 0.3935480000000098 148
1717914886464 0.39773200000036013 149
1717914896528 0.3977979999999661 150
1717914906547 0.3979300000000876 151
1717914916566 0.3979300000000876 152
1717914926636 0.3980300000002899 153
1717914936696 0.3982159999995929 154
1717914946763 0.4024600000002465 155
1717914956782 0.4029639999998835 156
1717914966845 0.4029639999998835 157
1717914976863 0.4029639999998835 158
1717914986943 0.4029639999998835 159
1717914997023 0.4029639999998835 160
1717915007042 0.4072379999997793 161
1717915017109 0.40729800000008254 162
1717915027181 0.4083259999997608 163
1717915037252 0.4083259999997608 164
1717915047274 0.4083259999997608 165
1717915057292 0.4084259999999631 166
1717915067317 0.41261000000031345 167
1717915077336 0.4126699999997072 168
1717915087354 0.4126699999997072 169
1717915097390 0.4126699999997072 170
1717915107463 0.4313659999997981 171
1717915117485 0.4323469999999361 172
1717915127552 0.43653100000028644 173
1717915137621 0.43653100000028644 174
1717915147679 0.43653100000028644 175
1717915157698 0.4366630000004079 176
1717915167761 0.4366630000004079 177
1717915177835 0.43677300000035757 178
1717915187927 0.44137700000010227 179
1717915197993 0.44150900000022375 180
1717915208010 0.44150900000022375 181
1717915218074 0.44150900000022375 182
1717915228146 0.44150900000022375 183
1717915238180 0.441635000000133 184
1717915248206 0.5045339999996941 185
1717915258288 0.5232059999998455 186
1717915268310 0.5232059999998455 187
1717915278378 0.5232059999998455 188
1717915288397 0.5232660000001488 189
1717915298457 0.5232660000001488 190
1717915308524 0.5275499999997919 191
1717915318611 0.5275499999997919 192
1717915328672 0.5286379999997735 193
1717915338760 0.5286379999997735 194
1717915348836 0.5286379999997735 195
1717915358900 0.5286379999997735 196
1717915368918 0.5328220000001238 197
1717915378993 0.5328820000004271 198
1717915389076 0.5328820000004271 199
1717915399153 0.5328820000004271 200
1717915409184 0.5530740000003789 201
1717915419204 0.5540549999996074 202
1717915429272 0.55833900000016 203
1717915439352 0.55833900000016 204
1717915449374 0.5584650000000693 205
1717915459393 0.5585309999996753 206
1717915469482 0.5585309999996753 207
1717915479570 0.5585309999996753 208
1717915489657 0.5627150000000256 209
1717915499678 0.5629070000004504 210
1717915509758 0.5629070000004504 211
1717915519825 0.5629070000004504 212
1717915529893 0.5629070000004504 213
1717915539961 0.5630330000003596 214
1717915549980 0.5672169999998005 215
1717915560048 0.5673170000000027 216
1717915570070 0.5673170000000027 217
1717915580218 0.5673170000000027 218
1717915590242 0.567377000000306 219
1717915600261 0.567377000000306 220
1717915610280 0.5715609999997469 221
1717915620305 0.5715609999997469 222
1717915630323 0.5731530000002749 223
1717915640342 0.5731530000002749 224
1717915650362 0.5731530000002749 225
1717915660434 0.5731530000002749 226
1717915670507 0.5773369999997158 227
1717915680575 0.5774970000002213 228
1717915690639 0.5774970000002213 229
1717915700658 0.5774970000002213 230
1717915710677 0.5964579999999842 231
1717915720741 0.5972069999997984 232
1717915730826 0.6013910000001488 233
1717915740898 0.6013910000001488 234
1717915750927 0.6014569999997548 235
1717915760971 0.6015230000002703 236
1717915771071 0.6015230000002703 237
1717915781093 0.6015230000002703 238
1717915791172 0.6057069999997111 239
1717915801241 0.6058990000001359 240
1717915811311 0.6059990000003381 241
1717915821382 0.6059990000003381 242
1717915831402 0.6060589999997319 243
1717915841470 0.6061849999996411 244
1717915851549 0.6103689999999915 245
1717915861616 0.6404409999995551 246
1717915871652 0.6407879999997022 247
1717915881739 0.6529170000003433 248
1717915891813 0.65362499999992 249
1717915901886 0.65362499999992 250
1717915911964 0.6578749999998763 251
1717915921990 0.6589629999998579 252
1717915932033 0.6590630000000601 253
1717915942104 0.6590630000000601 254
1717915952169 0.6590630000000601 255
1717915962192 0.6591889999999694 256
1717915972255 0.6633730000003197 257
1717915982325 0.6633730000003197 258
1717915992393 0.6634329999997135 259
1717916002413 0.6638139999995474 260
1717916012483 0.6833159999996496 261
1717916022552 0.6833159999996496 262
1717916032635 0.6875 263
1717916042702 0.6875 264
1717916052726 0.687565999999606 265
1717916062798 0.6877919999997175 266
1717916072876 0.6877919999997175 267
1717916082913 0.6877919999997175 268
1717916092985 0.6922759999997652 269
1717916103005 0.6924680000001899 270
1717916113077 0.6924680000001899 271
1717916123153 0.6924680000001899 272
1717916133174 0.6925279999995837 273
1717916143205 0.7134150000001682 274
1717916153230 0.717862999999852 275
1717916163252 0.717862999999852 276
1717916173273 0.717862999999852 277
1717916183299 0.7179630000000543 278
1717916193321 0.7179630000000543 279
1717916203352 0.7179630000000543 280
1717916213436 0.7221470000004047 281
1717916223508 0.723175000000083 282
1717916233581 0.7232350000003862 283
1717916243665 0.7232350000003862 284
1717916253688 0.7232350000003862 285
1717916263759 0.7232350000003862 286
1717916273831 0.7274189999998271 287
1717916283851 0.7274790000001303 288
1717916293887 0.7274790000001303 289
1717916303959 0.7274790000001303 290
1717916314034 0.7477460000000065 291
1717916324112 0.7477460000000065 292
1717916334161 0.7519300000003568 293
1717916344205 0.7519300000003568 294
1717916354286 0.7520619999995688 295
1717916364360 0.7521219999998721 296
1717916374430 0.7521219999998721 297
1717916384455 0.7521219999998721 298
1717916394527 0.7563060000002224 299
1717916404599 0.7564380000003439 300
1717916414628 0.7564380000003439 301
1717916424711 0.7564380000003439 302
1717916434778 0.7565979999999399 303
1717916444856 0.7567239999998492 304
1717916454930 0.7609080000001995 305
1717916464971 0.7609080000001995 306
1717916474996 0.7609080000001995 307
1717916485084 0.7609080000001995 308
1717916495111 0.7609080000001995 309
1717916505153 0.7629639999995561 310
1717916515233 0.7650919999996404 311
1717916525295 0.7661200000002282 312
1717916535383 0.7661799999996219 313
1717916545405 0.7661799999996219 314
1717916555434 0.7661799999996219 315
1717916565506 0.7704640000001746 316
1717916575576 0.7704640000001746 317
1717916585606 0.7705239999995683 318
1717916595629 0.7705239999995683 319
1717916605658 0.7797520000003715 320
1717916615726 0.7973080000001573 321
1717916625804 0.8014919999995982 322
1717916635835 0.8014919999995982 323
1717916645868 0.8014919999995982 324
1717916655945 0.8016900000002352 325
1717916666032 0.8016900000002352 326
1717916677249 0.8017499999996289 327
1717916687277 0.8060340000001815 328
1717916697300 0.8060999999997875 329
1717916707319 0.806231999999909 330
1717916717339 0.806231999999909 331
1717916727361 0.806231999999909 332
1717916737384 0.8064180000001215 333
1717916747408 0.8106619999998657 334
1717916757487 0.8106619999998657 335
1717916767558 0.8106619999998657 336
1717916777642 0.8106619999998657 337
1717916787717 0.8106619999998657 338
1717916797756 0.8106619999998657 339
1717916807824 0.814846000000216 340
1717916817916 0.8149460000004183 341
1717916827986 0.8160340000003998 342
1717916838008 0.8160340000003998 343
1717916848036 0.8160340000003998 344
1717916858115 0.8160340000003998 345
1717916868208 0.8202179999998407 346
1717916878255 0.8202179999998407 347
1717916888281 0.8202179999998407 348
1717916898312 0.8202179999998407 349
1717916908397 0.8388260000001537 350
1717916918480 0.8398070000002917 351
1717916928523 0.8439909999997326 352
1717916938551 0.8440909999999349 353
1717916948575 0.8440909999999349 354
1717916958644 0.8442230000000563 355
1717916968671 0.8442230000000563 356
1717916978744 0.8442830000003596 357
1717916988821 0.848971000000347 358
1717916998894 0.8493369999996503 359
1717917008977 0.8494030000001658 360
1717917019022 0.8494030000001658 361
1717917029095 0.8494030000001658 362
1717917039195 0.8761569999996937 363
1717917049243 0.9277069999998275 364
1717917059296 0.9392399999996996 365
1717917069333 0.9393399999999019 366
1717917079415 0.9393399999999019 367
1717917089484 0.9394000000002052 368
1717917099510 0.9394000000002052 369
1717917109588 0.943583999999646 370
1717917119670 0.943583999999646 371
1717917129766 0.9446719999996276 372
1717917139854 0.9446719999996276 373
1717917149882 0.9446719999996276 374
1717917159964 0.9446719999996276 375
1717917170032 0.9488559999999779 376
1717917180059 0.9489160000002812 377
1717917190123 0.9489160000002812 378
1717917200193 0.949015999999574 379
1717917210272 0.9677750000000742 380
1717917220353 0.9688219999998182 381
1717917230392 0.9730060000001686 382
1717917240419 0.9730060000001686 383
1717917250444 0.9730060000001686 384
1717917260469 0.9731979999996838 385
1717917270495 0.9731979999996838 386
1717917280531 0.9731979999996838 387
1717917290597 0.9773820000000342 388
1717917300682 0.9775140000001556 389
1717917310730 0.9775739999995494 390
1717917320784 0.9776739999997517 391
1717917330862 0.9776739999997517 392
1717917340929 0.9777999999996609 393
1717917350960 0.9820440000003146 394
1717917361044 1.0060919999996258 395
1717917371134 1.0120900000001711 396
1717917381162 1.024094999999761 397
1717917391235 1.0248030000002473 398
1717917401328 1.0248030000002473 399
1717917411405 1.0291129999995974 400
1717917421483 1.030214000000342 401
1717917431516 1.030214000000342 402
1717917441603 1.030214000000342 403
1717917451701 1.030373999999938 404
1717917461779 1.0304400000004534 405
1717917471860 1.0346239999998943 406
1717917481887 1.0346239999998943 407
1717917491964 1.0346840000001976 408
1717917502056 1.0350650000000314 409
1717917512096 1.0618590000003678 410
1717917522173 1.0618590000003678 411
1717917532249 1.0660429999998087 412
1717917542326 1.0660429999998087 413
1717917552402 1.0661090000003242 414
1717917562437 1.0663009999998394 415
1717917572510 1.0664010000000417 416
1717917582545 1.0664010000000417 417
1717917592628 1.070585000000392 418
1717917602660 1.0708430000004228 419
1717917612735 1.0708430000004228 420
1717917622825 1.0708430000004228 421
1717917632907 1.0709029999998165 422
1717917642937 1.071089000000029 423
1717917652964 1.0752730000003794 424
1717917663039 1.0752730000003794 425
1717917673105 1.0757770000000164 426
1717917683135 1.0757770000000164 427
1717917693159 1.0759049999996932 428
1717917703235 1.0760049999998955 429
1717917713325 1.0801890000002459 430
1717917723405 1.0812169999999242 431
1717917733443 1.0812770000002274 432
1717917743532 1.0812770000002274 433
1717917753605 1.0812770000002274 434
1717917763677 1.0812770000002274 435
1717917774168 1.0854609999996683 436
1717917784196 1.0855209999999715 437
1717917794228 1.0855209999999715 438
1717917804267 1.0855209999999715 439
1717917814294 1.1052010000003065 440
1717917824320 1.1053009999995993 441
1717917834372 1.1094849999999497 442
1717917844397 1.109545000000253 443
1717917854475 1.109610999999859 444
1717917864524 1.1096770000003744 445
1717917874614 1.1096770000003744 446
1717917884715 1.1097369999997682 447
1717917894744 1.1139210000001185 448
1717917904780 1.1144130000002406 449
1717917914856 1.1144130000002406 450
1717917924883 1.1144130000002406 451
1717917934912 1.1144130000002406 452
1717917944944 1.1356239999995523 453
1717917955009 1.139908000000105 454
1717917965092 1.1493630000004487 455
1717917975127 1.1493630000004487 456
1717917985203 1.1493630000004487 457
1717917995284 1.1493630000004487 458
1717918005365 1.1494290000000547 459
1717918015446 1.1536729999997988 460
1717918025482 1.1547010000003866 461
1717918035556 1.1547010000003866 462
1717918045660 1.1547010000003866 463
1717918055741 1.1548270000002958 464
1717918065777 1.1548270000002958 465
1717918075816 1.159110999999939 466
1717918085901 1.159110999999939 467
1717918095949 1.1591770000004544 468
1717918106032 1.1592369999998482 469
1717918116078 1.1787670000003345 470
1717918126157 1.1787670000003345 471
1717918136264 1.1829509999997754 472
1717918146299 1.1833619999997609 473
1717918156329 1.1834939999998824 474
1717918166398 1.1835540000001856 475
1717918176491 1.1835540000001856 476
1717918186580 1.1856100000004517 477
1717918196640 1.1877379999996265 478
1717918206680 1.1880300000002535 479
1717918216757 1.1880300000002535 480
1717918226836 1.1880300000002535 481
1717918236908 1.1880300000002535 482
1717918246939 1.1923999999999069 483
1717918257026 1.1923999999999069 484
1717918267102 1.1923999999999069 485
1717918277172 1.1925460000002204 486
1717918287247 1.1928459999999177 487
1717918297332 1.192906000000221 488
1717918307417 1.1970899999996618 489
1717918317502 1.1970899999996618 490
1717918327587 1.1982779999998456 491
1717918337615 1.1982779999998456 492
1717918347638 1.1987820000003921 493
1717918357661 1.1987820000003921 494
1717918367695 1.202965999999833 495
1717918377724 1.202965999999833 496
1717918387748 1.2030260000001363 497
1717918397781 1.2030260000001363 498
1717918407810 1.212319999999636 499
1717918417836 1.222700999999688 500
1717918427907 1.2268850000000384 501
1717918437973 1.2268850000000384 502
1717918448061 1.2268850000000384 503
1717918458143 1.2271170000003622 504
1717918468222 1.227176999999756 505
1717918478299 1.227176999999756 506
1717918488372 1.2313610000001063 507
1717918498405 1.2314269999997123 508
1717918508430 1.2315529999996215 509
1717918518504 1.2315529999996215 510
1717918528538 1.2315529999996215 511
1717918538573 1.2316790000004403 512
1717918548663 1.2358629999998811 513
1717918558751 1.2358629999998811 514
1717918568837 1.2358629999998811 515
1717918578867 1.2359630000000834 516
1717918588952 1.2360230000003867 517
