1717913391962 2563.1 0
1717913401981 2753.4 1
1717913411992 2742.4 2
1717913422004 2749.1 3
1717913432015 2753.6 4
1717913442027 2755.2 5
1717913452038 2762.9 6
1717913462050 2754.4 7
1717913472062 2758.8 8
1717913482075 2768.0 9
1717913492086 2758.2 10
1717913502098 2758.8 11
1717913512110 2757.4 12
1717913522131 2762.8 13
1717913532155 2760.4 14
1717913542178 2760.0 15
1717913552190 2758.6 16
1717913562204 2754.8 17
1717913572216 2767.6 18
1717913582239 2768.0 19
1717913592252 2761.2 20
1717913602278 2779.2 21
1717913612293 2767.7 22
1717913622310 2762.1 23
1717913632323 2758.6 24
1717913642337 2771.4 25
1717913652349 2768.4 26
1717913662360 2762.3 27
1717913672372 2759.4 28
1717913682385 2764.3 29
1717913692400 2765.9 30
1717913702424 2769.8 31
1717913712450 2764.1 32
1717913722471 2765.1 33
1717913732484 2766.8 34
1717913742502 2763.0 35
1717913752516 2773.3 36
1717913762528 2770.0 37
1717913772547 2777.9 38
1717913782559 2780.3 39
1717913792571 2771.1 40
1717913802583 2775.4 41
1717913812595 2778.9 42
1717913822622 2773.5 43
1717913832637 2781.8 44
1717913842651 2773.0 45
1717913852666 2769.9 46
1717913862678 2778.9 47
1717913872691 2779.0 48
1717913882703 2773.6 49
1717913892715 2771.7 50
1717913902727 2790.4 51
1717913912740 2770.1 52
1717913922752 2770.4 53
1717913933298 2770.3 54
1717913943313 2777.3 55
1717913953356 2787.5 56
1717913963375 2786.5 57
1717913973390 2797.1 58
1717913983405 2807.1 59
1717913993417 2806.1 60
1717914003430 2804.6 61
1717914013504 2800.6 62
1717914023546 2791.9 63
1717914033559 2797.7 64
1717914043574 2793.3 65
1717914053587 2772.7 66
1717914063610 2770.9 67
1717914073631 2763.0 68
1717914083656 2769.1 69
1717914093692 2751.3 70
1717914103720 2773.3 71
1717914113735 2762.6 72
1717914123765 2764.6 73
1717914133785 2772.7 74
1717914143804 2760.4 75
1717914153822 2767.9 76
1717914163847 2778.3 77
1717914173871 2757.8 78
1717914183887 2764.4 79
1717914193906 2763.6 80
1717914203925 2790.1 81
1717914213947 2770.3 82
1717914223967 2774.1 83
1717914233986 2776.7 84
1717914244009 2762.8 85
1717914254036 2771.2 86
1717914264056 2774.4 87
1717914274093 2761.1 88
1717914284131 2771.7 89
1717914294163 2762.5 90
1717914304179 2767.2 91
1717914314226 2769.4 92
1717914324275 2766.1 93
1717914334305 2773.1 94
1717914344336 2774.0 95
1717914354371 2773.9 96
1717914364404 2773.4 97
1717914374441 2779.5 98
1717914384479 2778.6 99
1717914394516 2767.1 100
1717914404572 2769.1 101
1717914414590 2776.1 102
1717914424606 2775.4 103
1717914434622 2791.1 104
1717914444642 2799.1 105
1717914454669 2795.9 106
1717914464690 2796.4 107
1717914474707 2781.4 108
1717914484724 2791.0 109
1717914494740 2817.4 110
1717914504757 2828.0 111
1717914514803 2807.3 112
1717914524829 2821.0 113
1717914534845 2825.4 114
1717914544866 2816.8 115
1717914554889 2823.6 116
1717914564954 2822.3 117
1717914575040 2819.4 118
1717914585120 2819.4 119
1717914595139 2828.4 120
1717914605176 2795.3 121
1717914615239 2791.1 122
1717914625256 2785.3 123
1717914635318 2793.7 124
1717914645383 2795.8 125
1717914655409 2798.1 126
1717914665429 2824.6 127
1717914675489 2804.7 128
1717914685558 2804.0 129
1717914695614 2797.2 130
1717914705682 2804.4 131
1717914715760 2798.2 132
1717914725828 2791.2 133
1717914735847 2793.9 134
1717914745912 2790.5 135
1717914755983 2793.0 136
1717914766057 2797.9 137
1717914776124 2780.7 138
1717914786142 2788.4 139
1717914796161 2788.4 140
1717914806223 2817.5 141
1717914816288 2804.8 142
1717914826310 2799.9 143
1717914836329 2795.8 144
1717914846347 2801.7 145
1717914856365 2795.8 146
1717914866383 2796.5 147
1717914876402 2800.4 148
1717914886464 2801.2 149
1717914896528 2804.9 150
1717914906547 2804.8 151
1717914916566 2802.9 152
1717914926636 2803.8 153
1717914936696 2785.3 154
1717914946763 2793.5 155
1717914956782 2801.6 156
1717914966845 2809.6 157
1717914976863 2794.4 158
1717914986943 2788.0 159
1717914997023 2796.7 160
1717915007042 2792.0 161
1717915017109 2796.5 162
1717915027181 2784.4 163
1717915037252 2796.0 164
1717915047274 2797.9 165
1717915057292 2808.3 166
1717915067317 2815.3 167
1717915077336 2811.3 168
1717915087354 2815.2 169
1717915097390 2827.5 170
1717915107463 2826.0 171
1717915117485 2815.7 172
1717915127552 2812.2 173
1717915137621 2812.9 174
1717915147679 2782.8 175
1717915157698 2772.5 176
1717915167761 2776.1 177
1717915177835 2789.3 178
1717915187927 2779.9 179
1717915197993 2784.1 180
1717915208010 2777.5 181
1717915218074 2777.0 182
1717915228146 2794.1 183
1717915238180 2785.4 184
1717915248206 2791.2 185
1717915258288 2815.3 186
1717915268310 2791.6 187
1717915278378 2792.8 188
1717915288397 2781.7 189
1717915298457 2784.5 190
1717915308524 2800.0 191
1717915318611 2785.8 192
1717915328672 2788.2 193
1717915338760 2790.1 194
1717915348836 2792.6 195
1717915358900 2788.1 196
1717915368918 2786.6 197
1717915378993 2789.8 198
1717915389076 2780.4 199
1717915399153 2788.6 200
1717915409184 2795.5 201
1717915419204 2794.3 202
1717915429272 2801.4 203
1717915439352 2795.2 204
1717915449374 2806.1 205
1717915459393 2794.4 206
1717915469482 2797.4 207
1717915479570 2794.8 208
1717915489657 2783.5 209
1717915499678 2791.7 210
1717915509758 2788.3 211
1717915519825 2790.9 212
1717915529893 2791.6 213
1717915539961 2784.0 214
1717915549980 2792.3 215
1717915560048 2810.1 216
1717915570070 2793.6 217
1717915580218 2808.0 218
1717915590242 2797.9 219
1717915600261 2813.3 220
1717915610280 2818.6 221
1717915620305 2814.9 222
1717915630323 2821.5 223
1717915640342 2827.5 224
1717915650362 2824.4 225
1717915660434 2823.3 226
1717915670507 2817.5 227
1717915680575 2826.3 228
1717915690639 2830.9 229
1717915700658 2806.7 230
1717915710677 2806.6 231
1717915720741 2805.1 232
1717915730826 2800.5 233
1717915740898 2796.9 234
1717915750927 2799.6 235
1717915760971 2810.5 236
1717915771071 2789.5 237
1717915781093 2794.5 238
1717915791172 2806.9 239
1717915801241 2804.7 240
1717915811311 2803.5 241
1717915821382 2803.2 242
1717915831402 2806.4 243
1717915841470 2801.5 244
1717915851549 2804.3 245
1717915861616 2808.8 246
1717915871652 2801.6 247
1717915881739 2793.0 248
1717915891813 2802.2 249
1717915901886 2799.8 250
1717915911964 2791.8 251
1717915921990 2790.9 252
1717915932033 2793.4 253
1717915942104 2789.8 254
1717915952169 2801.7 255
1717915962192 2802.6 256
1717915972255 2805.1 257
1717915982325 2810.4 258
1717915992393 2806.4 259
1717916002413 2804.2 260
1717916012483 2802.7 261
1717916022552 2806.5 262
1717916032635 2806.3 263
1717916042702 2809.1 264
1717916052726 2806.7 265
1717916062798 2808.5 266
1717916072876 2802.5 267
1717916082913 2803.9 268
1717916092985 2805.8 269
1717916103005 2796.5 270
1717916113077 2811.4 271
1717916123153 2801.0 272
1717916133174 2805.7 273
1717916143205 2822.5 274
1717916153230 2821.9 275
1717916163252 2838.0 276
1717916173273 2820.4 277
1717916183299 2825.5 278
1717916193321 2827.7 279
1717916203352 2814.9 280
1717916213436 2827.3 281
1717916223508 2833.2 282
1717916233581 2838.2 283
1717916243665 2816.2 284
1717916253688 2811.9 285
1717916263759 2811.8 286
1717916273831 2814.5 287
1717916283851 2803.9 288
1717916293887 2802.7 289
1717916303959 2808.0 290
1717916314034 2811.8 291
1717916324112 2807.1 292
1717916334161 2803.9 293
1717916344205 2803.5 294
1717916354286 2805.8 295
1717916364360 2806.7 296
1717916374430 2805.8 297
1717916384455 2799.6 298
1717916394527 2801.7 299
1717916404599 2808.0 300
1717916414628 2792.8 301
1717916424711 2804.3 302
1717916434778 2802.8 303
1717916444856 2803.9 304
1717916454930 2801.9 305
1717916464971 2812.8 306
1717916474996 2813.9 307
1717916485084 2802.7 308
1717916495111 2812.0 309
1717916505153 2809.9 310
1717916515233 2814.9 311
1717916525295 2805.3 312
1717916535383 2811.4 313
1717916545405 2816.5 314
1717916555434 2805.9 315
1717916565506 2812.4 316
1717916575576 2804.8 317
1717916585606 2806.2 318
1717916595629 2814.2 319
1717916605658 2826.4 320
1717916615726 2808.9 321
1717916625804 2816.6 322
1717916635835 2806.3 323
1717916645868 2804.5 324
1717916655945 2810.3 325
1717916666032 2800.3 326
1717916677249 2826.5 327
1717916687277 2822.8 328
1717916697300 2814.8 329
1717916707319 2829.9 330
1717916717339 2824.9 331
1717916727361 2831.4 332
1717916737384 2839.8 333
1717916747408 2837.2 334
1717916757487 2835.8 335
1717916767558 2832.7 336
1717916777642 2837.8 337
1717916787717 2830.3 338
1717916797756 2798.6 339
1717916807824 2804.3 340
1717916817916 2803.7 341
1717916827986 2805.2 342
1717916838008 2793.5 343
1717916848036 2786.4 344
1717916858115 2799.2 345
1717916868208 2799.3 346
1717916878255 2788.9 347
1717916888281 2800.9 348
1717916898312 2804.2 349
1717916908397 2817.7 350
1717916918480 2796.2 351
1717916928523 2796.7 352
1717916938551 2787.1 353
1717916948575 2792.2 354
1717916958644 2795.6 355
1717916968671 2802.0 356
1717916978744 2798.6 357
1717916988821 2789.2 358
1717916998894 2794.0 359
1717917008977 2791.9 360
1717917019022 2784.4 361
1717917029095 2795.0 362
1717917039195 2791.8 363
1717917049243 2799.0 364
1717917059296 2818.9 365
1717917069333 2806.1 366
1717917079415 2811.1 367
1717917089484 2812.6 368
1717917099510 2813.3 369
1717917109588 2814.6 370
1717917119670 2812.6 371
1717917129766 2808.0 372
1717917139854 2811.5 373
1717917149882 2800.7 374
1717917159964 2807.2 375
1717917170032 2799.1 376
1717917180059 2804.4 377
1717917190123 2807.1 378
1717917200193 2807.0 379
1717917210272 2819.4 380
1717917220353 2804.1 381
1717917230392 2811.6 382
1717917240419 2822.9 383
1717917250444 2832.1 384
1717917260469 2832.5 385
1717917270495 2837.7 386
1717917280531 2835.0 387
1717917290597 2835.6 388
1717917300682 2826.5 389
1717917310730 2824.5 390
1717917320784 2831.4 391
1717917330862 2836.4 392
1717917340929 2791.1 393
1717917350960 2792.0 394
1717917361044 2814.1 395
1717917371134 2785.3 396
1717917381162 2803.9 397
1717917391235 2785.5 398
1717917401328 2788.0 399
1717917411405 2800.3 400
1717917421483 2787.6 401
1717917431516 2786.7 402
1717917441603 2796.7 403
1717917451701 2794.9 404
1717917461779 2792.8 405
1717917471860 2792.6 406
1717917481887 2793.5 407
1717917491964 2800.6 408
1717917502056 2783.0 409
1717917512096 2796.9 410
1717917522173 2806.0 411
1717917532249 2802.3 412
1717917542326 2804.3 413
1717917552402 2812.1 414
1717917562437 2803.7 415
1717917572510 2801.2 416
1717917582545 2793.7 417
1717917592628 2814.5 418
1717917602660 2799.2 419
1717917612735 2797.5 420
1717917622825 2799.4 421
1717917632907 2805.3 422
1717917642937 2793.1 423
1717917652964 2795.7 424
1717917663039 2803.5 425
1717917673105 2799.0 426
1717917683135 2812.7 427
1717917693159 2809.7 428
1717917703235 2801.9 429
1717917713325 2811.5 430
1717917723405 2809.3 431
1717917733443 2806.9 432
1717917743532 2798.5 433
1717917753605 2798.0 434
1717917763677 2804.4 435
1717917774168 2820.3 436
1717917784196 2796.1 437
1717917794228 2828.3 438
1717917804267 2819.8 439
1717917814294 2835.0 440
1717917824320 2833.9 441
1717917834372 2832.6 442
1717917844397 2842.7 443
1717917854475 2836.9 444
1717917864524 2833.8 445
1717917874614 2844.9 446
1717917884715 2837.0 447
1717917894744 2800.0 448
1717917904780 2799.3 449
1717917914856 2793.6 450
1717917924883 2804.2 451
1717917934912 2811.4 452
1717917944944 2809.4 453
1717917955009 2808.6 454
1717917965092 2804.8 455
1717917975127 2799.8 456
1717917985203 2803.0 457
1717917995284 2803.3 458
1717918005365 2812.1 459
1717918015446 2812.0 460
1717918025482 2801.1 461
1717918035556 2807.0 462
1717918045660 2805.1 463
1717918055741 2807.1 464
1717918065777 2805.3 465
1717918075816 2806.1 466
1717918085901 2809.2 467
1717918095949 2802.7 468
1717918106032 2795.7 469
1717918116078 2797.0 470
1717918126157 2806.0 471
1717918136264 2800.7 472
1717918146299 2800.2 473
1717918156329 2798.5 474
1717918166398 2810.7 475
1717918176491 2806.7 476
1717918186580 2809.0 477
1717918196640 2808.3 478
1717918206680 2806.0 479
1717918216757 2805.0 480
1717918226836 2809.2 481
1717918236908 2805.9 482
1717918246939 2805.9 483
1717918257026 2808.5 484
1717918267102 2796.3 485
1717918277172 2806.5 486
1717918287247 2804.8 487
1717918297332 2796.3 488
1717918307417 2805.9 489
1717918317502 2805.8 490
1717918327587 2808.7 491
1717918337615 2824.6 492
1717918347638 2827.1 493
1717918357661 2827.4 494
1717918367695 2826.3 495
1717918377724 2834.8 496
1717918387748 2840.6 497
1717918397781 2831.5 498
1717918407810 2856.0 499
1717918417836 2843.0 500
1717918427907 2835.2 501
1717918437973 2810.8 502
1717918448061 2801.4 503
1717918458143 2815.3 504
1717918468222 2807.9 505
1717918478299 2814.8 506
1717918488372 2802.0 507
1717918498405 2807.9 508
1717918508430 2815.3 509
1717918518504 2811.5 510
1717918528538 2811.9 511
1717918538573 2810.0 512
1717918548663 2801.5 513
1717918558751 2812.4 514
1717918568837 2814.8 515
1717918578867 2809.0 516
1717918588952 2804.8 517
