1718416434525 0.02 10
1718416455060 0.03 20
1718416475610 0.05 30
1718416496217 0.06 40
1718416516471 0.08 50
1718416537421 0.1 60
1718416558125 0.11 70
1718416578784 0.13 80
1718416599329 0.14 90
1718416619572 0.16 100
1718416640191 0.18 110
1718416660721 0.19 120
1718416681328 0.21 130
1718416701879 0.22 140
1718416722096 0.24 150
1718416742882 0.26 160
1718416763466 0.27 170
1718416784112 0.29 180
1718416804715 0.3 190
1718416825084 0.32 200
1718416845796 0.34 210
1718416866378 0.35 220
1718416886953 0.37 230
1718416907520 0.38 240
1718416927879 0.4 250
1718416948545 0.42 260
1718416969036 0.43 270
1718416989581 0.45 280
1718417010053 0.46 290
1718417030298 0.48 300
1718417128647 0.48 300
1718417154425 0.5 310
1718417175133 0.51 320
1718417195811 0.53 330
1718417216400 0.54 340
1718417236817 0.56 350
1718417257641 0.58 360
1718417278269 0.59 370
1718417298833 0.61 380
1718417319403 0.62 390
1718417339803 0.64 400
1718417360564 0.66 410
1718417381193 0.67 420
1718417401872 0.69 430
1718417422474 0.7 440
1718417442816 0.72 450
1718417463600 0.74 460
1718417484243 0.75 470
1718417504798 0.77 480
1718417525285 0.78 490
1718417545274 0.8 500
1718417566045 0.82 510
1718417586677 0.83 520
1718417607293 0.85 530
1718417627888 0.86 540
1718417648334 0.88 550
1718417669152 0.9 560
1718417689822 0.91 570
1718417710511 0.93 580
1718417731071 0.94 590
1718417751303 0.96 600
1718417849402 0.96 600
1718417873279 0.98 610
1718417893985 0.99 620
1718417904477 1.0 625
