1718416434525 16.93120765686035 10
1718416455060 23.653636932373047 20
1718416475610 11.339101791381836 30
1718416496217 3.068812847137451 40
1718416516471 129.2217559814453 50
1718416537421 6.057371616363525 60
1718416558125 0.5312299132347107 70
1718416578784 4.1403374671936035 80
1718416599329 270.1500244140625 90
1718416619572 18.012889862060547 100
1718416640191 nan 110
1718416660721 10.878682136535645 120
1718416681328 1.930700421333313 130
1718416701879 1.2776354551315308 140
1718416722096 1.5639570951461792 150
1718416742882 2.169893503189087 160
1718416763466 8.93929672241211 170
1718416784112 1.6276164054870605 180
1718416804715 11.159090042114258 190
1718416825084 13.37741756439209 200
1718416845796 1.9449455738067627 210
1718416866378 2.2749760150909424 220
1718416886953 68.30838775634766 230
1718416907520 1.4219666719436646 240
1718416927879 143.78829956054688 250
1718416948545 1.5807137489318848 260
1718416969036 1.6701600551605225 270
1718416989581 2.2522544860839844 280
1718417010053 0.9248441457748413 290
1718417030298 0.48000869154930115 300
1718417154425 1.8794022798538208 310
1718417175133 0.971743643283844 320
1718417195811 2.309391736984253 330
1718417216400 2.914886713027954 340
1718417236817 1.852604866027832 350
1718417257641 0.23077070713043213 360
1718417278269 0.41869857907295227 370
1718417298833 0.8531798124313354 380
1718417319403 1.2730143070220947 390
1718417339803 2.0365822315216064 400
1718417360564 2.029048204421997 410
1718417381193 0.585186243057251 420
1718417401872 0.21646426618099213 430
1718417422474 0.5425975918769836 440
1718417442816 1.8975353240966797 450
1718417463600 1.9961143732070923 460
1718417484243 0.35687342286109924 470
1718417504798 1.9240739345550537 480
1718417525285 1.5877190828323364 490
1718417545274 0.8506592512130737 500
1718417566045 1.7827088832855225 510
1718417586677 0.9800085425376892 520
1718417607293 1.6543900966644287 530
1718417627888 1.490038514137268 540
1718417648334 0.1691078245639801 550
1718417669152 0.7683493494987488 560
1718417689822 1.5583773851394653 570
1718417710511 0.6211351752281189 580
1718417731071 1.1215804815292358 590
1718417751303 0.705464243888855 600
1718417873279 0.696760892868042 610
1718417893985 0.4311979413032532 620
