1718416434525 7.368421052631579e-05 10
1718416455060 0.00017894736842105264 20
1718416475610 0.00019993416256221895 30
1718416496217 0.0001996119021565693 40
1718416516471 0.00019902199100196697 50
1718416537421 0.00019816601415159263 60
1718416558125 0.00019704627155997108 70
1718416578784 0.00019566577190314197 80
1718416599329 0.00019402822449454153 90
1718416619572 0.00019213802931831696 100
1718416640191 0.0001904473572899947 110
1718416660721 0.00018835957647383303 120
1718416681328 0.0001858144763535302 130
1718416701879 0.00018303879827647975 140
1718416722096 0.0001800400003104436 150
1718416742882 0.00017682614003191807 160
1718416763466 0.00017340585287594604 170
1718416784112 0.00016978832893326074 180
1718416804715 0.00016598328825710533 190
1718416825084 0.00016200095474607753 200
1718416845796 0.00015785202867317407 210
1718416866378 0.00015354765793484834 220
1718416886953 0.00014909940809733222 230
1718416907520 0.0001445192313207067 240
1718416927879 0.00013981943424421932 250
1718416948545 0.00013501264491913906 260
1718416969036 0.00013011177887799845 270
1718416989581 0.00012513000443139112 280
1718417010053 0.00012008070728557186 290
1718417030298 0.00011497745457592816 300
1718417154425 0.00010983395841296348 310
1718417175133 0.00010466403903874176 320
1718417195811 9.948158769278939e-05 330
1718417216400 9.430052928723153e-05 340
1718417236817 8.913478499145254e-05 350
1718417257641 8.399823482681262e-05 360
1718417278269 7.89046803719267e-05 370
1718417298833 7.386780767871397e-05 380
1718417319403 6.890115049885994e-05 390
1718417339803 6.40180539194999e-05 400
1718417360564 5.923163850583113e-05 410
1718417381193 5.4554765047001613e-05 420
1718417401872 5.000000000000002e-05 430
1718417422474 4.5579581724397255e-05 440
1718417442816 4.130538759866457e-05 450
1718417463600 3.7188902106424416e-05 460
1718417484243 3.324118597838464e-05 470
1718417504798 2.9472846472869298e-05 480
1718417525285 2.5894008874800325e-05 490
1718417545274 2.251428928971102e-05 500
1718417566045 1.9342768805891178e-05 510
1718417586677 1.6387969094089316e-05 520
1718417607293 1.3657829510333654e-05 530
1718417627888 1.1159685763395111e-05 540
1718417648334 8.900250204211514e-06 550
1718417669152 6.8855937902340576e-06 560
1718417689822 5.121129773156663e-06 570
1718417710511 3.611599153858214e-06 580
1718417731071 2.3610579436393e-06 590
1718417751303 1.3728662659818204e-06 600
1718417873279 6.496793281141056e-07 610
1718417893985 1.9344028664056713e-07 620
