1718416434525 8.077 10
1718416455060 0.3768 20
1718416475610 0.2954 30
1718416496217 0.7081 40
1718416516471 0.2825 50
1718416537421 0.4562 60
1718416558125 0.5431 70
1718416578784 0.3865 80
1718416599329 2.0258 90
1718416619572 1.8143 100
1718416640191 0.9429 110
1718416660721 1.3183 120
1718416681328 0.2406 130
1718416701879 0.4162 140
1718416722096 0.6195 150
1718416742882 0.2046 160
1718416763466 0.4245 170
1718416784112 0.2517 180
1718416804715 0.5604 190
1718416825084 0.5364 200
1718416845796 0.9281 210
1718416866378 0.2491 220
1718416886953 0.2603 230
1718416907520 0.1357 240
1718416927879 0.2202 250
1718416948545 0.2698 260
1718416969036 0.1074 270
1718416989581 0.1254 280
1718417010053 0.1173 290
1718417030298 0.1115 300
1718417154425 0.1329 310
1718417175133 0.1298 320
1718417195811 0.1198 330
1718417216400 0.1477 340
1718417236817 0.1365 350
1718417257641 0.1266 360
1718417278269 0.1128 370
1718417298833 0.1157 380
1718417319403 0.1173 390
1718417339803 0.1197 400
1718417360564 0.1205 410
1718417381193 0.1328 420
1718417401872 0.119 430
1718417422474 0.1127 440
1718417442816 0.1089 450
1718417463600 0.1057 460
1718417484243 0.1142 470
1718417504798 0.1275 480
1718417525285 0.114 490
1718417545274 0.11 500
1718417566045 0.1187 510
1718417586677 0.1183 520
1718417607293 0.117 530
1718417627888 0.1161 540
1718417648334 0.1138 550
1718417669152 0.1148 560
1718417689822 0.1068 570
1718417710511 0.0999 580
1718417731071 0.1118 590
1718417751303 0.1093 600
1718417873279 0.1092 610
1718417893985 0.1084 620
