1718447724133 0.01 10
1718447745557 0.02 20
1718447766378 0.02 30
1718447787226 0.03 40
1718447807856 0.04 50
1718447829073 0.05 60
1718447850006 0.06 70
1718447870971 0.06 80
1718447891915 0.07 90
1718447912561 0.08 100
1718447933660 0.09 110
1718447954636 0.1 120
1718447975635 0.1 130
1718447996620 0.11 140
1718448017194 0.12 150
1718448038302 0.13 160
1718448059257 0.14 170
1718448080307 0.14 180
1718448101225 0.15 190
1718448121922 0.16 200
1718448143111 0.17 210
1718448164086 0.18 220
1718448185165 0.18 230
1718448206122 0.19 240
1718448226804 0.2 250
1718448247985 0.21 260
1718448269109 0.22 270
1718448290413 0.22 280
1718448312191 0.23 290
1718448333278 0.24 300
1718448537648 0.24 300
1718448572410 0.25 310
1718448594950 0.26 320
1718448616405 0.26 330
1718448637858 0.27 340
1718448659525 0.28 350
1718448681395 0.29 360
1718448703227 0.3 370
1718448724395 0.3 380
1718448745384 0.31 390
1718448766242 0.32 400
1718448787465 0.33 410
1718448808577 0.34 420
1718448829726 0.34 430
1718448850725 0.35 440
1718448871385 0.36 450
1718448893094 0.37 460
1718448914608 0.38 470
1718448936270 0.38 480
1718448957499 0.39 490
1718448978185 0.4 500
1718448999384 0.41 510
1718449020303 0.42 520
1718449041276 0.42 530
1718449062180 0.43 540
1718449082662 0.44 550
1718449103816 0.45 560
1718449124843 0.46 570
1718449145841 0.46 580
1718449166774 0.47 590
1718449187290 0.48 600
1718449387276 0.48 600
1718449419602 0.49 610
1718449440548 0.5 620
1718449461584 0.5 630
1718449482586 0.51 640
1718449503289 0.52 650
1718449524572 0.53 660
1718449545616 0.54 670
1718449566752 0.54 680
1718449587715 0.55 690
1718449608438 0.56 700
1718449629688 0.57 710
1718449650711 0.58 720
1718449671667 0.58 730
1718449692523 0.59 740
1718449713154 0.6 750
1718449734405 0.61 760
1718449755353 0.62 770
1718449776276 0.62 780
1718449797136 0.63 790
1718449817709 0.64 800
1718449838835 0.65 810
1718449859754 0.66 820
1718449880719 0.66 830
1718449901681 0.67 840
1718449922344 0.68 850
1718449943574 0.69 860
1718449964564 0.7 870
1718449985511 0.7 880
1718450006435 0.71 890
1718450027455 0.72 900
1718450230383 0.72 900
1718450259470 0.73 910
1718450280542 0.74 920
1718450301963 0.74 930
1718450322919 0.75 940
1718450343881 0.76 950
1718450365935 0.77 960
1718450387713 0.78 970
1718450409368 0.78 980
1718450430933 0.79 990
1718450452255 0.8 1000
1718450474167 0.81 1010
1718450495616 0.82 1020
1718450517242 0.82 1030
1718450538862 0.83 1040
1718450559807 0.84 1050
1718450581565 0.85 1060
1718450603242 0.86 1070
1718450624633 0.86 1080
1718450646060 0.87 1090
1718450667277 0.88 1100
1718450688988 0.89 1110
1718450710230 0.9 1120
1718450731466 0.9 1130
1718450752602 0.91 1140
1718450773309 0.92 1150
1718450794506 0.93 1160
1718450815689 0.94 1170
1718450837405 0.94 1180
1718450858498 0.95 1190
1718450879495 0.96 1200
1718451080931 0.96 1200
1718451110284 0.97 1210
1718451131467 0.98 1220
1718451152623 0.98 1230
1718451174041 0.99 1240
1718451195620 1.0 1250
1718451195930 1.0 1250
