1718447724133 26.026002883911133 10
1718447745557 4.574613094329834 20
1718447766378 5.205692291259766 30
1718447787226 4.637381553649902 40
1718447807856 4.406439781188965 50
1718447829073 10.912546157836914 60
1718447850006 28.931856155395508 70
1718447870971 14.81334400177002 80
1718447891915 1.9728621244430542 90
1718447912561 14.264472007751465 100
1718447933660 227.48980712890625 110
1718447954636 28.985937118530273 120
1718447975635 3.030682325363159 130
1718447996620 91.37268829345703 140
1718448017194 11.289983749389648 150
1718448038302 8.392864227294922 160
1718448059257 1.5730328559875488 170
1718448080307 44.37083053588867 180
1718448101225 1.4198815822601318 190
1718448121922 7.3995842933654785 200
1718448143111 14.054719924926758 210
1718448164086 38.605430603027344 220
1718448185165 1.559184193611145 230
1718448206122 0.9117875695228577 240
1718448226804 52.07834243774414 250
1718448247985 2.8841912746429443 260
1718448269109 3.68093204498291 270
1718448290413 2.4024569988250732 280
1718448312191 0.44970566034317017 290
1718448333278 0.5749408602714539 300
1718448572410 0.5466256737709045 310
1718448594950 2.552717924118042 320
1718448616405 50.31001663208008 330
1718448637858 0.18904274702072144 340
1718448659525 1.7351465225219727 350
1718448681395 1.194262146949768 360
1718448703227 1.004061222076416 370
1718448724395 0.8761770725250244 380
1718448745384 1.213180422782898 390
1718448766242 2.126039505004883 400
1718448787465 0.4617743492126465 410
1718448808577 0.4572021961212158 420
1718448829726 1.2184313535690308 430
1718448850725 1.1554629802703857 440
1718448871385 0.7398854494094849 450
1718448893094 0.44724729657173157 460
1718448914608 2.1619582176208496 470
1718448936270 0.6950312256813049 480
1718448957499 0.7921334505081177 490
1718448978185 2.721571683883667 500
1718448999384 0.3970084488391876 510
1718449020303 0.5861083269119263 520
1718449041276 4.4986724853515625 530
1718449062180 0.8980306386947632 540
1718449082662 0.7928702235221863 550
1718449103816 1.0490069389343262 560
1718449124843 0.8197116851806641 570
1718449145841 1.1887733936309814 580
1718449166774 0.4980946481227875 590
1718449187290 0.7077496647834778 600
1718449419602 0.7388745546340942 610
1718449440548 0.61135333776474 620
1718449461584 0.4614301919937134 630
1718449482586 0.5452435612678528 640
1718449503289 0.8761028051376343 650
1718449524572 1.0843231678009033 660
1718449545616 1.5965137481689453 670
1718449566752 2.1911556720733643 680
1718449587715 0.6582568883895874 690
1718449608438 1.6753530502319336 700
1718449629688 0.9025970101356506 710
1718449650711 0.8178921937942505 720
1718449671667 0.7703031897544861 730
1718449692523 0.3294704854488373 740
1718449713154 0.6347341537475586 750
1718449734405 0.4365929067134857 760
1718449755353 0.6335859894752502 770
1718449776276 0.8727861642837524 780
1718449797136 0.7796940803527832 790
1718449817709 0.4995669722557068 800
1718449838835 1.2921606302261353 810
1718449859754 0.6867840886116028 820
1718449880719 0.49190467596054077 830
1718449901681 1.561090350151062 840
1718449922344 0.3775049149990082 850
1718449943574 0.19283361732959747 860
1718449964564 0.5745654702186584 870
1718449985511 0.9697011113166809 880
1718450006435 0.3313957750797272 890
1718450027455 0.7080824375152588 900
1718450259470 1.0423578023910522 910
1718450280542 0.9255969524383545 920
1718450301963 1.002280354499817 930
1718450322919 0.16190478205680847 940
1718450343881 0.34492582082748413 950
1718450365935 0.16691292822360992 960
1718450387713 0.6593850255012512 970
1718450409368 0.7920313477516174 980
1718450430933 1.1566158533096313 990
1718450452255 1.2467670440673828 1000
1718450474167 0.2380506694316864 1010
1718450495616 0.2126515805721283 1020
1718450517242 0.5950730443000793 1030
1718450538862 0.5303308963775635 1040
1718450559807 0.15697291493415833 1050
1718450581565 0.43238162994384766 1060
1718450603242 0.4340352714061737 1070
1718450624633 0.29940634965896606 1080
1718450646060 0.8126230835914612 1090
1718450667277 0.8461190462112427 1100
1718450688988 0.2614343464374542 1110
1718450710230 0.52803635597229 1120
1718450731466 0.24219687283039093 1130
1718450752602 0.26879391074180603 1140
1718450773309 0.4474465847015381 1150
1718450794506 0.5136115550994873 1160
1718450815689 0.292246550321579 1170
1718450837405 0.3209139406681061 1180
1718450858498 0.21210525929927826 1190
1718450879495 0.7124976515769958 1200
1718451110284 0.5292289853096008 1210
1718451131467 0.8708569407463074 1220
1718451152623 0.33764806389808655 1230
1718451174041 0.7552042007446289 1240
1718451195620 0.26862502098083496 1250
