1718447724133 4.210526315789474e-05 10
1718447745557 9.473684210526316e-05 20
1718447766378 0.00014736842105263158 30
1718447787226 0.0002 40
1718447807856 0.00019996640766492543 50
1718447829073 0.00019986565322860115 60
1718447850006 0.0001997176056546921 70
1718447870971 0.0001994894669738732 80
1718447891915 0.00019919448662283478 90
1718447912561 0.00019887201755009357 100
1718447933660 0.0001984506210249986 110
1718447954636 0.00019796308077490817 120
1718447975635 0.00019752564372032657 130
1718447996620 0.00019691989991996663 140
1718448017194 0.00019624904080453655 150
1718448038302 0.0001955135170885202 160
1718448059257 0.00019471382293110003 170
1718448080307 0.00019385049560415794 180
1718448101225 0.0001929241151313108 190
1718448121922 0.00019193530389822363 200
1718448143111 0.00019088472623446183 210
1718448164086 0.0001897730879671634 220
1718448185165 0.00018860113594683148 230
1718448206122 0.00018736965754556528 240
1718448226804 0.0001860794801280666 250
1718448247985 0.00018473147049577774 260
1718448269109 0.00018332653430452376 270
1718448290413 0.00018186561545605054 280
1718448312191 0.00018034969546386757 290
1718448333278 0.00017877979279382135 300
1718448572410 0.00017715696217984235 310
1718448594950 0.00017548229391532572 320
1718448616405 0.000173756913120621 330
1718448637858 0.00017198197898712404 340
1718448659525 0.00017015868399847768 350
1718448681395 0.00016828825312940592 360
1718448703227 0.0001663719430227186 370
1718448724395 0.0001644110411450398 380
1718448745384 0.00016240686492182804 390
1718448766242 0.00016036076085226814 400
1718448787465 0.0001582741036046301 410
1718448808577 0.0001561482950927029 420
1718448829726 0.00015398476353392323 430
1718448850725 0.00015178496248983254 440
1718448871385 0.00014955036988950618 450
1718448893094 0.00014728248703661182 460
1718448914608 0.0001449828376007636 470
1718448936270 0.00014265296659384956 480
1718448957499 0.0001402944393320206 490
1718448978185 0.00013790884038403795 500
1718448999384 0.0001354977725066859 510
1718449020303 0.00013306285556796495 520
1718449041276 0.00013060572545878875 530
1718449062180 0.00012812803299391628 540
1718449082662 0.00012563144280285741 550
1718449103816 0.000123117632211497 560
1718449124843 0.00012058829011518896 570
1718449145841 0.00011804511584407763 580
1718449166774 0.00011548981802140848 590
1718449187290 0.0001129241134155949 600
1718449419602 0.00011034972578681338 610
1718449440548 0.00010776838472890065 620
1718449461584 0.00010518182450733186 630
1718449482586 0.00010259178289406011 640
1718449503289 0.0001 650
1718449524572 9.740821710593989e-05 660
1718449545616 9.481817549266817e-05 670
1718449566752 9.223161527109937e-05 680
1718449587715 8.965027421318665e-05 690
1718449608438 8.707588658440511e-05 700
1718449629688 8.451018197859153e-05 710
1718449650711 8.195488415592238e-05 720
1718449671667 7.941170988481108e-05 730
1718449692523 7.688236778850306e-05 740
1718449713154 7.43685571971426e-05 750
1718449734405 7.187196700608373e-05 760
1718449755353 6.939427454121128e-05 770
1718449776276 6.693714443203507e-05 780
1718449797136 6.450222749331414e-05 790
1718449817709 6.209115961596208e-05 800
1718449838835 5.970556066797941e-05 810
1718449859754 5.73470334061505e-05 820
1718449880719 5.501716239923642e-05 830
1718449901681 5.271751296338823e-05 840
1718449922344 5.0449630110493836e-05 850
1718449943574 4.821503751016746e-05 860
1718449964564 4.6015236466076747e-05 870
1718449985511 4.385170490729712e-05 880
1718450006435 4.172589639536991e-05 890
1718450027455 3.963923914773187e-05 900
1718450259470 3.759313507817196e-05 910
1718450280542 3.558895885496023e-05 920
1718450301963 3.362805697728145e-05 930
1718450322919 3.1711746870594086e-05 940
1718450343881 2.9841316001522347e-05 950
1718450365935 2.8018021012875994e-05 960
1718450387713 2.6243086879379e-05 970
1718450409368 2.451770608467432e-05 980
1718450430933 2.2843037820157675e-05 990
1718450452255 2.1220207206178688e-05 1000
1718450474167 1.9650304536132426e-05 1010
1718450495616 1.8134384543949478e-05 1020
1718450517242 1.6673465695476232e-05 1030
1718450538862 1.526852950422226e-05 1040
1718450559807 1.3920519871933424e-05 1050
1718450581565 1.263034245443473e-05 1060
1718450603242 1.1398864053168534e-05 1070
1718450624633 1.0226912032836611e-05 1080
1718450646060 9.115273765538202e-06 1090
1718450667277 8.064696101776358e-06 1100
1718450688988 7.07588486868922e-06 1110
1718450710230 6.149504395842087e-06 1120
1718450731466 5.286177068899989e-06 1130
1718450752602 4.486482911479839e-06 1140
1718450773309 3.750959195463466e-06 1150
1718450794506 3.0801000800333877e-06 1160
1718450815689 2.4743562796734622e-06 1170
1718450837405 1.9341347613579087e-06 1180
1718450858498 1.459798471131868e-06 1190
1718450879495 1.0516660902673448e-06 1200
1718451110284 7.100118211581852e-07 1210
1718451131467 4.3506520309813947e-07 1220
1718451152623 2.2701095806565432e-07 1230
1718451174041 8.598886661895788e-08 1240
1718451195620 1.209367398504746e-08 1250
