1718447724133 7.9222 10
1718447745557 0.2163 20
1718447766378 0.3655 30
1718447787226 0.2522 40
1718447807856 0.2071 50
1718447829073 0.818 60
1718447850006 0.4565 70
1718447870971 0.8363 80
1718447891915 0.5703 90
1718447912561 0.5281 100
1718447933660 1.7598 110
1718447954636 1.2152 120
1718447975635 0.7365 130
1718447996620 1.743 140
1718448017194 1.5954 150
1718448038302 0.5991 160
1718448059257 0.2572 170
1718448080307 0.8517 180
1718448101225 0.5724 190
1718448121922 0.646 200
1718448143111 0.1892 210
1718448164086 0.2475 220
1718448185165 0.4153 230
1718448206122 0.2076 240
1718448226804 0.3711 250
1718448247985 0.1324 260
1718448269109 0.196 270
1718448290413 0.2176 280
1718448312191 0.2041 290
1718448333278 0.1375 300
1718448572410 0.1507 310
1718448594950 0.183 320
1718448616405 0.1678 330
1718448637858 0.2184 340
1718448659525 0.176 350
1718448681395 0.1913 360
1718448703227 0.1201 370
1718448724395 0.1406 380
1718448745384 0.2238 390
1718448766242 0.1553 400
1718448787465 0.1014 410
1718448808577 0.1132 420
1718448829726 0.1152 430
1718448850725 0.1342 440
1718448871385 0.1212 450
1718448893094 0.1236 460
1718448914608 0.1211 470
1718448936270 0.1245 480
1718448957499 0.1276 490
1718448978185 0.1336 500
1718448999384 0.111 510
1718449020303 0.153 520
1718449041276 0.1343 530
1718449062180 0.1261 540
1718449082662 0.1078 550
1718449103816 0.1293 560
1718449124843 0.154 570
1718449145841 0.1201 580
1718449166774 0.1278 590
1718449187290 0.1172 600
1718449419602 0.1242 610
1718449440548 0.1302 620
1718449461584 0.103 630
1718449482586 0.1123 640
1718449503289 0.1079 650
1718449524572 0.1153 660
1718449545616 0.1193 670
1718449566752 0.1255 680
1718449587715 0.1158 690
1718449608438 0.1349 700
1718449629688 0.1081 710
1718449650711 0.1121 720
1718449671667 0.1222 730
1718449692523 0.1107 740
1718449713154 0.1173 750
1718449734405 0.1196 760
1718449755353 0.111 770
1718449776276 0.1283 780
1718449797136 0.1107 790
1718449817709 0.1134 800
1718449838835 0.1262 810
1718449859754 0.1203 820
1718449880719 0.1088 830
1718449901681 0.1089 840
1718449922344 0.1113 850
1718449943574 0.0991 860
1718449964564 0.1215 870
1718449985511 0.1146 880
1718450006435 0.1125 890
1718450027455 0.1172 900
1718450259470 0.1182 910
1718450280542 0.1123 920
1718450301963 0.1029 930
1718450322919 0.1249 940
1718450343881 0.0859 950
1718450365935 0.1219 960
1718450387713 0.1415 970
1718450409368 0.1247 980
1718450430933 0.1217 990
1718450452255 0.1193 1000
1718450474167 0.1168 1010
1718450495616 0.112 1020
1718450517242 0.1252 1030
1718450538862 0.1104 1040
1718450559807 0.1173 1050
1718450581565 0.1063 1060
1718450603242 0.1274 1070
1718450624633 0.1156 1080
1718450646060 0.1112 1090
1718450667277 0.1023 1100
1718450688988 0.1041 1110
1718450710230 0.0849 1120
1718450731466 0.1119 1130
1718450752602 0.1024 1140
1718450773309 0.1114 1150
1718450794506 0.1263 1160
1718450815689 0.101 1170
1718450837405 0.0972 1180
1718450858498 0.0971 1190
1718450879495 0.1186 1200
1718451110284 0.1114 1210
1718451131467 0.0989 1220
1718451152623 0.1016 1230
1718451174041 0.1061 1240
1718451195620 0.0968 1250
