1718222051800 0.0 0
1718222061822 9.6 1
1718222071843 6.3 2
1718222081862 6.4 3
1718222091883 6.3 4
1718222101902 6.8 5
1718222111924 6.3 6
1718222121945 6.4 7
1718222131971 6.2 8
1718222141997 7.7 9
1718222152044 6.3 10
1718222162072 6.7 11
1718222172096 6.9 12
1718222182126 6.5 13
1718222192153 6.2 14
1718222202176 6.7 15
1718222212204 6.6 16
1718222222234 6.7 17
1718222232262 6.2 18
1718222242290 6.8 19
1718222252323 6.3 20
1718222262406 6.6 21
1718222272434 6.4 22
1718222282463 7.3 23
1718222292497 6.4 24
1718222302528 6.5 25
1718222312555 6.3 26
1718222322581 6.6 27
1718222332607 6.5 28
1718222342629 6.6 29
1718222352659 6.4 30
1718222362684 6.8 31
