1718222051800 328184.3 0
1718222061822 328183.1 1
1718222071843 328183.1 2
1718222081862 328183.1 3
1718222091883 328183.5 4
1718222101902 328183.5 5
1718222111924 328183.5 6
1718222121945 328183.5 7
1718222131971 328183.5 8
1718222141997 328183.5 9
1718222152044 328183.5 10
1718222162072 328183.5 11
1718222172096 328183.5 12
1718222182126 328183.5 13
1718222192153 328183.5 14
1718222202176 328183.5 15
1718222212204 328183.5 16
1718222222234 328183.5 17
1718222232262 328183.5 18
1718222242290 328183.5 19
1718222252323 328183.5 20
1718222262406 328183.5 21
1718222272434 328183.5 22
1718222282463 328183.5 23
1718222292497 328183.5 24
1718222302528 328183.5 25
1718222312555 328183.4 26
1718222322581 328183.4 27
1718222332607 328183.4 28
1718222342629 328183.4 29
1718222352659 328183.4 30
1718222362684 328183.5 31
