1718222051800 64.8 0
1718222061822 64.8 1
1718222071843 64.8 2
1718222081862 64.8 3
1718222091883 64.8 4
1718222101902 64.8 5
1718222111924 64.8 6
1718222121945 64.8 7
1718222131971 64.8 8
1718222141997 64.8 9
1718222152044 64.8 10
1718222162072 64.8 11
1718222172096 64.8 12
1718222182126 64.8 13
1718222192153 64.8 14
1718222202176 64.8 15
1718222212204 64.8 16
1718222222234 64.8 17
1718222232262 64.8 18
1718222242290 64.8 19
1718222252323 64.8 20
1718222262406 64.8 21
1718222272434 64.8 22
1718222282463 64.8 23
1718222292497 64.8 24
1718222302528 64.8 25
1718222312555 64.8 26
1718222322581 64.8 27
1718222332607 64.8 28
1718222342629 64.8 29
1718222352659 64.8 30
1718222362684 64.8 31
