1718222051800 604636.6 0
1718222061822 604637.7 1
1718222071843 604637.7 2
1718222081862 604637.7 3
1718222091883 604637.3 4
1718222101902 604637.3 5
1718222111924 604637.4 6
1718222121945 604637.4 7
1718222131971 604637.4 8
1718222141997 604637.4 9
1718222152044 604637.4 10
1718222162072 604637.4 11
1718222172096 604637.4 12
1718222182126 604637.3 13
1718222192153 604637.4 14
1718222202176 604637.4 15
1718222212204 604637.4 16
1718222222234 604637.4 17
1718222232262 604637.4 18
1718222242290 604637.4 19
1718222252323 604637.4 20
1718222262406 604637.4 21
1718222272434 604637.4 22
1718222282463 604637.3 23
1718222292497 604637.4 24
1718222302528 604637.4 25
1718222312555 604637.4 26
1718222322581 604637.4 27
1718222332607 604637.4 28
1718222342629 604637.4 29
1718222352659 604637.4 30
1718222362684 604637.3 31
