1718222051800 41.2 0
1718222061822 59.2 1
1718222071843 58.7 2
1718222081862 58.6 3
1718222091883 58.9 4
1718222101902 58.9 5
1718222111924 58.9 6
1718222121945 58.8 7
1718222131971 58.8 8
1718222141997 58.8 9
1718222152044 58.9 10
1718222162072 58.9 11
1718222172096 58.8 12
1718222182126 58.8 13
1718222192153 58.6 14
1718222202176 58.8 15
1718222212204 58.7 16
1718222222234 58.7 17
1718222232262 58.7 18
1718222242290 58.6 19
1718222252323 58.6 20
1718222262406 58.5 21
1718222272434 58.5 22
1718222282463 58.5 23
1718222292497 58.6 24
1718222302528 58.6 25
1718222312555 58.6 26
1718222322581 58.6 27
1718222332607 58.6 28
1718222342629 58.6 29
1718222352659 58.6 30
1718222362684 58.6 31
