1718222051800 5308.0 0
1718222061822 7622.1 1
1718222071843 7565.3 2
1718222081862 7551.6 3
1718222091883 7583.0 4
1718222101902 7586.1 5
1718222111924 7591.7 6
1718222121945 7577.3 7
1718222131971 7577.3 8
1718222141997 7579.4 9
1718222152044 7587.8 10
1718222162072 7589.8 11
1718222172096 7579.4 12
1718222182126 7579.4 13
1718222192153 7554.9 14
1718222202176 7573.2 15
1718222212204 7569.6 16
1718222222234 7559.1 17
1718222232262 7559.1 18
1718222242290 7546.0 19
1718222252323 7552.3 20
1718222262406 7543.9 21
1718222272434 7543.9 22
1718222282463 7543.9 23
1718222292497 7552.3 24
1718222302528 7552.5 25
1718222312555 7544.1 26
1718222322581 7544.1 27
1718222332607 7544.1 28
1718222342629 7552.5 29
1718222352659 7552.5 30
1718222362684 7544.1 31
