1718222051800 3.0 0
1718222061822 70.0 1
1718222071843 87.0 2
1718222081862 86.0 3
1718222091883 83.0 4
1718222101902 88.0 5
1718222111924 83.0 6
1718222121945 88.0 7
1718222131971 82.0 8
1718222141997 75.0 9
1718222152044 89.0 10
1718222162072 83.0 11
1718222172096 84.0 12
1718222182126 85.0 13
1718222192153 90.0 14
1718222202176 90.0 15
1718222212204 84.0 16
1718222222234 76.0 17
1718222232262 73.0 18
1718222242290 76.0 19
1718222252323 76.0 20
1718222262406 82.0 21
1718222272434 85.0 22
1718222282463 88.0 23
1718222292497 83.0 24
1718222302528 87.0 25
1718222312555 87.0 26
1718222322581 87.0 27
1718222332607 87.0 28
1718222342629 76.0 29
1718222352659 77.0 30
1718222362684 84.0 31
