1718222051800 0.0 0
1718222061822 0.10829600000033679 1
1718222071843 0.1319999999996071 2
1718222081862 0.1343909999995958 3
1718222091883 0.14681500000006054 4
1718222101902 0.1625530000001163 5
1718222111924 0.16925300000002608 6
1718222121945 0.17697600000064995 7
1718222131971 0.1862650000002759 8
1718222141997 0.19458900000063295 9
1718222152044 0.20635000000038417 10
1718222162072 0.24664400000074238 11
1718222172096 0.25593300000036834 12
1718222182126 0.27269499999965774 13
1718222192153 0.2826629999999568 14
1718222202176 0.3042989999994461 15
1718222212204 0.3100379999996221 16
1718222222234 0.32381399999940186 17
1718222232262 0.3262269999995624 18
1718222242290 0.34828600000037113 19
1718222252323 0.35530300000027637 20
1718222262406 0.361548999999286 21
1718222272434 0.36283499999990454 22
1718222282463 0.38409800000044925 23
1718222292497 0.38589999999931024 24
1718222302528 0.3906599999991158 25
1718222312555 0.4002010000003793 26
1718222322581 0.4057219999995141 27
1718222332607 0.41072600000006787 28
1718222342629 0.4290999999993801 29
1718222352659 0.429958999999144 30
1718222362684 0.43600700000024517 31
