1718222051800 0.0 0
1718222061822 0.09858500000001413 1
1718222071843 0.1257229999999936 2
1718222081862 0.12793400000003885 3
1718222091883 0.14575000000002092 4
1718222101902 0.1556770000000256 5
1718222111924 0.16237900000004402 6
1718222121945 0.1719110000000228 7
1718222131971 0.19150100000001657 8
1718222141997 0.19829600000002756 9
1718222152044 0.20599600000002738 10
1718222162072 0.25586100000003853 11
1718222172096 0.263465999999994 12
1718222182126 0.27431400000000394 13
1718222192153 0.28898000000003776 14
1718222202176 0.34425300000003745 15
1718222212204 0.35003399999999374 16
1718222222234 0.37155500000000075 17
1718222232262 0.3744389999999953 18
1718222242290 0.38705000000004475 19
1718222252323 0.4002970000000232 20
1718222262406 0.407730000000015 21
1718222272434 0.4094249999999988 22
1718222282463 0.43280000000004293 23
1718222292497 0.43504400000000487 24
1718222302528 0.442450000000008 25
1718222312555 0.457492000000002 26
1718222322581 0.4627629999999954 27
1718222332607 0.4677920000000313 28
1718222342629 0.4926870000000463 29
1718222352659 0.49359000000004016 30
1718222362684 0.49901400000004514 31
