1718222051800 11656.0 0
1718222061822 12901.3 1
1718222071843 12871.2 2
1718222081862 12847.4 3
1718222091883 12857.0 4
1718222101902 12858.4 5
1718222111924 12877.9 6
1718222121945 12867.9 7
1718222131971 12866.9 8
1718222141997 12841.0 9
1718222152044 12837.0 10
1718222162072 12850.4 11
1718222172096 12871.5 12
1718222182126 12871.8 13
1718222192153 12856.4 14
1718222202176 12870.9 15
1718222212204 12853.9 16
1718222222234 12845.9 17
1718222232262 12847.6 18
1718222242290 12844.8 19
1718222252323 12837.0 20
1718222262406 12837.0 21
1718222272434 12834.5 22
1718222282463 12840.7 23
1718222292497 12832.0 24
1718222302528 12850.8 25
1718222312555 12849.9 26
1718222322581 12839.2 27
1718222332607 12841.1 28
1718222342629 12858.3 29
1718222352659 12853.0 30
1718222362684 12854.2 31
