1718222051800 34.8 0
1718222061822 38.5 1
1718222071843 38.4 2
1718222081862 38.3 3
1718222091883 38.3 4
1718222101902 38.3 5
1718222111924 38.4 6
1718222121945 38.4 7
1718222131971 38.4 8
1718222141997 38.3 9
1718222152044 38.3 10
1718222162072 38.3 11
1718222172096 38.4 12
1718222182126 38.4 13
1718222192153 38.3 14
1718222202176 38.4 15
1718222212204 38.3 16
1718222222234 38.3 17
1718222232262 38.3 18
1718222242290 38.3 19
1718222252323 38.3 20
1718222262406 38.3 21
1718222272434 38.3 22
1718222282463 38.3 23
1718222292497 38.3 24
1718222302528 38.3 25
1718222312555 38.3 26
1718222322581 38.3 27
1718222332607 38.3 28
1718222342629 38.3 29
1718222352659 38.3 30
1718222362684 38.3 31
