1718199675683 14.3 0
1718199685706 7.8 1
1718199695726 6.2 2
1718199705750 6.1 3
1718199715775 6.3 4
1718199725796 6.1 5
1718199735826 6.3 6
1718199745848 6.2 7
1718199755866 6.2 8
1718199765888 6.0 9
1718199775909 6.1 10
1718199785929 6.1 11
1718199795952 5.9 12
1718199805971 6.3 13
1718199815989 6.1 14
1718199826008 6.3 15
1718199836043 6.3 16
1718199846059 6.3 17
1718199856078 6.2 18
1718199866097 6.1 19
1718199876117 6.2 20
1718199886134 6.2 21
1718199896154 6.3 22
1718199906171 6.2 23
1718199916191 6.3 24
1718199926210 6.3 25
1718199936230 6.3 26
1718199946254 6.4 27
1718199956276 6.1 28
1718199966294 6.6 29
1718199976312 6.3 30
1718199986341 6.3 31
1718199996372 6.1 32
1718200006391 6.1 33
1718200016411 6.2 34
1718200026430 6.2 35
1718200036448 6.3 36
1718200046476 6.2 37
1718200056495 6.1 38
1718200066515 6.1 39
1718200076535 6.1 40
1718200086555 6.1 41
1718200096575 6.1 42
1718200106596 6.3 43
1718200116612 6.0 44
1718200126633 6.4 45
1718200136653 6.3 46
1718200146669 6.3 47
1718200156699 6.3 48
1718200166725 6.0 49
1718200176766 6.2 50
1718200186792 6.1 51
1718200196812 6.1 52
1718200206833 6.1 53
1718200216858 6.3 54
1718200226882 6.4 55
1718200236904 6.3 56
1718200246932 6.3 57
1718200256953 6.1 58
1718200266972 6.6 59
1718200277002 6.0 60
1718200287027 6.3 61
1718200297053 6.2 62
1718200307077 6.4 63
1718200317103 6.3 64
1718200327129 6.2 65
1718200337159 6.3 66
1718200347185 6.2 67
1718200357216 6.6 68
1718200367246 6.2 69
1718200377270 6.3 70
1718200387293 6.6 71
1718200397318 6.4 72
1718200407346 6.5 73
1718200417374 7.0 74
1718200427403 6.9 75
1718200437425 6.6 76
1718200447452 6.7 77
1718200457478 6.2 78
1718200467504 6.8 79
1718200477532 6.4 80
1718200487570 6.7 81
1718200497600 7.9 82
1718200507634 9.4 83
1718200517666 10.1 84
1718200527697 10.1 85
1718200537721 10.2 86
1718200547757 10.5 87
1718200557781 10.6 88
1718200567803 10.2 89
1718200577831 9.8 90
1718200587872 6.3 91
1718200597901 6.1 92
1718200607927 6.1 93
1718200617950 6.3 94
1718200627982 6.1 95
1718200638013 6.3 96
1718200648040 6.3 97
1718200658071 6.1 98
1718200668102 6.1 99
1718200678129 6.1 100
1718200688151 6.2 101
1718200698180 6.2 102
1718200708208 6.3 103
1718200718241 6.3 104
1718200728262 6.3 105
1718200738282 6.4 106
1718200748308 6.4 107
1718200758351 6.0 108
1718200768372 6.1 109
1718200778406 6.2 110
1718200788433 6.0 111
1718200798468 6.3 112
1718200808503 6.1 113
1718200818533 6.5 114
1718200828564 6.1 115
1718200838586 6.3 116
1718200848613 6.5 117
1718200858642 6.4 118
1718200868671 6.3 119
1718200878701 6.5 120
1718200888733 6.5 121
1718200898766 6.4 122
1718200908789 6.6 123
1718200918820 6.6 124
1718200928859 6.5 125
1718200938889 6.4 126
1718200948923 6.2 127
1718200958953 6.1 128
1718200968988 6.1 129
1718200979018 6.0 130
1718200989047 6.2 131
1718200999078 6.2 132
1718201009110 6.2 133
1718201019143 6.1 134
1718201029175 6.2 135
1718201039227 6.3 136
1718201049264 6.3 137
1718201059294 6.0 138
1718201069326 6.0 139
1718201079350 6.1 140
1718201089380 6.1 141
1718201099410 6.2 142
1718201109434 6.1 143
1718201119466 6.3 144
1718201129499 6.3 145
1718201139530 6.3 146
1718201149563 6.3 147
1718201159587 6.5 148
1718201169618 6.4 149
1718201179652 6.2 150
1718201189685 6.4 151
1718201199720 6.5 152
1718201209754 6.6 153
1718201219786 6.8 154
1718201229818 6.6 155
1718201239846 7.0 156
1718201249877 6.6 157
1718201259911 6.5 158
1718201269945 6.6 159
1718201279978 6.5 160
1718201290005 6.9 161
1718201300027 6.5 162
1718201310049 10.5 163
1718201320070 10.3 164
1718201330094 10.3 165
1718201340120 10.3 166
