1718199675683 551169.5 0
1718199685706 551170.3 1
1718199695726 551170.3 2
1718199705750 551170.3 3
1718199715775 551170.3 4
1718199725796 551170.3 5
1718199735826 551170.3 6
1718199745848 551170.3 7
1718199755866 551170.3 8
1718199765888 551170.3 9
1718199775909 551170.3 10
1718199785929 551170.3 11
1718199795952 551170.3 12
1718199805971 551170.3 13
1718199815989 551170.3 14
1718199826008 551170.3 15
1718199836043 551170.3 16
1718199846059 551170.3 17
1718199856078 551170.3 18
1718199866097 551170.3 19
1718199876117 551170.3 20
1718199886134 551170.3 21
1718199896154 551170.3 22
1718199906171 551170.3 23
1718199916191 551170.3 24
1718199926210 551170.3 25
1718199936230 551170.3 26
1718199946254 551170.3 27
1718199956276 551170.3 28
1718199966294 551170.3 29
1718199976312 551170.3 30
1718199986341 551170.3 31
1718199996372 551170.3 32
1718200006391 551170.3 33
1718200016411 551170.3 34
1718200026430 551170.3 35
1718200036448 551170.3 36
1718200046476 551170.3 37
1718200056495 551170.3 38
1718200066515 551170.3 39
1718200076535 551170.3 40
1718200086555 551170.3 41
1718200096575 551170.3 42
1718200106596 551170.3 43
1718200116612 551170.3 44
1718200126633 551170.3 45
1718200136653 551170.3 46
1718200146669 551170.3 47
1718200156699 551170.3 48
1718200166725 551170.3 49
1718200176766 551170.3 50
1718200186792 551170.3 51
1718200196812 551170.3 52
1718200206833 551170.3 53
1718200216858 551170.3 54
1718200226882 551170.3 55
1718200236904 551170.3 56
1718200246932 551170.3 57
1718200256953 551170.3 58
1718200266972 551170.3 59
1718200277002 551170.3 60
1718200287027 551170.3 61
1718200297053 551170.3 62
1718200307077 551170.3 63
1718200317103 551170.3 64
1718200327129 551170.3 65
1718200337159 551170.3 66
1718200347185 551170.3 67
1718200357216 551170.3 68
1718200367246 551170.3 69
1718200377270 551170.3 70
1718200387293 551170.3 71
1718200397318 551170.3 72
1718200407346 551170.3 73
1718200417374 551170.3 74
1718200427403 551170.3 75
1718200437425 551170.3 76
1718200447452 551170.3 77
1718200457478 551170.3 78
1718200467504 551170.3 79
1718200477532 551170.3 80
1718200487570 551170.3 81
1718200497600 552180.1 82
1718200507634 552180.1 83
1718200517666 552180.1 84
1718200527697 552180.1 85
1718200537721 552180.1 86
1718200547757 552180.1 87
1718200557781 552180.1 88
1718200567803 552180.1 89
1718200577831 552180.1 90
1718200587872 552180.1 91
1718200597901 552180.1 92
1718200607927 552180.1 93
1718200617950 552180.1 94
1718200627982 552180.1 95
1718200638013 552180.1 96
1718200648040 552180.1 97
1718200658071 552180.1 98
1718200668102 552180.1 99
1718200678129 552180.1 100
1718200688151 552180.1 101
1718200698180 552180.1 102
1718200708208 552180.1 103
1718200718241 552180.1 104
1718200728262 552180.1 105
1718200738282 552180.1 106
1718200748308 552180.1 107
1718200758351 552180.1 108
1718200768372 552180.1 109
1718200778406 552180.1 110
1718200788433 552180.1 111
1718200798468 552180.1 112
1718200808503 552180.1 113
1718200818533 552180.1 114
1718200828564 552180.1 115
1718200838586 552180.1 116
1718200848613 552180.1 117
1718200858642 552180.1 118
1718200868671 552180.1 119
1718200878701 552180.1 120
1718200888733 552180.1 121
1718200898766 552180.1 122
1718200908789 552180.1 123
1718200918820 552180.1 124
1718200928859 552180.1 125
1718200938889 552180.1 126
1718200948923 552180.1 127
1718200958953 552180.1 128
1718200968988 552180.1 129
1718200979018 552180.1 130
1718200989047 552180.1 131
1718200999078 552180.1 132
1718201009110 552180.1 133
1718201019143 552180.1 134
1718201029175 552180.1 135
1718201039227 552180.1 136
1718201049264 552180.1 137
1718201059294 552180.1 138
1718201069326 552180.1 139
1718201079350 552180.1 140
1718201089380 552180.1 141
1718201099410 552180.1 142
1718201109434 552180.1 143
1718201119466 552180.1 144
1718201129499 552180.1 145
1718201139530 552180.1 146
1718201149563 552180.1 147
1718201159587 552180.1 148
1718201169618 552180.1 149
1718201179652 552180.1 150
1718201189685 552180.1 151
1718201199720 552180.1 152
1718201209754 552180.1 153
1718201219786 552180.1 154
1718201229818 552180.1 155
1718201239846 552180.1 156
1718201249877 552180.1 157
1718201259911 552180.1 158
1718201269945 552180.1 159
1718201279978 552180.1 160
1718201290005 552180.1 161
1718201300027 553189.9 162
1718201310049 553189.9 163
1718201320070 553189.9 164
1718201330094 553189.9 165
1718201340120 553189.9 166
