1718199675683 381651.3 0
1718199685706 381650.5 1
1718199695726 381650.5 2
1718199705750 381650.5 3
1718199715775 381650.5 4
1718199725796 381650.5 5
1718199735826 381650.5 6
1718199745848 381650.5 7
1718199755866 381650.5 8
1718199765888 381650.5 9
1718199775909 381650.5 10
1718199785929 381650.5 11
1718199795952 381650.5 12
1718199805971 381650.5 13
1718199815989 381650.5 14
1718199826008 381650.5 15
1718199836043 381650.5 16
1718199846059 381650.5 17
1718199856078 381650.5 18
1718199866097 381650.5 19
1718199876117 381650.5 20
1718199886134 381650.5 21
1718199896154 381650.5 22
1718199906171 381650.5 23
1718199916191 381650.5 24
1718199926210 381650.5 25
1718199936230 381650.5 26
1718199946254 381650.5 27
1718199956276 381650.5 28
1718199966294 381650.5 29
1718199976312 381650.5 30
1718199986341 381650.5 31
1718199996372 381650.5 32
1718200006391 381650.5 33
1718200016411 381650.5 34
1718200026430 381650.5 35
1718200036448 381650.5 36
1718200046476 381650.5 37
1718200056495 381650.5 38
1718200066515 381650.5 39
1718200076535 381650.5 40
1718200086555 381650.5 41
1718200096575 381650.5 42
1718200106596 381650.5 43
1718200116612 381650.5 44
1718200126633 381650.5 45
1718200136653 381650.5 46
1718200146669 381650.5 47
1718200156699 381650.5 48
1718200166725 381650.5 49
1718200176766 381650.5 50
1718200186792 381650.5 51
1718200196812 381650.5 52
1718200206833 381650.5 53
1718200216858 381650.5 54
1718200226882 381650.5 55
1718200236904 381650.5 56
1718200246932 381650.5 57
1718200256953 381650.5 58
1718200266972 381650.5 59
1718200277002 381650.5 60
1718200287027 381650.5 61
1718200297053 381650.5 62
1718200307077 381650.5 63
1718200317103 381650.5 64
1718200327129 381650.5 65
1718200337159 381650.5 66
1718200347185 381650.5 67
1718200357216 381650.5 68
1718200367246 381650.5 69
1718200377270 381650.5 70
1718200387293 381650.5 71
1718200397318 381650.5 72
1718200407346 381650.5 73
1718200417374 381650.5 74
1718200427403 381650.5 75
1718200437425 381650.5 76
1718200447452 381650.5 77
1718200457478 381650.5 78
1718200467504 381650.5 79
1718200477532 381650.5 80
1718200487570 381650.5 81
1718200497600 380640.7 82
1718200507634 380640.7 83
1718200517666 380640.7 84
1718200527697 380640.7 85
1718200537721 380640.7 86
1718200547757 380640.7 87
1718200557781 380640.7 88
1718200567803 380640.7 89
1718200577831 380640.7 90
1718200587872 380640.7 91
1718200597901 380640.7 92
1718200607927 380640.7 93
1718200617950 380640.7 94
1718200627982 380640.7 95
1718200638013 380640.7 96
1718200648040 380640.7 97
1718200658071 380640.7 98
1718200668102 380640.7 99
1718200678129 380640.7 100
1718200688151 380640.7 101
1718200698180 380640.7 102
1718200708208 380640.7 103
1718200718241 380640.7 104
1718200728262 380640.7 105
1718200738282 380640.7 106
1718200748308 380640.7 107
1718200758351 380640.7 108
1718200768372 380640.7 109
1718200778406 380640.7 110
1718200788433 380640.7 111
1718200798468 380640.7 112
1718200808503 380640.7 113
1718200818533 380640.7 114
1718200828564 380640.7 115
1718200838586 380640.7 116
1718200848613 380640.7 117
1718200858642 380640.7 118
1718200868671 380640.7 119
1718200878701 380640.7 120
1718200888733 380640.7 121
1718200898766 380640.7 122
1718200908789 380640.7 123
1718200918820 380640.7 124
1718200928859 380640.7 125
1718200938889 380640.7 126
1718200948923 380640.7 127
1718200958953 380640.7 128
1718200968988 380640.7 129
1718200979018 380640.7 130
1718200989047 380640.7 131
1718200999078 380640.7 132
1718201009110 380640.7 133
1718201019143 380640.7 134
1718201029175 380640.7 135
1718201039227 380640.7 136
1718201049264 380640.7 137
1718201059294 380640.7 138
1718201069326 380640.7 139
1718201079350 380640.7 140
1718201089380 380640.7 141
1718201099410 380640.7 142
1718201109434 380640.7 143
1718201119466 380640.7 144
1718201129499 380640.7 145
1718201139530 380640.7 146
1718201149563 380640.7 147
1718201159587 380640.7 148
1718201169618 380640.7 149
1718201179652 380640.7 150
1718201189685 380640.7 151
1718201199720 380640.7 152
1718201209754 380640.7 153
1718201219786 380640.7 154
1718201229818 380640.7 155
1718201239846 380640.7 156
1718201249877 380640.7 157
1718201259911 380640.7 158
1718201269945 380640.7 159
1718201279978 380640.7 160
1718201290005 380640.7 161
1718201300027 379630.9 162
1718201310049 379630.9 163
1718201320070 379630.9 164
1718201330094 379630.9 165
1718201340120 379630.9 166
