1718199675683 59.1 0
1718199685706 59.1 1
1718199695726 59.1 2
1718199705750 59.1 3
1718199715775 59.1 4
1718199725796 59.1 5
1718199735826 59.1 6
1718199745848 59.1 7
1718199755866 59.1 8
1718199765888 59.1 9
1718199775909 59.1 10
1718199785929 59.1 11
1718199795952 59.1 12
1718199805971 59.1 13
1718199815989 59.1 14
1718199826008 59.1 15
1718199836043 59.1 16
1718199846059 59.1 17
1718199856078 59.1 18
1718199866097 59.1 19
1718199876117 59.1 20
1718199886134 59.1 21
1718199896154 59.1 22
1718199906171 59.1 23
1718199916191 59.1 24
1718199926210 59.1 25
1718199936230 59.1 26
1718199946254 59.1 27
1718199956276 59.1 28
1718199966294 59.1 29
1718199976312 59.1 30
1718199986341 59.1 31
1718199996372 59.1 32
1718200006391 59.1 33
1718200016411 59.1 34
1718200026430 59.1 35
1718200036448 59.1 36
1718200046476 59.1 37
1718200056495 59.1 38
1718200066515 59.1 39
1718200076535 59.1 40
1718200086555 59.1 41
1718200096575 59.1 42
1718200106596 59.1 43
1718200116612 59.1 44
1718200126633 59.1 45
1718200136653 59.1 46
1718200146669 59.1 47
1718200156699 59.1 48
1718200166725 59.1 49
1718200176766 59.1 50
1718200186792 59.1 51
1718200196812 59.1 52
1718200206833 59.1 53
1718200216858 59.1 54
1718200226882 59.1 55
1718200236904 59.1 56
1718200246932 59.1 57
1718200256953 59.1 58
1718200266972 59.1 59
1718200277002 59.1 60
1718200287027 59.1 61
1718200297053 59.1 62
1718200307077 59.1 63
1718200317103 59.1 64
1718200327129 59.1 65
1718200337159 59.1 66
1718200347185 59.1 67
1718200357216 59.1 68
1718200367246 59.1 69
1718200377270 59.1 70
1718200387293 59.1 71
1718200397318 59.1 72
1718200407346 59.1 73
1718200417374 59.1 74
1718200427403 59.1 75
1718200437425 59.1 76
1718200447452 59.1 77
1718200457478 59.1 78
1718200467504 59.1 79
1718200477532 59.1 80
1718200487570 59.1 81
1718200497600 59.2 82
1718200507634 59.2 83
1718200517666 59.2 84
1718200527697 59.2 85
1718200537721 59.2 86
1718200547757 59.2 87
1718200557781 59.2 88
1718200567803 59.2 89
1718200577831 59.2 90
1718200587872 59.2 91
1718200597901 59.2 92
1718200607927 59.2 93
1718200617950 59.2 94
1718200627982 59.2 95
1718200638013 59.2 96
1718200648040 59.2 97
1718200658071 59.2 98
1718200668102 59.2 99
1718200678129 59.2 100
1718200688151 59.2 101
1718200698180 59.2 102
1718200708208 59.2 103
1718200718241 59.2 104
1718200728262 59.2 105
1718200738282 59.2 106
1718200748308 59.2 107
1718200758351 59.2 108
1718200768372 59.2 109
1718200778406 59.2 110
1718200788433 59.2 111
1718200798468 59.2 112
1718200808503 59.2 113
1718200818533 59.2 114
1718200828564 59.2 115
1718200838586 59.2 116
1718200848613 59.2 117
1718200858642 59.2 118
1718200868671 59.2 119
1718200878701 59.2 120
1718200888733 59.2 121
1718200898766 59.2 122
1718200908789 59.2 123
1718200918820 59.2 124
1718200928859 59.2 125
1718200938889 59.2 126
1718200948923 59.2 127
1718200958953 59.2 128
1718200968988 59.2 129
1718200979018 59.2 130
1718200989047 59.2 131
1718200999078 59.2 132
1718201009110 59.2 133
1718201019143 59.2 134
1718201029175 59.2 135
1718201039227 59.2 136
1718201049264 59.2 137
1718201059294 59.2 138
1718201069326 59.2 139
1718201079350 59.2 140
1718201089380 59.2 141
1718201099410 59.2 142
1718201109434 59.2 143
1718201119466 59.2 144
1718201129499 59.2 145
1718201139530 59.2 146
1718201149563 59.2 147
1718201159587 59.2 148
1718201169618 59.2 149
1718201179652 59.2 150
1718201189685 59.2 151
1718201199720 59.2 152
1718201209754 59.2 153
1718201219786 59.2 154
1718201229818 59.2 155
1718201239846 59.2 156
1718201249877 59.2 157
1718201259911 59.2 158
1718201269945 59.2 159
1718201279978 59.2 160
1718201290005 59.2 161
1718201300027 59.3 162
1718201310049 59.3 163
1718201320070 59.3 164
1718201330094 59.3 165
1718201340120 59.3 166
