1718199675683 10.0 0
1718199685706 97.0 1
1718199695726 91.0 2
1718199705750 97.0 3
1718199715775 75.0 4
1718199725796 89.0 5
1718199735826 97.0 6
1718199745848 93.0 7
1718199755866 97.0 8
1718199765888 97.0 9
1718199775909 81.0 10
1718199785929 97.0 11
1718199795952 91.0 12
1718199805971 77.0 13
1718199815989 91.0 14
1718199826008 97.0 15
1718199836043 97.0 16
1718199846059 95.0 17
1718199856078 96.0 18
1718199866097 97.0 19
1718199876117 96.0 20
1718199886134 96.0 21
1718199896154 90.0 22
1718199906171 97.0 23
1718199916191 90.0 24
1718199926210 90.0 25
1718199936230 74.0 26
1718199946254 90.0 27
1718199956276 97.0 28
1718199966294 97.0 29
1718199976312 92.0 30
1718199986341 97.0 31
1718199996372 98.0 32
1718200006391 97.0 33
1718200016411 96.0 34
1718200026430 75.0 35
1718200036448 95.0 36
1718200046476 96.0 37
1718200056495 96.0 38
1718200066515 91.0 39
1718200076535 91.0 40
1718200086555 96.0 41
1718200096575 97.0 42
1718200106596 97.0 43
1718200116612 97.0 44
1718200126633 73.0 45
1718200136653 97.0 46
1718200146669 91.0 47
1718200156699 81.0 48
1718200166725 92.0 49
1718200176766 97.0 50
1718200186792 95.0 51
1718200196812 97.0 52
1718200206833 91.0 53
1718200216858 90.0 54
1718200226882 96.0 55
1718200236904 97.0 56
1718200246932 93.0 57
1718200256953 98.0 58
1718200266972 97.0 59
1718200277002 96.0 60
1718200287027 97.0 61
1718200297053 97.0 62
1718200307077 97.0 63
1718200317103 78.0 64
1718200327129 91.0 65
1718200337159 96.0 66
1718200347185 93.0 67
1718200357216 92.0 68
1718200367246 98.0 69
1718200377270 76.0 70
1718200387293 97.0 71
1718200397318 97.0 72
1718200407346 97.0 73
1718200417374 96.0 74
1718200427403 94.0 75
1718200437425 97.0 76
1718200447452 94.0 77
1718200457478 96.0 78
1718200467504 97.0 79
1718200477532 97.0 80
1718200487570 97.0 81
1718200497600 96.0 82
1718200507634 97.0 83
1718200517666 97.0 84
1718200527697 81.0 85
1718200537721 97.0 86
1718200547757 97.0 87
1718200557781 97.0 88
1718200567803 98.0 89
1718200577831 92.0 90
1718200587872 97.0 91
1718200597901 92.0 92
1718200607927 96.0 93
1718200617950 97.0 94
1718200627982 95.0 95
1718200638013 96.0 96
1718200648040 91.0 97
1718200658071 76.0 98
1718200668102 97.0 99
1718200678129 92.0 100
1718200688151 94.0 101
1718200698180 97.0 102
1718200708208 92.0 103
1718200718241 96.0 104
1718200728262 92.0 105
1718200738282 91.0 106
1718200748308 72.0 107
1718200758351 91.0 108
1718200768372 89.0 109
1718200778406 74.0 110
1718200788433 91.0 111
1718200798468 97.0 112
1718200808503 97.0 113
1718200818533 91.0 114
1718200828564 97.0 115
1718200838586 75.0 116
1718200848613 98.0 117
1718200858642 97.0 118
1718200868671 97.0 119
1718200878701 97.0 120
1718200888733 92.0 121
1718200898766 92.0 122
1718200908789 97.0 123
1718200918820 92.0 124
1718200928859 93.0 125
1718200938889 96.0 126
1718200948923 93.0 127
1718200958953 97.0 128
1718200968988 97.0 129
1718200979018 97.0 130
1718200989047 85.0 131
1718200999078 90.0 132
1718201009110 97.0 133
1718201019143 95.0 134
1718201029175 91.0 135
1718201039227 94.0 136
1718201049264 97.0 137
1718201059294 92.0 138
1718201069326 97.0 139
1718201079350 97.0 140
1718201089380 92.0 141
1718201099410 92.0 142
1718201109434 97.0 143
1718201119466 97.0 144
1718201129499 97.0 145
1718201139530 96.0 146
1718201149563 98.0 147
1718201159587 92.0 148
1718201169618 97.0 149
1718201179652 91.0 150
1718201189685 96.0 151
1718201199720 96.0 152
1718201209754 96.0 153
1718201219786 96.0 154
1718201229818 95.0 155
1718201239846 96.0 156
1718201249877 94.0 157
1718201259911 96.0 158
1718201269945 96.0 159
1718201279978 97.0 160
1718201290005 97.0 161
1718201300027 66.0 162
1718201310049 91.0 163
1718201320070 97.0 164
1718201330094 97.0 165
1718201340120 97.0 166
