1718199675683 56.4 0
1718199685706 71.7 1
1718199695726 74.9 2
1718199705750 74.9 3
1718199715775 74.9 4
1718199725796 74.9 5
1718199735826 74.9 6
1718199745848 74.9 7
1718199755866 74.9 8
1718199765888 74.9 9
1718199775909 74.9 10
1718199785929 74.9 11
1718199795952 75.1 12
1718199805971 75.3 13
1718199815989 75.3 14
1718199826008 75.3 15
1718199836043 75.3 16
1718199846059 75.3 17
1718199856078 75.3 18
1718199866097 75.3 19
1718199876117 75.3 20
1718199886134 75.3 21
1718199896154 75.3 22
1718199906171 75.3 23
1718199916191 75.3 24
1718199926210 75.3 25
1718199936230 75.3 26
1718199946254 75.3 27
1718199956276 75.3 28
1718199966294 75.3 29
1718199976312 75.3 30
1718199986341 75.3 31
1718199996372 75.3 32
1718200006391 75.3 33
1718200016411 75.3 34
1718200026430 75.3 35
1718200036448 75.3 36
1718200046476 75.3 37
1718200056495 75.3 38
1718200066515 75.3 39
1718200076535 75.3 40
1718200086555 75.3 41
1718200096575 75.3 42
1718200106596 75.3 43
1718200116612 75.3 44
1718200126633 75.3 45
1718200136653 75.3 46
1718200146669 75.3 47
1718200156699 75.3 48
1718200166725 75.3 49
1718200176766 75.3 50
1718200186792 75.3 51
1718200196812 75.3 52
1718200206833 75.3 53
1718200216858 75.3 54
1718200226882 75.3 55
1718200236904 75.3 56
1718200246932 75.3 57
1718200256953 75.3 58
1718200266972 75.3 59
1718200277002 75.3 60
1718200287027 75.3 61
1718200297053 75.3 62
1718200307077 75.3 63
1718200317103 75.3 64
1718200327129 75.3 65
1718200337159 75.3 66
1718200347185 75.3 67
1718200357216 75.4 68
1718200367246 75.3 69
1718200377270 75.3 70
1718200387293 75.3 71
1718200397318 75.3 72
1718200407346 75.3 73
1718200417374 75.3 74
1718200427403 75.3 75
1718200437425 75.3 76
1718200447452 75.3 77
1718200457478 75.3 78
1718200467504 75.3 79
1718200477532 75.3 80
1718200487570 75.3 81
1718200497600 75.3 82
1718200507634 75.3 83
1718200517666 75.3 84
1718200527697 75.3 85
1718200537721 75.3 86
1718200547757 75.3 87
1718200557781 75.3 88
1718200567803 75.3 89
1718200577831 75.3 90
1718200587872 75.3 91
1718200597901 75.3 92
1718200607927 75.3 93
1718200617950 75.3 94
1718200627982 75.3 95
1718200638013 75.3 96
1718200648040 75.3 97
1718200658071 75.3 98
1718200668102 75.3 99
1718200678129 75.3 100
1718200688151 75.3 101
1718200698180 75.3 102
1718200708208 75.3 103
1718200718241 75.3 104
1718200728262 75.3 105
1718200738282 75.3 106
1718200748308 75.3 107
1718200758351 75.3 108
1718200768372 75.3 109
1718200778406 75.3 110
1718200788433 75.3 111
1718200798468 75.3 112
1718200808503 75.3 113
1718200818533 75.3 114
1718200828564 75.3 115
1718200838586 75.3 116
1718200848613 75.3 117
1718200858642 75.3 118
1718200868671 75.3 119
1718200878701 75.3 120
1718200888733 75.3 121
1718200898766 75.3 122
1718200908789 75.3 123
1718200918820 75.3 124
1718200928859 75.3 125
1718200938889 75.3 126
1718200948923 75.3 127
1718200958953 75.3 128
1718200968988 75.3 129
1718200979018 75.3 130
1718200989047 75.3 131
1718200999078 75.3 132
1718201009110 75.3 133
1718201019143 75.3 134
1718201029175 75.3 135
1718201039227 75.3 136
1718201049264 75.3 137
1718201059294 75.3 138
1718201069326 75.3 139
1718201079350 75.3 140
1718201089380 75.3 141
1718201099410 75.3 142
1718201109434 75.3 143
1718201119466 75.3 144
1718201129499 75.3 145
1718201139530 75.3 146
1718201149563 75.3 147
1718201159587 75.3 148
1718201169618 75.3 149
1718201179652 75.3 150
1718201189685 75.3 151
1718201199720 75.3 152
1718201209754 75.3 153
1718201219786 75.3 154
1718201229818 75.3 155
1718201239846 75.3 156
1718201249877 75.3 157
1718201259911 75.3 158
1718201269945 75.3 159
1718201279978 75.3 160
1718201290005 75.3 161
1718201300027 75.3 162
1718201310049 75.3 163
1718201320070 75.3 164
1718201330094 75.3 165
1718201340120 75.3 166
