1718199675683 7263.9 0
1718199685706 9233.0 1
1718199695726 9652.4 2
1718199705750 9652.4 3
1718199715775 9652.4 4
1718199725796 9652.4 5
1718199735826 9652.4 6
1718199745848 9652.4 7
1718199755866 9652.4 8
1718199765888 9652.4 9
1718199775909 9652.4 10
1718199785929 9652.4 11
1718199795952 9673.4 12
1718199805971 9700.6 13
1718199815989 9700.6 14
1718199826008 9700.6 15
1718199836043 9700.6 16
1718199846059 9700.6 17
1718199856078 9700.6 18
1718199866097 9700.6 19
1718199876117 9700.6 20
1718199886134 9700.6 21
1718199896154 9696.4 22
1718199906171 9696.4 23
1718199916191 9696.4 24
1718199926210 9696.4 25
1718199936230 9696.4 26
1718199946254 9696.4 27
1718199956276 9696.4 28
1718199966294 9696.4 29
1718199976312 9696.4 30
1718199986341 9696.4 31
1718199996372 9696.4 32
1718200006391 9696.4 33
1718200016411 9696.4 34
1718200026430 9696.4 35
1718200036448 9696.4 36
1718200046476 9696.4 37
1718200056495 9696.4 38
1718200066515 9696.4 39
1718200076535 9696.4 40
1718200086555 9696.4 41
1718200096575 9696.4 42
1718200106596 9696.4 43
1718200116612 9696.4 44
1718200126633 9696.4 45
1718200136653 9696.4 46
1718200146669 9696.4 47
1718200156699 9696.4 48
1718200166725 9696.4 49
1718200176766 9696.4 50
1718200186792 9696.4 51
1718200196812 9696.4 52
1718200206833 9696.4 53
1718200216858 9696.4 54
1718200226882 9696.4 55
1718200236904 9696.4 56
1718200246932 9696.4 57
1718200256953 9696.4 58
1718200266972 9696.4 59
1718200277002 9696.4 60
1718200287027 9696.4 61
1718200297053 9696.4 62
1718200307077 9696.4 63
1718200317103 9696.4 64
1718200327129 9696.4 65
1718200337159 9696.4 66
1718200347185 9696.4 67
1718200357216 9715.5 68
1718200367246 9702.9 69
1718200377270 9702.9 70
1718200387293 9702.9 71
1718200397318 9702.9 72
1718200407346 9702.9 73
1718200417374 9702.9 74
1718200427403 9702.9 75
1718200437425 9702.9 76
1718200447452 9702.9 77
1718200457478 9702.9 78
1718200467504 9702.9 79
1718200477532 9702.9 80
1718200487570 9702.9 81
1718200497600 9700.9 82
1718200507634 9700.9 83
1718200517666 9700.9 84
1718200527697 9700.9 85
1718200537721 9700.9 86
1718200547757 9700.9 87
1718200557781 9700.9 88
1718200567803 9700.9 89
1718200577831 9700.9 90
1718200587872 9700.9 91
1718200597901 9700.9 92
1718200607927 9700.9 93
1718200617950 9700.9 94
1718200627982 9700.9 95
1718200638013 9700.9 96
1718200648040 9700.9 97
1718200658071 9700.9 98
1718200668102 9700.9 99
1718200678129 9700.9 100
1718200688151 9700.9 101
1718200698180 9700.9 102
1718200708208 9700.9 103
1718200718241 9700.9 104
1718200728262 9700.9 105
1718200738282 9700.9 106
1718200748308 9700.9 107
1718200758351 9700.9 108
1718200768372 9700.9 109
1718200778406 9700.9 110
1718200788433 9700.9 111
1718200798468 9696.4 112
1718200808503 9696.4 113
1718200818533 9696.4 114
1718200828564 9696.4 115
1718200838586 9696.4 116
1718200848613 9696.4 117
1718200858642 9696.4 118
1718200868671 9696.4 119
1718200878701 9696.4 120
1718200888733 9696.4 121
1718200898766 9696.4 122
1718200908789 9696.4 123
1718200918820 9696.4 124
1718200928859 9696.4 125
1718200938889 9696.4 126
1718200948923 9696.4 127
1718200958953 9696.4 128
1718200968988 9696.4 129
1718200979018 9696.4 130
1718200989047 9696.4 131
1718200999078 9696.4 132
1718201009110 9696.4 133
1718201019143 9696.4 134
1718201029175 9696.4 135
1718201039227 9696.4 136
1718201049264 9696.4 137
1718201059294 9696.4 138
1718201069326 9696.4 139
1718201079350 9696.4 140
1718201089380 9696.4 141
1718201099410 9696.4 142
1718201109434 9696.4 143
1718201119466 9696.4 144
1718201129499 9696.4 145
1718201139530 9696.4 146
1718201149563 9696.4 147
1718201159587 9696.4 148
1718201169618 9696.4 149
1718201179652 9696.4 150
1718201189685 9696.4 151
1718201199720 9696.4 152
1718201209754 9696.4 153
1718201219786 9696.4 154
1718201229818 9696.4 155
1718201239846 9696.4 156
1718201249877 9696.4 157
1718201259911 9696.4 158
1718201269945 9696.4 159
1718201279978 9696.4 160
1718201290005 9696.4 161
1718201300027 9696.4 162
1718201310049 9696.4 163
1718201320070 9696.4 164
1718201330094 9696.4 165
1718201340120 9696.4 166
