1718199675683 0.0 0
1718199685706 0.000232000000323751 1
1718199695726 0.000232000000323751 2
1718199705750 0.000232000000323751 3
1718199715775 0.00029799999902024865 4
1718199725796 0.0003639999995357357 5
1718199735826 0.005401000000347267 6
1718199745848 0.005401000000347267 7
1718199755866 0.005401000000347267 8
1718199765888 0.005532999999559252 9
1718199775909 0.0055929999998625135 10
1718199785929 0.0055929999998625135 11
1718199795952 0.00977699999930337 12
1718199805971 0.009962999998606392 13
1718199815989 0.009962999998606392 14
1718199826008 0.009962999998606392 15
1718199836043 0.009962999998606392 16
1718199846059 0.009962999998606392 17
1718199856078 0.014306999999462278 18
1718199866097 0.014306999999462278 19
1718199876117 0.014306999999462278 20
1718199886134 0.014306999999462278 21
1718199896154 0.014522999999826425 22
1718199906171 0.014522999999826425 23
1718199916191 0.018862999999328167 24
1718199926210 0.018862999999328167 25
1718199936230 0.018862999999328167 26
1718199946254 0.01995100000021921 27
1718199956276 0.01995100000021921 28
1718199966294 0.01995100000021921 29
1718199976312 0.04243599999972503 30
1718199986341 0.042767999999341555 31
1718199996372 0.042767999999341555 32
1718200006391 0.042767999999341555 33
1718200016411 0.04289999999855354 34
1718200026430 0.04289999999855354 35
1718200036448 0.047837000000072294 36
1718200046476 0.047837000000072294 37
1718200056495 0.047837000000072294 38
1718200066515 0.04796899999928428 39
1718200076535 0.04796899999928428 40
1718200086555 0.04796899999928428 41
1718200096575 0.0522129999990284 42
1718200106596 0.05238899999858404 43
1718200116612 0.05238899999858404 44
1718200126633 0.05238899999858404 45
1718200136653 0.05238899999858404 46
1718200146669 0.05238899999858404 47
1718200156699 0.05657299999984389 48
1718200166725 0.05657299999984389 49
1718200176766 0.05657299999984389 50
1718200186792 0.05657299999984389 51
1718200196812 0.056778999998641666 52
1718200206833 0.056778999998641666 53
1718200216858 0.06096299999990151 54
1718200226882 0.06096299999990151 55
1718200236904 0.08182599999963713 56
1718200246932 0.08285400000022491 57
1718200256953 0.08285400000022491 58
1718200266972 0.08285400000022491 59
1718200277002 0.1123329999991256 60
1718200287027 0.11256499999944936 61
1718200297053 0.11256499999944936 62
1718200307077 0.11256499999944936 63
1718200317103 0.11269699999866134 64
1718200327129 0.11282299999948009 65
1718200337159 0.1177559999996447 66
1718200347185 0.11855999999897904 67
1718200357216 0.1186199999992823 68
1718200367246 0.11891800000012154 69
1718200377270 0.11891800000012154 70
1718200387293 0.11909000000014203 71
1718200397318 0.12322200000016892 72
1718200407346 0.12341399999968417 73
1718200417374 0.12341399999968417 74
1718200427403 0.12341399999968417 75
1718200437425 0.12341399999968417 76
1718200447452 0.12546999999904074 77
1718200457478 0.12759799999912502 78
1718200467504 0.12759799999912502 79
1718200477532 0.12759799999912502 80
1718200487570 0.1276980000002368 81
1718200497600 0.13795500000014727 82
1718200507634 0.14001099999950384 83
1718200517666 0.14213899999958812 84
1718200527697 0.14213899999958812 85
1718200537721 0.14213899999958812 86
1718200547757 0.14322699999866018 87
1718200557781 0.14322699999866018 88
1718200567803 0.14528299999983574 89
1718200577831 0.16616999999860127 90
1718200587872 0.16640199999892502 91
1718200597901 0.16640199999892502 92
1718200607927 0.16646199999922828 93
1718200617950 0.16662799999903655 94
1718200627982 0.1687499999989086 95
1718200638013 0.1716309999992518 96
1718200648040 0.1716309999992518 97
1718200658071 0.1716309999992518 98
1718200668102 0.17182299999876705 99
1718200678129 0.17182299999876705 100
1718200688151 0.1738789999999426 101
1718200698180 0.17606700000033015 102
1718200708208 0.1761929999993299 103
1718200718241 0.1761929999993299 104
1718200728262 0.1761929999993299 105
1718200738282 0.17650899999898684 106
1718200748308 0.1785650000001624 107
1718200758351 0.18069300000024668 108
1718200768372 0.18069300000024668 109
1718200778406 0.18069300000024668 110
1718200788433 0.18069300000024668 111
1718200798468 0.18075299999873096 112
1718200808503 0.1849369999999908 113
1718200818533 0.1849369999999908 114
1718200828564 0.1849369999999908 115
1718200838586 0.1849369999999908 116
1718200848613 0.18602499999906286 117
1718200858642 0.18608499999936612 118
1718200868671 0.19852299999911338 119
1718200878701 0.22991699999874982 120
1718200888733 0.23601499999858788 121
1718200898766 0.24239999999917927 122
1718200908789 0.24272099999870989 123
1718200918820 0.24278699999922537 124
1718200928859 0.24703699999918172 125
1718200938889 0.2478559999999561 126
1718200948923 0.2478559999999561 127
1718200958953 0.2478559999999561 128
1718200968988 0.2479879999991681 129
1718200979018 0.2479879999991681 130
1718200989047 0.25222199999916484 131
1718200999078 0.25222199999916484 132
1718201009110 0.25272899999981746 133
1718201019143 0.25272899999981746 134
1718201029175 0.2532329999994545 135
1718201039227 0.2532329999994545 136
1718201049264 0.25741699999889534 137
1718201059294 0.2574769999991986 138
1718201069326 0.2574769999991986 139
1718201079350 0.2574769999991986 140
1718201089380 0.2574769999991986 141
1718201099410 0.2574769999991986 142
1718201109434 0.26166099999863945 143
1718201119466 0.2617609999997512 144
1718201129499 0.2617609999997512 145
1718201139530 0.340277999999671 146
1718201149563 0.3413060000002588 147
1718201159587 0.3413060000002588 148
1718201169618 0.4325479999988602 149
1718201179652 0.4582849999987957 150
1718201189685 0.45851699999911943 151
1718201199720 0.45851699999911943 152
1718201209754 0.45851699999911943 153
1718201219786 0.45877499999915017 154
1718201229818 0.46332499999880383 155
1718201239846 0.46405400000003283 156
1718201249877 0.4642939999994269 157
1718201259911 0.4645939999991242 158
1718201269945 0.46485199999915494 159
1718201279978 0.46485199999915494 160
1718201290005 0.4690359999985958 161
1718201300027 0.4782979999999952 162
1718201310049 0.4783639999986917 163
1718201320070 0.4783639999986917 164
1718201330094 0.4783639999986917 165
1718201340120 0.4783639999986917 166
