1718199675683 0.0 0
1718199685706 0.00031800000004977846 1
1718199695726 0.00031800000004977846 2
1718199705750 0.0004040000000031796 3
1718199715775 0.0004900000000134241 4
1718199725796 0.0005760000000236687 5
1718199735826 0.0055650000000468935 6
1718199745848 0.0055650000000468935 7
1718199755866 0.0055650000000468935 8
1718199765888 0.005737000000010539 9
1718199775909 0.0057990000000245345 10
1718199785929 0.0057990000000245345 11
1718199795952 0.009983000000033826 12
1718199805971 0.010131000000001222 13
1718199815989 0.010131000000001222 14
1718199826008 0.010131000000001222 15
1718199836043 0.010131000000001222 16
1718199846059 0.010217000000011467 17
1718199856078 0.014463000000034754 18
1718199866097 0.014537000000018452 19
1718199876117 0.014537000000018452 20
1718199886134 0.014537000000018452 21
1718199896154 0.014857000000006337 22
1718199906171 0.014857000000006337 23
1718199916191 0.019213000000036118 24
1718199926210 0.019213000000036118 25
1718199936230 0.019299000000046362 26
1718199946254 0.02025700000001507 27
1718199956276 0.02025700000001507 28
1718199966294 0.02025700000001507 29
1718199976312 0.03413700000004383 30
1718199986341 0.03445500000003676 31
1718199996372 0.03452900000002046 32
1718200006391 0.034615000000030705 33
1718200016411 0.034787000000051194 34
1718200026430 0.034787000000051194 35
1718200036448 0.03970200000003388 36
1718200046476 0.03970200000003388 37
1718200056495 0.03970200000003388 38
1718200066515 0.03987399999999752 39
1718200076535 0.03987399999999752 40
1718200086555 0.03987399999999752 41
1718200096575 0.044058000000006814 42
1718200106596 0.04428000000001475 43
1718200116612 0.04428000000001475 44
1718200126633 0.04428000000001475 45
1718200136653 0.04428000000001475 46
1718200146669 0.044366000000025 47
1718200156699 0.04855000000003429 48
1718200166725 0.04855000000003429 49
1718200176766 0.04855000000003429 50
1718200186792 0.04855000000003429 51
1718200196812 0.048844000000030974 52
1718200206833 0.048844000000030974 53
1718200216858 0.053028000000040265 54
1718200226882 0.053028000000040265 55
1718200236904 0.06366100000002461 56
1718200246932 0.06455700000003617 57
1718200256953 0.06455700000003617 58
1718200266972 0.06455700000003617 59
1718200277002 0.08054100000003928 60
1718200287027 0.08085900000003221 61
1718200297053 0.08085900000003221 62
1718200307077 0.08094500000004246 63
1718200317103 0.0811170000000061 64
1718200327129 0.08126500000003034 65
1718200337159 0.08618000000001302 66
1718200347185 0.08624200000002702 67
1718200357216 0.08624200000002702 68
1718200367246 0.08657400000004145 69
1718200377270 0.08657400000004145 70
1718200387293 0.0867460000000051 71
1718200397318 0.09075800000005074 72
1718200407346 0.09099200000002838 73
1718200417374 0.09099200000002838 74
1718200427403 0.09099200000002838 75
1718200437425 0.09099200000002838 76
1718200447452 0.09322000000003072 77
1718200457478 0.09534800000000132 78
1718200467504 0.09534800000000132 79
1718200477532 0.09534800000000132 80
1718200487570 0.09534800000000132 81
1718200497600 0.0988060000000246 82
1718200507634 0.10086200000000645 83
1718200517666 0.10299000000003389 84
1718200527697 0.10299000000003389 85
1718200537721 0.10316199999999753 86
1718200547757 0.10412000000002308 87
1718200557781 0.10412000000002308 88
1718200567803 0.10617600000000493 89
1718200577831 0.1187500000000341 90
1718200587872 0.11915400000003729 91
1718200597901 0.11915400000003729 92
1718200607927 0.11938800000001493 93
1718200617950 0.11954800000000887 94
1718200627982 0.12169000000000096 95
1718200638013 0.1245490000000018 96
1718200648040 0.12463500000001204 97
1718200658071 0.12463500000001204 98
1718200668102 0.12486900000004653 99
1718200678129 0.12486900000004653 100
1718200688151 0.12692500000002838 101
1718200698180 0.12905299999999897 102
1718200708208 0.12920100000002321 103
1718200718241 0.12920100000002321 104
1718200728262 0.12920100000002321 105
1718200738282 0.12943500000000085 106
1718200748308 0.1316510000000335 107
1718200758351 0.1337790000000041 108
1718200768372 0.1337790000000041 109
1718200778406 0.1337790000000041 110
1718200788433 0.1337790000000041 111
1718200798468 0.13392700000002833 112
1718200808503 0.13811100000003762 113
1718200818533 0.13811100000003762 114
1718200828564 0.13811100000003762 115
1718200838586 0.13819700000004786 116
1718200848613 0.13915500000001657 117
1718200858642 0.13915500000001657 118
1718200868671 0.14669500000002245 119
1718200878701 0.1694320000000289 120
1718200888733 0.17974200000003293 121
1718200898766 0.18372700000003306 122
1718200908789 0.18421299999999974 123
1718200918820 0.18429900000000998 124
1718200928859 0.18856900000002952 125
1718200938889 0.1894720000000234 126
1718200948923 0.1894720000000234 127
1718200958953 0.1894720000000234 128
1718200968988 0.1896440000000439 129
1718200979018 0.1896440000000439 130
1718200989047 0.19382799999999634 131
1718200999078 0.19390200000003688 132
1718201009110 0.1945360000000278 133
1718201019143 0.1945360000000278 134
1718201029175 0.1945360000000278 135
1718201039227 0.1945360000000278 136
1718201049264 0.19880600000004733 137
1718201059294 0.19886800000000449 138
1718201069326 0.19886800000000449 139
1718201079350 0.19886800000000449 140
1718201089380 0.19886800000000449 141
1718201099410 0.19903600000003507 142
1718201109434 0.20322000000004437 143
1718201119466 0.20329400000002806 144
1718201129499 0.20329400000002806 145
1718201139530 0.23857900000001564 146
1718201149563 0.2394750000000272 147
1718201159587 0.2394750000000272 148
1718201169618 0.2622060000000488 149
1718201179652 0.27381400000001577 150
1718201189685 0.2741320000000087 151
1718201199720 0.2741320000000087 152
1718201209754 0.27421800000001895 153
1718201219786 0.27453800000000683 154
1718201229818 0.2791950000000156 155
1718201239846 0.27960100000001376 156
1718201249877 0.2798230000000217 157
1718201259911 0.2798850000000357 158
1718201269945 0.2802050000000236 159
1718201279978 0.2802050000000236 160
1718201290005 0.28438900000003287 161
1718201300027 0.2873310000000515 162
1718201310049 0.2874170000000049 163
1718201320070 0.2874170000000049 164
1718201330094 0.2874170000000049 165
1718201340120 0.2874170000000049 166
