1718199675683 6917.2 0
1718199685706 8228.8 1
1718199695726 8232.8 2
1718199705750 8231.7 3
1718199715775 8234.3 4
1718199725796 8237.2 5
1718199735826 8239.0 6
1718199745848 8240.6 7
1718199755866 8238.4 8
1718199765888 8242.9 9
1718199775909 8235.7 10
1718199785929 8243.1 11
1718199795952 8227.8 12
1718199805971 8239.4 13
1718199815989 8236.2 14
1718199826008 8245.6 15
1718199836043 8236.7 16
1718199846059 8241.3 17
1718199856078 8251.0 18
1718199866097 8244.3 19
1718199876117 8246.4 20
1718199886134 8243.4 21
1718199896154 8253.2 22
1718199906171 8245.1 23
1718199916191 8249.4 24
1718199926210 8247.2 25
1718199936230 8240.6 26
1718199946254 8251.6 27
1718199956276 8250.0 28
1718199966294 8247.2 29
1718199976312 8250.4 30
1718199986341 8247.1 31
1718199996372 8238.5 32
1718200006391 8235.6 33
1718200016411 8238.1 34
1718200026430 8238.5 35
1718200036448 8246.8 36
1718200046476 8238.1 37
1718200056495 8240.3 38
1718200066515 8239.2 39
1718200076535 8241.9 40
1718200086555 8246.1 41
1718200096575 8243.1 42
1718200106596 8246.6 43
1718200116612 8249.4 44
1718200126633 8243.0 45
1718200136653 8248.7 46
1718200146669 8246.2 47
1718200156699 8243.0 48
1718200166725 8238.9 49
1718200176766 8253.8 50
1718200186792 8247.9 51
1718200196812 8247.4 52
1718200206833 8239.5 53
1718200216858 8238.1 54
1718200226882 8244.0 55
1718200236904 8239.7 56
1718200246932 8240.9 57
1718200256953 8238.9 58
1718200266972 8247.7 59
1718200277002 8244.5 60
1718200287027 8247.9 61
1718200297053 8226.4 62
1718200307077 8241.8 63
1718200317103 8249.5 64
1718200327129 8235.5 65
1718200337159 8244.9 66
1718200347185 8244.6 67
1718200357216 8256.1 68
1718200367246 8247.1 69
1718200377270 8245.8 70
1718200387293 8345.0 71
1718200397318 8345.8 72
1718200407346 8342.4 73
1718200417374 8326.4 74
1718200427403 8336.7 75
1718200437425 8338.2 76
1718200447452 8348.4 77
1718200457478 8347.5 78
1718200467504 8337.8 79
1718200477532 8334.9 80
1718200487570 8338.4 81
1718200497600 9404.7 82
1718200507634 9402.7 83
1718200517666 9417.2 84
1718200527697 9412.5 85
1718200537721 9413.8 86
1718200547757 9424.0 87
1718200557781 9424.2 88
1718200567803 9412.6 89
1718200577831 9416.4 90
1718200587872 9421.0 91
1718200597901 9415.7 92
1718200607927 9386.7 93
1718200617950 9397.4 94
1718200627982 9389.8 95
1718200638013 9394.6 96
1718200648040 9385.4 97
1718200658071 9394.3 98
1718200668102 9398.1 99
1718200678129 9391.4 100
1718200688151 9400.5 101
1718200698180 9400.8 102
1718200708208 9400.2 103
1718200718241 9408.5 104
1718200728262 9407.2 105
1718200738282 9395.3 106
1718200748308 9402.4 107
1718200758351 9398.9 108
1718200768372 9398.0 109
1718200778406 9398.0 110
1718200788433 9398.6 111
1718200798468 9400.8 112
1718200808503 9407.0 113
1718200818533 9407.0 114
1718200828564 9408.7 115
1718200838586 9406.4 116
1718200848613 9397.3 117
1718200858642 9416.6 118
1718200868671 9407.4 119
1718200878701 9399.7 120
1718200888733 9401.0 121
1718200898766 9393.7 122
1718200908789 9393.3 123
1718200918820 9399.2 124
1718200928859 9410.8 125
1718200938889 9402.6 126
1718200948923 9394.2 127
1718200958953 9394.9 128
1718200968988 9389.6 129
1718200979018 9392.7 130
1718200989047 9397.4 131
1718200999078 9393.8 132
1718201009110 9403.0 133
1718201019143 9392.2 134
1718201029175 9404.1 135
1718201039227 9400.2 136
1718201049264 9403.5 137
1718201059294 9399.0 138
1718201069326 9397.1 139
1718201079350 9400.0 140
1718201089380 9393.6 141
1718201099410 9401.1 142
1718201109434 9404.5 143
1718201119466 9411.2 144
1718201129499 9405.4 145
1718201139530 9401.5 146
1718201149563 9405.6 147
1718201159587 9416.6 148
1718201169618 9401.5 149
1718201179652 9389.0 150
1718201189685 9403.5 151
1718201199720 9404.6 152
1718201209754 9412.0 153
1718201219786 9409.4 154
1718201229818 9416.1 155
1718201239846 9396.4 156
1718201249877 9419.3 157
1718201259911 9408.8 158
1718201269945 9412.1 159
1718201279978 9411.6 160
1718201290005 9407.2 161
1718201300027 9431.1 162
1718201310049 9417.7 163
1718201320070 9411.6 164
1718201330094 9412.4 165
1718201340120 9431.9 166
