1718199675683 20.6 0
1718199685706 24.5 1
1718199695726 24.5 2
1718199705750 24.5 3
1718199715775 24.6 4
1718199725796 24.6 5
1718199735826 24.6 6
1718199745848 24.6 7
1718199755866 24.6 8
1718199765888 24.6 9
1718199775909 24.6 10
1718199785929 24.6 11
1718199795952 24.5 12
1718199805971 24.6 13
1718199815989 24.6 14
1718199826008 24.6 15
1718199836043 24.6 16
1718199846059 24.6 17
1718199856078 24.6 18
1718199866097 24.6 19
1718199876117 24.6 20
1718199886134 24.6 21
1718199896154 24.6 22
1718199906171 24.6 23
1718199916191 24.6 24
1718199926210 24.6 25
1718199936230 24.6 26
1718199946254 24.6 27
1718199956276 24.6 28
1718199966294 24.6 29
1718199976312 24.6 30
1718199986341 24.6 31
1718199996372 24.6 32
1718200006391 24.6 33
1718200016411 24.6 34
1718200026430 24.6 35
1718200036448 24.6 36
1718200046476 24.6 37
1718200056495 24.6 38
1718200066515 24.6 39
1718200076535 24.6 40
1718200086555 24.6 41
1718200096575 24.6 42
1718200106596 24.6 43
1718200116612 24.6 44
1718200126633 24.6 45
1718200136653 24.6 46
1718200146669 24.6 47
1718200156699 24.6 48
1718200166725 24.6 49
1718200176766 24.6 50
1718200186792 24.6 51
1718200196812 24.6 52
1718200206833 24.6 53
1718200216858 24.6 54
1718200226882 24.6 55
1718200236904 24.6 56
1718200246932 24.6 57
1718200256953 24.6 58
1718200266972 24.6 59
1718200277002 24.6 60
1718200287027 24.6 61
1718200297053 24.5 62
1718200307077 24.6 63
1718200317103 24.6 64
1718200327129 24.6 65
1718200337159 24.6 66
1718200347185 24.6 67
1718200357216 24.6 68
1718200367246 24.6 69
1718200377270 24.6 70
1718200387293 24.9 71
1718200397318 24.9 72
1718200407346 24.9 73
1718200417374 24.8 74
1718200427403 24.9 75
1718200437425 24.9 76
1718200447452 24.9 77
1718200457478 24.9 78
1718200467504 24.9 79
1718200477532 24.9 80
1718200487570 24.9 81
1718200497600 28.0 82
1718200507634 28.0 83
1718200517666 28.1 84
1718200527697 28.1 85
1718200537721 28.1 86
1718200547757 28.1 87
1718200557781 28.1 88
1718200567803 28.1 89
1718200577831 28.1 90
1718200587872 28.1 91
1718200597901 28.1 92
1718200607927 28.0 93
1718200617950 28.0 94
1718200627982 28.0 95
1718200638013 28.0 96
1718200648040 28.0 97
1718200658071 28.0 98
1718200668102 28.0 99
1718200678129 28.0 100
1718200688151 28.0 101
1718200698180 28.0 102
1718200708208 28.0 103
1718200718241 28.1 104
1718200728262 28.1 105
1718200738282 28.0 106
1718200748308 28.0 107
1718200758351 28.0 108
1718200768372 28.0 109
1718200778406 28.0 110
1718200788433 28.0 111
1718200798468 28.0 112
1718200808503 28.0 113
1718200818533 28.0 114
1718200828564 28.1 115
1718200838586 28.0 116
1718200848613 28.0 117
1718200858642 28.1 118
1718200868671 28.1 119
1718200878701 28.0 120
1718200888733 28.0 121
1718200898766 28.0 122
1718200908789 28.0 123
1718200918820 28.0 124
1718200928859 28.1 125
1718200938889 28.0 126
1718200948923 28.0 127
1718200958953 28.0 128
1718200968988 28.0 129
1718200979018 28.0 130
1718200989047 28.0 131
1718200999078 28.0 132
1718201009110 28.0 133
1718201019143 28.0 134
1718201029175 28.0 135
1718201039227 28.0 136
1718201049264 28.0 137
1718201059294 28.0 138
1718201069326 28.0 139
1718201079350 28.0 140
1718201089380 28.0 141
1718201099410 28.0 142
1718201109434 28.0 143
1718201119466 28.1 144
1718201129499 28.0 145
1718201139530 28.0 146
1718201149563 28.0 147
1718201159587 28.1 148
1718201169618 28.0 149
1718201179652 28.0 150
1718201189685 28.0 151
1718201199720 28.0 152
1718201209754 28.1 153
1718201219786 28.1 154
1718201229818 28.1 155
1718201239846 28.0 156
1718201249877 28.1 157
1718201259911 28.1 158
1718201269945 28.1 159
1718201279978 28.1 160
1718201290005 28.1 161
1718201300027 28.1 162
1718201310049 28.1 163
1718201320070 28.1 164
1718201330094 28.1 165
1718201340120 28.1 166
