1717918958337 0.02 100
1717918975257 0.04 200
1717918992228 0.05 300
1717919009201 0.07 400
1717919026181 0.09 500
1717919043201 0.11 600
1717919060209 0.12 700
1717919077210 0.14 800
1717919094220 0.16 900
1717919111273 0.18 1000
1717919123169 0.18 1000
1717919140215 0.19 1100
1717919157220 0.21 1200
1717919174221 0.23 1300
1717919191226 0.25 1400
1717919208233 0.26 1500
1717919225256 0.28 1600
1717919242279 0.3 1700
1717919259277 0.32 1800
1717919276290 0.33 1900
1717919293312 0.35 2000
1717919305212 0.35 2000
1717919322270 0.37 2100
1717919339275 0.39 2200
1717919356276 0.4 2300
1717919373286 0.42 2400
1717919390321 0.44 2500
1717919407349 0.46 2600
1717919424378 0.47 2700
1717919441415 0.49 2800
1717919458443 0.51 2900
1717919475468 0.53 3000
1717919487353 0.53 3000
1717919506383 0.54 3100
1717919523434 0.56 3200
1717919540471 0.58 3300
1717919557523 0.6 3400
1717919574548 0.61 3500
1717919591574 0.63 3600
1717919608606 0.65 3700
1717919625609 0.67 3800
1717919642615 0.68 3900
1717919659643 0.7 4000
1717919671530 0.7 4000
1717919688567 0.72 4100
1717919705586 0.74 4200
1717919722626 0.75 4300
1717919739673 0.77 4400
1717919756726 0.79 4500
1717919773778 0.81 4600
1717919790807 0.82 4700
1717919807859 0.84 4800
1717919824882 0.86 4900
1717919841911 0.88 5000
1717919853819 0.88 5000
1717919870851 0.89 5100
1717919887876 0.91 5200
1717919904907 0.93 5300
1717919921913 0.95 5400
1717919938934 0.96 5500
1717919955979 0.98 5600
1717919973000 1.0 5700
1717919992526 1.02 5800
1717920009543 1.03 5900
1717920026576 1.05 6000
1717920038471 1.05 6000
1717920057455 1.07 6100
1717920074513 1.09 6200
1717920091550 1.1 6300
1717920108593 1.12 6400
1717920125602 1.14 6500
1717920142622 1.16 6600
1717920159626 1.18 6700
1717920176663 1.19 6800
1717920193715 1.21 6900
1717920210768 1.23 7000
1717920222653 1.23 7000
1717920239719 1.25 7100
1717920256773 1.26 7200
1717920273844 1.28 7300
1717920290900 1.3 7400
1717920307958 1.32 7500
1717920324997 1.33 7600
1717920342020 1.35 7700
1717920359056 1.37 7800
1717920376088 1.39 7900
1717920393135 1.4 8000
1717920405032 1.4 8000
1717920422085 1.42 8100
1717920439138 1.44 8200
1717920456187 1.46 8300
1717920473253 1.47 8400
1717920490305 1.49 8500
1717920507383 1.51 8600
1717920524466 1.53 8700
1717920541549 1.54 8800
1717920558637 1.56 8900
1717920575698 1.58 9000
1717920587591 1.58 9000
1717920606617 1.6 9100
1717920623705 1.61 9200
1717920640793 1.63 9300
1717920657872 1.65 9400
1717920674922 1.67 9500
1717920691966 1.68 9600
1717920709036 1.7 9700
1717920726085 1.72 9800
1717920743135 1.74 9900
1717920760203 1.75 10000
1717920772081 1.75 10000
1717920789134 1.77 10100
1717920806160 1.79 10200
1717920823176 1.81 10300
1717920840191 1.82 10400
1717920857200 1.84 10500
1717920874202 1.86 10600
1717920891226 1.88 10700
1717920908278 1.89 10800
1717920925336 1.91 10900
1717920942377 1.93 11000
1717920954251 1.93 11000
1717920971297 1.95 11100
1717920988331 1.96 11200
1717921005385 1.98 11300
1717921022418 2.0 11400
1717921039441 2.02 11500
1717921056472 2.03 11600
1717921073520 2.05 11700
1717921090556 2.07 11800
1717921107590 2.09 11900
1717921124645 2.1 12000
1717921136566 2.1 12000
1717921155586 2.12 12100
1717921172665 2.14 12200
1717921189740 2.16 12300
1717921206808 2.17 12400
1717921223868 2.19 12500
1717921240929 2.21 12600
1717921257998 2.23 12700
1717921275049 2.24 12800
1717921292113 2.26 12900
1717921309180 2.28 13000
1717921321059 2.28 13000
1717921338119 2.3 13100
1717921355168 2.31 13200
1717921372214 2.33 13300
1717921389271 2.35 13400
1717921406330 2.37 13500
1717921423400 2.39 13600
1717921440472 2.4 13700
1717921457538 2.42 13800
1717921474573 2.44 13900
1717921491615 2.46 14000
1717921503543 2.46 14000
1717921520627 2.47 14100
1717921537676 2.49 14200
1717921554728 2.51 14300
1717921571777 2.53 14400
1717921588836 2.54 14500
1717921605911 2.56 14600
1717921622955 2.58 14700
1717921640008 2.6 14800
1717921657051 2.61 14900
1717921674132 2.63 15000
1717921686049 2.63 15000
1717921705072 2.65 15100
1717921722163 2.67 15200
1717921739246 2.68 15300
1717921756328 2.7 15400
1717921773372 2.72 15500
1717921790398 2.74 15600
1717921807423 2.75 15700
1717921824448 2.77 15800
1717921841485 2.79 15900
1717921858525 2.81 16000
1717921870383 2.81 16000
1717921887459 2.82 16100
1717921904536 2.84 16200
1717921921602 2.86 16300
1717921938660 2.88 16400
1717921955718 2.89 16500
1717921972783 2.91 16600
1717921989854 2.93 16700
1717922006929 2.95 16800
1717922024003 2.96 16900
1717922041063 2.98 17000
1717922052936 2.98 17000
1717922070002 3.0 17100
1717922087056 3.02 17200
1717922104121 3.03 17300
1717922121179 3.05 17400
1717922138242 3.07 17500
1717922155320 3.09 17600
1717922172394 3.1 17700
1717922189447 3.12 17800
1717922206501 3.14 17900
1717922223590 3.16 18000
1717922235468 3.16 18000
1717922254503 3.17 18100
1717922271592 3.19 18200
1717922288683 3.21 18300
1717922305766 3.23 18400
1717922322860 3.24 18500
1717922339916 3.26 18600
1717922356976 3.28 18700
1717922374042 3.3 18800
1717922391112 3.31 18900
1717922408189 3.33 19000
1717922420071 3.33 19000
1717922437159 3.35 19100
1717922454220 3.37 19200
1717922471256 3.38 19300
1717922488320 3.4 19400
1717922505365 3.42 19500
1717922522425 3.44 19600
1717922539481 3.45 19700
1717922556522 3.47 19800
1717922573558 3.49 19900
1717922590614 3.51 20000
1717922602495 3.51 20000
1717922619551 3.53 20100
1717922636609 3.54 20200
1717922653647 3.56 20300
1717922670691 3.58 20400
1717922687727 3.6 20500
1717922704781 3.61 20600
1717922721845 3.63 20700
1717922738940 3.65 20800
1717922755981 3.67 20900
1717922773017 3.68 21000
1717922784890 3.68 21000
1717922803892 3.7 21100
1717922820975 3.72 21200
1717922838061 3.74 21300
1717922855131 3.75 21400
1717922872195 3.77 21500
1717922889247 3.79 21600
1717922906296 3.81 21700
1717922923358 3.82 21800
1717922940410 3.84 21900
1717922957466 3.86 22000
1717922969345 3.86 22000
1717922986434 3.88 22100
1717923003508 3.89 22200
1717923020582 3.91 22300
1717923037630 3.93 22400
1717923054696 3.95 22500
1717923071740 3.96 22600
1717923088791 3.98 22700
1717923105842 4.0 22800
1717923122888 4.02 22900
1717923139958 4.03 23000
1717923151850 4.03 23000
1717923168926 4.05 23100
1717923185972 4.07 23200
1717923203034 4.09 23300
1717923220092 4.1 23400
1717923237141 4.12 23500
1717923254189 4.14 23600
1717923271233 4.16 23700
1717923288294 4.17 23800
1717923305347 4.19 23900
1717923322404 4.21 24000
1717923334323 4.21 24000
1717923353393 4.23 24100
1717923370478 4.24 24200
1717923387567 4.26 24300
1717923404654 4.28 24400
1717923421686 4.3 24500
1717923438714 4.31 24600
1717923455769 4.33 24700
1717923472828 4.35 24800
1717923489884 4.37 24900
1717923506953 4.38 25000
1717923518872 4.38 25000
1717923535951 4.4 25100
1717923553017 4.42 25200
1717923570098 4.44 25300
1717923587177 4.45 25400
1717923604250 4.47 25500
1717923621302 4.49 25600
1717923638356 4.51 25700
1717923655407 4.52 25800
1717923672458 4.54 25900
1717923689501 4.56 26000
1717923701415 4.56 26000
1717923718495 4.58 26100
1717923735556 4.59 26200
1717923752596 4.61 26300
1717923769649 4.63 26400
1717923786703 4.65 26500
1717923803749 4.67 26600
1717923820789 4.68 26700
1717923837852 4.7 26800
1717923854912 4.72 26900
1717923871981 4.74 27000
1717923883879 4.74 27000
1717923902926 4.75 27100
1717923920007 4.77 27200
1717923937088 4.79 27300
1717923954170 4.81 27400
1717923971226 4.82 27500
1717923988283 4.84 27600
1717924005329 4.86 27700
1717924022385 4.88 27800
1717924039447 4.89 27900
1717924056499 4.91 28000
1717924068417 4.91 28000
1717924085494 4.93 28100
1717924102567 4.95 28200
1717924119630 4.96 28300
1717924136700 4.98 28400
1717924153765 5.0 28500
1717924170805 5.02 28600
1717924187856 5.03 28700
1717924204885 5.05 28800
1717924221942 5.07 28900
1717924239010 5.09 29000
1717924250928 5.09 29000
1717924267990 5.1 29100
1717924285042 5.12 29200
1717924302081 5.14 29300
1717924319130 5.16 29400
1717924336189 5.17 29500
1717924353243 5.19 29600
1717924370293 5.21 29700
1717924387341 5.23 29800
1717924404377 5.24 29900
1717924421395 5.26 30000
1717924433300 5.26 30000
1717924452322 5.28 30100
1717924469396 5.3 30200
1717924486475 5.31 30300
1717924503546 5.33 30400
1717924520612 5.35 30500
1717924537663 5.37 30600
1717924554736 5.38 30700
1717924571775 5.4 30800
1717924588833 5.42 30900
1717924605890 5.44 31000
1717924617793 5.44 31000
1717924634856 5.45 31100
1717924651930 5.47 31200
1717924668978 5.49 31300
1717924686019 5.51 31400
1717924703079 5.52 31500
1717924720148 5.54 31600
1717924737220 5.56 31700
1717924754293 5.58 31800
1717924771352 5.59 31900
1717924788433 5.61 32000
1717924800350 5.61 32000
1717924817445 5.63 32100
1717924834516 5.65 32200
1717924851593 5.66 32300
1717924868639 5.68 32400
1717924885679 5.7 32500
1717924902732 5.72 32600
1717924919788 5.73 32700
1717924936841 5.75 32800
1717924953906 5.77 32900
1717924970976 5.79 33000
1717924982865 5.79 33000
1717925002055 5.8 33100
1717925019141 5.82 33200
1717925036240 5.84 33300
1717925053324 5.86 33400
1717925070399 5.88 33500
1717925087444 5.89 33600
1717925104471 5.91 33700
1717925121509 5.93 33800
1717925138571 5.95 33900
1717925155629 5.96 34000
1717925167494 5.96 34000
1717925184552 5.98 34100
1717925201632 6.0 34200
1717925218663 6.02 34300
1717925235715 6.03 34400
1717925252773 6.05 34500
1717925269815 6.07 34600
1717925286870 6.09 34700
1717925304483 6.1 34800
1717925322177 6.12 34900
1717925340326 6.14 35000
1717925353116 6.14 35000
1717925371185 6.16 35100
1717925388849 6.17 35200
1717925406082 6.19 35300
1717925423279 6.21 35400
1717925440433 6.23 35500
1717925457577 6.24 35600
1717925474743 6.26 35700
1717925491925 6.28 35800
1717925509075 6.3 35900
1717925526287 6.31 36000
1717925538293 6.31 36000
1717925557477 6.33 36100
1717925574655 6.35 36200
1717925591835 6.37 36300
1717925609016 6.38 36400
1717925626195 6.4 36500
1717925643375 6.42 36600
1717925660557 6.44 36700
1717925677738 6.45 36800
1717925694887 6.47 36900
1717925712051 6.49 37000
1717925724065 6.49 37000
1717925741251 6.51 37100
1717925758390 6.52 37200
1717925775513 6.54 37300
1717925792641 6.56 37400
1717925809810 6.58 37500
1717925826972 6.59 37600
1717925844146 6.61 37700
1717925861274 6.63 37800
1717925878444 6.65 37900
1717925895596 6.66 38000
1717925907551 6.66 38000
1717925924728 6.68 38100
1717925941904 6.7 38200
1717925959118 6.72 38300
1717925976291 6.73 38400
1717925993462 6.75 38500
1717926010651 6.77 38600
1717926027828 6.79 38700
1717926044987 6.8 38800
1717926062150 6.82 38900
1717926079330 6.84 39000
1717926091305 6.84 39000
1717926110389 6.86 39100
1717926127605 6.87 39200
1717926144813 6.89 39300
1717926162003 6.91 39400
1717926179201 6.93 39500
1717926196380 6.94 39600
1717926213536 6.96 39700
1717926230726 6.98 39800
1717926247917 7.0 39900
1717926265099 7.02 40000
1717926277089 7.02 40000
1717926294269 7.03 40100
1717926311456 7.05 40200
1717926328649 7.07 40300
1717926345819 7.09 40400
1717926363011 7.1 40500
1717926380184 7.12 40600
1717926397400 7.14 40700
1717926414571 7.16 40800
1717926431728 7.17 40900
1717926448954 7.19 41000
1717926460917 7.19 41000
1717926478096 7.21 41100
1717926495243 7.23 41200
1717926512426 7.24 41300
1717926529602 7.26 41400
1717926546810 7.28 41500
1717926564028 7.3 41600
1717926581216 7.31 41700
1717926598372 7.33 41800
1717926615529 7.35 41900
1717926632720 7.37 42000
1717926644712 7.37 42000
1717926663869 7.38 42100
1717926681080 7.4 42200
1717926698271 7.42 42300
1717926715450 7.44 42400
1717926732621 7.45 42500
1717926749781 7.47 42600
1717926766958 7.49 42700
1717926784110 7.51 42800
1717926801289 7.52 42900
1717926818474 7.54 43000
1717926830451 7.54 43000
1717926847609 7.56 43100
1717926864789 7.58 43200
1717926881956 7.59 43300
1717926899124 7.61 43400
1717926916417 7.63 43500
1717926933602 7.65 43600
1717926950808 7.66 43700
1717926968012 7.68 43800
1717926985189 7.7 43900
1717927002374 7.72 44000
1717927014350 7.72 44000
1717927031547 7.73 44100
1717927048750 7.75 44200
1717927065904 7.77 44300
1717927083071 7.79 44400
1717927100247 7.8 44500
1717927117394 7.82 44600
1717927134557 7.84 44700
1717927151746 7.86 44800
1717927168938 7.87 44900
1717927186115 7.89 45000
1717927198109 7.89 45000
1717927217148 7.91 45100
1717927234336 7.93 45200
1717927251530 7.94 45300
1717927268749 7.96 45400
1717927285909 7.98 45500
1717927303047 8.0 45600
1717927320162 8.01 45700
1717927337319 8.03 45800
1717927354463 8.05 45900
1717927371656 8.07 46000
1717927383646 8.07 46000
1717927400831 8.08 46100
1717927418023 8.1 46200
1717927435194 8.12 46300
1717927452376 8.14 46400
1717927469545 8.16 46500
1717927486734 8.17 46600
1717927503900 8.19 46700
1717927521098 8.21 46800
1717927538293 8.23 46900
1717927555469 8.24 47000
1717927567451 8.24 47000
1717927584592 8.26 47100
1717927601763 8.28 47200
1717927618946 8.3 47300
1717927636122 8.31 47400
1717927653274 8.33 47500
1717927670421 8.35 47600
1717927687565 8.37 47700
1717927704755 8.38 47800
1717927721942 8.4 47900
1717927739136 8.42 48000
1717927751130 8.42 48000
1717927770249 8.44 48100
1717927787455 8.45 48200
1717927804638 8.47 48300
1717927821813 8.49 48400
1717927839007 8.51 48500
1717927856187 8.52 48600
1717927873379 8.54 48700
1717927890564 8.56 48800
1717927907992 8.58 48900
1717927925250 8.59 49000
1717927937265 8.59 49000
1717927954438 8.61 49100
1717927971586 8.63 49200
1717927988757 8.65 49300
1717928005937 8.66 49400
1717928023106 8.68 49500
1717928040457 8.7 49600
1717928057621 8.72 49700
1717928074778 8.73 49800
1717928091927 8.75 49900
1717928109077 8.77 50000
1717928121047 8.77 50000
1717928138212 8.79 50100
1717928155358 8.8 50200
1717928172546 8.82 50300
1717928189731 8.84 50400
1717928206923 8.86 50500
1717928224092 8.87 50600
1717928241270 8.89 50700
1717928258431 8.91 50800
1717928275625 8.93 50900
1717928292810 8.94 51000
1717928304809 8.94 51000
1717928323941 8.96 51100
1717928341136 8.98 51200
1717928358365 9.0 51300
1717928375536 9.01 51400
1717928392710 9.03 51500
1717928409852 9.05 51600
1717928427019 9.07 51700
1717928444278 9.08 51800
1717928462502 9.1 51900
1717928480091 9.12 52000
1717928492053 9.12 52000
1717928509258 9.14 52100
1717928527401 9.15 52200
1717928545082 9.17 52300
1717928562634 9.19 52400
1717928580544 9.21 52500
1717928598441 9.22 52600
1717928616030 9.24 52700
1717928633431 9.26 52800
1717928650859 9.28 52900
1717928668245 9.29 53000
1717928680393 9.29 53000
1717928698383 9.31 53100
1717928716376 9.33 53200
1717928734116 9.35 53300
1717928751904 9.37 53400
1717928769306 9.38 53500
1717928787272 9.4 53600
1717928805248 9.42 53700
1717928823028 9.44 53800
1717928840734 9.45 53900
1717928858483 9.47 54000
1717928871054 9.47 54000
1717928891691 9.49 54100
1717928909746 9.51 54200
1717928927440 9.52 54300
1717928945206 9.54 54400
1717928963016 9.56 54500
1717928981090 9.58 54600
1717929001225 9.59 54700
1717929020737 9.61 54800
1717929040346 9.63 54900
1717929059823 9.65 55000
1717929073802 9.65 55000
1717929093475 9.66 55100
1717929113105 9.68 55200
1717929132757 9.7 55300
1717929152033 9.72 55400
1717929171282 9.73 55500
1717929190649 9.75 55600
1717929210176 9.77 55700
1717929229470 9.79 55800
1717929249840 9.8 55900
1717929269774 9.82 56000
1717929283042 9.82 56000
1717929301958 9.84 56100
1717929320826 9.86 56200
1717929339782 9.87 56300
1717929358667 9.89 56400
1717929377613 9.91 56500
1717929396478 9.93 56600
1717929415446 9.94 56700
1717929434341 9.96 56800
1717929453362 9.98 56900
1717929472476 10.0 57000
1717929485776 10.0 57000
1717929492168 10.0 57020
