1717918958337 6.836373805999756 100
1717918975257 7.967525005340576 200
1717918992228 6.678732872009277 300
1717919009201 7.722278118133545 400
1717919026181 9.472345352172852 500
1717919043201 9.711583137512207 600
1717919060209 7.890556812286377 700
1717919077210 13.758096694946289 800
1717919094220 8.666049003601074 900
1717919111273 10.31187915802002 1000
1717919140215 6.282515048980713 1100
1717919157220 16.34683609008789 1200
1717919174221 13.535148620605469 1300
1717919191226 19.119836807250977 1400
1717919208233 12.226478576660156 1500
1717919225256 18.908784866333008 1600
1717919242279 9.339239120483398 1700
1717919259277 11.05395221710205 1800
1717919276290 23.610639572143555 1900
1717919293312 10.628009796142578 2000
1717919322270 21.68109703063965 2100
1717919339275 9.740527153015137 2200
1717919356276 12.729073524475098 2300
1717919373286 20.386516571044922 2400
1717919390321 10.093689918518066 2500
1717919407349 10.519540786743164 2600
1717919424378 7.529929161071777 2700
1717919441415 9.432652473449707 2800
1717919458443 16.038606643676758 2900
1717919475468 15.438363075256348 3000
1717919506383 4.296148777008057 3100
1717919523434 8.98162841796875 3200
1717919540471 6.324141502380371 3300
1717919557523 18.368953704833984 3400
1717919574548 9.740156173706055 3500
1717919591574 11.027649879455566 3600
1717919608606 10.402772903442383 3700
1717919625609 16.700817108154297 3800
1717919642615 5.2881855964660645 3900
1717919659643 8.446557998657227 4000
1717919688567 12.88325309753418 4100
1717919705586 7.796115875244141 4200
1717919722626 18.221628189086914 4300
1717919739673 6.89146614074707 4400
1717919756726 8.370255470275879 4500
1717919773778 9.22999382019043 4600
1717919790807 13.044241905212402 4700
1717919807859 24.74723243713379 4800
1717919824882 5.43917989730835 4900
1717919841911 12.703225135803223 5000
1717919870851 10.460273742675781 5100
1717919887876 6.773351669311523 5200
1717919904907 13.095059394836426 5300
1717919921913 15.63094711303711 5400
1717919938934 8.669046401977539 5500
1717919955979 11.19923210144043 5600
1717919973000 6.985018730163574 5700
1717919992526 9.734477043151855 5800
1717920009543 11.344225883483887 5900
1717920026576 16.509981155395508 6000
1717920057455 6.891019344329834 6100
1717920074513 6.012780666351318 6200
1717920091550 8.84456729888916 6300
1717920108593 10.77603816986084 6400
1717920125602 15.194000244140625 6500
1717920142622 15.703354835510254 6600
1717920159626 33.35416030883789 6700
1717920176663 15.789541244506836 6800
1717920193715 9.582127571105957 6900
1717920210768 9.530536651611328 7000
1717920239719 5.417212963104248 7100
1717920256773 12.028119087219238 7200
1717920273844 8.277922630310059 7300
1717920290900 8.910016059875488 7400
1717920307958 13.708564758300781 7500
1717920324997 9.27552318572998 7600
1717920342020 12.09841251373291 7700
1717920359056 8.27646541595459 7800
1717920376088 8.663087844848633 7900
1717920393135 7.7796711921691895 8000
1717920422085 5.959624767303467 8100
1717920439138 20.062000274658203 8200
1717920456187 16.02473258972168 8300
1717920473253 9.172469139099121 8400
1717920490305 17.213417053222656 8500
1717920507383 15.550317764282227 8600
1717920524466 8.781906127929688 8700
1717920541549 11.564264297485352 8800
1717920558637 6.448552131652832 8900
1717920575698 3.489372730255127 9000
1717920606617 14.46025562286377 9100
1717920623705 9.486345291137695 9200
1717920640793 8.545598983764648 9300
1717920657872 4.943869590759277 9400
1717920674922 15.231252670288086 9500
1717920691966 12.86022663116455 9600
1717920709036 2.467454671859741 9700
1717920726085 6.6628289222717285 9800
1717920743135 10.451336860656738 9900
1717920760203 15.901390075683594 10000
1717920789134 18.001686096191406 10100
1717920806160 7.901480674743652 10200
1717920823176 9.578998565673828 10300
1717920840191 19.4893741607666 10400
1717920857200 5.84835958480835 10500
1717920874202 6.833644866943359 10600
1717920891226 6.706092834472656 10700
1717920908278 7.641024112701416 10800
1717920925336 15.041110038757324 10900
1717920942377 13.243124961853027 11000
1717920971297 14.595169067382812 11100
1717920988331 8.915379524230957 11200
1717921005385 10.40397834777832 11300
1717921022418 17.61985969543457 11400
1717921039441 14.982874870300293 11500
1717921056472 10.58586597442627 11600
1717921073520 4.761406898498535 11700
1717921090556 0.9481416940689087 11800
1717921107590 15.001134872436523 11900
1717921124645 18.8866024017334 12000
1717921155586 26.225608825683594 12100
1717921172665 27.579301834106445 12200
1717921189740 19.405139923095703 12300
1717921206808 12.984856605529785 12400
1717921223868 28.088504791259766 12500
1717921240929 1.8572829961776733 12600
1717921257998 1.5419296026229858 12700
1717921275049 2.7435381412506104 12800
1717921292113 15.57478141784668 12900
1717921309180 28.31341552734375 13000
1717921338119 42.54744338989258 13100
1717921355168 4.5136895179748535 13200
1717921372214 15.752065658569336 13300
1717921389271 10.892327308654785 13400
1717921406330 37.700538635253906 13500
1717921423400 34.911800384521484 13600
1717921440472 4.521945953369141 13700
1717921457538 15.436009407043457 13800
1717921474573 10.614530563354492 13900
1717921491615 1.5253483057022095 14000
1717921520627 13.526336669921875 14100
1717921537676 47.76116943359375 14200
1717921554728 17.220186233520508 14300
1717921571777 4.305553436279297 14400
1717921588836 14.939132690429688 14500
1717921605911 17.213178634643555 14600
1717921622955 14.258428573608398 14700
1717921640008 12.708247184753418 14800
1717921657051 21.592260360717773 14900
1717921674132 46.20842742919922 15000
1717921705072 2.990018844604492 15100
1717921722163 22.776268005371094 15200
1717921739246 0.9866321086883545 15300
1717921756328 27.96329116821289 15400
1717921773372 8.777324676513672 15500
1717921790398 16.569583892822266 15600
1717921807423 28.686952590942383 15700
1717921824448 15.202408790588379 15800
1717921841485 27.25105094909668 15900
1717921858525 27.47170639038086 16000
1717921887459 29.990768432617188 16100
1717921904536 17.202354431152344 16200
1717921921602 5.883680820465088 16300
1717921938660 23.62080192565918 16400
1717921955718 19.619056701660156 16500
1717921972783 1.622449278831482 16600
1717921989854 18.36757469177246 16700
1717922006929 25.429922103881836 16800
1717922024003 31.444786071777344 16900
1717922041063 11.586126327514648 17000
1717922070002 13.293055534362793 17100
1717922087056 1.0154668092727661 17200
1717922104121 57.2232551574707 17300
1717922121179 6.801076412200928 17400
1717922138242 36.787818908691406 17500
1717922155320 49.68359375 17600
1717922172394 81.25628662109375 17700
1717922189447 6.289918899536133 17800
1717922206501 0.5220882892608643 17900
1717922223590 43.377235412597656 18000
1717922254503 1.3908286094665527 18100
1717922271592 67.21772003173828 18200
1717922288683 0.07999293506145477 18300
1717922305766 42.86252975463867 18400
1717922322860 65.5171127319336 18500
1717922339916 3.3633065223693848 18600
1717922356976 7.249143123626709 18700
1717922374042 53.024330139160156 18800
1717922391112 1.6625523567199707 18900
1717922408189 0.8543646931648254 19000
1717922437159 100.70601654052734 19100
1717922454220 1.193240761756897 19200
1717922471256 4.941991806030273 19300
1717922488320 41.449344635009766 19400
1717922505365 1.8150317668914795 19500
1717922522425 38.09765625 19600
1717922539481 11.092625617980957 19700
1717922556522 0.8079912066459656 19800
1717922573558 45.001529693603516 19900
1717922590614 0.14914977550506592 20000
1717922619551 0.12278223782777786 20100
1717922636609 4.735361099243164 20200
1717922653647 2.204576015472412 20300
1717922670691 119.80001068115234 20400
1717922687727 71.40230560302734 20500
1717922704781 19.821584701538086 20600
1717922721845 38.356876373291016 20700
1717922738940 5.7413482666015625 20800
1717922755981 0.12205186486244202 20900
1717922773017 20.388669967651367 21000
1717922803892 34.90834045410156 21100
1717922820975 34.2294807434082 21200
1717922838061 57.16712951660156 21300
1717922855131 9.526520729064941 21400
1717922872195 20.43146514892578 21500
1717922889247 20.96040153503418 21600
1717922906296 48.17143249511719 21700
1717922923358 6.1988115310668945 21800
1717922940410 4.056077480316162 21900
1717922957466 54.187740325927734 22000
1717922986434 0.09703093767166138 22100
1717923003508 11.615551948547363 22200
1717923020582 0.09566476941108704 22300
1717923037630 49.01818084716797 22400
1717923054696 151.3973846435547 22500
1717923071740 0.26004558801651 22600
1717923088791 0.9954985976219177 22700
1717923105842 1.0251394510269165 22800
1717923122888 0.09537073224782944 22900
1717923139958 0.07779154181480408 23000
1717923168926 0.047515299171209335 23100
1717923185972 25.124717712402344 23200
1717923203034 33.67080307006836 23300
1717923220092 0.06247568130493164 23400
1717923237141 50.19552230834961 23500
1717923254189 0.2108621895313263 23600
1717923271233 0.6774401664733887 23700
1717923288294 0.3609018921852112 23800
1717923305347 4.1209235191345215 23900
1717923322404 19.062747955322266 24000
1717923353393 69.70292663574219 24100
1717923370478 0.14538176357746124 24200
1717923387567 22.519020080566406 24300
1717923404654 17.275121688842773 24400
1717923421686 0.07357649505138397 24500
1717923438714 0.2803730368614197 24600
1717923455769 0.05682801082730293 24700
1717923472828 23.0073184967041 24800
1717923489884 0.035625480115413666 24900
1717923506953 0.06008066236972809 25000
1717923535951 50.5335807800293 25100
1717923553017 0.0422697551548481 25200
1717923570098 1.0052084922790527 25300
1717923587177 121.14281463623047 25400
1717923604250 93.46135711669922 25500
1717923621302 4.106902122497559 25600
1717923638356 0.12608470022678375 25700
1717923655407 0.3118734657764435 25800
1717923672458 24.1588191986084 25900
1717923689501 0.056325484067201614 26000
1717923718495 123.5430908203125 26100
1717923735556 0.08608187735080719 26200
1717923752596 0.44027554988861084 26300
1717923769649 28.379844665527344 26400
1717923786703 2.3085148334503174 26500
1717923803749 72.10982513427734 26600
1717923820789 1.2140501737594604 26700
1717923837852 135.05760192871094 26800
1717923854912 0.19735948741436005 26900
1717923871981 0.19029073417186737 27000
1717923902926 0.38610750436782837 27100
1717923920007 101.68830871582031 27200
1717923937088 100.89649200439453 27300
1717923954170 93.70097351074219 27400
1717923971226 0.05578707158565521 27500
1717923988283 0.7897007465362549 27600
1717924005329 124.5768814086914 27700
1717924022385 96.04133605957031 27800
1717924039447 0.7351199984550476 27900
1717924056499 0.10762113332748413 28000
1717924085494 62.98601531982422 28100
1717924102567 0.16705870628356934 28200
1717924119630 171.80995178222656 28300
1717924136700 18.25092315673828 28400
1717924153765 58.104190826416016 28500
1717924170805 0.09039390832185745 28600
1717924187856 0.04291461408138275 28700
1717924204885 0.0760391503572464 28800
1717924221942 9.248150825500488 28900
1717924239010 0.0140909468755126 29000
1717924267990 0.06122530996799469 29100
1717924285042 0.3230695128440857 29200
1717924302081 0.05931660532951355 29300
1717924319130 0.03986525163054466 29400
1717924336189 232.67645263671875 29500
1717924353243 0.29657191038131714 29600
1717924370293 0.07961441576480865 29700
1717924387341 0.05337843671441078 29800
1717924404377 0.6190842986106873 29900
1717924421395 29.554672241210938 30000
1717924452322 118.98334503173828 30100
1717924469396 0.015552381053566933 30200
1717924486475 0.12071839720010757 30300
1717924503546 12.29184627532959 30400
1717924520612 0.03526338189840317 30500
1717924537663 71.63876342773438 30600
1717924554736 119.1209716796875 30700
1717924571775 0.039099354296922684 30800
1717924588833 1.950908899307251 30900
1717924605890 0.05643882229924202 31000
1717924634856 28.337797164916992 31100
1717924651930 0.260406494140625 31200
1717924668978 0.007488625589758158 31300
1717924686019 0.021902047097682953 31400
1717924703079 0.15400521457195282 31500
1717924720148 0.016585012897849083 31600
1717924737220 0.031229816377162933 31700
1717924754293 0.6778968572616577 31800
1717924771352 0.014912680722773075 31900
1717924788433 0.08854243904352188 32000
1717924817445 16.513912200927734 32100
1717924834516 0.032676633447408676 32200
1717924851593 0.0219731405377388 32300
1717924868639 0.16163945198059082 32400
1717924885679 48.93284225463867 32500
1717924902732 0.009960122406482697 32600
1717924919788 0.8885893225669861 32700
1717924936841 0.25366488099098206 32800
1717924953906 0.031086305156350136 32900
1717924970976 0.06995969265699387 33000
1717925002055 275.9420471191406 33100
1717925019141 0.11857260018587112 33200
1717925036240 0.03532334044575691 33300
1717925053324 56.56935501098633 33400
1717925070399 0.0249794851988554 33500
1717925087444 0.09024695307016373 33600
1717925104471 0.007814313285052776 33700
1717925121509 0.020448176190257072 33800
1717925138571 0.1137448325753212 33900
1717925155629 0.03264610841870308 34000
1717925184552 0.14864861965179443 34100
1717925201632 0.007426425348967314 34200
1717925218663 0.031809110194444656 34300
1717925235715 0.04240785166621208 34400
1717925252773 0.04803348705172539 34500
1717925269815 24.570510864257812 34600
1717925286870 0.007745910435914993 34700
1717925304483 0.030248582363128662 34800
1717925322177 1.2702445983886719 34900
1717925340326 54.405426025390625 35000
1717925371185 87.81800842285156 35100
1717925388849 0.012760941870510578 35200
1717925406082 6.577417373657227 35300
1717925423279 0.28902092576026917 35400
1717925440433 0.010299024172127247 35500
1717925457577 0.5095118880271912 35600
1717925474743 0.019200650975108147 35700
1717925491925 0.00613032840192318 35800
1717925509075 0.00407783268019557 35900
1717925526287 0.26493892073631287 36000
1717925557477 0.021071208640933037 36100
1717925574655 0.012377063743770123 36200
1717925591835 0.007261390797793865 36300
1717925609016 0.008413145318627357 36400
1717925626195 0.016756365075707436 36500
1717925643375 0.047340087592601776 36600
1717925660557 66.49578857421875 36700
1717925677738 0.00822640210390091 36800
1717925694887 0.06457723677158356 36900
1717925712051 0.01444660872220993 37000
1717925741251 0.010185967199504375 37100
1717925758390 0.06578666716814041 37200
1717925775513 0.19487519562244415 37300
1717925792641 0.0528661347925663 37400
1717925809810 0.015388594940304756 37500
1717925826972 0.16494975984096527 37600
1717925844146 13.337790489196777 37700
1717925861274 0.01581607386469841 37800
1717925878444 0.00297798914834857 37900
1717925895596 0.04180469736456871 38000
1717925924728 0.012627759017050266 38100
1717925941904 0.026512231677770615 38200
1717925959118 21.889257431030273 38300
1717925976291 0.023885227739810944 38400
1717925993462 0.15951675176620483 38500
1717926010651 0.11694736033678055 38600
1717926027828 0.004188920371234417 38700
1717926044987 0.08542502671480179 38800
1717926062150 0.034193117171525955 38900
1717926079330 1.0827440023422241 39000
1717926110389 0.01607028767466545 39100
1717926127605 0.006561255548149347 39200
1717926144813 0.035232074558734894 39300
1717926162003 0.008582393638789654 39400
1717926179201 42.592952728271484 39500
1717926196380 1.055672287940979 39600
1717926213536 0.02064632996916771 39700
1717926230726 0.014843710698187351 39800
1717926247917 0.003906866069883108 39900
1717926265099 0.013444896787405014 40000
1717926294269 63.141441345214844 40100
1717926311456 1.5489534139633179 40200
1717926328649 0.005445218179374933 40300
1717926345819 0.00622422993183136 40400
1717926363011 0.0024558547884225845 40500
1717926380184 0.03373398259282112 40600
1717926397400 0.030935999006032944 40700
1717926414571 0.007215815130621195 40800
1717926431728 0.010999261401593685 40900
1717926448954 0.15713422000408173 41000
1717926478096 0.026762090623378754 41100
1717926495243 0.47286656498908997 41200
1717926512426 0.042101550847291946 41300
1717926529602 0.07027650624513626 41400
1717926546810 153.37733459472656 41500
1717926564028 0.07507862150669098 41600
1717926581216 0.028535105288028717 41700
1717926598372 0.322482168674469 41800
1717926615529 0.005125411320477724 41900
1717926632720 0.0013921366771683097 42000
1717926663869 0.007636032998561859 42100
1717926681080 0.006156692281365395 42200
1717926698271 149.63897705078125 42300
1717926715450 0.006083596497774124 42400
1717926732621 0.006365506909787655 42500
1717926749781 0.005664010066539049 42600
1717926766958 0.0008225595229305327 42700
1717926784110 0.004229523241519928 42800
1717926801289 0.0025137888733297586 42900
1717926818474 0.0017641194863244891 43000
1717926847609 0.014372733421623707 43100
1717926864789 0.0014479985693469644 43200
1717926881956 96.92900848388672 43300
1717926899124 0.18104305863380432 43400
1717926916417 0.0011846842244267464 43500
1717926933602 0.002202045638114214 43600
1717926950808 0.0008878855151124299 43700
1717926968012 0.15177775919437408 43800
1717926985189 0.00725361006334424 43900
1717927002374 0.08288149535655975 44000
1717927031547 0.03502820059657097 44100
1717927048750 0.0016849450767040253 44200
1717927065904 0.16807779669761658 44300
1717927083071 0.04430946707725525 44400
1717927100247 0.007479191292077303 44500
1717927117394 25.47531509399414 44600
1717927134557 0.06250999867916107 44700
1717927151746 0.0062729548662900925 44800
1717927168938 0.005683780647814274 44900
1717927186115 0.0038496223278343678 45000
1717927217148 0.028369536623358727 45100
1717927234336 0.008580434136092663 45200
1717927251530 0.0512850247323513 45300
1717927268749 0.01992747373878956 45400
1717927285909 0.006153317168354988 45500
1717927303047 0.010570169426500797 45600
1717927320162 0.062286362051963806 45700
1717927337319 0.10038676112890244 45800
1717927354463 0.0010194425703957677 45900
1717927371656 0.004992758389562368 46000
1717927400831 0.02648586966097355 46100
1717927418023 0.008357604034245014 46200
1717927435194 0.001857662107795477 46300
1717927452376 0.0008733210270293057 46400
1717927469545 0.0017390376888215542 46500
1717927486734 0.004569705110043287 46600
1717927503900 0.009783405810594559 46700
1717927521098 0.001819071127101779 46800
1717927538293 0.007427920587360859 46900
1717927555469 0.005006524734199047 47000
1717927584592 0.006335174199193716 47100
1717927601763 0.01948586478829384 47200
1717927618946 0.11714783310890198 47300
1717927636122 0.002140987664461136 47400
1717927653274 0.012544943019747734 47500
1717927670421 0.0006213092128746212 47600
1717927687565 0.0027589641977101564 47700
1717927704755 0.0013982622185721993 47800
1717927721942 14.892969131469727 47900
1717927739136 0.0007649003528058529 48000
1717927770249 0.7449650764465332 48100
1717927787455 0.19569355249404907 48200
1717927804638 0.0006936118006706238 48300
1717927821813 0.0015607837121933699 48400
1717927839007 0.0038798379246145487 48500
1717927856187 0.000978053780272603 48600
1717927873379 0.008794358000159264 48700
1717927890564 151.1540985107422 48800
1717927907992 0.005357987713068724 48900
1717927925250 0.019553815945982933 49000
1717927954438 0.0018269348656758666 49100
1717927971586 0.0004469880659598857 49200
1717927988757 0.010052753612399101 49300
1717928005937 0.0029537740629166365 49400
1717928023106 0.0005054343491792679 49500
1717928040457 199.63180541992188 49600
1717928057621 0.0005836899508722126 49700
1717928074778 0.0012031946098431945 49800
1717928091927 0.011696284636855125 49900
1717928109077 0.005078358110040426 50000
1717928138212 0.0019130161963403225 50100
1717928155358 0.04134102165699005 50200
1717928172546 0.0026680929586291313 50300
1717928189731 0.012210968881845474 50400
1717928206923 0.0014949534088373184 50500
1717928224092 0.001717491541057825 50600
1717928241270 0.003930198028683662 50700
1717928258431 0.001149016316048801 50800
1717928275625 0.001515472074970603 50900
1717928292810 0.34166988730430603 51000
1717928323941 0.004375206772238016 51100
1717928341136 0.7233721017837524 51200
1717928358365 0.02177305519580841 51300
1717928375536 0.015923582017421722 51400
1717928392710 0.0009197514737024903 51500
1717928409852 0.0011651547392830253 51600
1717928427019 0.000906910456251353 51700
1717928444278 0.028779620304703712 51800
1717928462502 0.0013549639843404293 51900
1717928480091 34.64625549316406 52000
1717928509258 0.02576162852346897 52100
1717928527401 0.005095607601106167 52200
1717928545082 0.03873170539736748 52300
1717928562634 0.013029075227677822 52400
1717928580544 0.0008997992263175547 52500
1717928598441 0.0008636410930193961 52600
1717928616030 0.001129539217799902 52700
1717928633431 0.001365256030112505 52800
1717928650859 0.0022175682242959738 52900
1717928668245 0.04795015603303909 53000
1717928698383 0.0014164028689265251 53100
1717928716376 0.0013908238615840673 53200
1717928734116 0.018496043980121613 53300
1717928751904 0.0009867481421679258 53400
1717928769306 0.0007456967723555863 53500
1717928787272 0.002134805778041482 53600
1717928805248 0.0021865167655050755 53700
1717928823028 0.0013701488496735692 53800
1717928840734 0.01958073489367962 53900
1717928858483 19.22993278503418 54000
1717928891691 0.00039761068182997406 54100
1717928909746 0.00105843145865947 54200
1717928927440 0.504099428653717 54300
1717928945206 0.0009067135397344828 54400
1717928963016 0.0011207051575183868 54500
1717928981090 0.0006621938664466143 54600
1717929001225 0.0008567915065214038 54700
1717929020737 0.0033657990861684084 54800
1717929040346 0.005402159411460161 54900
1717929059823 25.875701904296875 55000
1717929093475 23.241479873657227 55100
1717929113105 0.016668276861310005 55200
1717929132757 0.00045407493598759174 55300
1717929152033 0.001671974896453321 55400
1717929171282 0.010905001312494278 55500
1717929190649 0.0006675951299257576 55600
1717929210176 0.0009790797485038638 55700
1717929229470 0.007607513573020697 55800
1717929249840 0.023531842976808548 55900
1717929269774 0.00046198477502912283 56000
1717929301958 0.0032230147626250982 56100
1717929320826 0.003045010147616267 56200
1717929339782 0.004908893723040819 56300
1717929358667 0.002428751904517412 56400
1717929377613 0.003164294408634305 56500
1717929396478 2.5342845916748047 56600
1717929415446 0.0008044096757657826 56700
1717929434341 0.014287886209785938 56800
1717929453362 0.001155973062850535 56900
1717929472476 0.000703698955476284 57000
