1717918958337 5.26131182041389e-07 100
1717918975257 1.052262364082778e-06 200
1717918992228 1.578393546124167e-06 300
1717919009201 2.104524728165556e-06 400
1717919026181 2.630655910206945e-06 500
1717919043201 3.156787092248334e-06 600
1717919060209 3.682918274289723e-06 700
1717919077210 4.209049456331112e-06 800
1717919094220 4.735180638372501e-06 900
1717919111273 5.26131182041389e-06 1000
1717919140215 5.787443002455279e-06 1100
1717919157220 6.313574184496668e-06 1200
1717919174221 6.8397053665380575e-06 1300
1717919191226 7.365836548579446e-06 1400
1717919208233 7.891967730620835e-06 1500
1717919225256 8.418098912662223e-06 1600
1717919242279 8.944230094703613e-06 1700
1717919259277 9.470361276745002e-06 1800
1717919276290 9.996492458786392e-06 1900
1717919293312 1.052262364082778e-05 2000
1717919322270 1.104875482286917e-05 2100
1717919339275 1.1574886004910558e-05 2200
1717919356276 1.2101017186951947e-05 2300
1717919373286 1.2627148368993337e-05 2400
1717919390321 1.3153279551034725e-05 2500
1717919407349 1.3679410733076115e-05 2600
1717919424378 1.4205541915117503e-05 2700
1717919441415 1.4731673097158892e-05 2800
1717919458443 1.5257804279200282e-05 2900
1717919475468 1.578393546124167e-05 3000
1717919506383 1.6310066643283057e-05 3100
1717919523434 1.6836197825324447e-05 3200
1717919540471 1.7362329007365837e-05 3300
1717919557523 1.7888460189407227e-05 3400
1717919574548 1.8414591371448613e-05 3500
1717919591574 1.8940722553490003e-05 3600
1717919608606 1.946685373553139e-05 3700
1717919625609 1.9992984917572783e-05 3800
1717919642615 2.051911609961417e-05 3900
1717919659643 2.104524728165556e-05 4000
1717919688567 2.1571378463696947e-05 4100
1717919705586 2.209750964573834e-05 4200
1717919722626 2.2623640827779727e-05 4300
1717919739673 2.3149772009821117e-05 4400
1717919756726 2.3675903191862503e-05 4500
1717919773778 2.4202034373903893e-05 4600
1717919790807 2.4728165555945283e-05 4700
1717919807859 2.5254296737986673e-05 4800
1717919824882 2.578042792002806e-05 4900
1717919841911 2.630655910206945e-05 5000
1717919870851 2.6832690284110836e-05 5100
1717919887876 2.735882146615223e-05 5200
1717919904907 2.7884952648193616e-05 5300
1717919921913 2.8411083830235007e-05 5400
1717919938934 2.8937215012276393e-05 5500
1717919955979 2.9463346194317783e-05 5600
1717919973000 2.9989477376359173e-05 5700
1717919992526 2.9999730056787032e-05 5800
1717920009543 2.9998898088724356e-05 5900
1717920026576 2.9997504014561394e-05 6000
1717920057455 2.9995547886543154e-05 6100
1717920074513 2.999302977797846e-05 6200
1717920091550 2.998994978323718e-05 6300
1717920108593 2.9986308017746726e-05 6400
1717920125602 2.998210461798769e-05 6500
1717920142622 2.9977339741488758e-05 6600
1717920159626 2.997201356682079e-05 6700
1717920176663 2.996612629359013e-05 6800
1717920193715 2.9959678142431138e-05 6900
1717920210768 2.9952669354997906e-05 7000
1717920239719 2.9945100193955202e-05 7100
1717920256773 2.9936970942968644e-05 7200
1717920273844 2.9928281906694042e-05 7300
1717920290900 2.991903341076602e-05 7400
1717920307958 2.9909225801785755e-05 7500
1717920324997 2.989885944730804e-05 7600
1717920342020 2.988793473582749e-05 7700
1717920359056 2.9876452076763977e-05 7800
1717920376088 2.98644119004473e-05 7900
1717920393135 2.9851814658101038e-05 8000
1717920422085 2.983866082182566e-05 8100
1717920439138 2.982495088458081e-05 8200
1717920456187 2.9810685360166867e-05 8300
1717920473253 2.9795864783205656e-05 8400
1717920490305 2.978048970912042e-05 8500
1717920507383 2.9764560714115026e-05 8600
1717920524466 2.974807839515234e-05 8700
1717920541549 2.9731043369931873e-05 8800
1717920558637 2.9713456276866633e-05 8900
1717920575698 2.969531777505919e-05 9000
1717920606617 2.9676628544276975e-05 9100
1717920623705 2.9657389284926828e-05 9200
1717920640793 2.9637600718028714e-05 9300
1717920657872 2.9617263585188718e-05 9400
1717920674922 2.9596378648571264e-05 9500
1717920691966 2.957494669087053e-05 9600
1717920709036 2.9552968515281135e-05 9700
1717920726085 2.9530444945468023e-05 9800
1717920743135 2.9507376825535596e-05 9900
1717920760203 2.9483765019996095e-05 10000
1717920789134 2.9459610413737193e-05 10100
1717920806160 2.9434913911988818e-05 10200
1717920823176 2.9409676440289242e-05 10300
1717920840191 2.9383898944450406e-05 10400
1717920857200 2.9357582390522452e-05 10500
1717920874202 2.9330727764757528e-05 10600
1717920891226 2.9303336073572834e-05 10700
1717920908278 2.9275408343512897e-05 10800
1717920925336 2.9246945621211093e-05 10900
1717920942377 2.9217948973350434e-05 11000
1717920971297 2.9188419486623608e-05 11100
1717920988331 2.9158358267692203e-05 11200
1717921005385 2.9127766443145293e-05 11300
1717921022418 2.9096645159457173e-05 11400
1717921039441 2.9064995582944415e-05 11500
1717921056472 2.903281889972216e-05 11600
1717921073520 2.900011631565965e-05 11700
1717921090556 2.8966889056335045e-05 11800
1717921107590 2.893313836698951e-05 11900
1717921124645 2.889886551248051e-05 12000
1717921155586 2.8864071777234445e-05 12100
1717921172665 2.882875846519849e-05 12200
1717921189740 2.879292689979174e-05 12300
1717921206808 2.875657842385561e-05 12400
1717921223868 2.8719714399603507e-05 12500
1717921240929 2.8682336208569774e-05 12600
1717921257998 2.8644445251557933e-05 12700
1717921275049 2.860604294858817e-05 12800
1717921292113 2.856713073884413e-05 12900
1717921309180 2.8527710080618968e-05 13000
1717921338119 2.8487782451260705e-05 13100
1717921355168 2.8447349347116872e-05 13200
1717921372214 2.840641228347842e-05 13300
1717921389271 2.8364972794522922e-05 13400
1717921406330 2.8323032433257106e-05 13500
1717921423400 2.8280592771458624e-05 13600
1717921440472 2.8237655399617174e-05 13700
1717921457538 2.8194221926874865e-05 13800
1717921474573 2.8150293980965944e-05 13900
1717921491615 2.8105873208155773e-05 14000
1717921520627 2.806096127317913e-05 14100
1717921537676 2.8015559859177842e-05 14200
1717921554728 2.7969670667637683e-05 14300
1717921571777 2.792329541832462e-05 14400
1717921588836 2.7876435849220364e-05 14500
1717921605911 2.7829093716457226e-05 14600
1717921622955 2.778127079425233e-05 14700
1717921640008 2.773296887484108e-05 14800
1717921657051 2.7684189768410023e-05 14900
1717921674132 2.7634935303029006e-05 15000
1717921705072 2.758520732458266e-05 15100
1717921722163 2.7535007696701224e-05 15200
1717921739246 2.74843383006907e-05 15300
1717921756328 2.7433201035462362e-05 15400
1717921773372 2.7381597817461574e-05 15500
1717921790398 2.7329530580595978e-05 15600
1717921807423 2.7277001276163016e-05 15700
1717921824448 2.72240118727768e-05 15800
1717921841485 2.717056435629434e-05 15900
1717921858525 2.711666072974112e-05 16000
1717921887459 2.706230301323602e-05 16100
1717921904536 2.7007493243915635e-05 16200
1717921921602 2.69522334758579e-05 16300
1717921938660 2.6896525780005124e-05 16400
1717921955718 2.6840372244086396e-05 16500
1717921972783 2.678377497253931e-05 16600
1717921989854 2.6726736086431114e-05 16700
1717922006929 2.6669257723379247e-05 16800
1717922024003 2.6611342037471164e-05 16900
1717922041063 2.6552991199183674e-05 17000
1717922070002 2.6494207395301566e-05 17100
1717922087056 2.643499282883566e-05 17200
1717922104121 2.637534971894024e-05 17300
1717922121179 2.63152803008299e-05 17400
1717922138242 2.6254786825695777e-05 17500
1717922155320 2.6193871560621174e-05 17600
1717922172394 2.6132536788496597e-05 17700
1717922189447 2.607078480793421e-05 17800
1717922206501 2.6008617933181677e-05 17900
1717922223590 2.594603849403546e-05 18000
1717922254503 2.5883048835753468e-05 18100
1717922271592 2.5819651318967202e-05 18200
1717922288683 2.5755848319593252e-05 18300
1717922305766 2.5691642228744288e-05 18400
1717922322860 2.562703545263942e-05 18500
1717922339916 2.5562030412514057e-05 18600
1717922356976 2.549662954452913e-05 18700
1717922374042 2.543083529967981e-05 18800
1717922391112 2.5364650143703664e-05 18900
1717922408189 2.5298076556988228e-05 19000
1717922437159 2.5231117034478062e-05 19100
1717922454220 2.516377408558125e-05 19200
1717922471256 2.5096050234075354e-05 19300
1717922488320 2.502794801801282e-05 19400
1717922505365 2.4959469989625878e-05 19500
1717922522425 2.4890618715230878e-05 19600
1717922539481 2.482139677513214e-05 19700
1717922556522 2.4751806763525215e-05 19800
1717922573558 2.4681851288399693e-05 19900
1717922590614 2.4611532971441447e-05 20000
1717922619551 2.4540854447934402e-05 20100
1717922636609 2.4469818366661755e-05 20200
1717922653647 2.4398427389806708e-05 20300
1717922670691 2.4326684192852714e-05 20400
1717922687727 2.4254591464483194e-05 20500
1717922704781 2.4182151906480782e-05 20600
1717922721845 2.4109368233626082e-05 20700
1717922738940 2.4036243173595892e-05 20800
1717922755981 2.396277946686103e-05 20900
1717922773017 2.388897986658358e-05 21000
1717922803892 2.3814847138513756e-05 21100
1717922820975 2.3740384060886233e-05 21200
1717922838061 2.3665593424316012e-05 21300
1717922855131 2.3590478031693876e-05 21400
1717922872195 2.3515040698081313e-05 21500
1717922889247 2.3439284250605032e-05 21600
1717922906296 2.3363211528351014e-05 21700
1717922923358 2.328682538225811e-05 21800
1717922940410 2.321012867501118e-05 21900
1717922957466 2.3133124280933865e-05 22000
1717922986434 2.305581508588079e-05 22100
1717923003508 2.297820398712947e-05 22200
1717923020582 2.2900293893271716e-05 22300
1717923037630 2.2822087724104608e-05 22400
1717923054696 2.274358841052112e-05 22500
1717923071740 2.2664798894400217e-05 22600
1717923088791 2.2585722128496663e-05 22700
1717923105842 2.2506361076330325e-05 22800
1717923122888 2.2426718712075126e-05 22900
1717923139958 2.234679802044758e-05 23000
1717923168926 2.2266601996594928e-05 23100
1717923185972 2.2186133645982902e-05 23200
1717923203034 2.2105395984283093e-05 23300
1717923220092 2.2024392037259916e-05 23400
1717923237141 2.1943124840657224e-05 23500
1717923254189 2.1861597440084556e-05 23600
1717923271233 2.1779812890902973e-05 23700
1717923288294 2.1697774258110566e-05 23800
1717923305347 2.1615484616227585e-05 23900
1717923322404 2.1532947049181227e-05 24000
1717923353393 2.145016465019005e-05 24100
1717923370478 2.136714052164806e-05 24200
1717923387567 2.1283877775008426e-05 24300
1717923404654 2.1200379530666904e-05 24400
1717923421686 2.1116648917844866e-05 24500
1717923438714 2.1032689074472044e-05 24600
1717923455769 2.0948503147068924e-05 24700
1717923472828 2.086409429062883e-05 24800
1717923489884 2.0779465668499697e-05 24900
1717923506953 2.0694620452265485e-05 25000
1717923535951 2.060956182162735e-05 25100
1717923553017 2.052429296428448e-05 25200
1717923570098 2.0438817075814614e-05 25300
1717923587177 2.0353137359554296e-05 25400
1717923604250 2.026725702647882e-05 25500
1717923621302 2.0181179295081883e-05 25600
1717923638356 2.0094907391255007e-05 25700
1717923655407 2.000844454816658e-05 25800
1717923672458 1.992179400614075e-05 25900
1717923689501 1.9834959012535956e-05 26000
1717923718495 1.9747942821623232e-05 26100
1717923735556 1.9660748694464256e-05 26200
1717923752596 1.9573379898789127e-05 26300
1717923769649 1.948583970887391e-05 26400
1717923786703 1.9398131405417936e-05 26500
1717923803749 1.9310258275420812e-05 26600
1717923820789 1.9222223612059306e-05 26700
1717923837852 1.9134030714563857e-05 26800
1717923854912 1.904568288809498e-05 26900
1717923871981 1.8957183443619387e-05 27000
1717923902926 1.8868535697785884e-05 27100
1717923920007 1.877974297280111e-05 27200
1717923937088 1.8690808596305014e-05 27300
1717923954170 1.8601735901246123e-05 27400
1717923971226 1.85125282257567e-05 27500
1717923988283 1.8423188913027555e-05 27600
1717924005329 1.8333721311182837e-05 27700
1717924022385 1.82441287731545e-05 27800
1717924039447 1.8154414656556673e-05 27900
1717924056499 1.806458232355983e-05 28000
1717924085494 1.7974635140764778e-05 28100
1717924102567 1.788457647907648e-05 28200
1717924119630 1.7794409713577758e-05 28300
1717924136700 1.7704138223402767e-05 28400
1717924153765 1.761376539161038e-05 28500
1717924170805 1.7523294605057416e-05 28600
1717924187856 1.7432729254271663e-05 28700
1717924204885 1.734207273332487e-05 28800
1717924221942 1.725132843970552e-05 28900
1717924239010 1.7160499774191495e-05 29000
1717924267990 1.7069590140722658e-05 29100
1717924285042 1.697860294627325e-05 29200
1717924302081 1.6887541600724243e-05 29300
1717924319130 1.679640951673551e-05 29400
1717924336189 1.6705210109617974e-05 29500
1717924353243 1.661394679720558e-05 29600
1717924370293 1.6522622999727224e-05 29700
1717924387341 1.6431242139678567e-05 29800
1717924404377 1.633980764169379e-05 29900
1717924421395 1.6248322932417204e-05 30000
1717924452322 1.6156791440374892e-05 30100
1717924469396 1.6065216595846184e-05 30200
1717924486475 1.59736018307351e-05 30300
1717924503546 1.588195057844176e-05 30400
1717924520612 1.5790266273733676e-05 30500
1717924537663 1.5698552352617052e-05 30600
1717924554736 1.5606812252208035e-05 30700
1717924571775 1.551504941060385e-05 30800
1717924588833 1.5423267266753994e-05 30900
1717924605890 1.5331469260331357e-05 31000
1717924634856 1.5239658831603274e-05 31100
1717924651930 1.5147839421302652e-05 31200
1717924668978 1.5056014470498987e-05 31300
1717924686019 1.4964187420469397e-05 31400
1717924703079 1.48723617125697e-05 31500
1717924720148 1.47805407881054e-05 31600
1717924737220 1.468872808820273e-05 31700
1717924754293 1.4596927053679708e-05 31800
1717924771352 1.4505141124917166e-05 31900
1717924788433 1.4413373741729824e-05 32000
1717924817445 1.4321628343237388e-05 32100
1717924834516 1.4229908367735645e-05 32200
1717924851593 1.4138217252567623e-05 32300
1717924868639 1.4046558433994761e-05 32400
1717924885679 1.3954935347068143e-05 32500
1717924902732 1.3863351425499748e-05 32600
1717924919788 1.3771810101533775e-05 32700
1717924936841 1.3680314805818032e-05 32800
1717924953906 1.3588868967275316e-05 32900
1717924970976 1.3497476012974964e-05 33000
1717925002055 1.3406139368004406e-05 33100
1717925019141 1.331486245534078e-05 33200
1717925036240 1.3223648695722667e-05 33300
1717925053324 1.31325015075219e-05 33400
1717925070399 1.304142430661545e-05 33500
1717925087444 1.2950420506257395e-05 33600
1717925104471 1.2859493516951037e-05 33700
1717925121509 1.2768646746321061e-05 33800
1717925138571 1.267788359898583e-05 33900
1717925155629 1.2587207476429812e-05 34000
1717925184552 1.2496621776876085e-05 34100
1717925201632 1.2406129895158988e-05 34200
1717925218663 1.23157352225969e-05 34300
1717925235715 1.2225441146865142e-05 34400
1717925252773 1.2135251051869025e-05 34500
1717925269815 1.2045168317617e-05 34600
1717925286870 1.1955196320094048e-05 34700
1717925304483 1.1865338431135112e-05 34800
1717925322177 1.1775598018298736e-05 34900
1717925340326 1.1685978444740884e-05 35000
1717925371185 1.1596483069088886e-05 35100
1717925388849 1.1507115245315561e-05 35200
1717925406082 1.1417878322613543e-05 35300
1717925423279 1.1328775645269746e-05 35400
1717925440433 1.1239810552540037e-05 35500
1717925457577 1.11509863785241e-05 35600
1717925474743 1.1062306452040478e-05 35700
1717925491925 1.097377409650182e-05 35800
1717925509075 1.0885392629790329e-05 35900
1717925526287 1.079716536413344e-05 36000
1717925557477 1.0709095605979663e-05 36100
1717925574655 1.0621186655874666e-05 36200
1717925591835 1.0533441808337621e-05 36300
1717925609016 1.04458643517377e-05 36400
1717925626195 1.0358457568170836e-05 36500
1717925643375 1.0271224733336758e-05 36600
1717925660557 1.0184169116416193e-05 36700
1717925677738 1.0097293979948366e-05 36800
1717925694887 1.0010602579708725e-05 36900
1717925712051 9.924098164586933e-06 37000
1717925741251 9.8377839764651e-06 37100
1717925758390 9.751663250096304e-06 37200
1717925775513 9.665739212983346e-06 37300
1717925792641 9.58001508525781e-06 37400
1717925809810 9.49449407955937e-06 37500
1717925826972 9.409179400915407e-06 37600
1717925844146 9.324074246620893e-06 37700
1717925861274 9.239181806118534e-06 37800
1717925878444 9.154505260879303e-06 37900
1717925895596 9.070047784283157e-06 38000
1717925924728 8.98581254150013e-06 38100
1717925941904 8.901802689371717e-06 38200
1717925959118 8.81802137629256e-06 38300
1717925976291 8.734471742092456e-06 38400
1717925993462 8.651156917918689e-06 38500
1717926010651 8.568080026118697e-06 38600
1717926027828 8.485244180123032e-06 38700
1717926044987 8.402652484328712e-06 38800
1717926062150 8.32030803398284e-06 38900
1717926079330 8.238213915066653e-06 39000
1717926110389 8.156373204179821e-06 39100
1717926127605 8.074788968425174e-06 39200
1717926144813 7.993464265293769e-06 39300
1717926162003 7.912402142550274e-06 39400
1717926179201 7.831605638118766e-06 39500
1717926196380 7.751077779968892e-06 39600
1717926213536 7.670821586002367e-06 39700
1717926230726 7.590840063939881e-06 39800
1717926247917 7.511136211208402e-06 39900
1717926265099 7.4317130148288085e-06 40000
1717926294269 7.3525734513039655e-06 40100
1717926311456 7.273720486507188e-06 40200
1717926328649 7.195157075571054e-06 40300
1717926345819 7.116886162776698e-06 40400
1717926363011 7.038910681443432e-06 40500
1717926380184 6.961233553818853e-06 40600
1717926397400 6.883857690969287e-06 40700
1717926414571 6.80678599267072e-06 40800
1717926431728 6.730021347300131e-06 40900
1717926448954 6.653566631727212e-06 41000
1717926478096 6.577424711206577e-06 41100
1717926495243 6.5015984392703955e-06 41200
1717926512426 6.4260906576214135e-06 41300
1717926529602 6.3509041960264825e-06 41400
1717926546810 6.276041872210521e-06 41500
1717926564028 6.2015064917508835e-06 41600
1717926581216 6.127300847972233e-06 41700
1717926598372 6.053427721841871e-06 41800
1717926615529 5.9798898818655e-06 41900
1717926632720 5.906690083983467e-06 42000
1717926663869 5.8338310714674865e-06 42100
1717926681080 5.761315574817843e-06 42200
1717926698271 5.68914631166104e-06 42300
1717926715450 5.617325986647963e-06 42400
1717926732621 5.545857291352536e-06 42500
1717926749781 5.474742904170818e-06 42600
1717926766958 5.40398549022064e-06 42700
1717926784110 5.333587701241748e-06 42800
1717926801289 5.2635521754963864e-06 42900
1717926818474 5.193881537670447e-06 43000
1717926847609 5.124578398775115e-06 43100
1717926864789 5.05564535604899e-06 43200
1717926881956 4.987084992860763e-06 43300
1717926899124 4.918899878612419e-06 43400
1717926916417 4.851092568642919e-06 43500
1717926933602 4.783665604132447e-06 43600
1717926950808 4.716621512007162e-06 43700
1717926968012 4.649962804844527e-06 43800
1717926985189 4.583691980779117e-06 43900
1717927002374 4.517811523409005e-06 44000
1717927031547 4.4523239017027035e-06 44100
1717927048750 4.3872315699066105e-06 44200
1717927065904 4.322536967453041e-06 44300
1717927083071 4.258242518868826e-06 44400
1717927100247 4.19435063368442e-06 44500
1717927117394 4.130863706343607e-06 44600
1717927134557 4.067784116113789e-06 44700
1717927151746 4.00511422699679e-06 44800
1717927168938 3.94285638764027e-06 44900
1717927186115 3.881012931249718e-06 45000
1717927217148 3.819586175501004e-06 45100
1717927234336 3.7585784224535084e-06 45200
1717927251530 3.697991958463862e-06 45300
1717927268749 3.6378290541002716e-06 45400
1717927285909 3.578091964057402e-06 45500
1717927303047 3.5187829270718878e-06 45600
1717927320162 3.4599041658384524e-06 45700
1717927337319 3.40145788692658e-06 45800
1717927354463 3.3434462806978317e-06 45900
1717927371656 3.285871521223775e-06 46000
1717927400831 3.2287357662044785e-06 46100
1717927418023 3.1720411568876686e-06 46200
1717927435194 3.115789817988481e-06 46300
1717927452376 3.0599838576098367e-06 46400
1717927469545 3.0046253671634043e-06 46500
1717927486734 2.94971642129128e-06 46600
1717927503900 2.895259077788194e-06 46700
1717927521098 2.8412553775243977e-06 46800
1717927538293 2.7877073443691903e-06 46900
1717927555469 2.7346169851150687e-06 47000
1717927584592 2.681986289402512e-06 47100
1717927601763 2.629817229645421e-06 47200
1717927618946 2.5781117609572063e-06 47300
1717927636122 2.526871821077504e-06 47400
1717927653274 2.4760993302995644e-06 47500
1717927670421 2.4257961913982905e-06 47600
1717927687565 2.375964289558919e-06 47700
1717927704755 2.3266054923063675e-06 47800
1717927721942 2.277721649435263e-06 47900
1717927739136 2.2293145929406106e-06 48000
1717927770249 2.1813861369491166e-06 48100
1717927787455 2.1339380776512328e-06 48200
1717927804638 2.086972193233832e-06 48300
1717927821813 2.04049024381355e-06 48400
1717927839007 1.9944939713708395e-06 48500
1717927856187 1.948985099684692e-06 48600
1717927873379 1.9039653342680202e-06 48700
1717927890564 1.8594363623037457e-06 48800
1717927907992 1.8153998525815852e-06 48900
1717927925250 1.7718574554354877e-06 49000
1717927954438 1.7288108026817938e-06 49100
1717927971586 1.6862615075580906e-06 49200
1717927988757 1.6442111646627477e-06 49300
1717928005937 1.602661349895138e-06 49400
1717928023106 1.5616136203966125e-06 49500
1717928040457 1.5210695144921267e-06 49600
1717928057621 1.4810305516325723e-06 49700
1717928074778 1.441498232337871e-06 49800
1717928091927 1.4024740381407148e-06 49900
1717928109077 1.3639594315310438e-06 50000
1717928138212 1.3259558559012424e-06 50100
1717928155358 1.2884647354920576e-06 50200
1717928172546 1.2514874753391986e-06 50300
1717928189731 1.215025461220698e-06 50400
1717928206923 1.179080059604979e-06 50500
1717928224092 1.1436526175996336e-06 50600
1717928241270 1.1087444629009453e-06 50700
1717928258431 1.0743569037441336e-06 50800
1717928275625 1.0404912288543271e-06 50900
1717928292810 1.0071487073982444e-06 51000
1717928323941 9.743305889366665e-07 51100
1717928341136 9.420381033775843e-07 51200
1717928358365 9.102724609301038e-07 51300
1717928375536 8.790348520591052e-07 51400
1717928392710 8.483264474406244e-07 51500
1717928409852 8.181483979179738e-07 51600
1717928427019 7.885018344586131e-07 51700
1717928444278 7.593878681117749e-07 51800
1717928462502 7.308075899668199e-07 51900
1717928480091 7.027620711123372e-07 52000
1717928509258 6.752523625960278e-07 52100
1717928527401 6.482794953852861e-07 52200
1717928545082 6.218444803285856e-07 52300
1717928562634 5.959483081175832e-07 52400
1717928580544 5.705919492500044e-07 52500
1717928598441 5.457763539932459e-07 52600
1717928616030 5.215024523487965e-07 52700
1717928633431 4.97771154017368e-07 52800
1717928650859 4.745833483647877e-07 52900
1717928668245 4.519399043886996e-07 53000
1717928698383 4.298416706859765e-07 53100
1717928716376 4.082894754209171e-07 53200
1717928734116 3.8728412629421784e-07 53300
1717928751904 3.668264105127017e-07 53400
1717928769306 3.4691709475981214e-07 53500
1717928787272 3.2755692516688086e-07 53600
1717928805248 3.087466272851719e-07 53700
1717928823028 2.9048690605868345e-07 53800
1717928840734 2.727784457977289e-07 53900
1717928858483 2.556219101532975e-07 54000
1717928891691 2.3901794209218395e-07 54100
1717928909746 2.2296716387287309e-07 54200
1717928927440 2.0747017702224814e-07 54300
1717928945206 1.9252756231303237e-07 54400
1717928963016 1.781398797420164e-07 54500
1717928981090 1.6430766850908997e-07 54600
1717929001225 1.5103144699702144e-07 54700
1717929020737 1.3831171275203335e-07 54800
1717929040346 1.2614894246515908e-07 54900
1717929059823 1.1454359195437359e-07 55000
1717929093475 1.0349609614751565e-07 55100
1717929113105 9.300686906598577e-08 55200
1717929132757 8.307630380922859e-08 55300
1717929152033 7.37047725400064e-08 55400
1717929171282 6.489262647044359e-08 55500
1717929190649 5.664019584887214e-08 55600
1717929210176 4.894778994745164e-08 55700
1717929229470 4.181569705057675e-08 55800
1717929249840 3.5244184444079284e-08 55900
1717929269774 2.923349840520617e-08 56000
1717929301958 2.378386419339018e-08 56100
1717929320826 1.8895486041808353e-08 56200
1717929339782 1.4568547149734768e-08 56300
1717929358667 1.0803209675661064e-08 56400
1717929377613 7.59961473123294e-09 56500
1717929396478 4.957882375954403e-09 56600
1717929415446 2.878111612688028e-09 56700
1717929434341 1.3603803839495887e-09 56800
1717929453362 4.047455689820678e-10 56900
1717929472476 1.1242981629022708e-11 57000
