1717918958337 1.116 100
1717918975257 1.0809 200
1717918992228 1.0452 300
1717919009201 1.014 400
1717919026181 0.9964 500
1717919043201 0.9665 600
1717919060209 0.9668 700
1717919077210 0.8978 800
1717919094220 0.829 900
1717919111273 0.8176 1000
1717919140215 0.7694 1100
1717919157220 0.7757 1200
1717919174221 0.7753 1300
1717919191226 0.7396 1400
1717919208233 0.7031 1500
1717919225256 0.7245 1600
1717919242279 0.7049 1700
1717919259277 0.7371 1800
1717919276290 0.6617 1900
1717919293312 0.7011 2000
1717919322270 0.6869 2100
1717919339275 0.649 2200
1717919356276 0.6987 2300
1717919373286 0.7054 2400
1717919390321 0.7155 2500
1717919407349 0.6916 2600
1717919424378 0.7166 2700
1717919441415 0.7242 2800
1717919458443 0.6896 2900
1717919475468 0.6779 3000
1717919506383 0.676 3100
1717919523434 0.7002 3200
1717919540471 0.6426 3300
1717919557523 0.6954 3400
1717919574548 0.6856 3500
1717919591574 0.7093 3600
1717919608606 0.6561 3700
1717919625609 0.7126 3800
1717919642615 0.6932 3900
1717919659643 0.7201 4000
1717919688567 0.6306 4100
1717919705586 0.6681 4200
1717919722626 0.6505 4300
1717919739673 0.6682 4400
1717919756726 0.6593 4500
1717919773778 0.6862 4600
1717919790807 0.6296 4700
1717919807859 0.6904 4800
1717919824882 0.644 4900
1717919841911 0.669 5000
1717919870851 0.7325 5100
1717919887876 0.7007 5200
1717919904907 0.6811 5300
1717919921913 0.6548 5400
1717919938934 0.6626 5500
1717919955979 0.6751 5600
1717919973000 0.6922 5700
1717919992526 0.5801 5800
1717920009543 0.5868 5900
1717920026576 0.528 6000
1717920057455 0.5781 6100
1717920074513 0.6103 6200
1717920091550 0.5354 6300
1717920108593 0.5864 6400
1717920125602 0.5912 6500
1717920142622 0.6238 6600
1717920159626 0.5688 6700
1717920176663 0.637 6800
1717920193715 0.6014 6900
1717920210768 0.6268 7000
1717920239719 0.6279 7100
1717920256773 0.6059 7200
1717920273844 0.5792 7300
1717920290900 0.5838 7400
1717920307958 0.5167 7500
1717920324997 0.5927 7600
1717920342020 0.599 7700
1717920359056 0.5501 7800
1717920376088 0.5926 7900
1717920393135 0.5649 8000
1717920422085 0.5499 8100
1717920439138 0.5532 8200
1717920456187 0.573 8300
1717920473253 0.5727 8400
1717920490305 0.5825 8500
1717920507383 0.5755 8600
1717920524466 0.5446 8700
1717920541549 0.6175 8800
1717920558637 0.588 8900
1717920575698 0.5987 9000
1717920606617 0.5624 9100
1717920623705 0.5748 9200
1717920640793 0.6316 9300
1717920657872 0.5898 9400
1717920674922 0.5441 9500
1717920691966 0.5819 9600
1717920709036 0.5424 9700
1717920726085 0.5869 9800
1717920743135 0.5694 9900
1717920760203 0.5837 10000
1717920789134 0.5681 10100
1717920806160 0.6325 10200
1717920823176 0.5718 10300
1717920840191 0.5805 10400
1717920857200 0.5677 10500
1717920874202 0.6101 10600
1717920891226 0.6222 10700
1717920908278 0.6046 10800
1717920925336 0.5793 10900
1717920942377 0.5918 11000
1717920971297 0.5827 11100
1717920988331 0.6058 11200
1717921005385 0.6799 11300
1717921022418 0.605 11400
1717921039441 0.4381 11500
1717921056472 0.3971 11600
1717921073520 0.3852 11700
1717921090556 0.4187 11800
1717921107590 0.4111 11900
1717921124645 0.4419 12000
1717921155586 0.3805 12100
1717921172665 0.3808 12200
1717921189740 0.4032 12300
1717921206808 0.4096 12400
1717921223868 0.3965 12500
1717921240929 0.4357 12600
1717921257998 0.3794 12700
1717921275049 0.4022 12800
1717921292113 0.4582 12900
1717921309180 0.3844 13000
1717921338119 0.3904 13100
1717921355168 0.4824 13200
1717921372214 0.4185 13300
1717921389271 0.4192 13400
1717921406330 0.3924 13500
1717921423400 0.4063 13600
1717921440472 0.3808 13700
1717921457538 0.4304 13800
1717921474573 0.4062 13900
1717921491615 0.4368 14000
1717921520627 0.438 14100
1717921537676 0.3716 14200
1717921554728 0.422 14300
1717921571777 0.4304 14400
1717921588836 0.4026 14500
1717921605911 0.3657 14600
1717921622955 0.3624 14700
1717921640008 0.4398 14800
1717921657051 0.4185 14900
1717921674132 0.3838 15000
1717921705072 0.4262 15100
1717921722163 0.4107 15200
1717921739246 0.4308 15300
1717921756328 0.4598 15400
1717921773372 0.4115 15500
1717921790398 0.4286 15600
1717921807423 0.4302 15700
1717921824448 0.422 15800
1717921841485 0.4271 15900
1717921858525 0.4007 16000
1717921887459 0.4281 16100
1717921904536 0.4653 16200
1717921921602 0.4251 16300
1717921938660 0.4562 16400
1717921955718 0.3832 16500
1717921972783 0.3884 16600
1717921989854 0.42 16700
1717922006929 0.4469 16800
1717922024003 0.4313 16900
1717922041063 0.4333 17000
1717922070002 0.4591 17100
1717922087056 0.2838 17200
1717922104121 0.2611 17300
1717922121179 0.2296 17400
1717922138242 0.2876 17500
1717922155320 0.2527 17600
1717922172394 0.3456 17700
1717922189447 0.244 17800
1717922206501 0.2381 17900
1717922223590 0.356 18000
1717922254503 0.2905 18100
1717922271592 0.2406 18200
1717922288683 0.3087 18300
1717922305766 0.2857 18400
1717922322860 0.3729 18500
1717922339916 0.3265 18600
1717922356976 0.3245 18700
1717922374042 0.3463 18800
1717922391112 0.304 18900
1717922408189 0.3401 19000
1717922437159 0.2598 19100
1717922454220 0.23 19200
1717922471256 0.3589 19300
1717922488320 0.3341 19400
1717922505365 0.317 19500
1717922522425 0.3486 19600
1717922539481 0.3079 19700
1717922556522 0.2371 19800
1717922573558 0.3423 19900
1717922590614 0.3138 20000
1717922619551 0.3236 20100
1717922636609 0.285 20200
1717922653647 0.3471 20300
1717922670691 0.2308 20400
1717922687727 0.3767 20500
1717922704781 0.328 20600
1717922721845 0.2877 20700
1717922738940 0.369 20800
1717922755981 0.3127 20900
1717922773017 0.3435 21000
1717922803892 0.3409 21100
1717922820975 0.3006 21200
1717922838061 0.2939 21300
1717922855131 0.3036 21400
1717922872195 0.2646 21500
1717922889247 0.3458 21600
1717922906296 0.3184 21700
1717922923358 0.2922 21800
1717922940410 0.3421 21900
1717922957466 0.3397 22000
1717922986434 0.3669 22100
1717923003508 0.3123 22200
1717923020582 0.2883 22300
1717923037630 0.3151 22400
1717923054696 0.3374 22500
1717923071740 0.3087 22600
1717923088791 0.2814 22700
1717923105842 0.3548 22800
1717923122888 0.1713 22900
1717923139958 0.1336 23000
1717923168926 0.2083 23100
1717923185972 0.1871 23200
1717923203034 0.2313 23300
1717923220092 0.2021 23400
1717923237141 0.2072 23500
1717923254189 0.1721 23600
1717923271233 0.1931 23700
1717923288294 0.262 23800
1717923305347 0.248 23900
1717923322404 0.2218 24000
1717923353393 0.2448 24100
1717923370478 0.1944 24200
1717923387567 0.1836 24300
1717923404654 0.1899 24400
1717923421686 0.1832 24500
1717923438714 0.2404 24600
1717923455769 0.2085 24700
1717923472828 0.2251 24800
1717923489884 0.223 24900
1717923506953 0.2013 25000
1717923535951 0.232 25100
1717923553017 0.2364 25200
1717923570098 0.2382 25300
1717923587177 0.2147 25400
1717923604250 0.2257 25500
1717923621302 0.2908 25600
1717923638356 0.1914 25700
1717923655407 0.2268 25800
1717923672458 0.1752 25900
1717923689501 0.2007 26000
1717923718495 0.2888 26100
1717923735556 0.1901 26200
1717923752596 0.1531 26300
1717923769649 0.2125 26400
1717923786703 0.2472 26500
1717923803749 0.1978 26600
1717923820789 0.2889 26700
1717923837852 0.2107 26800
1717923854912 0.1841 26900
1717923871981 0.1977 27000
1717923902926 0.2576 27100
1717923920007 0.1761 27200
1717923937088 0.2114 27300
1717923954170 0.2151 27400
1717923971226 0.2263 27500
1717923988283 0.2474 27600
1717924005329 0.2074 27700
1717924022385 0.1984 27800
1717924039447 0.2161 27900
1717924056499 0.2644 28000
1717924085494 0.203 28100
1717924102567 0.2381 28200
1717924119630 0.2479 28300
1717924136700 0.2129 28400
1717924153765 0.1946 28500
1717924170805 0.1817 28600
1717924187856 0.1452 28700
1717924204885 0.095 28800
1717924221942 0.0897 28900
1717924239010 0.1141 29000
1717924267990 0.1122 29100
1717924285042 0.1479 29200
1717924302081 0.1167 29300
1717924319130 0.1079 29400
1717924336189 0.1533 29500
1717924353243 0.098 29600
1717924370293 0.1435 29700
1717924387341 0.1162 29800
1717924404377 0.1362 29900
1717924421395 0.1143 30000
1717924452322 0.1397 30100
1717924469396 0.1701 30200
1717924486475 0.1623 30300
1717924503546 0.093 30400
1717924520612 0.1791 30500
1717924537663 0.1613 30600
1717924554736 0.1121 30700
1717924571775 0.1511 30800
1717924588833 0.1182 30900
1717924605890 0.0937 31000
1717924634856 0.1625 31100
1717924651930 0.1049 31200
1717924668978 0.1079 31300
1717924686019 0.1094 31400
1717924703079 0.1309 31500
1717924720148 0.1727 31600
1717924737220 0.0858 31700
1717924754293 0.1449 31800
1717924771352 0.0844 31900
1717924788433 0.1347 32000
1717924817445 0.0825 32100
1717924834516 0.1371 32200
1717924851593 0.1342 32300
1717924868639 0.1596 32400
1717924885679 0.1214 32500
1717924902732 0.1282 32600
1717924919788 0.1504 32700
1717924936841 0.1303 32800
1717924953906 0.1355 32900
1717924970976 0.1637 33000
1717925002055 0.0631 33100
1717925019141 0.1165 33200
1717925036240 0.1111 33300
1717925053324 0.1286 33400
1717925070399 0.1327 33500
1717925087444 0.1348 33600
1717925104471 0.1688 33700
1717925121509 0.15 33800
1717925138571 0.1534 33900
1717925155629 0.1526 34000
1717925184552 0.1853 34100
1717925201632 0.1041 34200
1717925218663 0.0926 34300
1717925235715 0.0787 34400
1717925252773 0.0517 34500
1717925269815 0.1123 34600
1717925286870 0.0749 34700
1717925304483 0.0499 34800
1717925322177 0.0919 34900
1717925340326 0.0875 35000
1717925371185 0.1124 35100
1717925388849 0.0608 35200
1717925406082 0.0781 35300
1717925423279 0.0767 35400
1717925440433 0.0491 35500
1717925457577 0.0816 35600
1717925474743 0.067 35700
1717925491925 0.0182 35800
1717925509075 0.0832 35900
1717925526287 0.0874 36000
1717925557477 0.0839 36100
1717925574655 0.107 36200
1717925591835 0.0636 36300
1717925609016 0.0703 36400
1717925626195 0.029 36500
1717925643375 0.0822 36600
1717925660557 0.0944 36700
1717925677738 0.08 36800
1717925694887 0.0877 36900
1717925712051 0.1432 37000
1717925741251 0.0935 37100
1717925758390 0.0694 37200
1717925775513 0.0389 37300
1717925792641 0.0598 37400
1717925809810 0.0998 37500
1717925826972 0.1203 37600
1717925844146 0.084 37700
1717925861274 0.052 37800
1717925878444 0.0346 37900
1717925895596 0.0454 38000
1717925924728 0.0842 38100
1717925941904 0.096 38200
1717925959118 0.07 38300
1717925976291 0.0933 38400
1717925993462 0.0727 38500
1717926010651 0.0543 38600
1717926027828 0.05 38700
1717926044987 0.0128 38800
1717926062150 0.0758 38900
1717926079330 0.0751 39000
1717926110389 0.0581 39100
1717926127605 0.0608 39200
1717926144813 0.1082 39300
1717926162003 0.032 39400
1717926179201 0.0812 39500
1717926196380 0.125 39600
1717926213536 0.0368 39700
1717926230726 0.0918 39800
1717926247917 0.0475 39900
1717926265099 0.0427 40000
1717926294269 0.0556 40100
1717926311456 0.0464 40200
1717926328649 0.0235 40300
1717926345819 0.0373 40400
1717926363011 0.0282 40500
1717926380184 0.0394 40600
1717926397400 0.0327 40700
1717926414571 0.0196 40800
1717926431728 0.0588 40900
1717926448954 0.0315 41000
1717926478096 0.0338 41100
1717926495243 0.0478 41200
1717926512426 0.0463 41300
1717926529602 0.0311 41400
1717926546810 0.0163 41500
1717926564028 0.0701 41600
1717926581216 0.0679 41700
1717926598372 0.0164 41800
1717926615529 0.0614 41900
1717926632720 0.025 42000
1717926663869 0.0187 42100
1717926681080 0.014 42200
1717926698271 0.0521 42300
1717926715450 0.0235 42400
1717926732621 0.0382 42500
1717926749781 0.0251 42600
1717926766958 0.0007 42700
1717926784110 0.0381 42800
1717926801289 0.0213 42900
1717926818474 0.0362 43000
1717926847609 0.0199 43100
1717926864789 0.044 43200
1717926881956 0.0254 43300
1717926899124 0.015 43400
1717926916417 0.045 43500
1717926933602 0.0151 43600
1717926950808 0.0086 43700
1717926968012 0.0935 43800
1717926985189 0.0416 43900
1717927002374 0.0492 44000
1717927031547 0.0495 44100
1717927048750 0.0356 44200
1717927065904 0.0431 44300
1717927083071 0.0615 44400
1717927100247 0.052 44500
1717927117394 0.0171 44600
1717927134557 0.0502 44700
1717927151746 0.0632 44800
1717927168938 0.0747 44900
1717927186115 0.023 45000
1717927217148 0.0395 45100
1717927234336 0.0138 45200
1717927251530 0.0102 45300
1717927268749 0.0509 45400
1717927285909 0.0419 45500
1717927303047 0.0413 45600
1717927320162 0.0056 45700
1717927337319 0.0099 45800
1717927354463 0.018 45900
1717927371656 0.0541 46000
1717927400831 0.0224 46100
1717927418023 0.0128 46200
1717927435194 0.0134 46300
1717927452376 0.0408 46400
1717927469545 0.0214 46500
1717927486734 0.0198 46600
1717927503900 0.0366 46700
1717927521098 0.041 46800
1717927538293 0.0157 46900
1717927555469 0.0124 47000
1717927584592 0.0041 47100
1717927601763 0.0062 47200
1717927618946 0.0148 47300
1717927636122 0.0106 47400
1717927653274 0.012 47500
1717927670421 0.0134 47600
1717927687565 0.017 47700
1717927704755 0.017 47800
1717927721942 0.0039 47900
1717927739136 0.0376 48000
1717927770249 0.0101 48100
1717927787455 0.0279 48200
1717927804638 0.0007 48300
1717927821813 0.0307 48400
1717927839007 0.0214 48500
1717927856187 0.0266 48600
1717927873379 0.0283 48700
1717927890564 0.0351 48800
1717927907992 0.0202 48900
1717927925250 0.011 49000
1717927954438 0.0078 49100
1717927971586 0.0375 49200
1717927988757 0.006 49300
1717928005937 0.0348 49400
1717928023106 0.0104 49500
1717928040457 0.0226 49600
1717928057621 0.0216 49700
1717928074778 0.0081 49800
1717928091927 0.0128 49900
1717928109077 0.0369 50000
1717928138212 0.0074 50100
1717928155358 0.0031 50200
1717928172546 0.0138 50300
1717928189731 0.0156 50400
1717928206923 0.0156 50500
1717928224092 0.0382 50600
1717928241270 0.0102 50700
1717928258431 0.0161 50800
1717928275625 0.0366 50900
1717928292810 0.0127 51000
1717928323941 0.0337 51100
1717928341136 0.0204 51200
1717928358365 0.0057 51300
1717928375536 0.0004 51400
1717928392710 0.0122 51500
1717928409852 0.0092 51600
1717928427019 0.0282 51700
1717928444278 0.0004 51800
1717928462502 0.0112 51900
1717928480091 0.0227 52000
1717928509258 0.0195 52100
1717928527401 0.0399 52200
1717928545082 0.0117 52300
1717928562634 0.022 52400
1717928580544 0.0012 52500
1717928598441 0.0089 52600
1717928616030 0.0045 52700
1717928633431 0.0115 52800
1717928650859 0.0001 52900
1717928668245 0.0069 53000
1717928698383 0.0307 53100
1717928716376 0.0163 53200
1717928734116 0.0222 53300
1717928751904 0.0037 53400
1717928769306 0.007 53500
1717928787272 0.0015 53600
1717928805248 0.0001 53700
1717928823028 0.0072 53800
1717928840734 0.0118 53900
1717928858483 0.0162 54000
1717928891691 0.0001 54100
1717928909746 0.0061 54200
1717928927440 0.0109 54300
1717928945206 0.0001 54400
1717928963016 0.0011 54500
1717928981090 0.0173 54600
1717929001225 0.0184 54700
1717929020737 0.0325 54800
1717929040346 0.0226 54900
1717929059823 0.0176 55000
1717929093475 0.021 55100
1717929113105 0.0276 55200
1717929132757 0.0135 55300
1717929152033 0.0038 55400
1717929171282 0.0032 55500
1717929190649 0.0215 55600
1717929210176 0.0055 55700
1717929229470 0.0044 55800
1717929249840 0.0313 55900
1717929269774 0.0084 56000
1717929301958 0.0327 56100
1717929320826 0.0194 56200
1717929339782 0.0088 56300
1717929358667 0.0239 56400
1717929377613 0.0001 56500
1717929396478 0.0202 56600
1717929415446 0.0036 56700
1717929434341 0.0067 56800
1717929453362 0.0145 56900
1717929472476 0.0061 57000
