1718445775809 0.02 10
1718445796778 0.03 20
1718445817799 0.05 30
1718445838829 0.06 40
1718445859426 0.08 50
1718445880644 0.1 60
1718445901617 0.11 70
1718445922635 0.13 80
1718445943590 0.14 90
1718445964169 0.16 100
1718445985209 0.18 110
1718446006200 0.19 120
1718446027181 0.21 130
1718446048062 0.22 140
1718446068563 0.24 150
1718446089737 0.26 160
1718446110805 0.27 170
1718446131839 0.29 180
1718446152849 0.3 190
1718446173568 0.32 200
1718446194771 0.34 210
1718446215828 0.35 220
1718446236928 0.37 230
1718446257937 0.38 240
1718446278702 0.4 250
1718446299796 0.42 260
1718446320710 0.43 270
1718446341802 0.45 280
1718446363002 0.46 290
1718446384220 0.48 300
1718446484915 0.48 300
1718446517338 0.5 310
1718446538422 0.51 320
1718446559889 0.53 330
1718446581272 0.54 340
1718446603108 0.56 350
1718446625244 0.58 360
1718446647197 0.59 370
1718446669128 0.61 380
1718446690985 0.62 390
1718446713099 0.64 400
1718446735937 0.66 410
1718446758090 0.67 420
1718446780402 0.69 430
1718446802931 0.7 440
1718446824608 0.72 450
1718446846750 0.74 460
1718446868512 0.75 470
1718446889642 0.77 480
1718446910754 0.78 490
1718446932125 0.8 500
1718446954668 0.82 510
1718446976798 0.83 520
1718446998738 0.85 530
1718447020620 0.86 540
1718447042784 0.88 550
1718447065041 0.9 560
1718447086480 0.91 570
1718447108102 0.93 580
1718447130045 0.94 590
1718447151570 0.96 600
1718447254725 0.96 600
1718447284804 0.98 610
1718447306326 0.99 620
1718447317087 1.0 625
