1718445775809 16.516197204589844 10
1718445796778 6.81518030166626 20
1718445817799 2.268181085586548 30
1718445838829 9.217023849487305 40
1718445859426 1.0998057126998901 50
1718445880644 8.698049545288086 60
1718445901617 5.3827433586120605 70
1718445922635 3.0743587017059326 80
1718445943590 2.301375150680542 90
1718445964169 4.828885555267334 100
1718445985209 86.92211151123047 110
1718446006200 3.028981924057007 120
1718446027181 30.874736785888672 130
1718446048062 1.6134244203567505 140
1718446068563 34.419612884521484 150
1718446089737 15.131012916564941 160
1718446110805 4.746455192565918 170
1718446131839 14.250138282775879 180
1718446152849 47.98887634277344 190
1718446173568 6.614264488220215 200
1718446194771 18.68560218811035 210
1718446215828 1.5267165899276733 220
1718446236928 50.58968734741211 230
1718446257937 1.170063853263855 240
1718446278702 41.83880615234375 250
1718446299796 2.0740909576416016 260
1718446320710 69.33204650878906 270
1718446341802 1.6237221956253052 280
1718446363002 1.9087730646133423 290
1718446384220 0.8760650753974915 300
1718446517338 3.0690195560455322 310
1718446538422 0.9710574746131897 320
1718446559889 2.5733327865600586 330
1718446581272 3.2239131927490234 340
1718446603108 2.134005546569824 350
1718446625244 0.42129576206207275 360
1718446647197 0.7156768441200256 370
1718446669128 1.0036098957061768 380
1718446690985 1.01503324508667 390
1718446713099 1.8616899251937866 400
1718446735937 1.5086541175842285 410
1718446758090 0.8369495868682861 420
1718446780402 0.5256029367446899 430
1718446802931 0.48092249035835266 440
1718446824608 2.097865104675293 450
1718446846750 2.092550277709961 460
1718446868512 0.3783054053783417 470
1718446889642 2.0672097206115723 480
1718446910754 2.003333806991577 490
1718446932125 1.0595990419387817 500
1718446954668 1.9752577543258667 510
1718446976798 1.1472744941711426 520
1718446998738 1.7560750246047974 530
1718447020620 1.5661410093307495 540
1718447042784 0.14531992375850677 550
1718447065041 0.8514109253883362 560
1718447086480 1.7883139848709106 570
1718447108102 0.7006528377532959 580
1718447130045 1.2549604177474976 590
1718447151570 0.7356075644493103 600
1718447284804 0.7722664475440979 610
1718447306326 0.4483785331249237 620
