1718445775809 7.368421052631579e-05 10
1718445796778 0.00017894736842105264 20
1718445817799 0.00019993416256221895 30
1718445838829 0.0001996119021565693 40
1718445859426 0.00019902199100196697 50
1718445880644 0.00019816601415159263 60
1718445901617 0.00019704627155997108 70
1718445922635 0.00019566577190314197 80
1718445943590 0.00019402822449454153 90
1718445964169 0.00019213802931831696 100
1718445985209 0.00019000026520685302 110
1718446006200 0.00018786934000992688 120
1718446027181 0.0001855471662881164 130
1718446048062 0.00018274883055477436 140
1718446068563 0.00017972815405699103 150
1718446089737 0.00017649325315746478 160
1718446110805 0.0001730528198260285 170
1718446131839 0.00016941609828488807 180
1718446152849 0.000165592860169994 190
1718446173568 0.00016159337827528685 200
1718446194771 0.00015742839895036305 210
1718446215828 0.00015310911322572753 220
1718446236928 0.00014864712674321734 230
1718446257937 0.0001440544285723915 240
1718446278702 0.00013934335899667527 250
1718446299796 0.0001345265763558152 260
1718446320710 0.00012961702303373795 270
1718446341802 0.00012462789068320017 280
1718446363002 0.00011957258478066931 290
1718446384220 0.00011446468860667421 300
1718446517338 0.00010931792674840718 310
1718446538422 0.00010414612822264455 320
1718446559889 9.896318931807155e-05 330
1718446581272 9.378303625685195e-05 340
1718446603108 8.861958777576827e-05 350
1718446625244 8.348671772747487e-05 360
1718446647197 7.839821780235168e-05 370
1718446669128 7.336776047112276e-05 380
1718446690985 6.84088622478104e-05 390
1718446713099 6.35348473717345e-05 400
1718446735937 5.875881200614207e-05 410
1718446758090 5.4093589049662175e-05 420
1718446780402 4.955171365513603e-05 430
1718446802931 4.514538954847064e-05 440
1718446824608 4.088645623801534e-05 450
1718446846750 3.678635720256737e-05 460
1718446868512 3.285610914348332e-05 470
1718446889642 2.9106272383513835e-05 480
1718446910754 2.5546922491898495e-05 490
1718446932125 2.2187623211961562e-05 500
1718446954668 1.903740076395151e-05 510
1718446976798 1.6104719592169902e-05 520
1718446998738 1.339745962155613e-05 530
1718447020620 1.0922895084838037e-05 540
1718447042784 8.687674977138116e-06 550
1718447065041 6.6978051905530855e-06 560
1718447086480 4.95863237670956e-06 570
1718447108102 3.4748295806564356e-06 580
1718447130045 2.250383684694579e-06 590
1718447151570 1.2885846958814673e-06 600
1718447284804 5.920169059947411e-07 610
1718447306326 1.6255194770704586e-07 620
