1718445775809 8.0731 10
1718445796778 0.3314 20
1718445817799 0.3506 30
1718445838829 0.3399 40
1718445859426 0.239 50
1718445880644 0.4198 60
1718445901617 0.327 70
1718445922635 0.1688 80
1718445943590 0.1388 90
1718445964169 0.1749 100
1718445985209 1.6273 110
1718446006200 1.1119 120
1718446027181 1.4354 130
1718446048062 0.1916 140
1718446068563 1.1659 150
1718446089737 0.591 160
1718446110805 0.2254 170
1718446131839 0.256 180
1718446152849 0.5277 190
1718446173568 0.6869 200
1718446194771 0.1897 210
1718446215828 0.26 220
1718446236928 0.2166 230
1718446257937 0.1244 240
1718446278702 0.2891 250
1718446299796 0.2448 260
1718446320710 0.1545 270
1718446341802 0.1249 280
1718446363002 0.1373 290
1718446384220 0.1186 300
1718446517338 0.1613 310
1718446538422 0.1328 320
1718446559889 0.1223 330
1718446581272 0.1563 340
1718446603108 0.1438 350
1718446625244 0.1277 360
1718446647197 0.1169 370
1718446669128 0.1201 380
1718446690985 0.1301 390
1718446713099 0.1353 400
1718446735937 0.1325 410
1718446758090 0.1314 420
1718446780402 0.1314 430
1718446802931 0.1077 440
1718446824608 0.1105 450
1718446846750 0.1082 460
1718446868512 0.1138 470
1718446889642 0.1274 480
1718446910754 0.1163 490
1718446932125 0.1108 500
1718446954668 0.1186 510
1718446976798 0.1178 520
1718446998738 0.1182 530
1718447020620 0.1162 540
1718447042784 0.1143 550
1718447065041 0.1167 560
1718447086480 0.107 570
1718447108102 0.1002 580
1718447130045 0.1125 590
1718447151570 0.1088 600
1718447284804 0.1092 610
1718447306326 0.1083 620
