1717953840600 0.0 0
1717953850626 5.3 1
1717953860645 5.5 2
1717953870659 5.5 3
1717953880675 5.4 4
1717953890734 5.3 5
1717953900751 5.4 6
1717953910762 5.2 7
1717953920773 5.4 8
1717953930785 5.4 9
1717953940796 5.6 10
1717953950808 5.5 11
1717953960867 5.6 12
1717953970890 5.4 13
1717953980907 5.3 14
1717953990922 5.3 15
1717954000938 5.5 16
1717954010960 5.3 17
1717954020977 5.5 18
1717954030996 5.7 19
1717954041014 5.4 20
1717954051038 5.6 21
1717954061051 5.5 22
1717954071067 5.3 23
1717954081130 5.3 24
1717954091146 5.4 25
1717954101159 5.4 26
1717954111170 5.3 27
1717954121182 5.5 28
1717954131202 5.3 29
1717954141215 5.5 30
1717954151228 5.4 31
1717954161251 5.3 32
1717954171265 5.5 33
1717954181310 5.2 34
1717954191324 5.5 35
1717954201347 5.3 36
1717954211359 5.6 37
1717954221372 5.5 38
1717954231386 5.4 39
1717954241400 5.5 40
1717954251414 5.5 41
1717954261428 5.5 42
1717954271442 5.5 43
1717954281456 5.3 44
1717954291481 5.3 45
1717954301543 5.5 46
1717954311567 5.4 47
1717954321591 5.5 48
1717954331645 5.4 49
1717954341661 5.6 50
1717954351708 5.3 51
1717954361723 5.6 52
1717954371737 5.4 53
1717954381754 5.2 54
1717954392266 5.5 55
1717954402281 5.6 56
1717954412299 9.5 57
1717954422322 9.6 58
1717954432337 9.4 59
1717954442352 9.4 60
1717954452366 9.6 61
1717954462381 9.5 62
1717954472394 9.4 63
1717954482417 6.7 64
1717954492442 5.4 65
1717954502458 5.5 66
1717954512515 5.4 67
1717954522530 5.5 68
1717954532553 5.4 69
1717954542571 5.6 70
1717954552635 5.4 71
1717954562662 5.6 72
1717954572679 5.4 73
1717954582705 5.5 74
1717954592723 5.6 75
1717954602738 5.3 76
1717954612757 5.4 77
1717954622776 5.4 78
1717954632846 5.5 79
1717954642861 5.6 80
1717954652895 5.3 81
1717954662913 5.5 82
1717954672932 5.3 83
1717954682948 5.4 84
1717954692965 5.3 85
1717954702980 5.3 86
1717954712995 5.4 87
1717954723011 5.3 88
1717954733026 5.5 89
1717954743041 5.3 90
1717954753071 5.5 91
1717954763092 5.9 92
1717954773121 5.5 93
1717954783138 5.2 94
1717954793152 5.4 95
1717954803173 5.4 96
1717954813238 5.6 97
1717954823254 5.2 98
1717954833270 5.5 99
1717954843289 5.6 100
1717954853309 5.4 101
1717954863327 5.4 102
1717954873340 5.4 103
1717954883355 5.4 104
1717954893370 5.6 105
1717954903383 5.3 106
1717954913397 5.2 107
1717954923410 5.6 108
1717954933425 5.4 109
1717954943447 5.5 110
1717954953467 5.4 111
1717954963481 6.1 112
1717954973495 9.6 113
1717954983509 9.3 114
1717954993525 9.5 115
1717955003542 9.6 116
1717955013563 9.4 117
1717955023577 9.5 118
1717955033646 9.6 119
1717955043703 6.2 120
1717955053748 5.5 121
1717955063763 5.4 122
1717955073829 5.4 123
1717955083845 5.2 124
1717955093910 5.4 125
1717955103978 5.4 126
1717955114051 5.3 127
1717955124110 5.5 128
1717955134178 5.4 129
1717955144225 5.7 130
1717955154294 5.7 131
1717955164361 5.3 132
1717955174377 5.5 133
1717955184406 5.4 134
1717955194425 5.3 135
1717955204486 5.6 136
1717955214507 5.3 137
1717955224566 5.4 138
1717955234624 5.4 139
1717955244695 5.4 140
1717955254765 5.4 141
1717955264837 5.5 142
1717955274899 5.3 143
1717955284962 5.2 144
1717955294981 5.4 145
1717955305043 5.3 146
1717955315117 5.2 147
1717955325134 5.6 148
1717955335196 5.7 149
1717955345262 5.4 150
1717955355280 5.6 151
1717955365298 5.3 152
1717955375357 5.5 153
1717955385426 5.2 154
1717955395500 5.4 155
1717955405568 5.5 156
1717955415585 5.3 157
1717955425658 5.4 158
1717955435682 5.4 159
1717955445706 5.4 160
1717955455729 5.5 161
1717955465806 5.4 162
1717955475875 5.5 163
1717955485894 5.5 164
1717955495974 5.5 165
1717955506045 5.4 166
1717955516124 5.8 167
1717955526140 7.7 168
1717955536155 9.7 169
1717955546176 9.6 170
1717955556191 9.6 171
1717955566221 9.6 172
1717955576241 9.5 173
1717955586259 9.4 174
1717955596285 8.7 175
1717955606359 5.2 176
1717955616383 5.4 177
1717955626451 5.7 178
1717955636524 5.5 179
1717955646589 5.6 180
1717955656616 5.4 181
1717955666686 5.4 182
1717955676756 5.2 183
1717955686774 5.4 184
1717955696798 5.5 185
1717955706816 5.6 186
1717955716891 5.4 187
1717955726960 5.4 188
1717955737020 5.5 189
1717955747085 5.6 190
1717955757160 5.3 191
1717955767178 5.4 192
1717955777242 5.5 193
1717955787326 5.5 194
1717955797403 5.4 195
1717955807441 5.3 196
1717955817462 5.6 197
1717955827530 5.3 198
1717955837562 5.5 199
1717955847626 5.6 200
1717955857689 5.3 201
1717955867757 5.4 202
1717955877830 5.5 203
1717955887904 6.4 204
1717955897978 6.2 205
1717955907998 6.5 206
1717955918062 5.6 207
1717955928125 5.4 208
1717955938202 5.6 209
1717955948275 5.7 210
1717955958334 5.6 211
1717955968413 5.8 212
1717955978433 5.5 213
1717955988454 5.5 214
1717955998521 5.5 215
1717956008594 5.4 216
1717956018672 5.7 217
1717956028757 5.4 218
1717956038821 5.6 219
1717956048900 5.6 220
1717956058927 5.5 221
1717956068990 5.5 222
1717956079053 5.5 223
1717956089073 8.5 224
1717956099120 9.7 225
1717956109141 9.6 226
1717956119161 9.8 227
1717956129181 9.7 228
1717956139216 9.6 229
1717956149294 9.6 230
1717956159375 8.1 231
1717956169437 5.4 232
1717956179517 5.3 233
1717956189543 5.6 234
1717956199565 5.4 235
1717956209637 5.5 236
1717956219665 5.4 237
1717956229685 5.6 238
1717956239755 5.6 239
1717956249820 5.5 240
1717956259841 5.6 241
1717956269920 5.7 242
1717956279989 5.3 243
1717956290051 5.5 244
1717956300082 5.5 245
1717956310150 5.5 246
1717956320173 5.4 247
1717956330194 5.7 248
1717956340213 5.6 249
1717956350291 5.5 250
1717956360320 5.7 251
1717956370347 5.4 252
1717956380369 5.5 253
1717956390443 5.4 254
1717956400463 5.6 255
1717956410530 5.6 256
1717956420591 5.4 257
1717956430655 5.6 258
1717956440692 5.4 259
1717956450780 5.6 260
1717956460857 5.8 261
1717956470934 5.3 262
1717956480986 5.5 263
1717956491007 5.5 264
1717956501080 5.4 265
1717956511106 5.5 266
1717956521138 5.5 267
1717956531207 5.5 268
1717956541279 5.4 269
1717956551320 5.7 270
1717956561406 5.7 271
1717956571485 5.4 272
1717956581575 5.7 273
1717956591606 5.4 274
1717956601683 5.6 275
1717956611754 5.6 276
1717956621785 5.6 277
1717956631830 5.6 278
1717956641897 5.6 279
1717956651923 8.9 280
1717956661949 10.2 281
1717956671998 9.6 282
1717956682017 9.5 283
1717956692037 9.5 284
1717956702059 9.6 285
1717956712139 9.5 286
1717956722181 7.7 287
1717956732254 5.5 288
1717956742331 5.5 289
1717956752398 5.5 290
1717956762483 5.5 291
1717956772549 5.5 292
1717956782573 5.3 293
1717956792619 5.5 294
1717956802692 5.6 295
1717956812782 5.4 296
1717956822804 5.8 297
1717956832885 5.9 298
1717956842958 5.5 299
1717956853035 5.5 300
1717956863059 5.5 301
1717956873130 5.8 302
1717956883196 5.4 303
1717956893218 5.5 304
1717956903238 5.6 305
1717956913306 5.4 306
1717956923374 5.5 307
1717956933398 5.6 308
1717956943463 5.6 309
1717956953532 5.6 310
1717956963570 5.6 311
1717956973640 5.7 312
1717956983715 5.4 313
1717956993789 5.5 314
1717957003810 5.4 315
1717957013888 5.5 316
1717957023963 5.6 317
1717957034048 5.5 318
1717957044079 5.7 319
1717957054160 5.7 320
1717957064246 5.6 321
1717957074322 5.5 322
1717957084385 5.4 323
1717957094405 5.5 324
1717957104481 5.5 325
1717957114522 5.7 326
1717957124600 5.7 327
1717957134684 5.3 328
1717957144759 5.7 329
1717957154789 5.5 330
1717957164863 5.6 331
1717957174944 5.4 332
1717957184981 5.4 333
1717957195062 5.5 334
1717957205084 5.6 335
1717957215102 8.7 336
1717957225122 9.6 337
1717957235140 9.7 338
1717957245159 9.8 339
1717957255179 9.5 340
1717957265205 9.8 341
1717957275288 9.8 342
1717957285353 7.6 343
1717957295434 5.4 344
1717957305519 5.6 345
1717957315554 5.5 346
1717957325584 5.9 347
1717957335603 8.2 348
1717957345628 16.6 349
1717957355659 28.1 350
1717957365690 19.4 351
1717957375721 21.2 352
1717957385747 22.1 353
1717957395782 8.7 354
1717957405812 8.0 355
1717957415846 9.4 356
1717957425875 7.8 357
1717957435961 12.8 358
1717957445991 12.3 359
1717957456036 10.6 360
1717957466069 10.3 361
1717957476099 10.4 362
1717957486132 8.9 363
1717957496162 10.7 364
1717957506198 10.4 365
1717957516221 9.6 366
1717957526246 9.1 367
1717957536325 8.9 368
1717957546360 7.4 369
1717957556437 8.0 370
1717957566521 10.2 371
1717957576561 10.4 372
1717957586594 9.7 373
1717957596623 10.9 374
1717957606654 10.3 375
1717957616685 8.9 376
1717957626716 9.1 377
1717957636748 7.9 378
1717957646771 9.8 379
1717957656802 10.3 380
1717957666875 9.0 381
1717957676964 8.2 382
1717957686992 7.9 383
1717957697029 8.6 384
1717957707068 7.5 385
1717957717094 8.9 386
1717957727144 8.0 387
1717957737187 8.5 388
1717957747216 7.8 389
1717957757245 8.5 390
1717957767268 7.9 391
1717957777305 9.1 392
1717957787329 10.4 393
1717957797355 10.4 394
1717957807384 12.2 395
1717957817409 13.6 396
1717957827443 14.2 397
1717957837477 13.3 398
1717957847511 14.5 399
1717957857548 11.9 400
1717957867575 11.7 401
1717957877615 12.0 402
1717957887650 9.5 403
1717957897677 8.6 404
1717957907707 10.3 405
1717957917750 10.5 406
1717957927784 9.7 407
1717957937811 10.5 408
1717957947840 11.7 409
1717957957922 11.1 410
1717957968004 9.3 411
1717957978032 10.7 412
1717957988116 14.4 413
1717957998142 12.9 414
1717958008181 14.2 415
1717958018222 12.2 416
1717958028253 11.8 417
1717958038282 12.5 418
1717958048313 12.4 419
1717958058361 11.7 420
1717958068420 10.7 421
1717958078456 11.1 422
1717958088486 10.4 423
1717958098524 11.3 424
1717958108595 10.2 425
1717958118626 10.6 426
1717958128696 10.4 427
1717958138773 10.5 428
1717958148802 12.4 429
1717958158882 12.0 430
1717958168976 12.8 431
1717958179017 14.2 432
1717958189066 10.7 433
1717958199157 10.6 434
1717958209197 10.8 435
1717958219229 10.5 436
1717958229264 10.5 437
1717958239293 10.9 438
1717958249372 11.3 439
1717958259417 10.6 440
1717958269466 10.9 441
1717958279501 10.2 442
1717958289578 11.0 443
1717958299607 12.7 444
1717958309643 12.5 445
1717958319723 12.3 446
1717958329753 11.1 447
1717958339788 11.2 448
1717958349872 10.3 449
1717958359904 10.5 450
1717958369989 10.2 451
1717958380029 9.9 452
1717958390113 10.4 453
1717958400148 11.7 454
1717958410174 11.9 455
1717958420196 13.3 456
1717958430225 15.4 457
1717958440246 15.6 458
1717958450277 14.1 459
1717958460300 14.2 460
1717958470328 14.7 461
1717958480360 14.9 462
1717958490390 13.9 463
1717958500422 13.3 464
1717958510524 10.8 465
1717958520557 11.7 466
1717958530598 11.2 467
1717958540683 13.8 468
1717958550765 11.6 469
1717958560800 11.3 470
1717958570841 10.7 471
1717958580884 7.2 472
1717958590914 6.8 473
1717958600962 6.9 474
1717958610999 7.8 475
1717958621037 6.9 476
1717958631130 6.8 477
1717958641160 6.7 478
1717958651200 6.2 479
1717958661293 7.4 480
1717958671319 6.5 481
1717958681354 12.8 482
1717958691439 10.0 483
1717958701464 10.1 484
1717958711551 10.0 485
1717958721580 13.6 486
1717958731665 10.8 487
1717958741712 12.0 488
1717958751751 10.6 489
1717958761790 10.2 490
1717958771873 9.9 491
1717958781908 10.0 492
1717958791999 10.4 493
1717958802034 10.3 494
1717958812062 9.7 495
1717958822097 11.3 496
1717958832129 10.6 497
1717958842158 11.6 498
1717958852192 10.3 499
1717958862219 10.7 500
1717958872251 10.5 501
1717958882323 10.2 502
1717958892395 10.0 503
1717958902438 10.5 504
1717958912466 10.5 505
1717958922509 10.4 506
1717958932572 10.7 507
1717958942659 13.1 508
1717958952690 11.0 509
1717958962788 11.2 510
1717958972869 11.3 511
1717958982949 11.5 512
1717958992990 10.9 513
1717959003017 11.7 514
1717959013053 11.2 515
1717959023140 9.7 516
1717959033182 9.5 517
1717959043219 10.9 518
1717959053244 14.7 519
1717959063268 14.6 520
1717959073309 14.1 521
1717959083339 14.0 522
1717959093363 14.2 523
1717959103398 16.6 524
1717959113437 14.2 525
1717959123484 11.2 526
1717959133517 11.0 527
1717959143565 11.1 528
1717959153606 10.6 529
1717959163641 10.9 530
1717959173728 11.4 531
1717959183756 12.0 532
1717959193796 12.2 533
1717959203897 13.2 534
1717959213949 10.3 535
1717959223987 11.3 536
1717959234078 11.5 537
1717959244120 10.3 538
1717959254165 10.6 539
1717959264211 11.1 540
1717959274252 10.4 541
1717959284295 10.7 542
1717959294335 10.2 543
1717959304364 11.0 544
1717959314405 10.5 545
1717959324492 10.8 546
1717959334541 10.6 547
1717959344575 11.2 548
1717959354625 10.8 549
1717959364673 10.6 550
1717959374707 10.5 551
1717959384745 11.3 552
1717959394779 10.0 553
1717959404807 10.6 554
1717959414850 10.8 555
1717959424895 10.9 556
1717959434934 13.1 557
1717959445021 11.9 558
1717959455073 12.5 559
1717959465149 12.1 560
1717959475190 11.0 561
1717959485219 11.4 562
1717959495265 12.5 563
1717959505319 12.4 564
1717959515412 11.7 565
1717959525461 11.5 566
1717959535501 10.8 567
1717959545531 13.9 568
1717959555612 12.2 569
1717959565701 11.1 570
1717959575750 10.8 571
1717959585784 10.0 572
1717959595824 10.7 573
1717959605869 9.9 574
1717959615918 11.1 575
1717959625965 10.4 576
1717959635998 10.9 577
1717959646307 11.5 578
1717959656561 14.7 579
1717959666593 14.6 580
1717959676624 14.1 581
1717959686656 14.5 582
1717959696700 14.1 583
1717959706731 14.3 584
1717959716767 14.1 585
1717959726854 12.8 586
1717959736891 10.9 587
1717959746930 11.1 588
1717959756976 8.5 589
1717959767007 11.1 590
1717959777045 11.2 591
1717959787128 11.2 592
1717959797215 11.6 593
1717959807246 11.4 594
1717959817300 10.7 595
1717959827329 11.5 596
1717959837378 11.8 597
1717959847418 6.9 598
1717959857460 6.9 599
1717959867494 6.9 600
1717959877529 10.2 601
1717959887565 10.7 602
1717959897645 10.5 603
1717959907678 12.2 604
1717959917713 11.9 605
1717959927761 12.1 606
1717959937807 12.8 607
1717959947849 12.2 608
1717959957943 12.6 609
1717959968018 11.2 610
1717959978061 10.9 611
1717959988149 11.6 612
1717959998243 10.6 613
1717960008293 11.7 614
1717960018337 10.4 615
1717960028375 10.7 616
1717960038406 11.1 617
1717960048453 12.1 618
1717960058496 11.5 619
1717960068532 12.2 620
1717960078574 11.5 621
1717960088620 12.8 622
1717960098656 14.1 623
1717960108705 6.9 624
1717960118746 6.7 625
1717960128797 6.6 626
1717960138842 6.3 627
1717960148877 12.4 628
1717960158929 9.1 629
1717960168983 7.2 630
1717960179068 11.6 631
1717960189110 10.9 632
1717960199159 11.4 633
1717960209197 10.7 634
1717960219243 11.1 635
1717960229337 11.9 636
1717960239422 10.1 637
1717960249459 11.2 638
1717960259497 12.4 639
1717960269537 16.9 640
1717960279565 17.0 641
1717960289603 16.0 642
1717960299638 14.3 643
1717960309676 13.9 644
1717960319703 18.9 645
1717960329740 16.2 646
1717960339779 15.9 647
1717960349827 12.6 648
1717960359914 10.1 649
1717960369959 6.4 650
1717960379995 6.8 651
1717960390032 6.4 652
1717960400088 14.1 653
1717960410127 11.4 654
1717960420175 12.9 655
1717960430219 10.5 656
1717960440265 10.2 657
1717960450305 11.2 658
1717960460353 8.7 659
1717960470442 7.3 660
1717960480504 6.9 661
1717960490542 7.3 662
1717960500585 7.2 663
1717960510673 6.2 664
1717960520710 6.9 665
1717960530830 8.4 666
1717960540864 14.2 667
1717960550954 11.4 668
1717960561043 11.1 669
1717960571086 11.3 670
1717960581123 12.5 671
1717960591154 13.1 672
1717960601255 12.9 673
1717960611333 12.1 674
1717960621367 13.3 675
1717960631399 12.0 676
1717960641435 10.6 677
1717960651489 12.0 678
1717960661526 11.2 679
1717960671605 10.6 680
1717960681648 11.9 681
1717960691684 12.7 682
1717960701769 10.8 683
1717960711870 12.7 684
1717960721911 11.6 685
1717960731953 12.5 686
1717960742047 13.0 687
1717960752082 13.1 688
1717960762116 13.6 689
1717960772161 13.7 690
1717960782216 12.4 691
1717960792253 14.9 692
1717960802286 13.4 693
1717960812320 12.6 694
1717960822353 12.5 695
1717960832390 14.0 696
1717960842433 12.3 697
1717960852472 12.0 698
1717960862524 11.6 699
1717960872577 13.7 700
1717960882614 17.4 701
1717960892653 17.3 702
1717960902681 16.5 703
1717960912718 19.0 704
1717960922752 16.3 705
1717960932780 15.1 706
1717960942815 18.1 707
1717960952848 17.6 708
1717960962933 14.2 709
1717960973024 13.6 710
1717960983062 16.0 711
1717960993135 15.5 712
1717961003172 12.6 713
1717961013206 9.4 714
1717961023241 5.9 715
1717961033339 7.4 716
1717961043373 6.5 717
1717961053447 6.9 718
1717961063552 6.8 719
1717961073590 7.1 720
1717961083626 8.4 721
1717961093661 6.7 722
1717961103694 6.1 723
1717961113774 6.3 724
1717961123812 6.6 725
1717961133850 7.9 726
1717961143888 8.3 727
1717961153929 9.2 728
1717961163980 12.2 729
1717961174013 12.5 730
1717961184110 11.9 731
1717961194149 11.9 732
1717961204195 10.5 733
1717961214307 12.7 734
1717961224366 12.7 735
1717961234409 10.9 736
1717961244446 13.6 737
1717961254495 12.7 738
1717961264565 11.3 739
1717961274597 12.8 740
1717961284635 11.1 741
1717961294682 10.9 742
1717961304774 9.8 743
1717961314834 10.4 744
1717961324882 10.5 745
1717961334922 11.2 746
1717961344972 10.0 747
1717961355027 12.2 748
1717961365074 13.3 749
1717961375128 12.4 750
1717961385169 10.8 751
1717961395203 11.0 752
1717961405257 10.5 753
1717961415296 11.7 754
1717961425340 10.7 755
1717961435442 10.7 756
1717961445489 7.5 757
1717961455537 6.7 758
1717961465585 6.5 759
1717961475696 6.7 760
1717961485727 10.1 761
1717961495756 16.2 762
1717961505786 15.9 763
1717961515822 16.7 764
1717961525861 18.3 765
1717961535891 18.1 766
1717961545923 17.3 767
1717961555958 16.6 768
1717961565991 16.7 769
1717961576039 13.5 770
1717961586140 8.7 771
1717961596188 8.6 772
1717961606240 14.2 773
1717961616280 8.9 774
1717961626360 13.3 775
1717961636440 12.2 776
1717961646489 11.4 777
1717961656556 11.5 778
1717961666605 11.7 779
1717961676665 10.2 780
1717961686707 11.1 781
1717961696806 10.7 782
1717961706855 10.0 783
1717961716915 10.9 784
1717961726953 11.3 785
1717961737041 12.7 786
1717961747125 13.5 787
1717961757231 12.4 788
1717961767281 12.3 789
1717961777324 13.0 790
1717961787357 13.1 791
1717961797634 11.1 792
1717961807673 10.3 793
1717961817710 8.8 794
1717961827744 8.5 795
1717961837794 6.5 796
1717961847829 7.2 797
1717961857862 26.8 798
1717961867909 27.2 799
1717961877968 19.5 800
1717961888025 13.7 801
1717961898079 8.9 802
1717961908118 8.9 803
1717961918156 5.8 804
1717961928195 5.7 805
1717961938281 6.4 806
1717961948331 6.0 807
1717961958367 6.9 808
1717961968455 6.4 809
1717961978552 5.6 810
1717961988608 5.7 811
1717961998647 5.2 812
1717962008732 5.5 813
1717962018822 5.3 814
1717962028861 5.4 815
1717962038949 5.6 816
1717962049027 5.5 817
1717962059125 5.5 818
1717962069181 5.4 819
1717962079215 5.5 820
1717962089262 6.7 821
1717962099299 9.7 822
1717962109329 9.5 823
1717962119375 9.4 824
1717962129410 9.6 825
1717962139441 9.6 826
1717962149476 9.4 827
1717962159573 9.6 828
1717962169624 5.3 829
1717962179709 5.4 830
1717962189811 5.3 831
1717962199856 5.5 832
1717962209956 5.5 833
1717962220061 5.4 834
1717962230164 5.7 835
1717962240207 5.3 836
1717962250295 5.5 837
1717962260394 5.6 838
1717962270478 5.5 839
1717962280520 5.4 840
1717962290610 5.5 841
1717962300713 5.3 842
1717962310809 5.5 843
1717962320856 5.3 844
1717962330953 5.4 845
1717962341052 5.5 846
1717962351103 5.5 847
1717962361187 5.5 848
1717962371271 5.4 849
1717962381343 5.5 850
1717962391395 5.4 851
1717962401484 5.5 852
1717962411583 5.3 853
1717962421691 5.6 854
1717962431741 5.4 855
1717962441837 5.4 856
1717962451927 5.6 857
1717962462016 5.7 858
1717962472099 5.5 859
1717962482188 5.5 860
1717962492292 5.2 861
1717962502354 5.5 862
1717962512408 5.5 863
1717962522511 5.3 864
1717962532607 5.5 865
1717962542658 5.4 866
1717962552736 5.4 867
1717962562846 5.5 868
1717962572898 5.3 869
1717962582981 5.4 870
1717962593082 5.4 871
1717962603183 5.3 872
1717962613278 5.3 873
1717962623329 5.5 874
1717962633434 5.5 875
1717962643554 5.5 876
1717962653594 8.9 877
1717962663634 9.6 878
1717962673667 9.4 879
1717962683704 9.4 880
1717962693735 9.3 881
1717962703767 9.5 882
1717962713861 9.3 883
1717962723914 7.9 884
1717962733952 5.5 885
1717962744048 5.4 886
1717962754133 5.6 887
1717962764187 5.5 888
1717962774281 5.5 889
1717962784368 5.2 890
1717962794420 5.5 891
1717962804484 5.4 892
1717962814590 5.4 893
1717962824696 5.6 894
1717962834939 5.4 895
1717962845025 5.6 896
1717962855117 5.6 897
1717962865213 5.3 898
1717962875269 5.5 899
1717962885369 5.4 900
1717962895463 5.4 901
1717962905547 5.5 902
1717962915649 5.3 903
1717962925749 5.5 904
1717962935845 5.4 905
1717962945906 5.5 906
1717962956006 5.4 907
1717962966114 5.5 908
1717962976209 5.4 909
1717962986265 5.3 910
1717962996363 5.4 911
1717963006449 5.3 912
1717963016536 5.7 913
1717963026589 5.4 914
1717963036690 5.5 915
1717963046796 5.3 916
1717963056898 5.5 917
1717963066955 5.4 918
1717963077059 5.3 919
1717963087152 5.3 920
1717963097196 5.6 921
1717963107271 5.5 922
1717963117355 5.5 923
1717963127451 5.7 924
1717963137492 5.4 925
1717963147598 5.4 926
1717963157716 5.6 927
1717963167776 5.3 928
1717963177872 5.3 929
1717963187963 5.4 930
1717963198006 5.4 931
1717963208048 6.1 932
1717963218083 9.7 933
1717963228129 9.4 934
1717963238169 9.5 935
1717963248204 9.6 936
1717963258236 9.6 937
1717963268273 9.4 938
1717963278370 9.4 939
1717963288469 6.2 940
1717963298557 5.5 941
1717963308619 5.3 942
1717963318704 5.5 943
1717963328796 5.3 944
1717963338851 5.3 945
1717963348946 5.6 946
1717963359043 5.3 947
1717963369152 5.4 948
1717963379261 5.3 949
1717963389340 5.4 950
1717963399451 5.7 951
1717963409513 5.4 952
1717963419564 5.6 953
1717963429602 5.5 954
1717963439700 5.3 955
1717963449797 5.6 956
1717963459852 5.6 957
1717963469950 5.4 958
1717963480051 5.3 959
1717963490155 5.4 960
1717963500252 5.4 961
1717963510363 5.4 962
1717963520464 5.5 963
1717963530559 5.4 964
1717963540614 5.5 965
1717963550722 5.6 966
1717963560837 5.4 967
1717963570893 5.3 968
1717963580989 5.6 969
1717963591095 5.5 970
1717963601204 5.3 971
1717963611266 5.4 972
1717963621326 5.5 973
1717963631410 5.4 974
1717963641500 5.3 975
1717963651581 5.5 976
1717963661630 5.4 977
1717963671726 5.4 978
1717963681818 5.5 979
1717963691860 5.5 980
1717963701943 5.6 981
1717963712035 5.6 982
1717963722096 5.4 983
1717963732135 5.4 984
1717963742180 5.5 985
1717963752286 5.4 986
1717963762384 5.6 987
1717963772428 7.9 988
1717963782470 9.6 989
1717963792509 9.5 990
1717963802543 9.4 991
1717963812581 9.4 992
1717963822616 9.8 993
1717963832717 9.4 994
1717963842809 8.6 995
1717963852891 5.5 996
1717963862939 5.4 997
1717963873040 5.5 998
1717963883096 5.5 999
1717963893189 5.5 1000
1717963903248 5.4 1001
1717963913296 5.5 1002
1717963923396 5.2 1003
1717963933516 5.5 1004
1717963943563 5.5 1005
1717963953649 5.5 1006
1717963963939 5.5 1007
1717963974026 5.3 1008
1717963984090 5.3 1009
1717963994138 5.5 1010
1717964004224 5.2 1011
1717964014263 5.6 1012
1717964024347 5.4 1013
1717964034449 5.4 1014
1717964044536 5.7 1015
1717964054584 5.4 1016
1717964064678 5.3 1017
1717964074782 5.3 1018
1717964084893 5.6 1019
1717964094992 5.4 1020
1717964105032 5.3 1021
1717964115137 5.5 1022
1717964125240 5.3 1023
1717964135282 5.6 1024
1717964145365 5.5 1025
1717964155453 5.3 1026
1717964165502 5.5 1027
1717964175588 5.4 1028
1717964185673 5.4 1029
1717964195712 5.4 1030
1717964205755 5.3 1031
1717964215832 5.4 1032
1717964225868 5.3 1033
1717964235967 5.4 1034
1717964246054 5.4 1035
1717964256101 5.5 1036
1717964266185 5.6 1037
1717964276277 5.3 1038
1717964286327 5.5 1039
1717964296366 5.5 1040
1717964306416 5.4 1041
1717964316830 5.5 1042
1717964326870 5.8 1043
1717964336905 9.8 1044
1717964346940 9.3 1045
1717964356984 9.7 1046
1717964367025 9.3 1047
1717964377059 9.5 1048
1717964387095 9.4 1049
1717964397141 9.3 1050
1717964407235 6.5 1051
1717964417334 5.5 1052
1717964427402 5.3 1053
1717964437502 5.6 1054
1717964447609 5.4 1055
1717964457674 5.5 1056
1717964467780 5.4 1057
1717964477886 5.3 1058
1717964487993 5.6 1059
1717964498046 5.4 1060
1717964508095 5.7 1061
1717964518199 5.5 1062
1717964528322 5.4 1063
1717964538373 5.6 1064
1717964548470 5.6 1065
1717964558581 5.4 1066
1717964568683 5.4 1067
1717964578742 5.3 1068
1717964588830 5.3 1069
1717964598927 5.5 1070
1717964608968 5.5 1071
1717964619091 5.5 1072
1717964629206 5.4 1073
1717964639315 5.4 1074
1717964649417 5.5 1075
1717964659475 5.5 1076
1717964669569 5.4 1077
1717964679679 5.3 1078
1717964689728 5.4 1079
1717964699814 5.6 1080
1717964709916 5.5 1081
1717964720003 5.5 1082
1717964730044 5.4 1083
1717964740145 5.7 1084
1717964750236 5.4 1085
1717964760281 5.7 1086
1717964770328 5.8 1087
1717964780442 5.2 1088
1717964790531 5.5 1089
1717964800571 5.2 1090
1717964810619 5.4 1091
1717964820684 5.5 1092
1717964830772 5.5 1093
1717964840856 5.6 1094
1717964850930 5.5 1095
1717964861043 5.6 1096
1717964871166 5.3 1097
