1717953840600 84.5 0
1717953850626 84.5 1
1717953860645 84.5 2
1717953870659 84.5 3
1717953880675 84.5 4
1717953890734 84.5 5
1717953900751 84.5 6
1717953910762 84.5 7
1717953920773 84.5 8
1717953930785 84.5 9
1717953940796 84.5 10
1717953950808 84.5 11
1717953960867 84.5 12
1717953970890 84.5 13
1717953980907 84.5 14
1717953990922 84.5 15
1717954000938 84.5 16
1717954010960 84.5 17
1717954020977 84.5 18
1717954030996 84.5 19
1717954041014 84.5 20
1717954051038 84.5 21
1717954061051 84.5 22
1717954071067 84.5 23
1717954081130 84.5 24
1717954091146 84.5 25
1717954101159 84.5 26
1717954111170 84.5 27
1717954121182 84.5 28
1717954131202 84.5 29
1717954141215 84.5 30
1717954151228 84.5 31
1717954161251 84.5 32
1717954171265 84.5 33
1717954181310 84.5 34
1717954191324 84.5 35
1717954201347 84.5 36
1717954211359 84.5 37
1717954221372 84.5 38
1717954231386 84.5 39
1717954241400 84.5 40
1717954251414 84.5 41
1717954261428 84.5 42
1717954271442 84.5 43
1717954281456 84.5 44
1717954291481 84.5 45
1717954301543 84.5 46
1717954311567 84.5 47
1717954321591 84.5 48
1717954331645 84.5 49
1717954341661 84.5 50
1717954351708 84.5 51
1717954361723 84.5 52
1717954371737 84.5 53
1717954381754 84.5 54
1717954392266 84.5 55
1717954402281 84.6 56
1717954412299 84.6 57
1717954422322 84.6 58
1717954432337 84.6 59
1717954442352 84.6 60
1717954452366 84.6 61
1717954462381 84.6 62
1717954472394 84.6 63
1717954482417 84.6 64
1717954492442 84.6 65
1717954502458 84.6 66
1717954512515 84.6 67
1717954522530 84.6 68
1717954532553 84.6 69
1717954542571 84.6 70
1717954552635 84.6 71
1717954562662 84.6 72
1717954572679 84.6 73
1717954582705 84.6 74
1717954592723 84.6 75
1717954602738 84.6 76
1717954612757 84.6 77
1717954622776 84.6 78
1717954632846 84.6 79
1717954642861 84.6 80
1717954652895 84.6 81
1717954662913 84.6 82
1717954672932 84.6 83
1717954682948 84.6 84
1717954692965 84.6 85
1717954702980 84.6 86
1717954712995 84.6 87
1717954723011 84.6 88
1717954733026 84.6 89
1717954743041 84.6 90
1717954753071 84.6 91
1717954763092 84.6 92
1717954773121 84.6 93
1717954783138 84.6 94
1717954793152 84.6 95
1717954803173 84.6 96
1717954813238 84.6 97
1717954823254 84.6 98
1717954833270 84.6 99
1717954843289 84.6 100
1717954853309 84.6 101
1717954863327 84.6 102
1717954873340 84.6 103
1717954883355 84.6 104
1717954893370 84.6 105
1717954903383 84.6 106
1717954913397 84.6 107
1717954923410 84.6 108
1717954933425 84.6 109
1717954943447 84.6 110
1717954953467 84.6 111
1717954963481 84.8 112
1717954973495 84.8 113
1717954983509 84.8 114
1717954993525 84.8 115
1717955003542 84.8 116
1717955013563 84.8 117
1717955023577 84.8 118
1717955033646 84.8 119
1717955043703 84.8 120
1717955053748 84.8 121
1717955063763 84.8 122
1717955073829 84.8 123
1717955083845 84.8 124
1717955093910 84.8 125
1717955103978 84.8 126
1717955114051 84.8 127
1717955124110 84.8 128
1717955134178 84.8 129
1717955144225 84.8 130
1717955154294 84.8 131
1717955164361 84.8 132
1717955174377 84.8 133
1717955184406 84.8 134
1717955194425 84.8 135
1717955204486 84.8 136
1717955214507 84.8 137
1717955224566 84.8 138
1717955234624 84.8 139
1717955244695 84.8 140
1717955254765 84.8 141
1717955264837 84.8 142
1717955274899 84.8 143
1717955284962 84.8 144
1717955294981 84.8 145
1717955305043 84.8 146
1717955315117 84.8 147
1717955325134 84.8 148
1717955335196 84.8 149
1717955345262 84.8 150
1717955355280 84.8 151
1717955365298 84.8 152
1717955375357 84.8 153
1717955385426 84.8 154
1717955395500 84.8 155
1717955405568 84.8 156
1717955415585 84.8 157
1717955425658 84.8 158
1717955435682 84.8 159
1717955445706 84.8 160
1717955455729 84.8 161
1717955465806 84.8 162
1717955475875 84.8 163
1717955485894 84.8 164
1717955495974 84.8 165
1717955506045 84.8 166
1717955516124 84.8 167
1717955526140 84.9 168
1717955536155 84.9 169
1717955546176 84.9 170
1717955556191 84.9 171
1717955566221 84.9 172
1717955576241 84.9 173
1717955586259 84.9 174
1717955596285 84.9 175
1717955606359 84.9 176
1717955616383 84.9 177
1717955626451 84.9 178
1717955636524 84.9 179
1717955646589 84.9 180
1717955656616 84.9 181
1717955666686 84.9 182
1717955676756 84.9 183
1717955686774 84.9 184
1717955696798 84.9 185
1717955706816 84.9 186
1717955716891 84.9 187
1717955726960 84.9 188
1717955737020 84.9 189
1717955747085 84.9 190
1717955757160 84.9 191
1717955767178 84.9 192
1717955777242 84.9 193
1717955787326 84.9 194
1717955797403 84.9 195
1717955807441 84.9 196
1717955817462 84.9 197
1717955827530 84.9 198
1717955837562 84.9 199
1717955847626 84.9 200
1717955857689 84.9 201
1717955867757 84.9 202
1717955877830 84.9 203
1717955887904 84.9 204
1717955897978 84.9 205
1717955907998 84.9 206
1717955918062 84.9 207
1717955928125 84.9 208
1717955938202 84.9 209
1717955948275 84.9 210
1717955958334 84.9 211
1717955968413 84.9 212
1717955978433 84.9 213
1717955988454 84.9 214
1717955998521 84.9 215
1717956008594 84.9 216
1717956018672 84.9 217
1717956028757 84.9 218
1717956038821 84.9 219
1717956048900 84.9 220
1717956058927 84.9 221
1717956068990 84.9 222
1717956079053 84.9 223
1717956089073 85.1 224
1717956099120 85.1 225
1717956109141 85.1 226
1717956119161 85.1 227
1717956129181 85.1 228
1717956139216 85.1 229
1717956149294 85.1 230
1717956159375 85.1 231
1717956169437 85.1 232
1717956179517 85.1 233
1717956189543 85.1 234
1717956199565 85.1 235
1717956209637 85.1 236
1717956219665 85.1 237
1717956229685 85.1 238
1717956239755 85.1 239
1717956249820 85.1 240
1717956259841 85.1 241
1717956269920 85.1 242
1717956279989 85.1 243
1717956290051 85.1 244
1717956300082 85.1 245
1717956310150 85.1 246
1717956320173 85.1 247
1717956330194 85.1 248
1717956340213 85.1 249
1717956350291 85.1 250
1717956360320 85.1 251
1717956370347 85.1 252
1717956380369 85.1 253
1717956390443 85.1 254
1717956400463 85.1 255
1717956410530 85.1 256
1717956420591 85.1 257
1717956430655 85.1 258
1717956440692 85.1 259
1717956450780 85.1 260
1717956460857 85.1 261
1717956470934 85.1 262
1717956480986 85.1 263
1717956491007 85.1 264
1717956501080 85.1 265
1717956511106 85.1 266
1717956521138 85.1 267
1717956531207 85.1 268
1717956541279 85.1 269
1717956551320 85.1 270
1717956561406 85.1 271
1717956571485 85.1 272
1717956581575 85.1 273
1717956591606 85.1 274
1717956601683 85.1 275
1717956611754 85.1 276
1717956621785 85.1 277
1717956631830 85.1 278
1717956641897 85.1 279
1717956651923 85.3 280
1717956661949 85.3 281
1717956671998 85.3 282
1717956682017 85.3 283
1717956692037 85.3 284
1717956702059 85.3 285
1717956712139 85.3 286
1717956722181 85.3 287
1717956732254 85.3 288
1717956742331 85.3 289
1717956752398 85.3 290
1717956762483 85.3 291
1717956772549 85.3 292
1717956782573 85.3 293
1717956792619 85.3 294
1717956802692 85.3 295
1717956812782 85.3 296
1717956822804 85.3 297
1717956832885 85.3 298
1717956842958 85.3 299
1717956853035 85.3 300
1717956863059 85.3 301
1717956873130 85.3 302
1717956883196 85.3 303
1717956893218 85.3 304
1717956903238 85.3 305
1717956913306 85.3 306
1717956923374 85.3 307
1717956933398 85.3 308
1717956943463 85.3 309
1717956953532 85.3 310
1717956963570 85.3 311
1717956973640 85.3 312
1717956983715 85.3 313
1717956993789 85.3 314
1717957003810 85.3 315
1717957013888 85.3 316
1717957023963 85.3 317
1717957034048 85.3 318
1717957044079 85.3 319
1717957054160 85.3 320
1717957064246 85.3 321
1717957074322 85.3 322
1717957084385 85.3 323
1717957094405 85.3 324
1717957104481 85.3 325
1717957114522 85.3 326
1717957124600 85.3 327
1717957134684 85.3 328
1717957144759 85.3 329
1717957154789 85.3 330
1717957164863 85.3 331
1717957174944 85.3 332
1717957184981 85.3 333
1717957195062 85.3 334
1717957205084 85.3 335
1717957215102 85.4 336
1717957225122 85.4 337
1717957235140 85.4 338
1717957245159 85.4 339
1717957255179 85.4 340
1717957265205 85.4 341
1717957275288 85.4 342
1717957285353 85.4 343
1717957295434 85.4 344
1717957305519 85.4 345
1717957315554 85.4 346
1717957325584 85.4 347
1717957335603 85.4 348
1717957345628 85.4 349
1717957355659 85.4 350
1717957365690 85.4 351
1717957375721 85.4 352
1717957385747 85.4 353
1717957395782 85.4 354
1717957405812 85.4 355
1717957415846 85.4 356
1717957425875 85.4 357
1717957435961 85.4 358
1717957445991 85.4 359
1717957456036 85.4 360
1717957466069 85.4 361
1717957476099 85.4 362
1717957486132 85.4 363
1717957496162 85.4 364
1717957506198 85.4 365
1717957516221 85.4 366
1717957526246 85.4 367
1717957536325 85.4 368
1717957546360 85.4 369
1717957556437 85.4 370
1717957566521 85.4 371
1717957576561 85.4 372
1717957586594 85.4 373
1717957596623 85.4 374
1717957606654 85.4 375
1717957616685 85.4 376
1717957626716 85.4 377
1717957636748 85.4 378
1717957646771 85.4 379
1717957656802 85.4 380
1717957666875 85.4 381
1717957676964 85.4 382
1717957686992 85.4 383
1717957697029 85.4 384
1717957707068 85.4 385
1717957717094 85.4 386
1717957727144 85.4 387
1717957737187 85.4 388
1717957747216 85.4 389
1717957757245 85.4 390
1717957767268 85.4 391
1717957777305 85.4 392
1717957787329 85.4 393
1717957797355 85.4 394
1717957807384 85.6 395
1717957817409 85.6 396
1717957827443 85.6 397
1717957837477 85.6 398
1717957847511 85.6 399
1717957857548 85.6 400
1717957867575 85.6 401
1717957877615 85.6 402
1717957887650 85.6 403
1717957897677 85.6 404
1717957907707 85.6 405
1717957917750 85.6 406
1717957927784 85.6 407
1717957937811 85.6 408
1717957947840 85.6 409
1717957957922 85.6 410
1717957968004 85.6 411
1717957978032 85.6 412
1717957988116 85.6 413
1717957998142 85.6 414
1717958008181 85.6 415
1717958018222 85.6 416
1717958028253 85.6 417
1717958038282 85.6 418
1717958048313 85.6 419
1717958058361 85.6 420
1717958068420 85.6 421
1717958078456 85.6 422
1717958088486 85.6 423
1717958098524 85.6 424
1717958108595 85.6 425
1717958118626 85.6 426
1717958128696 85.6 427
1717958138773 85.6 428
1717958148802 85.6 429
1717958158882 85.6 430
1717958168976 85.6 431
1717958179017 85.6 432
1717958189066 85.6 433
1717958199157 85.6 434
1717958209197 85.6 435
1717958219229 85.6 436
1717958229264 85.6 437
1717958239293 85.6 438
1717958249372 85.6 439
1717958259417 85.6 440
1717958269466 85.6 441
1717958279501 85.6 442
1717958289578 85.6 443
1717958299607 85.6 444
1717958309643 85.6 445
1717958319723 85.6 446
1717958329753 85.6 447
1717958339788 85.6 448
1717958349872 85.6 449
1717958359904 85.6 450
1717958369989 85.6 451
1717958380029 85.6 452
1717958390113 85.6 453
1717958400148 85.6 454
1717958410174 85.6 455
1717958420196 85.8 456
1717958430225 85.8 457
1717958440246 85.8 458
1717958450277 85.8 459
1717958460300 85.8 460
1717958470328 85.8 461
1717958480360 85.8 462
1717958490390 85.8 463
1717958500422 85.8 464
1717958510524 85.8 465
1717958520557 85.8 466
1717958530598 85.8 467
1717958540683 85.8 468
1717958550765 85.8 469
1717958560800 85.8 470
1717958570841 85.8 471
1717958580884 85.8 472
1717958590914 85.8 473
1717958600962 85.8 474
1717958610999 85.8 475
1717958621037 85.8 476
1717958631130 85.8 477
1717958641160 85.8 478
1717958651200 85.8 479
1717958661293 85.8 480
1717958671319 85.8 481
1717958681354 85.8 482
1717958691439 85.8 483
1717958701464 85.8 484
1717958711551 85.8 485
1717958721580 85.8 486
1717958731665 85.8 487
1717958741712 85.8 488
1717958751751 85.8 489
1717958761790 85.8 490
1717958771873 85.8 491
1717958781908 85.8 492
1717958791999 85.8 493
1717958802034 85.8 494
1717958812062 85.8 495
1717958822097 85.8 496
1717958832129 85.8 497
1717958842158 85.8 498
1717958852192 85.8 499
1717958862219 85.8 500
1717958872251 85.8 501
1717958882323 85.8 502
1717958892395 85.8 503
1717958902438 85.8 504
1717958912466 85.8 505
1717958922509 85.8 506
1717958932572 85.8 507
1717958942659 85.8 508
1717958952690 85.8 509
1717958962788 85.8 510
1717958972869 85.8 511
1717958982949 85.8 512
1717958992990 85.8 513
1717959003017 85.8 514
1717959013053 85.8 515
1717959023140 85.8 516
1717959033182 85.9 517
1717959043219 85.9 518
1717959053244 85.9 519
1717959063268 85.9 520
1717959073309 85.9 521
1717959083339 85.9 522
1717959093363 85.9 523
1717959103398 85.9 524
1717959113437 85.9 525
1717959123484 85.9 526
1717959133517 85.9 527
1717959143565 85.9 528
1717959153606 85.9 529
1717959163641 85.9 530
1717959173728 85.9 531
1717959183756 85.9 532
1717959193796 85.9 533
1717959203897 85.9 534
1717959213949 85.9 535
1717959223987 85.9 536
1717959234078 85.9 537
1717959244120 85.9 538
1717959254165 85.9 539
1717959264211 85.9 540
1717959274252 85.9 541
1717959284295 85.9 542
1717959294335 85.9 543
1717959304364 85.9 544
1717959314405 85.9 545
1717959324492 85.9 546
1717959334541 85.9 547
1717959344575 85.9 548
1717959354625 85.9 549
1717959364673 85.9 550
1717959374707 85.9 551
1717959384745 85.9 552
1717959394779 85.9 553
1717959404807 85.9 554
1717959414850 85.9 555
1717959424895 85.9 556
1717959434934 85.9 557
1717959445021 85.9 558
1717959455073 85.9 559
1717959465149 85.9 560
1717959475190 85.9 561
1717959485219 85.9 562
1717959495265 85.9 563
1717959505319 85.9 564
1717959515412 85.9 565
1717959525461 85.9 566
1717959535501 85.9 567
1717959545531 85.9 568
1717959555612 85.9 569
1717959565701 85.9 570
1717959575750 85.9 571
1717959585784 85.9 572
1717959595824 85.9 573
1717959605869 85.9 574
1717959615918 85.9 575
1717959625965 85.9 576
1717959635998 85.9 577
1717959646307 86.1 578
1717959656561 86.1 579
1717959666593 86.1 580
1717959676624 86.1 581
1717959686656 86.1 582
1717959696700 86.1 583
1717959706731 86.1 584
1717959716767 86.1 585
1717959726854 86.1 586
1717959736891 86.1 587
1717959746930 86.1 588
1717959756976 86.1 589
1717959767007 86.1 590
1717959777045 86.1 591
1717959787128 86.1 592
1717959797215 86.1 593
1717959807246 86.1 594
1717959817300 86.1 595
1717959827329 86.1 596
1717959837378 86.1 597
1717959847418 86.1 598
1717959857460 86.1 599
1717959867494 86.1 600
1717959877529 86.1 601
1717959887565 86.1 602
1717959897645 86.1 603
1717959907678 86.1 604
1717959917713 86.1 605
1717959927761 86.1 606
1717959937807 86.1 607
1717959947849 86.1 608
1717959957943 86.1 609
1717959968018 86.1 610
1717959978061 86.1 611
1717959988149 86.1 612
1717959998243 86.1 613
1717960008293 86.1 614
1717960018337 86.1 615
1717960028375 86.1 616
1717960038406 86.1 617
1717960048453 86.1 618
1717960058496 86.1 619
1717960068532 86.1 620
1717960078574 86.1 621
1717960088620 86.1 622
1717960098656 86.1 623
1717960108705 86.1 624
1717960118746 86.1 625
1717960128797 86.1 626
1717960138842 86.1 627
1717960148877 86.1 628
1717960158929 86.1 629
1717960168983 86.1 630
1717960179068 86.1 631
1717960189110 86.1 632
1717960199159 86.1 633
1717960209197 86.1 634
1717960219243 86.1 635
1717960229337 86.1 636
1717960239422 86.1 637
1717960249459 86.1 638
1717960259497 86.2 639
1717960269537 86.2 640
1717960279565 86.2 641
1717960289603 86.2 642
1717960299638 86.2 643
1717960309676 86.2 644
1717960319703 86.2 645
1717960329740 86.2 646
1717960339779 86.2 647
1717960349827 86.2 648
1717960359914 86.2 649
1717960369959 86.2 650
1717960379995 86.2 651
1717960390032 86.2 652
1717960400088 86.2 653
1717960410127 86.2 654
1717960420175 86.2 655
1717960430219 86.2 656
1717960440265 86.2 657
1717960450305 86.2 658
1717960460353 86.2 659
1717960470442 86.2 660
1717960480504 86.2 661
1717960490542 86.2 662
1717960500585 86.2 663
1717960510673 86.2 664
1717960520710 86.2 665
1717960530830 86.2 666
1717960540864 86.2 667
1717960550954 86.2 668
1717960561043 86.2 669
1717960571086 86.2 670
1717960581123 86.2 671
1717960591154 86.2 672
1717960601255 86.2 673
1717960611333 86.2 674
1717960621367 86.2 675
1717960631399 86.2 676
1717960641435 86.2 677
1717960651489 86.2 678
1717960661526 86.2 679
1717960671605 86.2 680
1717960681648 86.2 681
1717960691684 86.2 682
1717960701769 86.2 683
1717960711870 86.2 684
1717960721911 86.2 685
1717960731953 86.2 686
1717960742047 86.2 687
1717960752082 86.2 688
1717960762116 86.2 689
1717960772161 86.2 690
1717960782216 86.2 691
1717960792253 86.2 692
1717960802286 86.2 693
1717960812320 86.2 694
1717960822353 86.2 695
1717960832390 86.2 696
1717960842433 86.2 697
1717960852472 86.3 698
1717960862524 86.2 699
1717960872577 86.2 700
1717960882614 86.4 701
1717960892653 86.4 702
1717960902681 86.4 703
1717960912718 86.4 704
1717960922752 86.4 705
1717960932780 86.4 706
1717960942815 86.4 707
1717960952848 86.4 708
1717960962933 86.4 709
1717960973024 86.4 710
1717960983062 86.4 711
1717960993135 86.4 712
1717961003172 86.4 713
1717961013206 86.4 714
1717961023241 86.4 715
1717961033339 86.4 716
1717961043373 86.4 717
1717961053447 86.4 718
1717961063552 86.4 719
1717961073590 86.4 720
1717961083626 86.4 721
1717961093661 86.4 722
1717961103694 86.4 723
1717961113774 86.4 724
1717961123812 86.4 725
1717961133850 86.4 726
1717961143888 86.4 727
1717961153929 86.4 728
1717961163980 86.4 729
1717961174013 86.4 730
1717961184110 86.4 731
1717961194149 86.4 732
1717961204195 86.4 733
1717961214307 86.4 734
1717961224366 86.4 735
1717961234409 86.4 736
1717961244446 86.4 737
1717961254495 86.4 738
1717961264565 86.4 739
1717961274597 86.4 740
1717961284635 86.4 741
1717961294682 86.4 742
1717961304774 86.4 743
1717961314834 86.4 744
1717961324882 86.4 745
1717961334922 86.4 746
1717961344972 86.4 747
1717961355027 86.4 748
1717961365074 86.4 749
1717961375128 86.4 750
1717961385169 86.4 751
1717961395203 86.4 752
1717961405257 86.4 753
1717961415296 86.4 754
1717961425340 86.4 755
1717961435442 86.4 756
1717961445489 86.4 757
1717961455537 86.4 758
1717961465585 86.4 759
1717961475696 86.4 760
1717961485727 86.6 761
1717961495756 86.6 762
1717961505786 86.6 763
1717961515822 86.6 764
1717961525861 86.6 765
1717961535891 86.6 766
1717961545923 86.6 767
1717961555958 86.6 768
1717961565991 86.6 769
1717961576039 86.6 770
1717961586140 86.6 771
1717961596188 86.6 772
1717961606240 86.6 773
1717961616280 86.6 774
1717961626360 86.6 775
1717961636440 86.6 776
1717961646489 86.6 777
1717961656556 86.6 778
1717961666605 86.6 779
1717961676665 86.6 780
1717961686707 86.6 781
1717961696806 86.6 782
1717961706855 86.6 783
1717961716915 86.6 784
1717961726953 86.6 785
1717961737041 86.6 786
1717961747125 86.6 787
1717961757231 86.6 788
1717961767281 86.6 789
1717961777324 86.6 790
1717961787357 86.6 791
1717961797634 86.6 792
1717961807673 86.6 793
1717961817710 86.6 794
1717961827744 86.6 795
1717961837794 86.6 796
1717961847829 86.6 797
1717961857862 86.6 798
1717961867909 86.6 799
1717961877968 86.6 800
1717961888025 86.6 801
1717961898079 86.6 802
1717961908118 86.6 803
1717961918156 86.6 804
1717961928195 86.6 805
1717961938281 86.6 806
1717961948331 86.6 807
1717961958367 86.6 808
1717961968455 86.6 809
1717961978552 86.6 810
1717961988608 86.6 811
1717961998647 86.6 812
1717962008732 86.6 813
1717962018822 86.6 814
1717962028861 86.6 815
1717962038949 86.6 816
1717962049027 86.6 817
1717962059125 86.6 818
1717962069181 86.6 819
1717962079215 86.6 820
1717962089262 86.7 821
1717962099299 86.7 822
1717962109329 86.7 823
1717962119375 86.7 824
1717962129410 86.7 825
1717962139441 86.7 826
1717962149476 86.7 827
1717962159573 86.7 828
1717962169624 86.7 829
1717962179709 86.7 830
1717962189811 86.7 831
1717962199856 86.7 832
1717962209956 86.7 833
1717962220061 86.7 834
1717962230164 86.7 835
1717962240207 86.7 836
1717962250295 86.7 837
1717962260394 86.7 838
1717962270478 86.7 839
1717962280520 86.7 840
1717962290610 86.7 841
1717962300713 86.7 842
1717962310809 86.7 843
1717962320856 86.7 844
1717962330953 86.7 845
1717962341052 86.7 846
1717962351103 86.7 847
1717962361187 86.7 848
1717962371271 86.7 849
1717962381343 86.7 850
1717962391395 86.7 851
1717962401484 86.7 852
1717962411583 86.7 853
1717962421691 86.7 854
1717962431741 86.7 855
1717962441837 86.7 856
1717962451927 86.7 857
1717962462016 86.7 858
1717962472099 86.7 859
1717962482188 86.7 860
1717962492292 86.7 861
1717962502354 86.7 862
1717962512408 86.7 863
1717962522511 86.7 864
1717962532607 86.7 865
1717962542658 86.7 866
1717962552736 86.7 867
1717962562846 86.7 868
1717962572898 86.7 869
1717962582981 86.7 870
1717962593082 86.7 871
1717962603183 86.7 872
1717962613278 86.7 873
1717962623329 86.7 874
1717962633434 86.7 875
1717962643554 86.7 876
1717962653594 86.9 877
1717962663634 86.9 878
1717962673667 86.9 879
1717962683704 86.9 880
1717962693735 86.9 881
1717962703767 86.9 882
1717962713861 86.9 883
1717962723914 86.9 884
1717962733952 86.9 885
1717962744048 86.9 886
1717962754133 86.9 887
1717962764187 86.9 888
1717962774281 86.9 889
1717962784368 86.9 890
1717962794420 86.9 891
1717962804484 86.9 892
1717962814590 86.9 893
1717962824696 86.9 894
1717962834939 86.9 895
1717962845025 86.9 896
1717962855117 86.9 897
1717962865213 86.9 898
1717962875269 86.9 899
1717962885369 86.9 900
1717962895463 86.9 901
1717962905547 86.9 902
1717962915649 86.9 903
1717962925749 86.9 904
1717962935845 86.9 905
1717962945906 86.9 906
1717962956006 86.9 907
1717962966114 86.9 908
1717962976209 86.9 909
1717962986265 86.9 910
1717962996363 86.9 911
1717963006449 86.9 912
1717963016536 86.9 913
1717963026589 86.9 914
1717963036690 86.9 915
1717963046796 86.9 916
1717963056898 86.9 917
1717963066955 86.9 918
1717963077059 86.9 919
1717963087152 86.9 920
1717963097196 86.9 921
1717963107271 86.9 922
1717963117355 86.9 923
1717963127451 86.9 924
1717963137492 86.9 925
1717963147598 86.9 926
1717963157716 86.9 927
1717963167776 86.9 928
1717963177872 86.9 929
1717963187963 86.9 930
1717963198006 86.9 931
1717963208048 87.0 932
1717963218083 87.0 933
1717963228129 87.0 934
1717963238169 87.0 935
1717963248204 87.0 936
1717963258236 87.0 937
1717963268273 87.0 938
1717963278370 87.0 939
1717963288469 87.0 940
1717963298557 87.0 941
1717963308619 87.0 942
1717963318704 87.0 943
1717963328796 87.0 944
1717963338851 87.0 945
1717963348946 87.0 946
1717963359043 87.0 947
1717963369152 87.0 948
1717963379261 87.0 949
1717963389340 87.0 950
1717963399451 87.0 951
1717963409513 87.0 952
1717963419564 87.0 953
1717963429602 87.0 954
1717963439700 87.0 955
1717963449797 87.0 956
1717963459852 87.0 957
1717963469950 87.0 958
1717963480051 87.0 959
1717963490155 87.0 960
1717963500252 87.0 961
1717963510363 87.0 962
1717963520464 87.0 963
1717963530559 87.0 964
1717963540614 87.0 965
1717963550722 87.0 966
1717963560837 87.0 967
1717963570893 87.0 968
1717963580989 87.0 969
1717963591095 87.0 970
1717963601204 87.0 971
1717963611266 87.0 972
1717963621326 87.0 973
1717963631410 87.0 974
1717963641500 87.0 975
1717963651581 87.0 976
1717963661630 87.0 977
1717963671726 87.0 978
1717963681818 87.0 979
1717963691860 87.0 980
1717963701943 87.0 981
1717963712035 87.0 982
1717963722096 87.0 983
1717963732135 87.0 984
1717963742180 87.0 985
1717963752286 87.0 986
1717963762384 87.0 987
1717963772428 87.2 988
1717963782470 87.2 989
1717963792509 87.2 990
1717963802543 87.2 991
1717963812581 87.2 992
1717963822616 87.2 993
1717963832717 87.2 994
1717963842809 87.2 995
1717963852891 87.2 996
1717963862939 87.2 997
1717963873040 87.2 998
1717963883096 87.2 999
1717963893189 87.2 1000
1717963903248 87.2 1001
1717963913296 87.2 1002
1717963923396 87.2 1003
1717963933516 87.2 1004
1717963943563 87.2 1005
1717963953649 87.2 1006
1717963963939 87.2 1007
1717963974026 87.2 1008
1717963984090 87.2 1009
1717963994138 87.2 1010
1717964004224 87.2 1011
1717964014263 87.2 1012
1717964024347 87.2 1013
1717964034449 87.2 1014
1717964044536 87.2 1015
1717964054584 87.2 1016
1717964064678 87.2 1017
1717964074782 87.2 1018
1717964084893 87.2 1019
1717964094992 87.2 1020
1717964105032 87.2 1021
1717964115137 87.2 1022
1717964125240 87.2 1023
1717964135282 87.2 1024
1717964145365 87.2 1025
1717964155453 87.2 1026
1717964165502 87.2 1027
1717964175588 87.2 1028
1717964185673 87.2 1029
1717964195712 87.2 1030
1717964205755 87.2 1031
1717964215832 87.2 1032
1717964225868 87.2 1033
1717964235967 87.2 1034
1717964246054 87.2 1035
1717964256101 87.2 1036
1717964266185 87.2 1037
1717964276277 87.2 1038
1717964286327 87.2 1039
1717964296366 87.2 1040
1717964306416 87.2 1041
1717964316830 87.2 1042
1717964326870 87.4 1043
1717964336905 87.4 1044
1717964346940 87.4 1045
1717964356984 87.4 1046
1717964367025 87.4 1047
1717964377059 87.4 1048
1717964387095 87.4 1049
1717964397141 87.4 1050
1717964407235 87.4 1051
1717964417334 87.4 1052
1717964427402 87.4 1053
1717964437502 87.4 1054
1717964447609 87.4 1055
1717964457674 87.4 1056
1717964467780 87.4 1057
1717964477886 87.4 1058
1717964487993 87.4 1059
1717964498046 87.4 1060
1717964508095 87.4 1061
1717964518199 87.4 1062
1717964528322 87.4 1063
1717964538373 87.4 1064
1717964548470 87.4 1065
1717964558581 87.4 1066
1717964568683 87.4 1067
1717964578742 87.4 1068
1717964588830 87.4 1069
1717964598927 87.4 1070
1717964608968 87.4 1071
1717964619091 87.4 1072
1717964629206 87.4 1073
1717964639315 87.4 1074
1717964649417 87.4 1075
1717964659475 87.4 1076
1717964669569 87.4 1077
1717964679679 87.4 1078
1717964689728 87.4 1079
1717964699814 87.4 1080
1717964709916 87.4 1081
1717964720003 87.4 1082
1717964730044 87.4 1083
1717964740145 87.4 1084
1717964750236 87.4 1085
1717964760281 87.4 1086
1717964770328 87.4 1087
1717964780442 87.4 1088
1717964790531 87.4 1089
1717964800571 87.4 1090
1717964810619 87.4 1091
1717964820684 87.4 1092
1717964830772 87.4 1093
1717964840856 87.4 1094
1717964850930 87.4 1095
1717964861043 87.4 1096
1717964871166 87.4 1097
