1717953840600 787916.4 0
1717953850626 787917.2 1
1717953860645 787917.2 2
1717953870659 787917.2 3
1717953880675 787917.2 4
1717953890734 787917.2 5
1717953900751 787917.2 6
1717953910762 787917.2 7
1717953920773 787917.2 8
1717953930785 787917.2 9
1717953940796 787917.2 10
1717953950808 787917.2 11
1717953960867 787917.2 12
1717953970890 787917.2 13
1717953980907 787917.2 14
1717953990922 787917.2 15
1717954000938 787917.2 16
1717954010960 787917.2 17
1717954020977 787917.2 18
1717954030996 787917.3 19
1717954041014 787917.3 20
1717954051038 787917.3 21
1717954061051 787917.3 22
1717954071067 787917.3 23
1717954081130 787917.3 24
1717954091146 787917.3 25
1717954101159 787917.3 26
1717954111170 787917.3 27
1717954121182 787917.3 28
1717954131202 787917.3 29
1717954141215 787917.3 30
1717954151228 787917.3 31
1717954161251 787917.3 32
1717954171265 787917.3 33
1717954181310 787917.3 34
1717954191324 787917.3 35
1717954201347 787917.3 36
1717954211359 787917.3 37
1717954221372 787917.3 38
1717954231386 787917.3 39
1717954241400 787917.3 40
1717954251414 787917.3 41
1717954261428 787917.3 42
1717954271442 787917.3 43
1717954281456 787917.3 44
1717954291481 787917.3 45
1717954301543 787917.3 46
1717954311567 787917.3 47
1717954321591 787917.3 48
1717954331645 787917.3 49
1717954341661 787917.3 50
1717954351708 787917.3 51
1717954361723 787917.3 52
1717954371737 787917.3 53
1717954381754 787917.3 54
1717954392266 787917.3 55
1717954402281 789416.7 56
1717954412299 789416.7 57
1717954422322 789416.7 58
1717954432337 789416.7 59
1717954442352 789416.7 60
1717954452366 789416.7 61
1717954462381 789416.7 62
1717954472394 789416.7 63
1717954482417 789416.7 64
1717954492442 789416.7 65
1717954502458 789416.7 66
1717954512515 789416.7 67
1717954522530 789416.7 68
1717954532553 789416.7 69
1717954542571 789416.7 70
1717954552635 789416.7 71
1717954562662 789416.7 72
1717954572679 789416.7 73
1717954582705 789416.7 74
1717954592723 789416.7 75
1717954602738 789416.7 76
1717954612757 789416.7 77
1717954622776 789416.7 78
1717954632846 789416.7 79
1717954642861 789416.7 80
1717954652895 789416.7 81
1717954662913 789416.7 82
1717954672932 789416.7 83
1717954682948 789416.7 84
1717954692965 789416.7 85
1717954702980 789416.7 86
1717954712995 789416.7 87
1717954723011 789416.7 88
1717954733026 789416.7 89
1717954743041 789416.7 90
1717954753071 789416.7 91
1717954763092 789416.7 92
1717954773121 789416.7 93
1717954783138 789416.7 94
1717954793152 789416.7 95
1717954803173 789416.7 96
1717954813238 789416.7 97
1717954823254 789416.7 98
1717954833270 789416.7 99
1717954843289 789416.7 100
1717954853309 789416.7 101
1717954863327 789416.7 102
1717954873340 789416.7 103
1717954883355 789416.7 104
1717954893370 789416.7 105
1717954903383 789416.7 106
1717954913397 789416.7 107
1717954923410 789416.7 108
1717954933425 789416.7 109
1717954943447 789416.7 110
1717954953467 789416.7 111
1717954963481 790916.1 112
1717954973495 790916.1 113
1717954983509 790916.1 114
1717954993525 790916.1 115
1717955003542 790916.1 116
1717955013563 790916.1 117
1717955023577 790916.1 118
1717955033646 790916.1 119
1717955043703 790916.1 120
1717955053748 790916.1 121
1717955063763 790916.1 122
1717955073829 790916.1 123
1717955083845 790916.1 124
1717955093910 790916.1 125
1717955103978 790916.1 126
1717955114051 790916.1 127
1717955124110 790916.1 128
1717955134178 790916.1 129
1717955144225 790916.1 130
1717955154294 790916.1 131
1717955164361 790916.1 132
1717955174377 790916.1 133
1717955184406 790916.1 134
1717955194425 790916.1 135
1717955204486 790916.1 136
1717955214507 790916.1 137
1717955224566 790916.1 138
1717955234624 790916.1 139
1717955244695 790916.1 140
1717955254765 790916.1 141
1717955264837 790916.1 142
1717955274899 790916.1 143
1717955284962 790916.1 144
1717955294981 790916.1 145
1717955305043 790916.1 146
1717955315117 790916.1 147
1717955325134 790916.1 148
1717955335196 790916.1 149
1717955345262 790916.1 150
1717955355280 790916.1 151
1717955365298 790916.1 152
1717955375357 790916.1 153
1717955385426 790916.1 154
1717955395500 790916.1 155
1717955405568 790916.2 156
1717955415585 790916.2 157
1717955425658 790916.2 158
1717955435682 790916.2 159
1717955445706 790916.2 160
1717955455729 790916.2 161
1717955465806 790916.2 162
1717955475875 790916.2 163
1717955485894 790916.2 164
1717955495974 790916.2 165
1717955506045 790916.2 166
1717955516124 790916.2 167
1717955526140 792415.6 168
1717955536155 792415.6 169
1717955546176 792415.6 170
1717955556191 792415.6 171
1717955566221 792415.6 172
1717955576241 792415.6 173
1717955586259 792415.6 174
1717955596285 792415.6 175
1717955606359 792415.6 176
1717955616383 792415.6 177
1717955626451 792415.6 178
1717955636524 792415.6 179
1717955646589 792415.6 180
1717955656616 792415.6 181
1717955666686 792415.6 182
1717955676756 792415.6 183
1717955686774 792415.6 184
1717955696798 792415.6 185
1717955706816 792415.6 186
1717955716891 792415.6 187
1717955726960 792415.6 188
1717955737020 792415.6 189
1717955747085 792415.6 190
1717955757160 792415.6 191
1717955767178 792415.6 192
1717955777242 792415.6 193
1717955787326 792415.6 194
1717955797403 792415.6 195
1717955807441 792415.6 196
1717955817462 792415.6 197
1717955827530 792415.6 198
1717955837562 792415.6 199
1717955847626 792415.6 200
1717955857689 792415.6 201
1717955867757 792415.6 202
1717955877830 792415.6 203
1717955887904 792415.6 204
1717955897978 792415.6 205
1717955907998 792415.6 206
1717955918062 792415.6 207
1717955928125 792415.6 208
1717955938202 792415.6 209
1717955948275 792415.6 210
1717955958334 792415.6 211
1717955968413 792415.6 212
1717955978433 792415.6 213
1717955988454 792415.6 214
1717955998521 792415.6 215
1717956008594 792415.6 216
1717956018672 792415.6 217
1717956028757 792415.6 218
1717956038821 792415.6 219
1717956048900 792415.6 220
1717956058927 792415.6 221
1717956068990 792415.6 222
1717956079053 792415.6 223
1717956089073 793915.0 224
1717956099120 793915.0 225
1717956109141 793915.0 226
1717956119161 793915.1 227
1717956129181 793915.1 228
1717956139216 793915.1 229
1717956149294 793915.1 230
1717956159375 793915.1 231
1717956169437 793915.1 232
1717956179517 793915.1 233
1717956189543 793915.1 234
1717956199565 793915.1 235
1717956209637 793915.1 236
1717956219665 793915.1 237
1717956229685 793915.1 238
1717956239755 793915.1 239
1717956249820 793915.1 240
1717956259841 793915.1 241
1717956269920 793915.1 242
1717956279989 793915.1 243
1717956290051 793915.1 244
1717956300082 793915.1 245
1717956310150 793915.1 246
1717956320173 793915.1 247
1717956330194 793915.1 248
1717956340213 793915.1 249
1717956350291 793915.1 250
1717956360320 793915.1 251
1717956370347 793915.1 252
1717956380369 793915.1 253
1717956390443 793915.1 254
1717956400463 793915.1 255
1717956410530 793915.1 256
1717956420591 793915.1 257
1717956430655 793915.1 258
1717956440692 793915.1 259
1717956450780 793915.1 260
1717956460857 793915.1 261
1717956470934 793915.1 262
1717956480986 793915.1 263
1717956491007 793915.1 264
1717956501080 793915.1 265
1717956511106 793915.1 266
1717956521138 793915.1 267
1717956531207 793915.1 268
1717956541279 793915.1 269
1717956551320 793915.1 270
1717956561406 793915.1 271
1717956571485 793915.1 272
1717956581575 793915.1 273
1717956591606 793915.1 274
1717956601683 793915.1 275
1717956611754 793915.1 276
1717956621785 793915.1 277
1717956631830 793915.1 278
1717956641897 793915.1 279
1717956651923 795414.5 280
1717956661949 795414.5 281
1717956671998 795414.5 282
1717956682017 795414.5 283
1717956692037 795414.5 284
1717956702059 795414.5 285
1717956712139 795414.5 286
1717956722181 795414.5 287
1717956732254 795414.5 288
1717956742331 795414.5 289
1717956752398 795414.5 290
1717956762483 795414.5 291
1717956772549 795414.5 292
1717956782573 795414.5 293
1717956792619 795414.5 294
1717956802692 795414.5 295
1717956812782 795414.5 296
1717956822804 795414.5 297
1717956832885 795414.5 298
1717956842958 795414.5 299
1717956853035 795414.5 300
1717956863059 795414.5 301
1717956873130 795414.5 302
1717956883196 795414.5 303
1717956893218 795414.5 304
1717956903238 795414.5 305
1717956913306 795414.5 306
1717956923374 795414.5 307
1717956933398 795414.5 308
1717956943463 795414.5 309
1717956953532 795414.5 310
1717956963570 795414.5 311
1717956973640 795414.5 312
1717956983715 795414.5 313
1717956993789 795414.5 314
1717957003810 795414.5 315
1717957013888 795414.5 316
1717957023963 795414.5 317
1717957034048 795414.5 318
1717957044079 795414.5 319
1717957054160 795414.5 320
1717957064246 795414.5 321
1717957074322 795414.5 322
1717957084385 795414.5 323
1717957094405 795414.5 324
1717957104481 795414.5 325
1717957114522 795414.5 326
1717957124600 795414.5 327
1717957134684 795414.5 328
1717957144759 795414.5 329
1717957154789 795414.5 330
1717957164863 795414.5 331
1717957174944 795414.5 332
1717957184981 795414.5 333
1717957195062 795414.5 334
1717957205084 795414.5 335
1717957215102 796914.0 336
1717957225122 796914.0 337
1717957235140 796914.0 338
1717957245159 796914.0 339
1717957255179 796914.0 340
1717957265205 796914.0 341
1717957275288 796914.0 342
1717957285353 796914.0 343
1717957295434 796914.0 344
1717957305519 796914.0 345
1717957315554 796914.0 346
1717957325584 796914.0 347
1717957335603 796914.0 348
1717957345628 796929.7 349
1717957355659 796957.6 350
1717957365690 796916.0 351
1717957375721 796969.1 352
1717957385747 796922.8 353
1717957395782 796924.6 354
1717957405812 796932.4 355
1717957415846 796955.5 356
1717957425875 796982.3 357
1717957435961 796997.1 358
1717957445991 797016.4 359
1717957456036 797021.9 360
1717957466069 797024.9 361
1717957476099 797024.9 362
1717957486132 797024.9 363
1717957496162 797029.3 364
1717957506198 797031.6 365
1717957516221 797031.6 366
1717957526246 797031.6 367
1717957536325 797031.6 368
1717957546360 797031.6 369
1717957556437 797031.6 370
1717957566521 797031.6 371
1717957576561 797031.9 372
1717957586594 797031.9 373
1717957596623 797031.9 374
1717957606654 797032.0 375
1717957616685 797032.0 376
1717957626716 797032.4 377
1717957636748 797032.4 378
1717957646771 797030.7 379
1717957656802 797031.6 380
1717957666875 797031.8 381
1717957676964 797031.8 382
1717957686992 797032.8 383
1717957697029 797032.9 384
1717957707068 797032.8 385
1717957717094 797031.6 386
1717957727144 797032.2 387
1717957737187 797032.7 388
1717957747216 797033.7 389
1717957757245 797034.6 390
1717957767268 797034.9 391
1717957777305 797035.5 392
1717957787329 797033.6 393
1717957797355 797033.4 394
1717957807384 798534.0 395
1717957817409 798537.5 396
1717957827443 798537.4 397
1717957837477 798539.1 398
1717957847511 798548.6 399
1717957857548 798549.0 400
1717957867575 798549.0 401
1717957877615 798553.5 402
1717957887650 798553.8 403
1717957897677 798553.8 404
1717957907707 798556.4 405
1717957917750 798558.0 406
1717957927784 798538.2 407
1717957937811 798539.8 408
1717957947840 798542.9 409
1717957957922 798542.9 410
1717957968004 798542.9 411
1717957978032 798545.0 412
1717957988116 798545.0 413
1717957998142 798545.0 414
1717958008181 798548.0 415
1717958018222 798548.0 416
1717958028253 798548.8 417
1717958038282 798548.8 418
1717958048313 798548.8 419
1717958058361 798548.9 420
1717958068420 798549.0 421
1717958078456 798549.0 422
1717958088486 798549.0 423
1717958098524 798549.0 424
1717958108595 798549.0 425
1717958118626 798549.0 426
1717958128696 798549.0 427
1717958138773 798549.1 428
1717958148802 798549.1 429
1717958158882 798549.1 430
1717958168976 798549.1 431
1717958179017 798549.1 432
1717958189066 798549.1 433
1717958199157 798549.1 434
1717958209197 798549.1 435
1717958219229 798549.1 436
1717958229264 798549.1 437
1717958239293 798549.1 438
1717958249372 798549.2 439
1717958259417 798549.2 440
1717958269466 798549.2 441
1717958279501 798549.2 442
1717958289578 798549.2 443
1717958299607 798549.2 444
1717958309643 798549.3 445
1717958319723 798549.6 446
1717958329753 798549.5 447
1717958339788 798549.5 448
1717958349872 798549.5 449
1717958359904 798549.5 450
1717958369989 798549.6 451
1717958380029 798549.6 452
1717958390113 798549.6 453
1717958400148 798549.6 454
1717958410174 798549.6 455
1717958420196 800049.1 456
1717958430225 800049.2 457
1717958440246 800049.2 458
1717958450277 800049.2 459
1717958460300 800049.2 460
1717958470328 800049.2 461
1717958480360 800049.2 462
1717958490390 800049.2 463
1717958500422 800049.2 464
1717958510524 800049.2 465
1717958520557 800049.3 466
1717958530598 800049.3 467
1717958540683 800049.3 468
1717958550765 800049.3 469
1717958560800 800049.3 470
1717958570841 800049.3 471
1717958580884 800049.4 472
1717958590914 800049.5 473
1717958600962 800050.1 474
1717958610999 800051.1 475
1717958621037 800051.2 476
1717958631130 800051.2 477
1717958641160 800051.2 478
1717958651200 800051.2 479
1717958661293 800051.3 480
1717958671319 800051.3 481
1717958681354 800051.3 482
1717958691439 800051.3 483
1717958701464 800051.4 484
1717958711551 800051.4 485
1717958721580 800051.4 486
1717958731665 800051.4 487
1717958741712 800051.4 488
1717958751751 800051.4 489
1717958761790 800051.4 490
1717958771873 800051.4 491
1717958781908 800051.4 492
1717958791999 800051.4 493
1717958802034 800051.4 494
1717958812062 800051.4 495
1717958822097 800051.4 496
1717958832129 800051.4 497
1717958842158 800051.4 498
1717958852192 800051.4 499
1717958862219 800051.4 500
1717958872251 800051.4 501
1717958882323 800051.4 502
1717958892395 800051.4 503
1717958902438 800051.4 504
1717958912466 800051.4 505
1717958922509 800051.5 506
1717958932572 800051.5 507
1717958942659 800051.5 508
1717958952690 800051.5 509
1717958962788 800051.5 510
1717958972869 800051.5 511
1717958982949 800051.5 512
1717958992990 800051.5 513
1717959003017 800051.5 514
1717959013053 800051.5 515
1717959023140 800051.5 516
1717959033182 801551.0 517
1717959043219 801551.0 518
1717959053244 801551.0 519
1717959063268 801551.0 520
1717959073309 801551.0 521
1717959083339 801551.1 522
1717959093363 801551.2 523
1717959103398 801551.2 524
1717959113437 801551.3 525
1717959123484 801551.3 526
1717959133517 801551.3 527
1717959143565 801551.3 528
1717959153606 801551.3 529
1717959163641 801551.3 530
1717959173728 801551.3 531
1717959183756 801551.3 532
1717959193796 801551.3 533
1717959203897 801547.1 534
1717959213949 801547.1 535
1717959223987 801547.1 536
1717959234078 801547.1 537
1717959244120 801547.2 538
1717959254165 801547.2 539
1717959264211 801547.2 540
1717959274252 801547.2 541
1717959284295 801547.2 542
1717959294335 801547.2 543
1717959304364 801547.2 544
1717959314405 801547.2 545
1717959324492 801547.2 546
1717959334541 801547.2 547
1717959344575 801547.2 548
1717959354625 801547.2 549
1717959364673 801547.2 550
1717959374707 801547.2 551
1717959384745 801547.2 552
1717959394779 801547.2 553
1717959404807 801547.2 554
1717959414850 801547.2 555
1717959424895 801547.2 556
1717959434934 801547.4 557
1717959445021 801547.4 558
1717959455073 801547.4 559
1717959465149 801546.2 560
1717959475190 801546.2 561
1717959485219 801546.2 562
1717959495265 801544.3 563
1717959505319 801545.1 564
1717959515412 801545.7 565
1717959525461 801545.7 566
1717959535501 801545.7 567
1717959545531 801546.0 568
1717959555612 801546.9 569
1717959565701 801546.9 570
1717959575750 801546.9 571
1717959585784 801546.9 572
1717959595824 801546.9 573
1717959605869 801546.9 574
1717959615918 801546.9 575
1717959625965 801546.9 576
1717959635998 801547.0 577
1717959646307 803046.4 578
1717959656561 803046.5 579
1717959666593 803046.4 580
1717959676624 803046.5 581
1717959686656 803046.5 582
1717959696700 803046.6 583
1717959706731 803046.6 584
1717959716767 803046.6 585
1717959726854 803046.6 586
1717959736891 803046.6 587
1717959746930 803046.6 588
1717959756976 803046.6 589
1717959767007 803046.6 590
1717959777045 803046.6 591
1717959787128 803046.6 592
1717959797215 803046.6 593
1717959807246 803046.6 594
1717959817300 803046.6 595
1717959827329 803046.6 596
1717959837378 803046.7 597
1717959847418 803046.7 598
1717959857460 803046.7 599
1717959867494 803046.7 600
1717959877529 803046.7 601
1717959887565 803046.7 602
1717959897645 803046.7 603
1717959907678 803046.7 604
1717959917713 803046.7 605
1717959927761 803047.4 606
1717959937807 803047.9 607
1717959947849 803047.9 608
1717959957943 803047.8 609
1717959968018 803047.8 610
1717959978061 803047.9 611
1717959988149 803047.9 612
1717959998243 803047.9 613
1717960008293 803047.9 614
1717960018337 803047.9 615
1717960028375 803047.9 616
1717960038406 803047.9 617
1717960048453 803047.9 618
1717960058496 803047.9 619
1717960068532 803047.9 620
1717960078574 803047.9 621
1717960088620 803047.9 622
1717960098656 803047.9 623
1717960108705 803047.9 624
1717960118746 803047.9 625
1717960128797 803048.0 626
1717960138842 803048.0 627
1717960148877 803048.0 628
1717960158929 803048.0 629
1717960168983 803048.0 630
1717960179068 803048.0 631
1717960189110 803048.1 632
1717960199159 803048.1 633
1717960209197 803048.1 634
1717960219243 803048.1 635
1717960229337 803048.1 636
1717960239422 803048.1 637
1717960249459 803048.1 638
1717960259497 804547.5 639
1717960269537 804547.5 640
1717960279565 804547.5 641
1717960289603 804547.5 642
1717960299638 804547.5 643
1717960309676 804547.6 644
1717960319703 804547.6 645
1717960329740 804547.6 646
1717960339779 804547.6 647
1717960349827 804547.6 648
1717960359914 804547.6 649
1717960369959 804547.7 650
1717960379995 804547.7 651
1717960390032 804547.7 652
1717960400088 804547.7 653
1717960410127 804547.8 654
1717960420175 804547.8 655
1717960430219 804547.8 656
1717960440265 804547.8 657
1717960450305 804547.8 658
1717960460353 804547.8 659
1717960470442 804547.8 660
1717960480504 804547.8 661
1717960490542 804547.8 662
1717960500585 804548.0 663
1717960510673 804548.1 664
1717960520710 804548.4 665
1717960530830 804547.2 666
1717960540864 804542.6 667
1717960550954 804542.6 668
1717960561043 804542.6 669
1717960571086 804544.5 670
1717960581123 804544.5 671
1717960591154 804547.3 672
1717960601255 804548.3 673
1717960611333 804551.2 674
1717960621367 804551.2 675
1717960631399 804551.2 676
1717960641435 804551.2 677
1717960651489 804551.2 678
1717960661526 804551.2 679
1717960671605 804551.2 680
1717960681648 804551.3 681
1717960691684 804551.3 682
1717960701769 804551.3 683
1717960711870 804551.6 684
1717960721911 804551.6 685
1717960731953 804551.6 686
1717960742047 804551.7 687
1717960752082 804551.7 688
1717960762116 804551.7 689
1717960772161 804551.7 690
1717960782216 804551.7 691
1717960792253 804551.8 692
1717960802286 804551.8 693
1717960812320 804551.2 694
1717960822353 804551.2 695
1717960832390 804551.2 696
1717960842433 804551.2 697
1717960852472 804559.6 698
1717960862524 804551.3 699
1717960872577 804557.2 700
1717960882614 806056.7 701
1717960892653 806056.7 702
1717960902681 806056.7 703
1717960912718 806056.7 704
1717960922752 806056.7 705
1717960932780 806056.7 706
1717960942815 806056.7 707
1717960952848 806056.7 708
1717960962933 806056.7 709
1717960973024 806056.8 710
1717960983062 806030.2 711
1717960993135 806030.2 712
1717961003172 806030.2 713
1717961013206 806030.2 714
1717961023241 806030.2 715
1717961033339 806045.6 716
1717961043373 806044.1 717
1717961053447 806044.1 718
1717961063552 806044.1 719
1717961073590 806044.2 720
1717961083626 806044.2 721
1717961093661 806044.2 722
1717961103694 806044.2 723
1717961113774 806044.1 724
1717961123812 806044.2 725
1717961133850 806044.2 726
1717961143888 806044.2 727
1717961153929 806044.2 728
1717961163980 806044.2 729
1717961174013 806044.4 730
1717961184110 806044.4 731
1717961194149 806044.4 732
1717961204195 806044.4 733
1717961214307 806044.4 734
1717961224366 806044.4 735
1717961234409 806044.4 736
1717961244446 806044.4 737
1717961254495 806044.4 738
1717961264565 806044.4 739
1717961274597 806044.5 740
1717961284635 806044.5 741
1717961294682 806044.5 742
1717961304774 806044.5 743
1717961314834 806044.5 744
1717961324882 806044.5 745
1717961334922 806044.3 746
1717961344972 806044.3 747
1717961355027 806044.3 748
1717961365074 806044.3 749
1717961375128 806044.3 750
1717961385169 806044.3 751
1717961395203 806044.3 752
1717961405257 806044.3 753
1717961415296 806044.4 754
1717961425340 806044.4 755
1717961435442 806044.4 756
1717961445489 806044.4 757
1717961455537 806044.4 758
1717961465585 806044.4 759
1717961475696 806044.4 760
1717961485727 807543.8 761
1717961495756 807543.9 762
1717961505786 807543.9 763
1717961515822 807543.9 764
1717961525861 807543.9 765
1717961535891 807543.9 766
1717961545923 807543.9 767
1717961555958 807543.9 768
1717961565991 807543.9 769
1717961576039 807543.9 770
1717961586140 807543.9 771
1717961596188 807544.0 772
1717961606240 807544.0 773
1717961616280 807544.0 774
1717961626360 807544.0 775
1717961636440 807544.1 776
1717961646489 807544.1 777
1717961656556 807544.1 778
1717961666605 807544.1 779
1717961676665 807544.1 780
1717961686707 807544.1 781
1717961696806 807544.1 782
1717961706855 807544.1 783
1717961716915 807544.1 784
1717961726953 807544.2 785
1717961737041 807544.2 786
1717961747125 807544.4 787
1717961757231 807544.5 788
1717961767281 807544.5 789
1717961777324 807544.5 790
1717961787357 807544.5 791
1717961797634 807527.7 792
1717961807673 807530.7 793
1717961817710 807465.0 794
1717961827744 807401.6 795
1717961837794 807401.6 796
1717961847829 807389.8 797
1717961857862 807405.1 798
1717961867909 807426.9 799
1717961877968 807406.7 800
1717961888025 807448.0 801
1717961898079 807396.4 802
1717961908118 807408.5 803
1717961918156 807408.5 804
1717961928195 807408.5 805
1717961938281 807408.5 806
1717961948331 807408.5 807
1717961958367 807408.5 808
1717961968455 807408.5 809
1717961978552 807408.5 810
1717961988608 807408.5 811
1717961998647 807408.5 812
1717962008732 807408.5 813
1717962018822 807408.5 814
1717962028861 807408.5 815
1717962038949 807408.5 816
1717962049027 807408.5 817
1717962059125 807408.5 818
1717962069181 807408.5 819
1717962079215 807408.5 820
1717962089262 808908.0 821
1717962099299 808908.0 822
1717962109329 808908.0 823
1717962119375 808908.0 824
1717962129410 808908.0 825
1717962139441 808908.0 826
1717962149476 808908.0 827
1717962159573 808908.0 828
1717962169624 808908.0 829
1717962179709 808908.0 830
1717962189811 808908.0 831
1717962199856 808908.0 832
1717962209956 808908.0 833
1717962220061 808908.0 834
1717962230164 808908.0 835
1717962240207 808908.0 836
1717962250295 808908.0 837
1717962260394 808908.0 838
1717962270478 808908.0 839
1717962280520 808908.0 840
1717962290610 808908.0 841
1717962300713 808908.0 842
1717962310809 808908.0 843
1717962320856 808908.0 844
1717962330953 808908.0 845
1717962341052 808908.0 846
1717962351103 808908.0 847
1717962361187 808908.0 848
1717962371271 808908.0 849
1717962381343 808908.0 850
1717962391395 808908.0 851
1717962401484 808908.0 852
1717962411583 808908.0 853
1717962421691 808908.0 854
1717962431741 808908.0 855
1717962441837 808908.0 856
1717962451927 808908.0 857
1717962462016 808908.0 858
1717962472099 808908.0 859
1717962482188 808908.0 860
1717962492292 808908.0 861
1717962502354 808908.0 862
1717962512408 808908.0 863
1717962522511 808908.0 864
1717962532607 808908.0 865
1717962542658 808908.0 866
1717962552736 808908.0 867
1717962562846 808908.0 868
1717962572898 808908.0 869
1717962582981 808908.0 870
1717962593082 808908.0 871
1717962603183 808908.0 872
1717962613278 808908.0 873
1717962623329 808908.0 874
1717962633434 808908.0 875
1717962643554 808908.0 876
1717962653594 810407.5 877
1717962663634 810407.5 878
1717962673667 810407.5 879
1717962683704 810407.5 880
1717962693735 810407.5 881
1717962703767 810407.5 882
1717962713861 810407.5 883
1717962723914 810407.5 884
1717962733952 810407.5 885
1717962744048 810407.5 886
1717962754133 810407.5 887
1717962764187 810407.5 888
1717962774281 810407.5 889
1717962784368 810407.5 890
1717962794420 810407.5 891
1717962804484 810407.5 892
1717962814590 810407.5 893
1717962824696 810407.5 894
1717962834939 810407.5 895
1717962845025 810407.5 896
1717962855117 810407.5 897
1717962865213 810407.5 898
1717962875269 810407.5 899
1717962885369 810407.5 900
1717962895463 810407.5 901
1717962905547 810407.5 902
1717962915649 810407.6 903
1717962925749 810407.6 904
1717962935845 810407.6 905
1717962945906 810407.6 906
1717962956006 810407.6 907
1717962966114 810407.6 908
1717962976209 810407.6 909
1717962986265 810407.6 910
1717962996363 810407.6 911
1717963006449 810407.6 912
1717963016536 810407.6 913
1717963026589 810407.6 914
1717963036690 810407.6 915
1717963046796 810407.6 916
1717963056898 810407.6 917
1717963066955 810407.6 918
1717963077059 810407.6 919
1717963087152 810407.6 920
1717963097196 810407.6 921
1717963107271 810407.6 922
1717963117355 810407.6 923
1717963127451 810407.6 924
1717963137492 810407.6 925
1717963147598 810407.6 926
1717963157716 810407.6 927
1717963167776 810407.6 928
1717963177872 810407.6 929
1717963187963 810407.6 930
1717963198006 810407.6 931
1717963208048 811907.0 932
1717963218083 811907.1 933
1717963228129 811907.1 934
1717963238169 811907.1 935
1717963248204 811907.1 936
1717963258236 811907.1 937
1717963268273 811907.1 938
1717963278370 811907.1 939
1717963288469 811907.1 940
1717963298557 811907.1 941
1717963308619 811907.1 942
1717963318704 811907.1 943
1717963328796 811907.1 944
1717963338851 811907.1 945
1717963348946 811907.1 946
1717963359043 811907.1 947
1717963369152 811907.1 948
1717963379261 811907.1 949
1717963389340 811907.1 950
1717963399451 811907.1 951
1717963409513 811907.1 952
1717963419564 811907.1 953
1717963429602 811907.1 954
1717963439700 811907.1 955
1717963449797 811907.1 956
1717963459852 811907.1 957
1717963469950 811907.1 958
1717963480051 811907.1 959
1717963490155 811907.1 960
1717963500252 811907.1 961
1717963510363 811907.1 962
1717963520464 811907.1 963
1717963530559 811907.1 964
1717963540614 811907.1 965
1717963550722 811907.1 966
1717963560837 811907.1 967
1717963570893 811907.1 968
1717963580989 811907.1 969
1717963591095 811907.1 970
1717963601204 811907.1 971
1717963611266 811907.1 972
1717963621326 811907.1 973
1717963631410 811907.1 974
1717963641500 811907.1 975
1717963651581 811907.1 976
1717963661630 811907.1 977
1717963671726 811907.1 978
1717963681818 811907.1 979
1717963691860 811907.1 980
1717963701943 811907.1 981
1717963712035 811907.1 982
1717963722096 811907.1 983
1717963732135 811907.1 984
1717963742180 811907.1 985
1717963752286 811907.1 986
1717963762384 811907.1 987
1717963772428 813406.6 988
1717963782470 813406.6 989
1717963792509 813406.6 990
1717963802543 813406.6 991
1717963812581 813406.6 992
1717963822616 813406.6 993
1717963832717 813406.6 994
1717963842809 813406.6 995
1717963852891 813406.6 996
1717963862939 813406.6 997
1717963873040 813406.6 998
1717963883096 813406.6 999
1717963893189 813406.6 1000
1717963903248 813406.6 1001
1717963913296 813406.6 1002
1717963923396 813406.6 1003
1717963933516 813406.6 1004
1717963943563 813406.6 1005
1717963953649 813406.6 1006
1717963963939 813406.6 1007
1717963974026 813406.6 1008
1717963984090 813406.6 1009
1717963994138 813406.6 1010
1717964004224 813406.6 1011
1717964014263 813406.6 1012
1717964024347 813406.6 1013
1717964034449 813406.6 1014
1717964044536 813406.6 1015
1717964054584 813406.6 1016
1717964064678 813406.6 1017
1717964074782 813406.6 1018
1717964084893 813406.6 1019
1717964094992 813406.6 1020
1717964105032 813406.6 1021
1717964115137 813406.6 1022
1717964125240 813406.6 1023
1717964135282 813406.6 1024
1717964145365 813406.6 1025
1717964155453 813406.6 1026
1717964165502 813406.6 1027
1717964175588 813406.6 1028
1717964185673 813406.6 1029
1717964195712 813406.6 1030
1717964205755 813406.6 1031
1717964215832 813406.6 1032
1717964225868 813406.6 1033
1717964235967 813406.6 1034
1717964246054 813406.6 1035
1717964256101 813406.6 1036
1717964266185 813406.6 1037
1717964276277 813406.6 1038
1717964286327 813406.6 1039
1717964296366 813406.6 1040
1717964306416 813406.6 1041
1717964316830 813406.6 1042
1717964326870 814906.1 1043
1717964336905 814906.1 1044
1717964346940 814906.1 1045
1717964356984 814906.1 1046
1717964367025 814906.1 1047
1717964377059 814906.1 1048
1717964387095 814906.1 1049
1717964397141 814906.1 1050
1717964407235 814906.1 1051
1717964417334 814906.1 1052
1717964427402 814906.1 1053
1717964437502 814906.1 1054
1717964447609 814906.1 1055
1717964457674 814906.1 1056
1717964467780 814906.1 1057
1717964477886 814906.1 1058
1717964487993 814906.1 1059
1717964498046 814906.1 1060
1717964508095 814906.1 1061
1717964518199 814906.1 1062
1717964528322 814906.1 1063
1717964538373 814906.1 1064
1717964548470 814906.1 1065
1717964558581 814906.1 1066
1717964568683 814906.1 1067
1717964578742 814906.1 1068
1717964588830 814906.1 1069
1717964598927 814906.1 1070
1717964608968 814906.1 1071
1717964619091 814906.1 1072
1717964629206 814906.1 1073
1717964639315 814906.1 1074
1717964649417 814906.1 1075
1717964659475 814906.1 1076
1717964669569 814906.1 1077
1717964679679 814906.1 1078
1717964689728 814906.1 1079
1717964699814 814906.1 1080
1717964709916 814906.1 1081
1717964720003 814906.1 1082
1717964730044 814906.1 1083
1717964740145 814906.1 1084
1717964750236 814906.1 1085
1717964760281 814906.1 1086
1717964770328 814906.1 1087
1717964780442 814906.1 1088
1717964790531 814906.1 1089
1717964800571 814906.1 1090
1717964810619 814906.1 1091
1717964820684 814906.1 1092
1717964830772 814906.1 1093
1717964840856 814906.1 1094
1717964850930 814906.1 1095
1717964861043 814906.1 1096
1717964871166 814906.1 1097
