1717953840600 144904.4 0
1717953850626 144903.6 1
1717953860645 144903.6 2
1717953870659 144903.6 3
1717953880675 144903.6 4
1717953890734 144903.6 5
1717953900751 144903.6 6
1717953910762 144903.6 7
1717953920773 144903.6 8
1717953930785 144903.6 9
1717953940796 144903.6 10
1717953950808 144903.6 11
1717953960867 144903.6 12
1717953970890 144903.6 13
1717953980907 144903.6 14
1717953990922 144903.6 15
1717954000938 144903.6 16
1717954010960 144903.6 17
1717954020977 144903.6 18
1717954030996 144903.5 19
1717954041014 144903.5 20
1717954051038 144903.5 21
1717954061051 144903.5 22
1717954071067 144903.5 23
1717954081130 144903.5 24
1717954091146 144903.5 25
1717954101159 144903.5 26
1717954111170 144903.5 27
1717954121182 144903.5 28
1717954131202 144903.5 29
1717954141215 144903.5 30
1717954151228 144903.5 31
1717954161251 144903.5 32
1717954171265 144903.5 33
1717954181310 144903.5 34
1717954191324 144903.5 35
1717954201347 144903.5 36
1717954211359 144903.5 37
1717954221372 144903.5 38
1717954231386 144903.5 39
1717954241400 144903.5 40
1717954251414 144903.5 41
1717954261428 144903.5 42
1717954271442 144903.5 43
1717954281456 144903.5 44
1717954291481 144903.5 45
1717954301543 144903.5 46
1717954311567 144903.5 47
1717954321591 144903.5 48
1717954331645 144903.5 49
1717954341661 144903.5 50
1717954351708 144903.5 51
1717954361723 144903.5 52
1717954371737 144903.5 53
1717954381754 144903.5 54
1717954392266 144903.5 55
1717954402281 143404.1 56
1717954412299 143404.1 57
1717954422322 143404.1 58
1717954432337 143404.1 59
1717954442352 143404.1 60
1717954452366 143404.1 61
1717954462381 143404.1 62
1717954472394 143404.1 63
1717954482417 143404.1 64
1717954492442 143404.1 65
1717954502458 143404.1 66
1717954512515 143404.1 67
1717954522530 143404.1 68
1717954532553 143404.1 69
1717954542571 143404.1 70
1717954552635 143404.1 71
1717954562662 143404.1 72
1717954572679 143404.1 73
1717954582705 143404.1 74
1717954592723 143404.1 75
1717954602738 143404.1 76
1717954612757 143404.1 77
1717954622776 143404.1 78
1717954632846 143404.1 79
1717954642861 143404.1 80
1717954652895 143404.1 81
1717954662913 143404.1 82
1717954672932 143404.1 83
1717954682948 143404.1 84
1717954692965 143404.1 85
1717954702980 143404.1 86
1717954712995 143404.1 87
1717954723011 143404.1 88
1717954733026 143404.1 89
1717954743041 143404.1 90
1717954753071 143404.1 91
1717954763092 143404.1 92
1717954773121 143404.1 93
1717954783138 143404.1 94
1717954793152 143404.1 95
1717954803173 143404.1 96
1717954813238 143404.1 97
1717954823254 143404.1 98
1717954833270 143404.1 99
1717954843289 143404.1 100
1717954853309 143404.1 101
1717954863327 143404.1 102
1717954873340 143404.1 103
1717954883355 143404.1 104
1717954893370 143404.1 105
1717954903383 143404.1 106
1717954913397 143404.1 107
1717954923410 143404.1 108
1717954933425 143404.1 109
1717954943447 143404.1 110
1717954953467 143404.1 111
1717954963481 141904.7 112
1717954973495 141904.7 113
1717954983509 141904.7 114
1717954993525 141904.7 115
1717955003542 141904.7 116
1717955013563 141904.7 117
1717955023577 141904.7 118
1717955033646 141904.7 119
1717955043703 141904.7 120
1717955053748 141904.7 121
1717955063763 141904.7 122
1717955073829 141904.7 123
1717955083845 141904.7 124
1717955093910 141904.7 125
1717955103978 141904.7 126
1717955114051 141904.7 127
1717955124110 141904.7 128
1717955134178 141904.7 129
1717955144225 141904.7 130
1717955154294 141904.7 131
1717955164361 141904.7 132
1717955174377 141904.7 133
1717955184406 141904.7 134
1717955194425 141904.7 135
1717955204486 141904.7 136
1717955214507 141904.7 137
1717955224566 141904.7 138
1717955234624 141904.7 139
1717955244695 141904.7 140
1717955254765 141904.7 141
1717955264837 141904.7 142
1717955274899 141904.7 143
1717955284962 141904.7 144
1717955294981 141904.7 145
1717955305043 141904.7 146
1717955315117 141904.7 147
1717955325134 141904.7 148
1717955335196 141904.7 149
1717955345262 141904.7 150
1717955355280 141904.7 151
1717955365298 141904.7 152
1717955375357 141904.7 153
1717955385426 141904.7 154
1717955395500 141904.7 155
1717955405568 141904.7 156
1717955415585 141904.7 157
1717955425658 141904.7 158
1717955435682 141904.7 159
1717955445706 141904.7 160
1717955455729 141904.7 161
1717955465806 141904.7 162
1717955475875 141904.7 163
1717955485894 141904.7 164
1717955495974 141904.7 165
1717955506045 141904.7 166
1717955516124 141904.7 167
1717955526140 140405.2 168
1717955536155 140405.2 169
1717955546176 140405.2 170
1717955556191 140405.2 171
1717955566221 140405.2 172
1717955576241 140405.2 173
1717955586259 140405.2 174
1717955596285 140405.2 175
1717955606359 140405.2 176
1717955616383 140405.2 177
1717955626451 140405.2 178
1717955636524 140405.2 179
1717955646589 140405.2 180
1717955656616 140405.2 181
1717955666686 140405.2 182
1717955676756 140405.2 183
1717955686774 140405.2 184
1717955696798 140405.2 185
1717955706816 140405.2 186
1717955716891 140405.2 187
1717955726960 140405.2 188
1717955737020 140405.2 189
1717955747085 140405.2 190
1717955757160 140405.2 191
1717955767178 140405.2 192
1717955777242 140405.2 193
1717955787326 140405.2 194
1717955797403 140405.2 195
1717955807441 140405.2 196
1717955817462 140405.2 197
1717955827530 140405.2 198
1717955837562 140405.2 199
1717955847626 140405.2 200
1717955857689 140405.2 201
1717955867757 140405.2 202
1717955877830 140405.2 203
1717955887904 140405.2 204
1717955897978 140405.2 205
1717955907998 140405.2 206
1717955918062 140405.2 207
1717955928125 140405.2 208
1717955938202 140405.2 209
1717955948275 140405.2 210
1717955958334 140405.2 211
1717955968413 140405.2 212
1717955978433 140405.2 213
1717955988454 140405.2 214
1717955998521 140405.2 215
1717956008594 140405.2 216
1717956018672 140405.2 217
1717956028757 140405.2 218
1717956038821 140405.2 219
1717956048900 140405.2 220
1717956058927 140405.2 221
1717956068990 140405.2 222
1717956079053 140405.2 223
1717956089073 138905.8 224
1717956099120 138905.8 225
1717956109141 138905.8 226
1717956119161 138905.8 227
1717956129181 138905.8 228
1717956139216 138905.8 229
1717956149294 138905.8 230
1717956159375 138905.8 231
1717956169437 138905.8 232
1717956179517 138905.8 233
1717956189543 138905.8 234
1717956199565 138905.8 235
1717956209637 138905.8 236
1717956219665 138905.8 237
1717956229685 138905.8 238
1717956239755 138905.8 239
1717956249820 138905.8 240
1717956259841 138905.8 241
1717956269920 138905.8 242
1717956279989 138905.8 243
1717956290051 138905.8 244
1717956300082 138905.8 245
1717956310150 138905.8 246
1717956320173 138905.8 247
1717956330194 138905.8 248
1717956340213 138905.8 249
1717956350291 138905.8 250
1717956360320 138905.8 251
1717956370347 138905.8 252
1717956380369 138905.8 253
1717956390443 138905.8 254
1717956400463 138905.8 255
1717956410530 138905.8 256
1717956420591 138905.8 257
1717956430655 138905.8 258
1717956440692 138905.8 259
1717956450780 138905.8 260
1717956460857 138905.8 261
1717956470934 138905.8 262
1717956480986 138905.8 263
1717956491007 138905.8 264
1717956501080 138905.8 265
1717956511106 138905.8 266
1717956521138 138905.8 267
1717956531207 138905.8 268
1717956541279 138905.8 269
1717956551320 138905.8 270
1717956561406 138905.8 271
1717956571485 138905.8 272
1717956581575 138905.8 273
1717956591606 138905.8 274
1717956601683 138905.8 275
1717956611754 138905.8 276
1717956621785 138905.8 277
1717956631830 138905.8 278
1717956641897 138905.8 279
1717956651923 137406.3 280
1717956661949 137406.3 281
1717956671998 137406.3 282
1717956682017 137406.3 283
1717956692037 137406.3 284
1717956702059 137406.3 285
1717956712139 137406.3 286
1717956722181 137406.3 287
1717956732254 137406.3 288
1717956742331 137406.3 289
1717956752398 137406.3 290
1717956762483 137406.3 291
1717956772549 137406.3 292
1717956782573 137406.3 293
1717956792619 137406.3 294
1717956802692 137406.3 295
1717956812782 137406.3 296
1717956822804 137406.3 297
1717956832885 137406.3 298
1717956842958 137406.3 299
1717956853035 137406.3 300
1717956863059 137406.3 301
1717956873130 137406.3 302
1717956883196 137406.3 303
1717956893218 137406.3 304
1717956903238 137406.3 305
1717956913306 137406.3 306
1717956923374 137406.3 307
1717956933398 137406.3 308
1717956943463 137406.3 309
1717956953532 137406.3 310
1717956963570 137406.3 311
1717956973640 137406.3 312
1717956983715 137406.3 313
1717956993789 137406.3 314
1717957003810 137406.3 315
1717957013888 137406.3 316
1717957023963 137406.3 317
1717957034048 137406.3 318
1717957044079 137406.3 319
1717957054160 137406.3 320
1717957064246 137406.3 321
1717957074322 137406.3 322
1717957084385 137406.3 323
1717957094405 137406.3 324
1717957104481 137406.3 325
1717957114522 137406.3 326
1717957124600 137406.3 327
1717957134684 137406.3 328
1717957144759 137406.3 329
1717957154789 137406.3 330
1717957164863 137406.3 331
1717957174944 137406.3 332
1717957184981 137406.3 333
1717957195062 137406.3 334
1717957205084 137406.3 335
1717957215102 135906.9 336
1717957225122 135906.9 337
1717957235140 135906.9 338
1717957245159 135906.9 339
1717957255179 135906.9 340
1717957265205 135906.8 341
1717957275288 135906.8 342
1717957285353 135906.8 343
1717957295434 135906.8 344
1717957305519 135906.8 345
1717957315554 135906.8 346
1717957325584 135906.8 347
1717957335603 135906.8 348
1717957345628 135891.1 349
1717957355659 135863.2 350
1717957365690 135904.8 351
1717957375721 135851.8 352
1717957385747 135898.0 353
1717957395782 135896.2 354
1717957405812 135888.4 355
1717957415846 135865.3 356
1717957425875 135838.5 357
1717957435961 135823.8 358
1717957445991 135804.4 359
1717957456036 135798.9 360
1717957466069 135795.9 361
1717957476099 135795.9 362
1717957486132 135795.9 363
1717957496162 135791.5 364
1717957506198 135789.2 365
1717957516221 135789.2 366
1717957526246 135789.2 367
1717957536325 135789.2 368
1717957546360 135789.2 369
1717957556437 135789.2 370
1717957566521 135789.2 371
1717957576561 135788.9 372
1717957586594 135788.9 373
1717957596623 135788.9 374
1717957606654 135788.8 375
1717957616685 135788.8 376
1717957626716 135788.4 377
1717957636748 135788.4 378
1717957646771 135790.1 379
1717957656802 135789.2 380
1717957666875 135789.1 381
1717957676964 135789.1 382
1717957686992 135788.1 383
1717957697029 135787.9 384
1717957707068 135788.0 385
1717957717094 135789.2 386
1717957727144 135788.7 387
1717957737187 135788.2 388
1717957747216 135787.1 389
1717957757245 135786.3 390
1717957767268 135785.9 391
1717957777305 135785.3 392
1717957787329 135787.2 393
1717957797355 135787.4 394
1717957807384 134286.8 395
1717957817409 134283.3 396
1717957827443 134283.4 397
1717957837477 134281.7 398
1717957847511 134272.2 399
1717957857548 134271.8 400
1717957867575 134271.8 401
1717957877615 134267.3 402
1717957887650 134267.0 403
1717957897677 134267.0 404
1717957907707 134264.4 405
1717957917750 134262.8 406
1717957927784 134282.6 407
1717957937811 134281.0 408
1717957947840 134277.9 409
1717957957922 134277.9 410
1717957968004 134277.9 411
1717957978032 134275.8 412
1717957988116 134275.8 413
1717957998142 134275.8 414
1717958008181 134272.9 415
1717958018222 134272.8 416
1717958028253 134272.0 417
1717958038282 134272.0 418
1717958048313 134272.0 419
1717958058361 134271.9 420
1717958068420 134271.8 421
1717958078456 134271.8 422
1717958088486 134271.8 423
1717958098524 134271.8 424
1717958108595 134271.8 425
1717958118626 134271.8 426
1717958128696 134271.8 427
1717958138773 134271.7 428
1717958148802 134271.7 429
1717958158882 134271.7 430
1717958168976 134271.7 431
1717958179017 134271.7 432
1717958189066 134271.7 433
1717958199157 134271.7 434
1717958209197 134271.7 435
1717958219229 134271.7 436
1717958229264 134271.7 437
1717958239293 134271.7 438
1717958249372 134271.6 439
1717958259417 134271.6 440
1717958269466 134271.6 441
1717958279501 134271.6 442
1717958289578 134271.6 443
1717958299607 134271.6 444
1717958309643 134271.5 445
1717958319723 134271.2 446
1717958329753 134271.3 447
1717958339788 134271.3 448
1717958349872 134271.3 449
1717958359904 134271.3 450
1717958369989 134271.3 451
1717958380029 134271.2 452
1717958390113 134271.2 453
1717958400148 134271.2 454
1717958410174 134271.2 455
1717958420196 132771.7 456
1717958430225 132771.6 457
1717958440246 132771.6 458
1717958450277 132771.6 459
1717958460300 132771.6 460
1717958470328 132771.6 461
1717958480360 132771.6 462
1717958490390 132771.6 463
1717958500422 132771.6 464
1717958510524 132771.6 465
1717958520557 132771.5 466
1717958530598 132771.6 467
1717958540683 132771.6 468
1717958550765 132771.5 469
1717958560800 132771.5 470
1717958570841 132771.5 471
1717958580884 132771.4 472
1717958590914 132771.3 473
1717958600962 132770.7 474
1717958610999 132769.7 475
1717958621037 132769.6 476
1717958631130 132769.6 477
1717958641160 132769.6 478
1717958651200 132769.6 479
1717958661293 132769.5 480
1717958671319 132769.5 481
1717958681354 132769.5 482
1717958691439 132769.5 483
1717958701464 132769.5 484
1717958711551 132769.5 485
1717958721580 132769.4 486
1717958731665 132769.4 487
1717958741712 132769.4 488
1717958751751 132769.4 489
1717958761790 132769.4 490
1717958771873 132769.4 491
1717958781908 132769.4 492
1717958791999 132769.4 493
1717958802034 132769.4 494
1717958812062 132769.4 495
1717958822097 132769.4 496
1717958832129 132769.4 497
1717958842158 132769.4 498
1717958852192 132769.4 499
1717958862219 132769.4 500
1717958872251 132769.4 501
1717958882323 132769.4 502
1717958892395 132769.4 503
1717958902438 132769.4 504
1717958912466 132769.4 505
1717958922509 132769.4 506
1717958932572 132769.3 507
1717958942659 132769.3 508
1717958952690 132769.3 509
1717958962788 132769.3 510
1717958972869 132769.3 511
1717958982949 132769.3 512
1717958992990 132769.3 513
1717959003017 132769.3 514
1717959013053 132769.3 515
1717959023140 132769.3 516
1717959033182 131269.8 517
1717959043219 131269.8 518
1717959053244 131269.8 519
1717959063268 131269.8 520
1717959073309 131269.8 521
1717959083339 131269.7 522
1717959093363 131269.6 523
1717959103398 131269.6 524
1717959113437 131269.6 525
1717959123484 131269.6 526
1717959133517 131269.6 527
1717959143565 131269.6 528
1717959153606 131269.6 529
1717959163641 131269.5 530
1717959173728 131269.5 531
1717959183756 131269.5 532
1717959193796 131269.5 533
1717959203897 131273.7 534
1717959213949 131273.7 535
1717959223987 131273.7 536
1717959234078 131273.7 537
1717959244120 131273.7 538
1717959254165 131273.7 539
1717959264211 131273.6 540
1717959274252 131273.6 541
1717959284295 131273.6 542
1717959294335 131273.6 543
1717959304364 131273.6 544
1717959314405 131273.6 545
1717959324492 131273.6 546
1717959334541 131273.6 547
1717959344575 131273.6 548
1717959354625 131273.6 549
1717959364673 131273.6 550
1717959374707 131273.6 551
1717959384745 131273.6 552
1717959394779 131273.6 553
1717959404807 131273.6 554
1717959414850 131273.6 555
1717959424895 131273.6 556
1717959434934 131273.4 557
1717959445021 131273.4 558
1717959455073 131273.4 559
1717959465149 131274.7 560
1717959475190 131274.6 561
1717959485219 131274.6 562
1717959495265 131276.5 563
1717959505319 131275.7 564
1717959515412 131275.1 565
1717959525461 131275.1 566
1717959535501 131275.1 567
1717959545531 131274.8 568
1717959555612 131273.9 569
1717959565701 131273.9 570
1717959575750 131273.9 571
1717959585784 131273.9 572
1717959595824 131273.9 573
1717959605869 131273.9 574
1717959615918 131273.9 575
1717959625965 131273.9 576
1717959635998 131273.9 577
1717959646307 129774.4 578
1717959656561 129774.3 579
1717959666593 129774.4 580
1717959676624 129774.3 581
1717959686656 129774.3 582
1717959696700 129774.3 583
1717959706731 129774.3 584
1717959716767 129774.2 585
1717959726854 129774.2 586
1717959736891 129774.2 587
1717959746930 129774.2 588
1717959756976 129774.2 589
1717959767007 129774.2 590
1717959777045 129774.2 591
1717959787128 129774.2 592
1717959797215 129774.2 593
1717959807246 129774.2 594
1717959817300 129774.2 595
1717959827329 129774.2 596
1717959837378 129774.2 597
1717959847418 129774.2 598
1717959857460 129774.2 599
1717959867494 129774.1 600
1717959877529 129774.1 601
1717959887565 129774.1 602
1717959897645 129774.1 603
1717959907678 129774.1 604
1717959917713 129774.1 605
1717959927761 129773.4 606
1717959937807 129772.9 607
1717959947849 129772.9 608
1717959957943 129773.0 609
1717959968018 129773.0 610
1717959978061 129773.0 611
1717959988149 129772.9 612
1717959998243 129772.9 613
1717960008293 129772.9 614
1717960018337 129772.9 615
1717960028375 129772.9 616
1717960038406 129772.9 617
1717960048453 129772.9 618
1717960058496 129772.9 619
1717960068532 129772.9 620
1717960078574 129772.9 621
1717960088620 129772.9 622
1717960098656 129772.9 623
1717960108705 129772.9 624
1717960118746 129772.9 625
1717960128797 129772.9 626
1717960138842 129772.9 627
1717960148877 129772.9 628
1717960158929 129772.8 629
1717960168983 129772.8 630
1717960179068 129772.8 631
1717960189110 129772.8 632
1717960199159 129772.7 633
1717960209197 129772.7 634
1717960219243 129772.7 635
1717960229337 129772.7 636
1717960239422 129772.7 637
1717960249459 129772.7 638
1717960259497 128273.3 639
1717960269537 128273.3 640
1717960279565 128273.3 641
1717960289603 128273.3 642
1717960299638 128273.3 643
1717960309676 128273.2 644
1717960319703 128273.2 645
1717960329740 128273.2 646
1717960339779 128273.2 647
1717960349827 128273.2 648
1717960359914 128273.2 649
1717960369959 128273.2 650
1717960379995 128273.1 651
1717960390032 128273.1 652
1717960400088 128273.1 653
1717960410127 128273.0 654
1717960420175 128273.0 655
1717960430219 128273.0 656
1717960440265 128273.0 657
1717960450305 128273.0 658
1717960460353 128273.0 659
1717960470442 128273.0 660
1717960480504 128273.0 661
1717960490542 128273.0 662
1717960500585 128272.8 663
1717960510673 128272.7 664
1717960520710 128272.4 665
1717960530830 128273.7 666
1717960540864 128278.2 667
1717960550954 128278.2 668
1717960561043 128278.2 669
1717960571086 128276.4 670
1717960581123 128276.4 671
1717960591154 128273.5 672
1717960601255 128272.5 673
1717960611333 128269.6 674
1717960621367 128269.6 675
1717960631399 128269.6 676
1717960641435 128269.6 677
1717960651489 128269.6 678
1717960661526 128269.6 679
1717960671605 128269.6 680
1717960681648 128269.6 681
1717960691684 128269.6 682
1717960701769 128269.6 683
1717960711870 128269.2 684
1717960721911 128269.2 685
1717960731953 128269.2 686
1717960742047 128269.1 687
1717960752082 128269.2 688
1717960762116 128269.2 689
1717960772161 128269.1 690
1717960782216 128269.1 691
1717960792253 128269.0 692
1717960802286 128269.0 693
1717960812320 128269.6 694
1717960822353 128269.6 695
1717960832390 128269.6 696
1717960842433 128269.6 697
1717960852472 128261.2 698
1717960862524 128269.5 699
1717960872577 128263.6 700
1717960882614 126764.1 701
1717960892653 126764.1 702
1717960902681 126764.1 703
1717960912718 126764.1 704
1717960922752 126764.1 705
1717960932780 126764.1 706
1717960942815 126764.1 707
1717960952848 126764.1 708
1717960962933 126764.1 709
1717960973024 126764.1 710
1717960983062 126790.6 711
1717960993135 126790.6 712
1717961003172 126790.6 713
1717961013206 126790.6 714
1717961023241 126790.6 715
1717961033339 126775.2 716
1717961043373 126776.8 717
1717961053447 126776.7 718
1717961063552 126776.7 719
1717961073590 126776.7 720
1717961083626 126776.7 721
1717961093661 126776.6 722
1717961103694 126776.6 723
1717961113774 126776.7 724
1717961123812 126776.6 725
1717961133850 126776.6 726
1717961143888 126776.7 727
1717961153929 126776.6 728
1717961163980 126776.6 729
1717961174013 126776.5 730
1717961184110 126776.5 731
1717961194149 126776.4 732
1717961204195 126776.4 733
1717961214307 126776.4 734
1717961224366 126776.4 735
1717961234409 126776.4 736
1717961244446 126776.4 737
1717961254495 126776.4 738
1717961264565 126776.4 739
1717961274597 126776.4 740
1717961284635 126776.4 741
1717961294682 126776.4 742
1717961304774 126776.4 743
1717961314834 126776.3 744
1717961324882 126776.3 745
1717961334922 126776.5 746
1717961344972 126776.5 747
1717961355027 126776.5 748
1717961365074 126776.5 749
1717961375128 126776.5 750
1717961385169 126776.5 751
1717961395203 126776.5 752
1717961405257 126776.5 753
1717961415296 126776.4 754
1717961425340 126776.4 755
1717961435442 126776.4 756
1717961445489 126776.4 757
1717961455537 126776.4 758
1717961465585 126776.4 759
1717961475696 126776.4 760
1717961485727 125277.0 761
1717961495756 125277.0 762
1717961505786 125276.9 763
1717961515822 125276.9 764
1717961525861 125276.9 765
1717961535891 125276.9 766
1717961545923 125276.9 767
1717961555958 125276.9 768
1717961565991 125276.9 769
1717961576039 125276.9 770
1717961586140 125276.9 771
1717961596188 125276.9 772
1717961606240 125276.9 773
1717961616280 125276.9 774
1717961626360 125276.8 775
1717961636440 125276.7 776
1717961646489 125276.7 777
1717961656556 125276.7 778
1717961666605 125276.7 779
1717961676665 125276.7 780
1717961686707 125276.7 781
1717961696806 125276.7 782
1717961706855 125276.7 783
1717961716915 125276.7 784
1717961726953 125276.7 785
1717961737041 125276.6 786
1717961747125 125276.4 787
1717961757231 125276.3 788
1717961767281 125276.3 789
1717961777324 125276.3 790
1717961787357 125276.3 791
1717961797634 125293.1 792
1717961807673 125290.1 793
1717961817710 125355.8 794
1717961827744 125419.2 795
1717961837794 125419.2 796
1717961847829 125431.0 797
1717961857862 125415.7 798
1717961867909 125393.9 799
1717961877968 125414.1 800
1717961888025 125372.8 801
1717961898079 125424.4 802
1717961908118 125412.3 803
1717961918156 125412.3 804
1717961928195 125412.3 805
1717961938281 125412.3 806
1717961948331 125412.3 807
1717961958367 125412.3 808
1717961968455 125412.3 809
1717961978552 125412.3 810
1717961988608 125412.3 811
1717961998647 125412.3 812
1717962008732 125412.3 813
1717962018822 125412.3 814
1717962028861 125412.3 815
1717962038949 125412.3 816
1717962049027 125412.3 817
1717962059125 125412.3 818
1717962069181 125412.3 819
1717962079215 125412.3 820
1717962089262 123912.8 821
1717962099299 123912.8 822
1717962109329 123912.8 823
1717962119375 123912.8 824
1717962129410 123912.8 825
1717962139441 123912.8 826
1717962149476 123912.8 827
1717962159573 123912.8 828
1717962169624 123912.8 829
1717962179709 123912.8 830
1717962189811 123912.8 831
1717962199856 123912.8 832
1717962209956 123912.8 833
1717962220061 123912.8 834
1717962230164 123912.8 835
1717962240207 123912.8 836
1717962250295 123912.8 837
1717962260394 123912.8 838
1717962270478 123912.8 839
1717962280520 123912.8 840
1717962290610 123912.8 841
1717962300713 123912.8 842
1717962310809 123912.8 843
1717962320856 123912.8 844
1717962330953 123912.8 845
1717962341052 123912.8 846
1717962351103 123912.8 847
1717962361187 123912.8 848
1717962371271 123912.8 849
1717962381343 123912.8 850
1717962391395 123912.8 851
1717962401484 123912.8 852
1717962411583 123912.8 853
1717962421691 123912.8 854
1717962431741 123912.8 855
1717962441837 123912.8 856
1717962451927 123912.8 857
1717962462016 123912.8 858
1717962472099 123912.8 859
1717962482188 123912.8 860
1717962492292 123912.8 861
1717962502354 123912.8 862
1717962512408 123912.8 863
1717962522511 123912.8 864
1717962532607 123912.8 865
1717962542658 123912.8 866
1717962552736 123912.8 867
1717962562846 123912.8 868
1717962572898 123912.8 869
1717962582981 123912.8 870
1717962593082 123912.8 871
1717962603183 123912.8 872
1717962613278 123912.8 873
1717962623329 123912.8 874
1717962633434 123912.8 875
1717962643554 123912.8 876
1717962653594 122413.3 877
1717962663634 122413.3 878
1717962673667 122413.3 879
1717962683704 122413.3 880
1717962693735 122413.3 881
1717962703767 122413.3 882
1717962713861 122413.3 883
1717962723914 122413.3 884
1717962733952 122413.3 885
1717962744048 122413.3 886
1717962754133 122413.3 887
1717962764187 122413.3 888
1717962774281 122413.3 889
1717962784368 122413.3 890
1717962794420 122413.3 891
1717962804484 122413.3 892
1717962814590 122413.3 893
1717962824696 122413.3 894
1717962834939 122413.3 895
1717962845025 122413.3 896
1717962855117 122413.3 897
1717962865213 122413.3 898
1717962875269 122413.3 899
1717962885369 122413.3 900
1717962895463 122413.3 901
1717962905547 122413.3 902
1717962915649 122413.3 903
1717962925749 122413.3 904
1717962935845 122413.3 905
1717962945906 122413.3 906
1717962956006 122413.3 907
1717962966114 122413.3 908
1717962976209 122413.3 909
1717962986265 122413.3 910
1717962996363 122413.3 911
1717963006449 122413.3 912
1717963016536 122413.3 913
1717963026589 122413.3 914
1717963036690 122413.2 915
1717963046796 122413.2 916
1717963056898 122413.2 917
1717963066955 122413.2 918
1717963077059 122413.2 919
1717963087152 122413.2 920
1717963097196 122413.2 921
1717963107271 122413.2 922
1717963117355 122413.2 923
1717963127451 122413.2 924
1717963137492 122413.2 925
1717963147598 122413.2 926
1717963157716 122413.2 927
1717963167776 122413.2 928
1717963177872 122413.2 929
1717963187963 122413.2 930
1717963198006 122413.2 931
1717963208048 120913.8 932
1717963218083 120913.8 933
1717963228129 120913.8 934
1717963238169 120913.8 935
1717963248204 120913.8 936
1717963258236 120913.8 937
1717963268273 120913.8 938
1717963278370 120913.8 939
1717963288469 120913.8 940
1717963298557 120913.8 941
1717963308619 120913.8 942
1717963318704 120913.8 943
1717963328796 120913.8 944
1717963338851 120913.8 945
1717963348946 120913.8 946
1717963359043 120913.8 947
1717963369152 120913.8 948
1717963379261 120913.8 949
1717963389340 120913.8 950
1717963399451 120913.8 951
1717963409513 120913.7 952
1717963419564 120913.7 953
1717963429602 120913.7 954
1717963439700 120913.7 955
1717963449797 120913.7 956
1717963459852 120913.7 957
1717963469950 120913.7 958
1717963480051 120913.7 959
1717963490155 120913.7 960
1717963500252 120913.7 961
1717963510363 120913.7 962
1717963520464 120913.7 963
1717963530559 120913.7 964
1717963540614 120913.7 965
1717963550722 120913.7 966
1717963560837 120913.7 967
1717963570893 120913.7 968
1717963580989 120913.7 969
1717963591095 120913.7 970
1717963601204 120913.7 971
1717963611266 120913.7 972
1717963621326 120913.7 973
1717963631410 120913.7 974
1717963641500 120913.7 975
1717963651581 120913.7 976
1717963661630 120913.7 977
1717963671726 120913.7 978
1717963681818 120913.7 979
1717963691860 120913.7 980
1717963701943 120913.7 981
1717963712035 120913.7 982
1717963722096 120913.7 983
1717963732135 120913.7 984
1717963742180 120913.7 985
1717963752286 120913.7 986
1717963762384 120913.7 987
1717963772428 119414.3 988
1717963782470 119414.2 989
1717963792509 119414.2 990
1717963802543 119414.2 991
1717963812581 119414.2 992
1717963822616 119414.2 993
1717963832717 119414.2 994
1717963842809 119414.2 995
1717963852891 119414.2 996
1717963862939 119414.2 997
1717963873040 119414.2 998
1717963883096 119414.2 999
1717963893189 119414.2 1000
1717963903248 119414.2 1001
1717963913296 119414.2 1002
1717963923396 119414.2 1003
1717963933516 119414.2 1004
1717963943563 119414.2 1005
1717963953649 119414.2 1006
1717963963939 119414.2 1007
1717963974026 119414.2 1008
1717963984090 119414.2 1009
1717963994138 119414.2 1010
1717964004224 119414.2 1011
1717964014263 119414.2 1012
1717964024347 119414.2 1013
1717964034449 119414.2 1014
1717964044536 119414.2 1015
1717964054584 119414.2 1016
1717964064678 119414.2 1017
1717964074782 119414.2 1018
1717964084893 119414.2 1019
1717964094992 119414.2 1020
1717964105032 119414.2 1021
1717964115137 119414.2 1022
1717964125240 119414.2 1023
1717964135282 119414.2 1024
1717964145365 119414.2 1025
1717964155453 119414.2 1026
1717964165502 119414.2 1027
1717964175588 119414.2 1028
1717964185673 119414.2 1029
1717964195712 119414.2 1030
1717964205755 119414.2 1031
1717964215832 119414.2 1032
1717964225868 119414.2 1033
1717964235967 119414.2 1034
1717964246054 119414.2 1035
1717964256101 119414.2 1036
1717964266185 119414.2 1037
1717964276277 119414.2 1038
1717964286327 119414.2 1039
1717964296366 119414.2 1040
1717964306416 119414.2 1041
1717964316830 119414.2 1042
1717964326870 117914.7 1043
1717964336905 117914.7 1044
1717964346940 117914.7 1045
1717964356984 117914.7 1046
1717964367025 117914.7 1047
1717964377059 117914.7 1048
1717964387095 117914.7 1049
1717964397141 117914.7 1050
1717964407235 117914.7 1051
1717964417334 117914.7 1052
1717964427402 117914.7 1053
1717964437502 117914.7 1054
1717964447609 117914.7 1055
1717964457674 117914.7 1056
1717964467780 117914.7 1057
1717964477886 117914.7 1058
1717964487993 117914.7 1059
1717964498046 117914.7 1060
1717964508095 117914.7 1061
1717964518199 117914.7 1062
1717964528322 117914.7 1063
1717964538373 117914.7 1064
1717964548470 117914.7 1065
1717964558581 117914.7 1066
1717964568683 117914.7 1067
1717964578742 117914.7 1068
1717964588830 117914.7 1069
1717964598927 117914.7 1070
1717964608968 117914.7 1071
1717964619091 117914.7 1072
1717964629206 117914.7 1073
1717964639315 117914.7 1074
1717964649417 117914.7 1075
1717964659475 117914.7 1076
1717964669569 117914.7 1077
1717964679679 117914.7 1078
1717964689728 117914.7 1079
1717964699814 117914.7 1080
1717964709916 117914.7 1081
1717964720003 117914.7 1082
1717964730044 117914.7 1083
1717964740145 117914.7 1084
1717964750236 117914.7 1085
1717964760281 117914.7 1086
1717964770328 117914.7 1087
1717964780442 117914.7 1088
1717964790531 117914.7 1089
1717964800571 117914.7 1090
1717964810619 117914.7 1091
1717964820684 117914.7 1092
1717964830772 117914.7 1093
1717964840856 117914.7 1094
1717964850930 117914.7 1095
1717964861043 117914.7 1096
1717964871166 117914.7 1097
