1717953840600 10.9 0
1717953850626 63.1 1
1717953860645 63.1 2
1717953870659 63.1 3
1717953880675 63.1 4
1717953890734 63.1 5
1717953900751 63.1 6
1717953910762 63.1 7
1717953920773 63.1 8
1717953930785 63.1 9
1717953940796 63.1 10
1717953950808 63.1 11
1717953960867 63.1 12
1717953970890 63.1 13
1717953980907 63.1 14
1717953990922 63.1 15
1717954000938 63.1 16
1717954010960 63.1 17
1717954020977 63.1 18
1717954030996 63.1 19
1717954041014 63.1 20
1717954051038 63.1 21
1717954061051 63.1 22
1717954071067 63.1 23
1717954081130 63.1 24
1717954091146 63.1 25
1717954101159 63.1 26
1717954111170 63.1 27
1717954121182 63.1 28
1717954131202 63.1 29
1717954141215 63.1 30
1717954151228 63.1 31
1717954161251 63.1 32
1717954171265 63.1 33
1717954181310 63.1 34
1717954191324 63.1 35
1717954201347 63.1 36
1717954211359 63.1 37
1717954221372 63.1 38
1717954231386 63.1 39
1717954241400 63.1 40
1717954251414 63.1 41
1717954261428 63.1 42
1717954271442 63.1 43
1717954281456 63.1 44
1717954291481 63.1 45
1717954301543 63.1 46
1717954311567 63.1 47
1717954321591 63.1 48
1717954331645 63.1 49
1717954341661 63.1 50
1717954351708 63.1 51
1717954361723 63.1 52
1717954371737 63.1 53
1717954381754 63.1 54
1717954392266 63.1 55
1717954402281 63.1 56
1717954412299 63.1 57
1717954422322 63.1 58
1717954432337 63.1 59
1717954442352 63.1 60
1717954452366 63.1 61
1717954462381 63.1 62
1717954472394 63.1 63
1717954482417 63.1 64
1717954492442 63.1 65
1717954502458 63.1 66
1717954512515 63.1 67
1717954522530 63.1 68
1717954532553 63.1 69
1717954542571 63.1 70
1717954552635 63.1 71
1717954562662 63.1 72
1717954572679 63.1 73
1717954582705 63.1 74
1717954592723 63.1 75
1717954602738 63.1 76
1717954612757 63.1 77
1717954622776 63.1 78
1717954632846 63.1 79
1717954642861 63.1 80
1717954652895 63.1 81
1717954662913 63.1 82
1717954672932 63.1 83
1717954682948 63.1 84
1717954692965 63.1 85
1717954702980 63.1 86
1717954712995 63.1 87
1717954723011 63.1 88
1717954733026 63.1 89
1717954743041 63.1 90
1717954753071 63.1 91
1717954763092 63.1 92
1717954773121 63.1 93
1717954783138 63.1 94
1717954793152 63.1 95
1717954803173 63.1 96
1717954813238 63.1 97
1717954823254 63.1 98
1717954833270 63.1 99
1717954843289 63.1 100
1717954853309 63.1 101
1717954863327 63.1 102
1717954873340 63.1 103
1717954883355 63.1 104
1717954893370 63.1 105
1717954903383 63.1 106
1717954913397 63.1 107
1717954923410 63.1 108
1717954933425 63.1 109
1717954943447 63.1 110
1717954953467 63.1 111
1717954963481 63.1 112
1717954973495 63.1 113
1717954983509 63.1 114
1717954993525 63.1 115
1717955003542 63.1 116
1717955013563 63.1 117
1717955023577 63.1 118
1717955033646 63.1 119
1717955043703 63.1 120
1717955053748 63.1 121
1717955063763 63.1 122
1717955073829 63.1 123
1717955083845 63.1 124
1717955093910 63.1 125
1717955103978 63.1 126
1717955114051 63.1 127
1717955124110 63.1 128
1717955134178 63.1 129
1717955144225 63.1 130
1717955154294 63.1 131
1717955164361 63.1 132
1717955174377 63.1 133
1717955184406 63.1 134
1717955194425 63.1 135
1717955204486 63.1 136
1717955214507 63.1 137
1717955224566 63.1 138
1717955234624 63.1 139
1717955244695 63.1 140
1717955254765 63.1 141
1717955264837 63.1 142
1717955274899 63.1 143
1717955284962 63.1 144
1717955294981 63.1 145
1717955305043 63.1 146
1717955315117 63.1 147
1717955325134 63.1 148
1717955335196 63.1 149
1717955345262 63.1 150
1717955355280 63.1 151
1717955365298 63.1 152
1717955375357 63.1 153
1717955385426 63.1 154
1717955395500 63.1 155
1717955405568 63.1 156
1717955415585 63.1 157
1717955425658 63.1 158
1717955435682 63.1 159
1717955445706 63.1 160
1717955455729 63.1 161
1717955465806 63.1 162
1717955475875 63.1 163
1717955485894 63.1 164
1717955495974 63.1 165
1717955506045 63.1 166
1717955516124 63.1 167
1717955526140 63.1 168
1717955536155 63.1 169
1717955546176 63.1 170
1717955556191 63.1 171
1717955566221 63.1 172
1717955576241 63.1 173
1717955586259 63.1 174
1717955596285 63.1 175
1717955606359 63.1 176
1717955616383 63.1 177
1717955626451 63.1 178
1717955636524 63.1 179
1717955646589 63.1 180
1717955656616 63.1 181
1717955666686 63.1 182
1717955676756 63.1 183
1717955686774 63.1 184
1717955696798 63.1 185
1717955706816 63.1 186
1717955716891 63.1 187
1717955726960 63.1 188
1717955737020 63.1 189
1717955747085 63.1 190
1717955757160 63.1 191
1717955767178 63.1 192
1717955777242 63.1 193
1717955787326 63.1 194
1717955797403 63.1 195
1717955807441 63.1 196
1717955817462 63.1 197
1717955827530 63.1 198
1717955837562 63.1 199
1717955847626 63.1 200
1717955857689 63.1 201
1717955867757 63.1 202
1717955877830 63.2 203
1717955887904 64.5 204
1717955897978 64.0 205
1717955907998 63.8 206
1717955918062 63.8 207
1717955928125 63.8 208
1717955938202 63.8 209
1717955948275 63.9 210
1717955958334 63.8 211
1717955968413 63.9 212
1717955978433 63.8 213
1717955988454 63.8 214
1717955998521 63.9 215
1717956008594 63.8 216
1717956018672 63.9 217
1717956028757 63.8 218
1717956038821 63.8 219
1717956048900 63.8 220
1717956058927 63.8 221
1717956068990 63.9 222
1717956079053 63.8 223
1717956089073 63.8 224
1717956099120 63.8 225
1717956109141 63.8 226
1717956119161 63.9 227
1717956129181 63.8 228
1717956139216 63.9 229
1717956149294 63.8 230
1717956159375 63.8 231
1717956169437 63.8 232
1717956179517 63.8 233
1717956189543 63.9 234
1717956199565 63.8 235
1717956209637 63.7 236
1717956219665 63.7 237
1717956229685 63.7 238
1717956239755 63.8 239
1717956249820 63.7 240
1717956259841 63.8 241
1717956269920 63.8 242
1717956279989 63.7 243
1717956290051 63.8 244
1717956300082 63.7 245
1717956310150 63.7 246
1717956320173 63.7 247
1717956330194 63.7 248
1717956340213 63.8 249
1717956350291 63.7 250
1717956360320 63.5 251
1717956370347 63.5 252
1717956380369 63.5 253
1717956390443 63.5 254
1717956400463 63.5 255
1717956410530 63.5 256
1717956420591 63.5 257
1717956430655 63.5 258
1717956440692 63.5 259
1717956450780 63.5 260
1717956460857 63.5 261
1717956470934 63.5 262
1717956480986 63.5 263
1717956491007 63.5 264
1717956501080 63.5 265
1717956511106 63.5 266
1717956521138 63.5 267
1717956531207 63.5 268
1717956541279 63.5 269
1717956551320 63.5 270
1717956561406 63.5 271
1717956571485 63.5 272
1717956581575 63.5 273
1717956591606 63.5 274
1717956601683 63.5 275
1717956611754 63.5 276
1717956621785 63.5 277
1717956631830 63.5 278
1717956641897 63.5 279
1717956651923 63.5 280
1717956661949 63.5 281
1717956671998 63.5 282
1717956682017 63.5 283
1717956692037 63.5 284
1717956702059 63.5 285
1717956712139 63.5 286
1717956722181 63.5 287
1717956732254 63.5 288
1717956742331 63.5 289
1717956752398 63.5 290
1717956762483 63.5 291
1717956772549 63.5 292
1717956782573 63.5 293
1717956792619 63.5 294
1717956802692 63.5 295
1717956812782 63.5 296
1717956822804 63.5 297
1717956832885 63.5 298
1717956842958 63.5 299
1717956853035 63.5 300
1717956863059 63.5 301
1717956873130 63.5 302
1717956883196 63.5 303
1717956893218 63.5 304
1717956903238 63.5 305
1717956913306 63.5 306
1717956923374 63.5 307
1717956933398 63.5 308
1717956943463 63.5 309
1717956953532 63.5 310
1717956963570 63.5 311
1717956973640 63.5 312
1717956983715 63.5 313
1717956993789 63.5 314
1717957003810 63.5 315
1717957013888 63.5 316
1717957023963 63.5 317
1717957034048 63.5 318
1717957044079 63.5 319
1717957054160 63.5 320
1717957064246 63.5 321
1717957074322 63.5 322
1717957084385 63.5 323
1717957094405 63.5 324
1717957104481 63.5 325
1717957114522 63.5 326
1717957124600 63.5 327
1717957134684 63.5 328
1717957144759 63.5 329
1717957154789 63.5 330
1717957164863 63.5 331
1717957174944 63.5 332
1717957184981 63.5 333
1717957195062 63.5 334
1717957205084 63.5 335
1717957215102 63.5 336
1717957225122 63.5 337
1717957235140 63.5 338
1717957245159 63.5 339
1717957255179 63.5 340
1717957265205 63.5 341
1717957275288 63.5 342
1717957285353 63.5 343
1717957295434 63.5 344
1717957305519 63.5 345
1717957315554 63.5 346
1717957325584 63.5 347
1717957335603 64.4 348
1717957345628 65.7 349
1717957355659 65.5 350
1717957365690 65.7 351
1717957375721 67.7 352
1717957385747 67.8 353
1717957395782 68.1 354
1717957405812 68.0 355
1717957415846 67.8 356
1717957425875 67.5 357
1717957435961 68.8 358
1717957445991 68.6 359
1717957456036 68.9 360
1717957466069 68.7 361
1717957476099 68.7 362
1717957486132 68.8 363
1717957496162 69.1 364
1717957506198 68.8 365
1717957516221 68.9 366
1717957526246 68.7 367
1717957536325 68.9 368
1717957546360 68.5 369
1717957556437 68.6 370
1717957566521 68.5 371
1717957576561 68.9 372
1717957586594 68.6 373
1717957596623 68.4 374
1717957606654 69.2 375
1717957616685 68.9 376
1717957626716 69.1 377
1717957636748 68.9 378
1717957646771 70.0 379
1717957656802 69.0 380
1717957666875 69.0 381
1717957676964 68.7 382
1717957686992 68.6 383
1717957697029 68.7 384
1717957707068 68.3 385
1717957717094 68.6 386
1717957727144 68.1 387
1717957737187 68.7 388
1717957747216 69.0 389
1717957757245 68.6 390
1717957767268 68.7 391
1717957777305 68.7 392
1717957787329 68.6 393
1717957797355 69.0 394
1717957807384 70.2 395
1717957817409 69.5 396
1717957827443 70.1 397
1717957837477 69.6 398
1717957847511 69.3 399
1717957857548 69.6 400
1717957867575 68.5 401
1717957877615 68.6 402
1717957887650 68.4 403
1717957897677 70.3 404
1717957907707 68.6 405
1717957917750 68.8 406
1717957927784 68.4 407
1717957937811 68.6 408
1717957947840 67.8 409
1717957957922 67.7 410
1717957968004 67.5 411
1717957978032 67.9 412
1717957988116 72.2 413
1717957998142 73.7 414
1717958008181 74.0 415
1717958018222 73.4 416
1717958028253 73.5 417
1717958038282 70.7 418
1717958048313 70.4 419
1717958058361 70.4 420
1717958068420 70.4 421
1717958078456 70.2 422
1717958088486 70.4 423
1717958098524 70.2 424
1717958108595 70.3 425
1717958118626 70.0 426
1717958128696 70.0 427
1717958138773 70.0 428
1717958148802 70.6 429
1717958158882 70.9 430
1717958168976 70.8 431
1717958179017 70.4 432
1717958189066 70.0 433
1717958199157 70.1 434
1717958209197 70.0 435
1717958219229 70.0 436
1717958229264 70.0 437
1717958239293 69.9 438
1717958249372 69.9 439
1717958259417 69.9 440
1717958269466 69.9 441
1717958279501 69.9 442
1717958289578 70.0 443
1717958299607 69.9 444
1717958309643 70.4 445
1717958319723 70.8 446
1717958329753 70.8 447
1717958339788 70.5 448
1717958349872 70.6 449
1717958359904 70.5 450
1717958369989 70.5 451
1717958380029 70.5 452
1717958390113 71.0 453
1717958400148 70.6 454
1717958410174 70.8 455
1717958420196 71.3 456
1717958430225 70.7 457
1717958440246 69.1 458
1717958450277 69.0 459
1717958460300 69.1 460
1717958470328 68.8 461
1717958480360 68.9 462
1717958490390 68.8 463
1717958500422 68.9 464
1717958510524 68.9 465
1717958520557 68.8 466
1717958530598 69.7 467
1717958540683 67.8 468
1717958550765 68.0 469
1717958560800 67.8 470
1717958570841 68.0 471
1717958580884 67.9 472
1717958590914 68.2 473
1717958600962 68.0 474
1717958610999 68.0 475
1717958621037 67.6 476
1717958631130 67.5 477
1717958641160 67.3 478
1717958651200 67.9 479
1717958661293 67.3 480
1717958671319 67.5 481
1717958681354 67.6 482
1717958691439 67.3 483
1717958701464 67.3 484
1717958711551 67.3 485
1717958721580 68.9 486
1717958731665 68.1 487
1717958741712 68.5 488
1717958751751 68.3 489
1717958761790 68.2 490
1717958771873 68.3 491
1717958781908 68.2 492
1717958791999 68.2 493
1717958802034 68.3 494
1717958812062 68.2 495
1717958822097 68.3 496
1717958832129 68.2 497
1717958842158 68.0 498
1717958852192 68.0 499
1717958862219 68.0 500
1717958872251 68.0 501
1717958882323 68.0 502
1717958892395 68.0 503
1717958902438 68.0 504
1717958912466 67.8 505
1717958922509 67.8 506
1717958932572 67.9 507
1717958942659 67.9 508
1717958952690 67.5 509
1717958962788 67.8 510
1717958972869 67.7 511
1717958982949 67.6 512
1717958992990 67.6 513
1717959003017 67.5 514
1717959013053 67.6 515
1717959023140 67.7 516
1717959033182 67.7 517
1717959043219 67.6 518
1717959053244 68.0 519
1717959063268 67.3 520
1717959073309 67.3 521
1717959083339 67.3 522
1717959093363 67.3 523
1717959103398 67.6 524
1717959113437 67.3 525
1717959123484 66.9 526
1717959133517 66.9 527
1717959143565 66.6 528
1717959153606 66.6 529
1717959163641 66.9 530
1717959173728 66.7 531
1717959183756 66.7 532
1717959193796 66.6 533
1717959203897 66.7 534
1717959213949 66.7 535
1717959223987 66.7 536
1717959234078 66.7 537
1717959244120 66.7 538
1717959254165 66.7 539
1717959264211 66.6 540
1717959274252 66.7 541
1717959284295 66.6 542
1717959294335 66.7 543
1717959304364 67.0 544
1717959314405 66.8 545
1717959324492 66.9 546
1717959334541 66.8 547
1717959344575 66.8 548
1717959354625 66.8 549
1717959364673 66.7 550
1717959374707 66.7 551
1717959384745 67.1 552
1717959394779 67.0 553
1717959404807 67.3 554
1717959414850 67.1 555
1717959424895 68.5 556
1717959434934 68.4 557
1717959445021 68.0 558
1717959455073 67.8 559
1717959465149 67.9 560
1717959475190 68.4 561
1717959485219 67.7 562
1717959495265 68.6 563
1717959505319 68.9 564
1717959515412 68.8 565
1717959525461 68.2 566
1717959535501 68.9 567
1717959545531 68.8 568
1717959555612 68.8 569
1717959565701 68.1 570
1717959575750 68.1 571
1717959585784 68.0 572
1717959595824 68.1 573
1717959605869 68.0 574
1717959615918 68.0 575
1717959625965 68.0 576
1717959635998 68.0 577
1717959646307 68.0 578
1717959656561 68.0 579
1717959666593 68.0 580
1717959676624 67.9 581
1717959686656 68.0 582
1717959696700 67.9 583
1717959706731 68.0 584
1717959716767 67.9 585
1717959726854 67.9 586
1717959736891 67.9 587
1717959746930 67.2 588
1717959756976 67.7 589
1717959767007 67.4 590
1717959777045 67.2 591
1717959787128 67.2 592
1717959797215 67.5 593
1717959807246 67.3 594
1717959817300 67.2 595
1717959827329 67.2 596
1717959837378 67.4 597
1717959847418 67.9 598
1717959857460 68.1 599
1717959867494 68.4 600
1717959877529 68.3 601
1717959887565 68.0 602
1717959897645 68.3 603
1717959907678 68.8 604
1717959917713 68.3 605
1717959927761 68.1 606
1717959937807 68.1 607
1717959947849 68.1 608
1717959957943 67.8 609
1717959968018 67.4 610
1717959978061 67.3 611
1717959988149 67.7 612
1717959998243 67.8 613
1717960008293 68.2 614
1717960018337 68.2 615
1717960028375 68.1 616
1717960038406 67.9 617
1717960048453 67.8 618
1717960058496 68.1 619
1717960068532 67.2 620
1717960078574 67.4 621
1717960088620 67.5 622
1717960098656 67.5 623
1717960108705 67.4 624
1717960118746 67.4 625
1717960128797 67.1 626
1717960138842 67.1 627
1717960148877 67.1 628
1717960158929 67.2 629
1717960168983 67.4 630
1717960179068 67.0 631
1717960189110 67.1 632
1717960199159 67.3 633
1717960209197 67.3 634
1717960219243 67.9 635
1717960229337 68.0 636
1717960239422 67.8 637
1717960249459 67.8 638
1717960259497 67.5 639
1717960269537 67.1 640
1717960279565 67.4 641
1717960289603 67.5 642
1717960299638 67.4 643
1717960309676 67.4 644
1717960319703 67.0 645
1717960329740 67.0 646
1717960339779 66.8 647
1717960349827 66.9 648
1717960359914 67.1 649
1717960369959 66.8 650
1717960379995 66.8 651
1717960390032 66.7 652
1717960400088 67.2 653
1717960410127 66.7 654
1717960420175 67.0 655
1717960430219 66.9 656
1717960440265 67.3 657
1717960450305 67.2 658
1717960460353 67.6 659
1717960470442 67.8 660
1717960480504 67.8 661
1717960490542 68.1 662
1717960500585 68.0 663
1717960510673 67.9 664
1717960520710 67.8 665
1717960530830 67.7 666
1717960540864 68.6 667
1717960550954 68.2 668
1717960561043 68.4 669
1717960571086 68.4 670
1717960581123 68.5 671
1717960591154 68.6 672
1717960601255 67.6 673
1717960611333 67.6 674
1717960621367 67.5 675
1717960631399 67.8 676
1717960641435 67.4 677
1717960651489 67.9 678
1717960661526 67.5 679
1717960671605 67.4 680
1717960681648 67.6 681
1717960691684 68.1 682
1717960701769 67.7 683
1717960711870 68.5 684
1717960721911 67.9 685
1717960731953 69.2 686
1717960742047 68.1 687
1717960752082 68.2 688
1717960762116 67.9 689
1717960772161 67.9 690
1717960782216 68.0 691
1717960792253 68.2 692
1717960802286 68.2 693
1717960812320 68.5 694
1717960822353 68.1 695
1717960832390 68.1 696
1717960842433 68.1 697
1717960852472 68.0 698
1717960862524 68.2 699
1717960872577 68.1 700
1717960882614 68.1 701
1717960892653 68.3 702
1717960902681 68.6 703
1717960912718 68.2 704
1717960922752 68.2 705
1717960932780 68.1 706
1717960942815 68.2 707
1717960952848 68.2 708
1717960962933 67.9 709
1717960973024 67.8 710
1717960983062 69.0 711
1717960993135 69.5 712
1717961003172 69.4 713
1717961013206 69.4 714
1717961023241 69.5 715
1717961033339 69.5 716
1717961043373 68.9 717
1717961053447 69.0 718
1717961063552 68.7 719
1717961073590 68.9 720
1717961083626 70.0 721
1717961093661 69.4 722
1717961103694 69.2 723
1717961113774 68.4 724
1717961123812 68.4 725
1717961133850 69.0 726
1717961143888 68.5 727
1717961153929 68.3 728
1717961163980 67.7 729
1717961174013 67.7 730
1717961184110 67.7 731
1717961194149 68.0 732
1717961204195 67.8 733
1717961214307 67.7 734
1717961224366 67.9 735
1717961234409 67.6 736
1717961244446 66.8 737
1717961254495 67.0 738
1717961264565 66.8 739
1717961274597 66.8 740
1717961284635 66.7 741
1717961294682 66.7 742
1717961304774 66.7 743
1717961314834 66.5 744
1717961324882 66.5 745
1717961334922 66.5 746
1717961344972 66.9 747
1717961355027 66.7 748
1717961365074 66.7 749
1717961375128 66.8 750
1717961385169 66.7 751
1717961395203 66.7 752
1717961405257 66.7 753
1717961415296 66.7 754
1717961425340 66.7 755
1717961435442 67.1 756
1717961445489 66.7 757
1717961455537 66.8 758
1717961465585 66.7 759
1717961475696 66.6 760
1717961485727 66.9 761
1717961495756 67.1 762
1717961505786 67.4 763
1717961515822 66.9 764
1717961525861 67.1 765
1717961535891 66.9 766
1717961545923 66.5 767
1717961555958 66.5 768
1717961565991 66.5 769
1717961576039 66.5 770
1717961586140 66.8 771
1717961596188 66.9 772
1717961606240 66.5 773
1717961616280 67.1 774
1717961626360 67.7 775
1717961636440 67.4 776
1717961646489 67.7 777
1717961656556 67.6 778
1717961666605 68.0 779
1717961676665 67.8 780
1717961686707 67.8 781
1717961696806 68.3 782
1717961706855 68.0 783
1717961716915 68.3 784
1717961726953 67.9 785
1717961737041 67.6 786
1717961747125 68.6 787
1717961757231 67.4 788
1717961767281 67.4 789
1717961777324 68.1 790
1717961787357 68.6 791
1717961797634 68.6 792
1717961807673 67.5 793
1717961817710 65.4 794
1717961827744 65.0 795
1717961837794 64.6 796
1717961847829 64.8 797
1717961857862 65.5 798
1717961867909 66.4 799
1717961877968 65.8 800
1717961888025 67.3 801
1717961898079 66.1 802
1717961908118 64.8 803
1717961918156 64.6 804
1717961928195 64.6 805
1717961938281 64.9 806
1717961948331 64.8 807
1717961958367 64.8 808
1717961968455 64.7 809
1717961978552 64.2 810
1717961988608 63.4 811
1717961998647 63.4 812
1717962008732 63.4 813
1717962018822 63.4 814
1717962028861 63.4 815
1717962038949 63.4 816
1717962049027 63.4 817
1717962059125 63.4 818
1717962069181 63.3 819
1717962079215 63.3 820
1717962089262 63.3 821
1717962099299 63.3 822
1717962109329 63.3 823
1717962119375 63.3 824
1717962129410 63.3 825
1717962139441 63.3 826
1717962149476 63.3 827
1717962159573 63.3 828
1717962169624 63.3 829
1717962179709 63.3 830
1717962189811 63.3 831
1717962199856 63.3 832
1717962209956 63.3 833
1717962220061 63.3 834
1717962230164 63.3 835
1717962240207 63.3 836
1717962250295 63.3 837
1717962260394 63.3 838
1717962270478 63.3 839
1717962280520 63.3 840
1717962290610 63.3 841
1717962300713 63.3 842
1717962310809 63.3 843
1717962320856 63.3 844
1717962330953 63.3 845
1717962341052 63.3 846
1717962351103 63.3 847
1717962361187 63.3 848
1717962371271 63.2 849
1717962381343 63.2 850
1717962391395 63.2 851
1717962401484 63.2 852
1717962411583 63.2 853
1717962421691 63.2 854
1717962431741 63.2 855
1717962441837 63.2 856
1717962451927 63.2 857
1717962462016 63.2 858
1717962472099 63.2 859
1717962482188 63.2 860
1717962492292 63.2 861
1717962502354 63.2 862
1717962512408 63.1 863
1717962522511 63.1 864
1717962532607 63.1 865
1717962542658 63.1 866
1717962552736 63.1 867
1717962562846 63.1 868
1717962572898 63.1 869
1717962582981 63.1 870
1717962593082 63.1 871
1717962603183 63.1 872
1717962613278 63.1 873
1717962623329 63.1 874
1717962633434 63.1 875
1717962643554 63.1 876
1717962653594 63.1 877
1717962663634 63.1 878
1717962673667 63.1 879
1717962683704 63.1 880
1717962693735 63.1 881
1717962703767 63.1 882
1717962713861 63.1 883
1717962723914 63.1 884
1717962733952 63.1 885
1717962744048 63.1 886
1717962754133 63.1 887
1717962764187 63.1 888
1717962774281 63.1 889
1717962784368 63.1 890
1717962794420 63.1 891
1717962804484 63.1 892
1717962814590 63.1 893
1717962824696 63.1 894
1717962834939 63.1 895
1717962845025 63.1 896
1717962855117 63.1 897
1717962865213 63.1 898
1717962875269 63.1 899
1717962885369 63.1 900
1717962895463 63.1 901
1717962905547 63.1 902
1717962915649 63.1 903
1717962925749 63.1 904
1717962935845 63.1 905
1717962945906 63.1 906
1717962956006 63.1 907
1717962966114 63.1 908
1717962976209 63.1 909
1717962986265 63.1 910
1717962996363 63.1 911
1717963006449 63.1 912
1717963016536 63.1 913
1717963026589 63.1 914
1717963036690 63.1 915
1717963046796 63.1 916
1717963056898 63.1 917
1717963066955 63.1 918
1717963077059 63.1 919
1717963087152 63.1 920
1717963097196 63.1 921
1717963107271 63.1 922
1717963117355 63.1 923
1717963127451 63.1 924
1717963137492 63.1 925
1717963147598 63.1 926
1717963157716 63.1 927
1717963167776 63.1 928
1717963177872 63.1 929
1717963187963 63.1 930
1717963198006 63.1 931
1717963208048 63.1 932
1717963218083 63.1 933
1717963228129 63.1 934
1717963238169 63.1 935
1717963248204 63.1 936
1717963258236 63.1 937
1717963268273 63.1 938
1717963278370 63.1 939
1717963288469 63.1 940
1717963298557 63.1 941
1717963308619 63.1 942
1717963318704 63.1 943
1717963328796 63.1 944
1717963338851 63.1 945
1717963348946 63.1 946
1717963359043 63.1 947
1717963369152 63.1 948
1717963379261 63.1 949
1717963389340 63.1 950
1717963399451 63.1 951
1717963409513 63.1 952
1717963419564 63.1 953
1717963429602 63.1 954
1717963439700 63.1 955
1717963449797 63.1 956
1717963459852 63.1 957
1717963469950 63.1 958
1717963480051 63.1 959
1717963490155 63.1 960
1717963500252 63.1 961
1717963510363 63.1 962
1717963520464 63.1 963
1717963530559 63.1 964
1717963540614 63.1 965
1717963550722 63.1 966
1717963560837 63.1 967
1717963570893 63.1 968
1717963580989 63.1 969
1717963591095 63.1 970
1717963601204 63.1 971
1717963611266 63.1 972
1717963621326 63.1 973
1717963631410 63.1 974
1717963641500 63.1 975
1717963651581 63.1 976
1717963661630 63.1 977
1717963671726 63.1 978
1717963681818 63.1 979
1717963691860 63.1 980
1717963701943 63.1 981
1717963712035 63.1 982
1717963722096 63.1 983
1717963732135 63.1 984
1717963742180 63.1 985
1717963752286 63.1 986
1717963762384 63.1 987
1717963772428 63.1 988
1717963782470 63.1 989
1717963792509 63.1 990
1717963802543 63.1 991
1717963812581 63.1 992
1717963822616 63.1 993
1717963832717 63.1 994
1717963842809 63.1 995
1717963852891 63.1 996
1717963862939 63.1 997
1717963873040 63.1 998
1717963883096 63.1 999
1717963893189 63.1 1000
1717963903248 63.1 1001
1717963913296 63.1 1002
1717963923396 63.1 1003
1717963933516 63.1 1004
1717963943563 63.1 1005
1717963953649 63.1 1006
1717963963939 63.1 1007
1717963974026 63.1 1008
1717963984090 63.1 1009
1717963994138 63.1 1010
1717964004224 63.1 1011
1717964014263 63.1 1012
1717964024347 63.1 1013
1717964034449 63.1 1014
1717964044536 63.1 1015
1717964054584 63.1 1016
1717964064678 63.1 1017
1717964074782 63.1 1018
1717964084893 63.1 1019
1717964094992 63.1 1020
1717964105032 63.1 1021
1717964115137 63.1 1022
1717964125240 63.1 1023
1717964135282 63.1 1024
1717964145365 63.1 1025
1717964155453 63.1 1026
1717964165502 63.1 1027
1717964175588 63.1 1028
1717964185673 63.1 1029
1717964195712 63.1 1030
1717964205755 63.1 1031
1717964215832 63.1 1032
1717964225868 63.1 1033
1717964235967 63.1 1034
1717964246054 63.1 1035
1717964256101 63.1 1036
1717964266185 63.1 1037
1717964276277 63.1 1038
1717964286327 63.1 1039
1717964296366 63.1 1040
1717964306416 63.1 1041
1717964316830 63.1 1042
1717964326870 63.1 1043
1717964336905 63.1 1044
1717964346940 63.1 1045
1717964356984 63.1 1046
1717964367025 63.1 1047
1717964377059 63.1 1048
1717964387095 63.1 1049
1717964397141 63.1 1050
1717964407235 63.1 1051
1717964417334 63.1 1052
1717964427402 63.1 1053
1717964437502 63.1 1054
1717964447609 63.1 1055
1717964457674 63.1 1056
1717964467780 63.1 1057
1717964477886 63.1 1058
1717964487993 63.1 1059
1717964498046 63.1 1060
1717964508095 63.1 1061
1717964518199 63.1 1062
1717964528322 63.1 1063
1717964538373 63.1 1064
1717964548470 63.1 1065
1717964558581 63.1 1066
1717964568683 63.1 1067
1717964578742 63.1 1068
1717964588830 63.1 1069
1717964598927 63.1 1070
1717964608968 63.1 1071
1717964619091 63.1 1072
1717964629206 63.1 1073
1717964639315 63.1 1074
1717964649417 63.1 1075
1717964659475 63.1 1076
1717964669569 63.1 1077
1717964679679 63.1 1078
1717964689728 63.1 1079
1717964699814 63.1 1080
1717964709916 63.1 1081
1717964720003 63.1 1082
1717964730044 63.1 1083
1717964740145 63.1 1084
1717964750236 63.1 1085
1717964760281 63.1 1086
1717964770328 63.1 1087
1717964780442 63.1 1088
1717964790531 63.1 1089
1717964800571 63.1 1090
1717964810619 63.1 1091
1717964820684 63.1 1092
1717964830772 63.1 1093
1717964840856 63.1 1094
1717964850930 63.1 1095
1717964861043 63.1 1096
1717964871166 63.1 1097
