1717953840600 1407.3 0
1717953850626 8130.7 1
1717953860645 8130.7 2
1717953870659 8130.7 3
1717953880675 8130.7 4
1717953890734 8130.7 5
1717953900751 8130.7 6
1717953910762 8130.7 7
1717953920773 8130.7 8
1717953930785 8130.7 9
1717953940796 8130.7 10
1717953950808 8130.7 11
1717953960867 8128.6 12
1717953970890 8128.6 13
1717953980907 8128.6 14
1717953990922 8128.6 15
1717954000938 8128.6 16
1717954010960 8128.6 17
1717954020977 8128.6 18
1717954030996 8128.6 19
1717954041014 8128.6 20
1717954051038 8128.6 21
1717954061051 8128.6 22
1717954071067 8128.6 23
1717954081130 8128.6 24
1717954091146 8128.6 25
1717954101159 8128.6 26
1717954111170 8128.6 27
1717954121182 8128.6 28
1717954131202 8128.6 29
1717954141215 8128.6 30
1717954151228 8128.6 31
1717954161251 8128.6 32
1717954171265 8128.6 33
1717954181310 8128.6 34
1717954191324 8128.6 35
1717954201347 8128.6 36
1717954211359 8128.6 37
1717954221372 8128.6 38
1717954231386 8128.6 39
1717954241400 8128.6 40
1717954251414 8128.6 41
1717954261428 8128.6 42
1717954271442 8128.6 43
1717954281456 8128.6 44
1717954291481 8128.6 45
1717954301543 8128.6 46
1717954311567 8128.6 47
1717954321591 8128.6 48
1717954331645 8128.6 49
1717954341661 8128.6 50
1717954351708 8128.6 51
1717954361723 8128.6 52
1717954371737 8128.6 53
1717954381754 8128.6 54
1717954392266 8128.6 55
1717954402281 8130.7 56
1717954412299 8130.7 57
1717954422322 8130.7 58
1717954432337 8130.7 59
1717954442352 8130.7 60
1717954452366 8130.7 61
1717954462381 8130.7 62
1717954472394 8130.7 63
1717954482417 8130.7 64
1717954492442 8130.7 65
1717954502458 8130.7 66
1717954512515 8130.7 67
1717954522530 8130.7 68
1717954532553 8130.7 69
1717954542571 8130.7 70
1717954552635 8130.7 71
1717954562662 8130.7 72
1717954572679 8130.7 73
1717954582705 8130.7 74
1717954592723 8130.7 75
1717954602738 8130.7 76
1717954612757 8130.7 77
1717954622776 8130.7 78
1717954632846 8130.7 79
1717954642861 8130.7 80
1717954652895 8130.7 81
1717954662913 8130.7 82
1717954672932 8130.7 83
1717954682948 8130.7 84
1717954692965 8130.7 85
1717954702980 8130.7 86
1717954712995 8130.7 87
1717954723011 8130.7 88
1717954733026 8130.7 89
1717954743041 8130.7 90
1717954753071 8130.7 91
1717954763092 8130.7 92
1717954773121 8130.7 93
1717954783138 8130.7 94
1717954793152 8130.7 95
1717954803173 8130.7 96
1717954813238 8130.7 97
1717954823254 8130.7 98
1717954833270 8130.7 99
1717954843289 8130.7 100
1717954853309 8130.7 101
1717954863327 8128.6 102
1717954873340 8128.6 103
1717954883355 8128.6 104
1717954893370 8128.6 105
1717954903383 8130.7 106
1717954913397 8130.7 107
1717954923410 8130.7 108
1717954933425 8130.7 109
1717954943447 8130.7 110
1717954953467 8130.7 111
1717954963481 8130.7 112
1717954973495 8130.7 113
1717954983509 8130.7 114
1717954993525 8130.7 115
1717955003542 8130.7 116
1717955013563 8130.7 117
1717955023577 8130.7 118
1717955033646 8130.7 119
1717955043703 8130.7 120
1717955053748 8130.7 121
1717955063763 8130.7 122
1717955073829 8130.7 123
1717955083845 8130.7 124
1717955093910 8130.7 125
1717955103978 8130.7 126
1717955114051 8130.7 127
1717955124110 8130.7 128
1717955134178 8130.7 129
1717955144225 8130.7 130
1717955154294 8130.7 131
1717955164361 8130.7 132
1717955174377 8130.7 133
1717955184406 8130.7 134
1717955194425 8130.7 135
1717955204486 8130.7 136
1717955214507 8130.7 137
1717955224566 8130.7 138
1717955234624 8130.7 139
1717955244695 8130.7 140
1717955254765 8130.7 141
1717955264837 8130.7 142
1717955274899 8130.7 143
1717955284962 8130.7 144
1717955294981 8130.7 145
1717955305043 8130.7 146
1717955315117 8130.7 147
1717955325134 8130.7 148
1717955335196 8130.7 149
1717955345262 8130.7 150
1717955355280 8130.7 151
1717955365298 8130.7 152
1717955375357 8130.7 153
1717955385426 8130.7 154
1717955395500 8130.7 155
1717955405568 8130.7 156
1717955415585 8130.7 157
1717955425658 8130.7 158
1717955435682 8130.7 159
1717955445706 8130.7 160
1717955455729 8130.7 161
1717955465806 8128.6 162
1717955475875 8128.6 163
1717955485894 8128.6 164
1717955495974 8128.6 165
1717955506045 8128.6 166
1717955516124 8128.6 167
1717955526140 8130.7 168
1717955536155 8130.7 169
1717955546176 8130.7 170
1717955556191 8130.7 171
1717955566221 8130.7 172
1717955576241 8130.7 173
1717955586259 8130.7 174
1717955596285 8130.7 175
1717955606359 8130.7 176
1717955616383 8130.7 177
1717955626451 8130.7 178
1717955636524 8130.7 179
1717955646589 8130.7 180
1717955656616 8130.7 181
1717955666686 8130.7 182
1717955676756 8130.7 183
1717955686774 8130.7 184
1717955696798 8130.7 185
1717955706816 8130.7 186
1717955716891 8130.7 187
1717955726960 8130.7 188
1717955737020 8130.7 189
1717955747085 8130.7 190
1717955757160 8130.7 191
1717955767178 8130.7 192
1717955777242 8130.7 193
1717955787326 8130.7 194
1717955797403 8130.7 195
1717955807441 8130.7 196
1717955817462 8130.7 197
1717955827530 8130.7 198
1717955837562 8130.7 199
1717955847626 8130.7 200
1717955857689 8130.7 201
1717955867757 8130.7 202
1717955877830 8141.1 203
1717955887904 8307.0 204
1717955897978 8240.0 205
1717955907998 8223.9 206
1717955918062 8222.0 207
1717955928125 8222.0 208
1717955938202 8222.0 209
1717955948275 8227.8 210
1717955958334 8222.0 211
1717955968413 8227.8 212
1717955978433 8222.0 213
1717955988454 8222.0 214
1717955998521 8228.6 215
1717956008594 8222.0 216
1717956018672 8227.8 217
1717956028757 8222.0 218
1717956038821 8222.0 219
1717956048900 8222.0 220
1717956058927 8222.0 221
1717956068990 8227.8 222
1717956079053 8222.0 223
1717956089073 8222.0 224
1717956099120 8222.0 225
1717956109141 8222.0 226
1717956119161 8227.8 227
1717956129181 8222.0 228
1717956139216 8227.8 229
1717956149294 8222.0 230
1717956159375 8222.0 231
1717956169437 8222.0 232
1717956179517 8222.0 233
1717956189543 8227.8 234
1717956199565 8222.0 235
1717956209637 8212.6 236
1717956219665 8209.5 237
1717956229685 8211.6 238
1717956239755 8217.4 239
1717956249820 8211.6 240
1717956259841 8217.4 241
1717956269920 8217.4 242
1717956279989 8211.6 243
1717956290051 8217.4 244
1717956300082 8211.6 245
1717956310150 8211.6 246
1717956320173 8211.6 247
1717956330194 8211.6 248
1717956340213 8217.4 249
1717956350291 8211.6 250
1717956360320 8185.8 251
1717956370347 8180.0 252
1717956380369 8180.0 253
1717956390443 8180.0 254
1717956400463 8180.0 255
1717956410530 8185.8 256
1717956420591 8180.0 257
1717956430655 8185.8 258
1717956440692 8180.0 259
1717956450780 8180.0 260
1717956460857 8180.0 261
1717956470934 8180.0 262
1717956480986 8180.0 263
1717956491007 8185.8 264
1717956501080 8180.0 265
1717956511106 8183.7 266
1717956521138 8177.9 267
1717956531207 8180.0 268
1717956541279 8180.0 269
1717956551320 8180.0 270
1717956561406 8185.8 271
1717956571485 8180.0 272
1717956581575 8185.8 273
1717956591606 8180.0 274
1717956601683 8180.0 275
1717956611754 8180.0 276
1717956621785 8180.0 277
1717956631830 8185.8 278
1717956641897 8180.0 279
1717956651923 8180.0 280
1717956661949 8186.6 281
1717956671998 8180.0 282
1717956682017 8185.8 283
1717956692037 8180.0 284
1717956702059 8183.2 285
1717956712139 8180.0 286
1717956722181 8180.0 287
1717956732254 8185.8 288
1717956742331 8180.0 289
1717956752398 8185.8 290
1717956762483 8180.0 291
1717956772549 8180.0 292
1717956782573 8180.0 293
1717956792619 8180.0 294
1717956802692 8185.8 295
1717956812782 8177.9 296
1717956822804 8185.8 297
1717956832885 8185.8 298
1717956842958 8180.0 299
1717956853035 8185.8 300
1717956863059 8180.0 301
1717956873130 8180.0 302
1717956883196 8180.0 303
1717956893218 8180.0 304
1717956903238 8185.8 305
1717956913306 8180.0 306
1717956923374 8185.8 307
1717956933398 8180.0 308
1717956943463 8180.0 309
1717956953532 8180.0 310
1717956963570 8180.0 311
1717956973640 8185.8 312
1717956983715 8180.0 313
1717956993789 8185.8 314
1717957003810 8180.0 315
1717957013888 8180.0 316
1717957023963 8180.0 317
1717957034048 8180.0 318
1717957044079 8180.0 319
1717957054160 8185.8 320
1717957064246 8180.0 321
1717957074322 8185.8 322
1717957084385 8180.0 323
1717957094405 8183.2 324
1717957104481 8180.0 325
1717957114522 8177.9 326
1717957124600 8185.8 327
1717957134684 8180.0 328
1717957144759 8185.8 329
1717957154789 8180.0 330
1717957164863 8180.0 331
1717957174944 8180.0 332
1717957184981 8180.0 333
1717957195062 8185.8 334
1717957205084 8180.0 335
1717957215102 8180.0 336
1717957225122 8180.0 337
1717957235140 8180.0 338
1717957245159 8185.8 339
1717957255179 8180.0 340
1717957265205 8185.8 341
1717957275288 8180.0 342
1717957285353 8180.0 343
1717957295434 8180.0 344
1717957305519 8180.0 345
1717957315554 8185.8 346
1717957325584 8176.5 347
1717957335603 8300.3 348
1717957345628 8465.2 349
1717957355659 8444.6 350
1717957365690 8464.7 351
1717957375721 8719.6 352
1717957385747 8736.5 353
1717957395782 8775.5 354
1717957405812 8767.7 355
1717957415846 8740.9 356
1717957425875 8693.7 357
1717957435961 8863.6 358
1717957445991 8832.8 359
1717957456036 8882.2 360
1717957466069 8851.9 361
1717957476099 8856.1 362
1717957486132 8862.7 363
1717957496162 8897.1 364
1717957506198 8868.2 365
1717957516221 8873.2 366
1717957526246 8847.9 367
1717957536325 8877.2 368
1717957546360 8822.6 369
1717957556437 8837.3 370
1717957566521 8826.2 371
1717957576561 8877.1 372
1717957586594 8834.3 373
1717957596623 8811.8 374
1717957606654 8917.9 375
1717957616685 8879.0 376
1717957626716 8903.2 377
1717957636748 8874.4 378
1717957646771 9017.5 379
1717957656802 8890.2 380
1717957666875 8893.6 381
1717957676964 8847.8 382
1717957686992 8833.1 383
1717957697029 8857.7 384
1717957707068 8799.4 385
1717957717094 8845.3 386
1717957727144 8776.1 387
1717957737187 8851.4 388
1717957747216 8886.0 389
1717957757245 8841.4 390
1717957767268 8847.6 391
1717957777305 8853.6 392
1717957787329 8840.2 393
1717957797355 8890.0 394
1717957807384 9046.0 395
1717957817409 8956.9 396
1717957827443 9037.0 397
1717957837477 8964.3 398
1717957847511 8933.3 399
1717957857548 8969.3 400
1717957867575 8832.4 401
1717957877615 8842.9 402
1717957887650 8817.2 403
1717957897677 9052.1 404
1717957907707 8834.5 405
1717957917750 8863.0 406
1717957927784 8809.6 407
1717957937811 8837.3 408
1717957947840 8739.4 409
1717957957922 8717.1 410
1717957968004 8697.2 411
1717957978032 8745.6 412
1717957988116 9307.7 413
1717957998142 9493.5 414
1717958008181 9540.3 415
1717958018222 9457.0 416
1717958028253 9465.4 417
1717958038282 9112.8 418
1717958048313 9073.7 419
1717958058361 9075.9 420
1717958068420 9068.5 421
1717958078456 9047.6 422
1717958088486 9067.5 423
1717958098524 9047.6 424
1717958108595 9059.2 425
1717958118626 9024.6 426
1717958128696 9024.6 427
1717958138773 9024.6 428
1717958148802 9099.4 429
1717958158882 9136.6 430
1717958168976 9119.7 431
1717958179017 9065.1 432
1717958189066 9023.2 433
1717958199157 9029.7 434
1717958209197 9024.4 435
1717958219229 9020.2 436
1717958229264 9020.2 437
1717958239293 9002.4 438
1717958249372 9002.4 439
1717958259417 9002.4 440
1717958269466 9008.2 441
1717958279501 9002.4 442
1717958289578 9016.6 443
1717958299607 9008.1 444
1717958309643 9071.9 445
1717958319723 9125.1 446
1717958329753 9118.2 447
1717958339788 9088.4 448
1717958349872 9093.3 449
1717958359904 9086.8 450
1717958369989 9085.5 451
1717958380029 9082.4 452
1717958390113 9151.6 453
1717958400148 9093.8 454
1717958410174 9125.4 455
1717958420196 9185.2 456
1717958430225 9109.3 457
1717958440246 8904.3 458
1717958450277 8892.3 459
1717958460300 8898.0 460
1717958470328 8869.2 461
1717958480360 8875.0 462
1717958490390 8869.2 463
1717958500422 8878.1 464
1717958510524 8872.6 465
1717958520557 8871.1 466
1717958530598 8981.3 467
1717958540683 8732.9 468
1717958550765 8765.6 469
1717958560800 8741.8 470
1717958570841 8756.0 471
1717958580884 8746.3 472
1717958590914 8785.0 473
1717958600962 8761.0 474
1717958610999 8764.7 475
1717958621037 8709.2 476
1717958631130 8692.2 477
1717958641160 8672.3 478
1717958651200 8750.3 479
1717958661293 8667.1 480
1717958671319 8699.6 481
1717958681354 8711.9 482
1717958691439 8666.9 483
1717958701464 8666.9 484
1717958711551 8666.9 485
1717958721580 8881.0 486
1717958731665 8770.2 487
1717958741712 8824.6 488
1717958751751 8798.9 489
1717958761790 8791.1 490
1717958771873 8796.8 491
1717958781908 8784.8 492
1717958791999 8790.5 493
1717958802034 8800.5 494
1717958812062 8788.2 495
1717958822097 8800.8 496
1717958832129 8787.0 497
1717958842158 8767.5 498
1717958852192 8758.2 499
1717958862219 8765.7 500
1717958872251 8757.7 501
1717958882323 8763.5 502
1717958892395 8758.0 503
1717958902438 8763.5 504
1717958912466 8737.0 505
1717958922509 8740.1 506
1717958932572 8742.4 507
1717958942659 8750.6 508
1717958952690 8696.4 509
1717958962788 8736.7 510
1717958972869 8727.7 511
1717958982949 8708.4 512
1717958992990 8708.4 513
1717959003017 8698.5 514
1717959013053 8706.6 515
1717959023140 8717.7 516
1717959033182 8719.8 517
1717959043219 8712.9 518
1717959053244 8756.2 519
1717959063268 8670.2 520
1717959073309 8669.2 521
1717959083339 8669.5 522
1717959093363 8669.5 523
1717959103398 8705.0 524
1717959113437 8666.5 525
1717959123484 8621.9 526
1717959133517 8621.9 527
1717959143565 8586.4 528
1717959153606 8580.6 529
1717959163641 8613.9 530
1717959173728 8599.8 531
1717959183756 8597.3 532
1717959193796 8585.2 533
1717959203897 8595.9 534
1717959213949 8600.2 535
1717959223987 8598.3 536
1717959234078 8600.1 537
1717959244120 8592.9 538
1717959254165 8598.7 539
1717959264211 8586.7 540
1717959274252 8592.4 541
1717959284295 8586.7 542
1717959294335 8592.4 543
1717959304364 8630.8 544
1717959314405 8606.3 545
1717959324492 8620.7 546
1717959334541 8604.5 547
1717959344575 8604.5 548
1717959354625 8604.5 549
1717959364673 8600.2 550
1717959374707 8600.2 551
1717959384745 8640.8 552
1717959394779 8630.3 553
1717959404807 8665.3 554
1717959414850 8647.1 555
1717959424895 8821.9 556
1717959434934 8808.6 557
1717959445021 8760.5 558
1717959455073 8735.1 559
1717959465149 8753.8 560
1717959475190 8811.6 561
1717959485219 8728.7 562
1717959495265 8839.4 563
1717959505319 8878.0 564
1717959515412 8859.9 565
1717959525461 8790.1 566
1717959535501 8877.8 567
1717959545531 8861.8 568
1717959555612 8871.0 569
1717959565701 8780.6 570
1717959575750 8773.9 571
1717959585784 8768.1 572
1717959595824 8773.9 573
1717959605869 8761.6 574
1717959615918 8764.7 575
1717959625965 8761.6 576
1717959635998 8761.6 577
1717959646307 8764.2 578
1717959656561 8761.6 579
1717959666593 8761.0 580
1717959676624 8755.3 581
1717959686656 8761.0 582
1717959696700 8755.3 583
1717959706731 8761.0 584
1717959716767 8755.3 585
1717959726854 8755.3 586
1717959736891 8755.3 587
1717959746930 8654.5 588
1717959756976 8720.8 589
1717959767007 8690.5 590
1717959777045 8664.4 591
1717959787128 8664.4 592
1717959797215 8700.9 593
1717959807246 8668.6 594
1717959817300 8661.6 595
1717959827329 8655.8 596
1717959837378 8686.1 597
1717959847418 8748.3 598
1717959857460 8769.7 599
1717959867494 8809.5 600
1717959877529 8805.4 601
1717959887565 8762.8 602
1717959897645 8802.7 603
1717959907678 8870.0 604
1717959917713 8796.4 605
1717959927761 8768.3 606
1717959937807 8777.6 607
1717959947849 8768.7 608
1717959957943 8729.7 609
1717959968018 8680.4 610
1717959978061 8668.6 611
1717959988149 8724.8 612
1717959998243 8736.5 613
1717960008293 8791.0 614
1717960018337 8790.9 615
1717960028375 8779.1 616
1717960038406 8750.5 617
1717960048453 8739.1 618
1717960058496 8778.4 619
1717960068532 8663.9 620
1717960078574 8690.1 621
1717960088620 8700.8 622
1717960098656 8703.4 623
1717960108705 8681.6 624
1717960118746 8684.3 625
1717960128797 8648.6 626
1717960138842 8649.2 627
1717960148877 8651.1 628
1717960158929 8662.8 629
1717960168983 8679.7 630
1717960179068 8635.4 631
1717960189110 8650.8 632
1717960199159 8671.5 633
1717960209197 8669.2 634
1717960219243 8746.8 635
1717960229337 8759.3 636
1717960239422 8737.5 637
1717960249459 8737.5 638
1717960259497 8692.0 639
1717960269537 8649.6 640
1717960279565 8678.7 641
1717960289603 8693.4 642
1717960299638 8689.4 643
1717960309676 8687.5 644
1717960319703 8629.5 645
1717960329740 8628.7 646
1717960339779 8605.8 647
1717960349827 8614.4 648
1717960359914 8649.8 649
1717960369959 8610.1 650
1717960379995 8610.1 651
1717960390032 8600.3 652
1717960400088 8656.3 653
1717960410127 8598.3 654
1717960420175 8628.5 655
1717960430219 8616.5 656
1717960440265 8667.4 657
1717960450305 8655.1 658
1717960460353 8714.1 659
1717960470442 8736.2 660
1717960480504 8736.8 661
1717960490542 8771.6 662
1717960500585 8758.6 663
1717960510673 8752.9 664
1717960520710 8740.6 665
1717960530830 8721.7 666
1717960540864 8843.6 667
1717960550954 8792.8 668
1717960561043 8809.7 669
1717960571086 8817.3 670
1717960581123 8826.3 671
1717960591154 8845.1 672
1717960601255 8707.0 673
1717960611333 8706.1 674
1717960621367 8693.4 675
1717960631399 8731.2 676
1717960641435 8685.1 677
1717960651489 8748.5 678
1717960661526 8695.7 679
1717960671605 8687.3 680
1717960681648 8716.5 681
1717960691684 8773.6 682
1717960701769 8721.1 683
1717960711870 8830.5 684
1717960721911 8746.8 685
1717960731953 8921.5 686
1717960742047 8780.9 687
1717960752082 8782.1 688
1717960762116 8745.6 689
1717960772161 8743.4 690
1717960782216 8766.9 691
1717960792253 8782.6 692
1717960802286 8781.6 693
1717960812320 8825.8 694
1717960822353 8771.9 695
1717960832390 8771.1 696
1717960842433 8777.9 697
1717960852472 8765.0 698
1717960862524 8792.2 699
1717960872577 8769.7 700
1717960882614 8778.0 701
1717960892653 8797.8 702
1717960902681 8835.9 703
1717960912718 8791.9 704
1717960922752 8783.2 705
1717960932780 8769.5 706
1717960942815 8787.6 707
1717960952848 8784.8 708
1717960962933 8747.9 709
1717960973024 8732.1 710
1717960983062 8890.6 711
1717960993135 8958.1 712
1717961003172 8939.5 713
1717961013206 8939.6 714
1717961023241 8951.5 715
1717961033339 8956.5 716
1717961043373 8872.1 717
1717961053447 8888.3 718
1717961063552 8855.6 719
1717961073590 8878.8 720
1717961083626 9014.6 721
1717961093661 8942.2 722
1717961103694 8912.8 723
1717961113774 8807.8 724
1717961123812 8809.3 725
1717961133850 8894.9 726
1717961143888 8827.9 727
1717961153929 8802.4 728
1717961163980 8726.8 729
1717961174013 8724.9 730
1717961184110 8719.3 731
1717961194149 8757.1 732
1717961204195 8733.3 733
1717961214307 8721.1 734
1717961224366 8748.3 735
1717961234409 8708.6 736
1717961244446 8609.6 737
1717961254495 8632.3 738
1717961264565 8601.7 739
1717961274597 8612.0 740
1717961284635 8595.6 741
1717961294682 8597.3 742
1717961304774 8599.2 743
1717961314834 8570.4 744
1717961324882 8573.6 745
1717961334922 8570.4 746
1717961344972 8616.2 747
1717961355027 8595.7 748
1717961365074 8591.9 749
1717961375128 8611.4 750
1717961385169 8593.4 751
1717961395203 8593.4 752
1717961405257 8593.4 753
1717961415296 8593.4 754
1717961425340 8593.4 755
1717961435442 8639.6 756
1717961445489 8597.2 757
1717961455537 8601.7 758
1717961465585 8589.5 759
1717961475696 8575.9 760
1717961485727 8625.6 761
1717961495756 8647.7 762
1717961505786 8684.5 763
1717961515822 8615.8 764
1717961525861 8640.0 765
1717961535891 8622.9 766
1717961545923 8566.6 767
1717961555958 8572.6 768
1717961565991 8566.9 769
1717961576039 8573.0 770
1717961586140 8613.4 771
1717961596188 8620.5 772
1717961606240 8573.4 773
1717961616280 8643.0 774
1717961626360 8729.1 775
1717961636440 8686.3 776
1717961646489 8716.8 777
1717961656556 8703.9 778
1717961666605 8763.4 779
1717961676665 8734.8 780
1717961686707 8734.5 781
1717961696806 8796.7 782
1717961706855 8755.3 783
1717961716915 8803.3 784
1717961726953 8749.4 785
1717961737041 8715.2 786
1717961747125 8838.2 787
1717961757231 8681.6 788
1717961767281 8679.7 789
1717961777324 8769.2 790
1717961787357 8833.3 791
1717961797634 8837.9 792
1717961807673 8694.0 793
1717961817710 8423.9 794
1717961827744 8381.3 795
1717961837794 8327.8 796
1717961847829 8350.5 797
1717961857862 8441.0 798
1717961867909 8556.5 799
1717961877968 8475.1 800
1717961888025 8667.9 801
1717961898079 8513.7 802
1717961908118 8351.8 803
1717961918156 8322.6 804
1717961928195 8322.6 805
1717961938281 8359.7 806
1717961948331 8355.2 807
1717961958367 8349.0 808
1717961968455 8330.7 809
1717961978552 8270.6 810
1717961988608 8170.3 811
1717961998647 8168.9 812
1717962008732 8168.9 813
1717962018822 8168.9 814
1717962028861 8168.9 815
1717962038949 8168.9 816
1717962049027 8168.9 817
1717962059125 8168.9 818
1717962069181 8158.6 819
1717962079215 8158.6 820
1717962089262 8158.6 821
1717962099299 8158.6 822
1717962109329 8158.6 823
1717962119375 8158.6 824
1717962129410 8158.6 825
1717962139441 8158.6 826
1717962149476 8158.6 827
1717962159573 8158.6 828
1717962169624 8158.6 829
1717962179709 8158.6 830
1717962189811 8158.6 831
1717962199856 8158.6 832
1717962209956 8152.3 833
1717962220061 8152.3 834
1717962230164 8152.3 835
1717962240207 8152.3 836
1717962250295 8152.3 837
1717962260394 8152.3 838
1717962270478 8152.3 839
1717962280520 8152.3 840
1717962290610 8152.3 841
1717962300713 8152.3 842
1717962310809 8152.3 843
1717962320856 8152.3 844
1717962330953 8152.3 845
1717962341052 8152.3 846
1717962351103 8152.3 847
1717962361187 8152.3 848
1717962371271 8141.5 849
1717962381343 8141.5 850
1717962391395 8141.5 851
1717962401484 8141.5 852
1717962411583 8141.5 853
1717962421691 8141.5 854
1717962431741 8141.5 855
1717962441837 8141.5 856
1717962451927 8141.5 857
1717962462016 8141.5 858
1717962472099 8141.5 859
1717962482188 8141.5 860
1717962492292 8141.5 861
1717962502354 8141.5 862
1717962512408 8135.3 863
1717962522511 8135.3 864
1717962532607 8135.3 865
1717962542658 8135.3 866
1717962552736 8135.3 867
1717962562846 8135.3 868
1717962572898 8135.3 869
1717962582981 8135.3 870
1717962593082 8135.3 871
1717962603183 8135.3 872
1717962613278 8135.3 873
1717962623329 8135.3 874
1717962633434 8135.3 875
1717962643554 8135.3 876
1717962653594 8135.3 877
1717962663634 8135.3 878
1717962673667 8135.3 879
1717962683704 8135.3 880
1717962693735 8135.3 881
1717962703767 8135.3 882
1717962713861 8135.3 883
1717962723914 8135.3 884
1717962733952 8135.3 885
1717962744048 8135.3 886
1717962754133 8135.3 887
1717962764187 8135.3 888
1717962774281 8135.3 889
1717962784368 8135.3 890
1717962794420 8135.3 891
1717962804484 8135.3 892
1717962814590 8135.3 893
1717962824696 8135.3 894
1717962834939 8135.3 895
1717962845025 8135.3 896
1717962855117 8135.3 897
1717962865213 8135.3 898
1717962875269 8135.3 899
1717962885369 8135.3 900
1717962895463 8135.3 901
1717962905547 8135.3 902
1717962915649 8135.3 903
1717962925749 8135.3 904
1717962935845 8135.3 905
1717962945906 8135.3 906
1717962956006 8135.3 907
1717962966114 8135.3 908
1717962976209 8135.3 909
1717962986265 8135.3 910
1717962996363 8135.3 911
1717963006449 8135.3 912
1717963016536 8135.3 913
1717963026589 8135.3 914
1717963036690 8135.3 915
1717963046796 8135.3 916
1717963056898 8135.3 917
1717963066955 8135.3 918
1717963077059 8135.3 919
1717963087152 8135.3 920
1717963097196 8135.3 921
1717963107271 8135.3 922
1717963117355 8135.3 923
1717963127451 8135.3 924
1717963137492 8135.3 925
1717963147598 8135.3 926
1717963157716 8135.3 927
1717963167776 8135.3 928
1717963177872 8135.3 929
1717963187963 8135.3 930
1717963198006 8135.3 931
1717963208048 8135.3 932
1717963218083 8135.3 933
1717963228129 8135.3 934
1717963238169 8135.3 935
1717963248204 8135.3 936
1717963258236 8135.3 937
1717963268273 8135.3 938
1717963278370 8135.3 939
1717963288469 8135.3 940
1717963298557 8135.3 941
1717963308619 8135.3 942
1717963318704 8135.3 943
1717963328796 8135.3 944
1717963338851 8135.3 945
1717963348946 8135.3 946
1717963359043 8135.3 947
1717963369152 8135.3 948
1717963379261 8135.3 949
1717963389340 8135.3 950
1717963399451 8135.3 951
1717963409513 8135.3 952
1717963419564 8135.3 953
1717963429602 8135.3 954
1717963439700 8135.3 955
1717963449797 8135.3 956
1717963459852 8135.3 957
1717963469950 8135.3 958
1717963480051 8135.3 959
1717963490155 8135.3 960
1717963500252 8135.3 961
1717963510363 8135.3 962
1717963520464 8135.3 963
1717963530559 8135.3 964
1717963540614 8135.3 965
1717963550722 8135.3 966
1717963560837 8135.3 967
1717963570893 8129.0 968
1717963580989 8129.0 969
1717963591095 8129.0 970
1717963601204 8129.0 971
1717963611266 8129.0 972
1717963621326 8129.0 973
1717963631410 8129.0 974
1717963641500 8129.0 975
1717963651581 8129.0 976
1717963661630 8129.0 977
1717963671726 8129.0 978
1717963681818 8129.0 979
1717963691860 8129.0 980
1717963701943 8129.0 981
1717963712035 8129.0 982
1717963722096 8129.0 983
1717963732135 8129.0 984
1717963742180 8129.0 985
1717963752286 8129.0 986
1717963762384 8129.0 987
1717963772428 8129.0 988
1717963782470 8129.0 989
1717963792509 8129.0 990
1717963802543 8129.0 991
1717963812581 8129.0 992
1717963822616 8129.0 993
1717963832717 8129.0 994
1717963842809 8129.0 995
1717963852891 8129.0 996
1717963862939 8129.0 997
1717963873040 8129.0 998
1717963883096 8129.0 999
1717963893189 8129.0 1000
1717963903248 8129.0 1001
1717963913296 8129.0 1002
1717963923396 8129.0 1003
1717963933516 8129.0 1004
1717963943563 8129.0 1005
1717963953649 8129.0 1006
1717963963939 8129.0 1007
1717963974026 8129.0 1008
1717963984090 8129.0 1009
1717963994138 8129.0 1010
1717964004224 8129.0 1011
1717964014263 8129.0 1012
1717964024347 8129.0 1013
1717964034449 8129.0 1014
1717964044536 8129.0 1015
1717964054584 8129.0 1016
1717964064678 8129.0 1017
1717964074782 8129.0 1018
1717964084893 8129.0 1019
1717964094992 8129.0 1020
1717964105032 8129.0 1021
1717964115137 8129.0 1022
1717964125240 8129.0 1023
1717964135282 8129.0 1024
1717964145365 8129.0 1025
1717964155453 8129.0 1026
1717964165502 8129.0 1027
1717964175588 8129.0 1028
1717964185673 8129.0 1029
1717964195712 8129.0 1030
1717964205755 8129.0 1031
1717964215832 8129.0 1032
1717964225868 8129.0 1033
1717964235967 8129.0 1034
1717964246054 8129.0 1035
1717964256101 8129.0 1036
1717964266185 8129.0 1037
1717964276277 8129.0 1038
1717964286327 8129.0 1039
1717964296366 8129.0 1040
1717964306416 8129.0 1041
1717964316830 8129.0 1042
1717964326870 8129.0 1043
1717964336905 8129.0 1044
1717964346940 8129.0 1045
1717964356984 8129.0 1046
1717964367025 8129.0 1047
1717964377059 8129.0 1048
1717964387095 8129.0 1049
1717964397141 8129.0 1050
1717964407235 8129.0 1051
1717964417334 8129.0 1052
1717964427402 8129.0 1053
1717964437502 8129.0 1054
1717964447609 8129.0 1055
1717964457674 8129.0 1056
1717964467780 8129.0 1057
1717964477886 8129.0 1058
1717964487993 8129.0 1059
1717964498046 8129.0 1060
1717964508095 8129.0 1061
1717964518199 8129.0 1062
1717964528322 8129.0 1063
1717964538373 8129.0 1064
1717964548470 8129.0 1065
1717964558581 8129.0 1066
1717964568683 8129.0 1067
1717964578742 8129.0 1068
1717964588830 8129.0 1069
1717964598927 8129.0 1070
1717964608968 8129.0 1071
1717964619091 8129.0 1072
1717964629206 8129.0 1073
1717964639315 8129.0 1074
1717964649417 8129.0 1075
1717964659475 8129.0 1076
1717964669569 8129.0 1077
1717964679679 8129.0 1078
1717964689728 8129.0 1079
1717964699814 8129.0 1080
1717964709916 8129.0 1081
1717964720003 8129.0 1082
1717964730044 8129.0 1083
1717964740145 8129.0 1084
1717964750236 8129.0 1085
1717964760281 8129.0 1086
1717964770328 8129.0 1087
1717964780442 8129.0 1088
1717964790531 8129.0 1089
1717964800571 8129.0 1090
1717964810619 8129.0 1091
1717964820684 8129.0 1092
1717964830772 8129.0 1093
1717964840856 8129.0 1094
1717964850930 8129.0 1095
1717964861043 8129.0 1096
1717964871166 8129.0 1097
