1717953840600 0.0 0
1717953850626 97.0 1
1717953860645 97.0 2
1717953870659 97.0 3
1717953880675 97.0 4
1717953890734 97.0 5
1717953900751 97.0 6
1717953910762 97.0 7
1717953920773 97.0 8
1717953930785 96.0 9
1717953940796 97.0 10
1717953950808 97.0 11
1717953960867 97.0 12
1717953970890 95.0 13
1717953980907 96.0 14
1717953990922 97.0 15
1717954000938 97.0 16
1717954010960 95.0 17
1717954020977 93.0 18
1717954030996 97.0 19
1717954041014 95.0 20
1717954051038 97.0 21
1717954061051 95.0 22
1717954071067 97.0 23
1717954081130 95.0 24
1717954091146 97.0 25
1717954101159 97.0 26
1717954111170 96.0 27
1717954121182 97.0 28
1717954131202 96.0 29
1717954141215 97.0 30
1717954151228 96.0 31
1717954161251 97.0 32
1717954171265 96.0 33
1717954181310 97.0 34
1717954191324 95.0 35
1717954201347 97.0 36
1717954211359 92.0 37
1717954221372 97.0 38
1717954231386 97.0 39
1717954241400 97.0 40
1717954251414 96.0 41
1717954261428 97.0 42
1717954271442 96.0 43
1717954281456 97.0 44
1717954291481 95.0 45
1717954301543 97.0 46
1717954311567 95.0 47
1717954321591 97.0 48
1717954331645 95.0 49
1717954341661 97.0 50
1717954351708 97.0 51
1717954361723 97.0 52
1717954371737 95.0 53
1717954381754 97.0 54
1717954392266 93.0 55
1717954402281 6.0 56
1717954412299 95.0 57
1717954422322 97.0 58
1717954432337 97.0 59
1717954442352 96.0 60
1717954452366 97.0 61
1717954462381 97.0 62
1717954472394 96.0 63
1717954482417 97.0 64
1717954492442 97.0 65
1717954502458 97.0 66
1717954512515 97.0 67
1717954522530 97.0 68
1717954532553 95.0 69
1717954542571 96.0 70
1717954552635 97.0 71
1717954562662 97.0 72
1717954572679 97.0 73
1717954582705 91.0 74
1717954592723 97.0 75
1717954602738 97.0 76
1717954612757 97.0 77
1717954622776 95.0 78
1717954632846 96.0 79
1717954642861 96.0 80
1717954652895 97.0 81
1717954662913 97.0 82
1717954672932 96.0 83
1717954682948 97.0 84
1717954692965 95.0 85
1717954702980 97.0 86
1717954712995 97.0 87
1717954723011 96.0 88
1717954733026 97.0 89
1717954743041 97.0 90
1717954753071 97.0 91
1717954763092 93.0 92
1717954773121 97.0 93
1717954783138 97.0 94
1717954793152 97.0 95
1717954803173 97.0 96
1717954813238 95.0 97
1717954823254 97.0 98
1717954833270 95.0 99
1717954843289 97.0 100
1717954853309 97.0 101
1717954863327 97.0 102
1717954873340 97.0 103
1717954883355 97.0 104
1717954893370 95.0 105
1717954903383 97.0 106
1717954913397 97.0 107
1717954923410 97.0 108
1717954933425 95.0 109
1717954943447 97.0 110
1717954953467 91.0 111
1717954963481 97.0 112
1717954973495 96.0 113
1717954983509 96.0 114
1717954993525 96.0 115
1717955003542 97.0 116
1717955013563 97.0 117
1717955023577 97.0 118
1717955033646 96.0 119
1717955043703 97.0 120
1717955053748 95.0 121
1717955063763 96.0 122
1717955073829 97.0 123
1717955083845 97.0 124
1717955093910 96.0 125
1717955103978 97.0 126
1717955114051 95.0 127
1717955124110 97.0 128
1717955134178 97.0 129
1717955144225 91.0 130
1717955154294 96.0 131
1717955164361 97.0 132
1717955174377 97.0 133
1717955184406 95.0 134
1717955194425 97.0 135
1717955204486 97.0 136
1717955214507 97.0 137
1717955224566 97.0 138
1717955234624 95.0 139
1717955244695 97.0 140
1717955254765 95.0 141
1717955264837 97.0 142
1717955274899 95.0 143
1717955284962 97.0 144
1717955294981 95.0 145
1717955305043 97.0 146
1717955315117 95.0 147
1717955325134 91.0 148
1717955335196 97.0 149
1717955345262 96.0 150
1717955355280 97.0 151
1717955365298 96.0 152
1717955375357 95.0 153
1717955385426 97.0 154
1717955395500 95.0 155
1717955405568 97.0 156
1717955415585 97.0 157
1717955425658 97.0 158
1717955435682 96.0 159
1717955445706 97.0 160
1717955455729 97.0 161
1717955465806 96.0 162
1717955475875 97.0 163
1717955485894 97.0 164
1717955495974 97.0 165
1717955506045 96.0 166
1717955516124 91.0 167
1717955526140 97.0 168
1717955536155 96.0 169
1717955546176 97.0 170
1717955556191 95.0 171
1717955566221 96.0 172
1717955576241 97.0 173
1717955586259 97.0 174
1717955596285 96.0 175
1717955606359 97.0 176
1717955616383 95.0 177
1717955626451 97.0 178
1717955636524 96.0 179
1717955646589 97.0 180
1717955656616 96.0 181
1717955666686 97.0 182
1717955676756 97.0 183
1717955686774 97.0 184
1717955696798 91.0 185
1717955706816 87.0 186
1717955716891 97.0 187
1717955726960 97.0 188
1717955737020 97.0 189
1717955747085 97.0 190
1717955757160 97.0 191
1717955767178 97.0 192
1717955777242 97.0 193
1717955787326 97.0 194
1717955797403 97.0 195
1717955807441 97.0 196
1717955817462 95.0 197
1717955827530 97.0 198
1717955837562 95.0 199
1717955847626 97.0 200
1717955857689 95.0 201
1717955867757 97.0 202
1717955877830 97.0 203
1717955887904 93.0 204
1717955897978 96.0 205
1717955907998 97.0 206
1717955918062 97.0 207
1717955928125 97.0 208
1717955938202 97.0 209
1717955948275 96.0 210
1717955958334 96.0 211
1717955968413 95.0 212
1717955978433 97.0 213
1717955988454 97.0 214
1717955998521 97.0 215
1717956008594 97.0 216
1717956018672 97.0 217
1717956028757 97.0 218
1717956038821 96.0 219
1717956048900 95.0 220
1717956058927 96.0 221
1717956068990 92.0 222
1717956079053 92.0 223
1717956089073 97.0 224
1717956099120 96.0 225
1717956109141 95.0 226
1717956119161 97.0 227
1717956129181 97.0 228
1717956139216 97.0 229
1717956149294 96.0 230
1717956159375 97.0 231
1717956169437 97.0 232
1717956179517 95.0 233
1717956189543 97.0 234
1717956199565 97.0 235
1717956209637 97.0 236
1717956219665 97.0 237
1717956229685 97.0 238
1717956239755 96.0 239
1717956249820 95.0 240
1717956259841 92.0 241
1717956269920 97.0 242
1717956279989 97.0 243
1717956290051 97.0 244
1717956300082 97.0 245
1717956310150 97.0 246
1717956320173 97.0 247
1717956330194 97.0 248
1717956340213 97.0 249
1717956350291 95.0 250
1717956360320 97.0 251
1717956370347 95.0 252
1717956380369 97.0 253
1717956390443 97.0 254
1717956400463 97.0 255
1717956410530 97.0 256
1717956420591 97.0 257
1717956430655 96.0 258
1717956440692 95.0 259
1717956450780 93.0 260
1717956460857 97.0 261
1717956470934 97.0 262
1717956480986 96.0 263
1717956491007 94.0 264
1717956501080 97.0 265
1717956511106 97.0 266
1717956521138 97.0 267
1717956531207 97.0 268
1717956541279 96.0 269
1717956551320 94.0 270
1717956561406 97.0 271
1717956571485 96.0 272
1717956581575 95.0 273
1717956591606 97.0 274
1717956601683 97.0 275
1717956611754 97.0 276
1717956621785 97.0 277
1717956631830 92.0 278
1717956641897 93.0 279
1717956651923 96.0 280
1717956661949 96.0 281
1717956671998 96.0 282
1717956682017 97.0 283
1717956692037 97.0 284
1717956702059 97.0 285
1717956712139 97.0 286
1717956722181 96.0 287
1717956732254 97.0 288
1717956742331 97.0 289
1717956752398 97.0 290
1717956762483 97.0 291
1717956772549 97.0 292
1717956782573 96.0 293
1717956792619 96.0 294
1717956802692 96.0 295
1717956812782 96.0 296
1717956822804 93.0 297
1717956832885 96.0 298
1717956842958 97.0 299
1717956853035 97.0 300
1717956863059 96.0 301
1717956873130 96.0 302
1717956883196 96.0 303
1717956893218 97.0 304
1717956903238 97.0 305
1717956913306 97.0 306
1717956923374 97.0 307
1717956933398 97.0 308
1717956943463 96.0 309
1717956953532 94.0 310
1717956963570 96.0 311
1717956973640 97.0 312
1717956983715 95.0 313
1717956993789 97.0 314
1717957003810 97.0 315
1717957013888 92.0 316
1717957023963 97.0 317
1717957034048 97.0 318
1717957044079 97.0 319
1717957054160 97.0 320
1717957064246 97.0 321
1717957074322 97.0 322
1717957084385 97.0 323
1717957094405 96.0 324
1717957104481 96.0 325
1717957114522 96.0 326
1717957124600 96.0 327
1717957134684 97.0 328
1717957144759 97.0 329
1717957154789 95.0 330
1717957164863 97.0 331
1717957174944 95.0 332
1717957184981 97.0 333
1717957195062 93.0 334
1717957205084 92.0 335
1717957215102 97.0 336
1717957225122 95.0 337
1717957235140 97.0 338
1717957245159 94.0 339
1717957255179 95.0 340
1717957265205 96.0 341
1717957275288 96.0 342
1717957285353 97.0 343
1717957295434 97.0 344
1717957305519 97.0 345
1717957315554 95.0 346
1717957325584 97.0 347
1717957335603 96.0 348
1717957345628 96.0 349
1717957355659 96.0 350
1717957365690 96.0 351
1717957375721 96.0 352
1717957385747 97.0 353
1717957395782 92.0 354
1717957405812 97.0 355
1717957415846 95.0 356
1717957425875 96.0 357
1717957435961 96.0 358
1717957445991 95.0 359
1717957456036 96.0 360
1717957466069 96.0 361
1717957476099 96.0 362
1717957486132 97.0 363
1717957496162 96.0 364
1717957506198 95.0 365
1717957516221 96.0 366
1717957526246 97.0 367
1717957536325 95.0 368
1717957546360 96.0 369
1717957556437 96.0 370
1717957566521 96.0 371
1717957576561 95.0 372
1717957586594 97.0 373
1717957596623 93.0 374
1717957606654 95.0 375
1717957616685 96.0 376
1717957626716 96.0 377
1717957636748 95.0 378
1717957646771 97.0 379
1717957656802 96.0 380
1717957666875 97.0 381
1717957676964 96.0 382
1717957686992 97.0 383
1717957697029 97.0 384
1717957707068 97.0 385
1717957717094 96.0 386
1717957727144 94.0 387
1717957737187 95.0 388
1717957747216 97.0 389
1717957757245 95.0 390
1717957767268 96.0 391
1717957777305 96.0 392
1717957787329 94.0 393
1717957797355 93.0 394
1717957807384 95.0 395
1717957817409 97.0 396
1717957827443 95.0 397
1717957837477 94.0 398
1717957847511 96.0 399
1717957857548 95.0 400
1717957867575 96.0 401
1717957877615 96.0 402
1717957887650 95.0 403
1717957897677 95.0 404
1717957907707 97.0 405
1717957917750 97.0 406
1717957927784 97.0 407
1717957937811 96.0 408
1717957947840 94.0 409
1717957957922 94.0 410
1717957968004 96.0 411
1717957978032 96.0 412
1717957988116 96.0 413
1717957998142 91.0 414
1717958008181 97.0 415
1717958018222 96.0 416
1717958028253 94.0 417
1717958038282 96.0 418
1717958048313 96.0 419
1717958058361 95.0 420
1717958068420 96.0 421
1717958078456 96.0 422
1717958088486 92.0 423
1717958098524 95.0 424
1717958108595 95.0 425
1717958118626 96.0 426
1717958128696 95.0 427
1717958138773 96.0 428
1717958148802 96.0 429
1717958158882 96.0 430
1717958168976 95.0 431
1717958179017 95.0 432
1717958189066 96.0 433
1717958199157 95.0 434
1717958209197 90.0 435
1717958219229 96.0 436
1717958229264 95.0 437
1717958239293 94.0 438
1717958249372 94.0 439
1717958259417 95.0 440
1717958269466 96.0 441
1717958279501 95.0 442
1717958289578 95.0 443
1717958299607 96.0 444
1717958309643 96.0 445
1717958319723 96.0 446
1717958329753 93.0 447
1717958339788 96.0 448
1717958349872 95.0 449
1717958359904 95.0 450
1717958369989 95.0 451
1717958380029 95.0 452
1717958390113 95.0 453
1717958400148 97.0 454
1717958410174 89.0 455
1717958420196 95.0 456
1717958430225 97.0 457
1717958440246 96.0 458
1717958450277 96.0 459
1717958460300 96.0 460
1717958470328 95.0 461
1717958480360 96.0 462
1717958490390 97.0 463
1717958500422 96.0 464
1717958510524 92.0 465
1717958520557 95.0 466
1717958530598 97.0 467
1717958540683 96.0 468
1717958550765 95.0 469
1717958560800 95.0 470
1717958570841 97.0 471
1717958580884 97.0 472
1717958590914 96.0 473
1717958600962 96.0 474
1717958610999 93.0 475
1717958621037 97.0 476
1717958631130 92.0 477
1717958641160 96.0 478
1717958651200 97.0 479
1717958661293 94.0 480
1717958671319 96.0 481
1717958681354 93.0 482
1717958691439 95.0 483
1717958701464 95.0 484
1717958711551 94.0 485
1717958721580 96.0 486
1717958731665 92.0 487
1717958741712 97.0 488
1717958751751 94.0 489
1717958761790 96.0 490
1717958771873 95.0 491
1717958781908 95.0 492
1717958791999 95.0 493
1717958802034 96.0 494
1717958812062 91.0 495
1717958822097 95.0 496
1717958832129 93.0 497
1717958842158 96.0 498
1717958852192 95.0 499
1717958862219 97.0 500
1717958872251 95.0 501
1717958882323 96.0 502
1717958892395 96.0 503
1717958902438 96.0 504
1717958912466 96.0 505
1717958922509 95.0 506
1717958932572 92.0 507
1717958942659 95.0 508
1717958952690 96.0 509
1717958962788 95.0 510
1717958972869 97.0 511
1717958982949 96.0 512
1717958992990 96.0 513
1717959003017 95.0 514
1717959013053 96.0 515
1717959023140 92.0 516
1717959033182 95.0 517
1717959043219 95.0 518
1717959053244 97.0 519
1717959063268 95.0 520
1717959073309 95.0 521
1717959083339 95.0 522
1717959093363 96.0 523
1717959103398 96.0 524
1717959113437 97.0 525
1717959123484 95.0 526
1717959133517 95.0 527
1717959143565 96.0 528
1717959153606 95.0 529
1717959163641 95.0 530
1717959173728 96.0 531
1717959183756 95.0 532
1717959193796 96.0 533
1717959203897 95.0 534
1717959213949 95.0 535
1717959223987 91.0 536
1717959234078 95.0 537
1717959244120 94.0 538
1717959254165 95.0 539
1717959264211 95.0 540
1717959274252 95.0 541
1717959284295 95.0 542
1717959294335 95.0 543
1717959304364 95.0 544
1717959314405 95.0 545
1717959324492 96.0 546
1717959334541 95.0 547
1717959344575 95.0 548
1717959354625 95.0 549
1717959364673 95.0 550
1717959374707 96.0 551
1717959384745 96.0 552
1717959394779 96.0 553
1717959404807 95.0 554
1717959414850 95.0 555
1717959424895 92.0 556
1717959434934 92.0 557
1717959445021 96.0 558
1717959455073 97.0 559
1717959465149 96.0 560
1717959475190 96.0 561
1717959485219 95.0 562
1717959495265 96.0 563
1717959505319 96.0 564
1717959515412 96.0 565
1717959525461 96.0 566
1717959535501 96.0 567
1717959545531 96.0 568
1717959555612 96.0 569
1717959565701 95.0 570
1717959575750 96.0 571
1717959585784 96.0 572
1717959595824 95.0 573
1717959605869 94.0 574
1717959615918 95.0 575
1717959625965 95.0 576
1717959635998 92.0 577
1717959646307 95.0 578
1717959656561 95.0 579
1717959666593 39.0 580
1717959676624 95.0 581
1717959686656 95.0 582
1717959696700 95.0 583
1717959706731 96.0 584
1717959716767 95.0 585
1717959726854 96.0 586
1717959736891 95.0 587
1717959746930 96.0 588
1717959756976 97.0 589
1717959767007 96.0 590
1717959777045 96.0 591
1717959787128 96.0 592
1717959797215 96.0 593
1717959807246 96.0 594
1717959817300 94.0 595
1717959827329 96.0 596
1717959837378 93.0 597
1717959847418 91.0 598
1717959857460 94.0 599
1717959867494 96.0 600
1717959877529 95.0 601
1717959887565 95.0 602
1717959897645 95.0 603
1717959907678 96.0 604
1717959917713 96.0 605
1717959927761 95.0 606
1717959937807 96.0 607
1717959947849 96.0 608
1717959957943 97.0 609
1717959968018 96.0 610
1717959978061 96.0 611
1717959988149 96.0 612
1717959998243 95.0 613
1717960008293 96.0 614
1717960018337 94.0 615
1717960028375 96.0 616
1717960038406 96.0 617
1717960048453 92.0 618
1717960058496 95.0 619
1717960068532 95.0 620
1717960078574 96.0 621
1717960088620 96.0 622
1717960098656 95.0 623
1717960108705 95.0 624
1717960118746 97.0 625
1717960128797 96.0 626
1717960138842 96.0 627
1717960148877 95.0 628
1717960158929 97.0 629
1717960168983 94.0 630
1717960179068 96.0 631
1717960189110 97.0 632
1717960199159 96.0 633
1717960209197 94.0 634
1717960219243 97.0 635
1717960229337 95.0 636
1717960239422 95.0 637
1717960249459 91.0 638
1717960259497 97.0 639
1717960269537 97.0 640
1717960279565 96.0 641
1717960289603 96.0 642
1717960299638 95.0 643
1717960309676 95.0 644
1717960319703 96.0 645
1717960329740 96.0 646
1717960339779 97.0 647
1717960349827 96.0 648
1717960359914 97.0 649
1717960369959 96.0 650
1717960379995 97.0 651
1717960390032 96.0 652
1717960400088 95.0 653
1717960410127 96.0 654
1717960420175 95.0 655
1717960430219 96.0 656
1717960440265 95.0 657
1717960450305 95.0 658
1717960460353 91.0 659
1717960470442 95.0 660
1717960480504 95.0 661
1717960490542 95.0 662
1717960500585 97.0 663
1717960510673 97.0 664
1717960520710 96.0 665
1717960530830 96.0 666
1717960540864 95.0 667
1717960550954 96.0 668
1717960561043 96.0 669
1717960571086 96.0 670
1717960581123 97.0 671
1717960591154 96.0 672
1717960601255 96.0 673
1717960611333 94.0 674
1717960621367 97.0 675
1717960631399 95.0 676
1717960641435 96.0 677
1717960651489 94.0 678
1717960661526 92.0 679
1717960671605 95.0 680
1717960681648 96.0 681
1717960691684 95.0 682
1717960701769 95.0 683
1717960711870 97.0 684
1717960721911 96.0 685
1717960731953 96.0 686
1717960742047 96.0 687
1717960752082 96.0 688
1717960762116 96.0 689
1717960772161 93.0 690
1717960782216 96.0 691
1717960792253 96.0 692
1717960802286 96.0 693
1717960812320 96.0 694
1717960822353 94.0 695
1717960832390 96.0 696
1717960842433 96.0 697
1717960852472 96.0 698
1717960862524 91.0 699
1717960872577 92.0 700
1717960882614 97.0 701
1717960892653 96.0 702
1717960902681 96.0 703
1717960912718 96.0 704
1717960922752 96.0 705
1717960932780 96.0 706
1717960942815 95.0 707
1717960952848 96.0 708
1717960962933 96.0 709
1717960973024 95.0 710
1717960983062 96.0 711
1717960993135 96.0 712
1717961003172 98.0 713
1717961013206 96.0 714
1717961023241 97.0 715
1717961033339 96.0 716
1717961043373 96.0 717
1717961053447 97.0 718
1717961063552 95.0 719
1717961073590 92.0 720
1717961083626 96.0 721
1717961093661 97.0 722
1717961103694 97.0 723
1717961113774 97.0 724
1717961123812 97.0 725
1717961133850 96.0 726
1717961143888 97.0 727
1717961153929 96.0 728
1717961163980 97.0 729
1717961174013 96.0 730
1717961184110 96.0 731
1717961194149 94.0 732
1717961204195 95.0 733
1717961214307 96.0 734
1717961224366 96.0 735
1717961234409 96.0 736
1717961244446 96.0 737
1717961254495 97.0 738
1717961264565 96.0 739
1717961274597 92.0 740
1717961284635 96.0 741
1717961294682 95.0 742
1717961304774 94.0 743
1717961314834 95.0 744
1717961324882 95.0 745
1717961334922 95.0 746
1717961344972 96.0 747
1717961355027 96.0 748
1717961365074 97.0 749
1717961375128 96.0 750
1717961385169 94.0 751
1717961395203 96.0 752
1717961405257 96.0 753
1717961415296 96.0 754
1717961425340 96.0 755
1717961435442 95.0 756
1717961445489 97.0 757
1717961455537 94.0 758
1717961465585 96.0 759
1717961475696 92.0 760
1717961485727 13.0 761
1717961495756 95.0 762
1717961505786 96.0 763
1717961515822 96.0 764
1717961525861 96.0 765
1717961535891 96.0 766
1717961545923 96.0 767
1717961555958 96.0 768
1717961565991 96.0 769
1717961576039 96.0 770
1717961586140 97.0 771
1717961596188 96.0 772
1717961606240 94.0 773
1717961616280 94.0 774
1717961626360 95.0 775
1717961636440 95.0 776
1717961646489 96.0 777
1717961656556 95.0 778
1717961666605 96.0 779
1717961676665 95.0 780
1717961686707 91.0 781
1717961696806 95.0 782
1717961706855 94.0 783
1717961716915 96.0 784
1717961726953 96.0 785
1717961737041 96.0 786
1717961747125 95.0 787
1717961757231 94.0 788
1717961767281 97.0 789
1717961777324 96.0 790
1717961787357 94.0 791
1717961797634 96.0 792
1717961807673 93.0 793
1717961817710 94.0 794
1717961827744 98.0 795
1717961837794 97.0 796
1717961847829 96.0 797
1717961857862 94.0 798
1717961867909 96.0 799
1717961877968 93.0 800
1717961888025 91.0 801
1717961898079 97.0 802
1717961908118 97.0 803
1717961918156 97.0 804
1717961928195 97.0 805
1717961938281 97.0 806
1717961948331 97.0 807
1717961958367 97.0 808
1717961968455 95.0 809
1717961978552 96.0 810
1717961988608 97.0 811
1717961998647 97.0 812
1717962008732 97.0 813
1717962018822 97.0 814
1717962028861 97.0 815
1717962038949 95.0 816
1717962049027 97.0 817
1717962059125 97.0 818
1717962069181 96.0 819
1717962079215 91.0 820
1717962089262 96.0 821
1717962099299 96.0 822
1717962109329 97.0 823
1717962119375 97.0 824
1717962129410 96.0 825
1717962139441 95.0 826
1717962149476 97.0 827
1717962159573 97.0 828
1717962169624 97.0 829
1717962179709 97.0 830
1717962189811 97.0 831
1717962199856 97.0 832
1717962209956 97.0 833
1717962220061 97.0 834
1717962230164 90.0 835
1717962240207 97.0 836
1717962250295 97.0 837
1717962260394 95.0 838
1717962270478 93.0 839
1717962280520 97.0 840
1717962290610 97.0 841
1717962300713 97.0 842
1717962310809 96.0 843
1717962320856 97.0 844
1717962330953 97.0 845
1717962341052 97.0 846
1717962351103 97.0 847
1717962361187 96.0 848
1717962371271 97.0 849
1717962381343 97.0 850
1717962391395 96.0 851
1717962401484 95.0 852
1717962411583 97.0 853
1717962421691 97.0 854
1717962431741 97.0 855
1717962441837 97.0 856
1717962451927 93.0 857
1717962462016 97.0 858
1717962472099 97.0 859
1717962482188 97.0 860
1717962492292 97.0 861
1717962502354 96.0 862
1717962512408 95.0 863
1717962522511 97.0 864
1717962532607 97.0 865
1717962542658 97.0 866
1717962552736 96.0 867
1717962562846 96.0 868
1717962572898 97.0 869
1717962582981 96.0 870
1717962593082 97.0 871
1717962603183 97.0 872
1717962613278 94.0 873
1717962623329 97.0 874
1717962633434 91.0 875
1717962643554 91.0 876
1717962653594 96.0 877
1717962663634 97.0 878
1717962673667 97.0 879
1717962683704 96.0 880
1717962693735 96.0 881
1717962703767 95.0 882
1717962713861 97.0 883
1717962723914 97.0 884
1717962733952 97.0 885
1717962744048 97.0 886
1717962754133 98.0 887
1717962764187 95.0 888
1717962774281 97.0 889
1717962784368 96.0 890
1717962794420 97.0 891
1717962804484 97.0 892
1717962814590 96.0 893
1717962824696 93.0 894
1717962834939 97.0 895
1717962845025 65.0 896
1717962855117 97.0 897
1717962865213 97.0 898
1717962875269 97.0 899
1717962885369 94.0 900
1717962895463 97.0 901
1717962905547 93.0 902
1717962915649 95.0 903
1717962925749 97.0 904
1717962935845 96.0 905
1717962945906 96.0 906
1717962956006 97.0 907
1717962966114 96.0 908
1717962976209 97.0 909
1717962986265 97.0 910
1717962996363 95.0 911
1717963006449 96.0 912
1717963016536 93.0 913
1717963026589 95.0 914
1717963036690 97.0 915
1717963046796 96.0 916
1717963056898 97.0 917
1717963066955 97.0 918
1717963077059 96.0 919
1717963087152 97.0 920
1717963097196 97.0 921
1717963107271 97.0 922
1717963117355 97.0 923
1717963127451 97.0 924
1717963137492 97.0 925
1717963147598 97.0 926
1717963157716 97.0 927
1717963167776 97.0 928
1717963177872 97.0 929
1717963187963 95.0 930
1717963198006 91.0 931
1717963208048 94.0 932
1717963218083 97.0 933
1717963228129 97.0 934
1717963238169 97.0 935
1717963248204 97.0 936
1717963258236 97.0 937
1717963268273 96.0 938
1717963278370 96.0 939
1717963288469 97.0 940
1717963298557 96.0 941
1717963308619 97.0 942
1717963318704 97.0 943
1717963328796 96.0 944
1717963338851 97.0 945
1717963348946 96.0 946
1717963359043 97.0 947
1717963369152 97.0 948
1717963379261 95.0 949
1717963389340 93.0 950
1717963399451 97.0 951
1717963409513 96.0 952
1717963419564 96.0 953
1717963429602 97.0 954
1717963439700 97.0 955
1717963449797 96.0 956
1717963459852 97.0 957
1717963469950 97.0 958
1717963480051 97.0 959
1717963490155 97.0 960
1717963500252 97.0 961
1717963510363 97.0 962
1717963520464 97.0 963
1717963530559 97.0 964
1717963540614 96.0 965
1717963550722 97.0 966
1717963560837 97.0 967
1717963570893 93.0 968
1717963580989 95.0 969
1717963591095 97.0 970
1717963601204 97.0 971
1717963611266 95.0 972
1717963621326 97.0 973
1717963631410 95.0 974
1717963641500 97.0 975
1717963651581 97.0 976
1717963661630 95.0 977
1717963671726 97.0 978
1717963681818 96.0 979
1717963691860 95.0 980
1717963701943 97.0 981
1717963712035 97.0 982
1717963722096 95.0 983
1717963732135 97.0 984
1717963742180 96.0 985
1717963752286 94.0 986
1717963762384 92.0 987
1717963772428 97.0 988
1717963782470 97.0 989
1717963792509 97.0 990
1717963802543 95.0 991
1717963812581 97.0 992
1717963822616 97.0 993
1717963832717 96.0 994
1717963842809 97.0 995
1717963852891 97.0 996
1717963862939 96.0 997
1717963873040 95.0 998
1717963883096 97.0 999
1717963893189 97.0 1000
1717963903248 97.0 1001
1717963913296 97.0 1002
1717963923396 95.0 1003
1717963933516 97.0 1004
1717963943563 90.0 1005
1717963953649 97.0 1006
1717963963939 97.0 1007
1717963974026 4.0 1008
1717963984090 97.0 1009
1717963994138 97.0 1010
1717964004224 96.0 1011
1717964014263 97.0 1012
1717964024347 97.0 1013
1717964034449 93.0 1014
1717964044536 97.0 1015
1717964054584 97.0 1016
1717964064678 97.0 1017
1717964074782 97.0 1018
1717964084893 97.0 1019
1717964094992 97.0 1020
1717964105032 97.0 1021
1717964115137 97.0 1022
1717964125240 97.0 1023
1717964135282 93.0 1024
1717964145365 96.0 1025
1717964155453 95.0 1026
1717964165502 97.0 1027
1717964175588 97.0 1028
1717964185673 95.0 1029
1717964195712 97.0 1030
1717964205755 96.0 1031
1717964215832 97.0 1032
1717964225868 97.0 1033
1717964235967 96.0 1034
1717964246054 97.0 1035
1717964256101 97.0 1036
1717964266185 95.0 1037
1717964276277 97.0 1038
1717964286327 97.0 1039
1717964296366 97.0 1040
1717964306416 97.0 1041
1717964316830 93.0 1042
1717964326870 5.0 1043
1717964336905 97.0 1044
1717964346940 96.0 1045
1717964356984 97.0 1046
1717964367025 96.0 1047
1717964377059 96.0 1048
1717964387095 95.0 1049
1717964397141 97.0 1050
1717964407235 96.0 1051
1717964417334 96.0 1052
1717964427402 97.0 1053
1717964437502 96.0 1054
1717964447609 97.0 1055
1717964457674 97.0 1056
1717964467780 96.0 1057
1717964477886 97.0 1058
1717964487993 97.0 1059
1717964498046 97.0 1060
1717964508095 93.0 1061
1717964518199 97.0 1062
1717964528322 97.0 1063
1717964538373 97.0 1064
1717964548470 97.0 1065
1717964558581 96.0 1066
1717964568683 97.0 1067
1717964578742 97.0 1068
1717964588830 95.0 1069
1717964598927 97.0 1070
1717964608968 96.0 1071
1717964619091 97.0 1072
1717964629206 97.0 1073
1717964639315 95.0 1074
1717964649417 97.0 1075
1717964659475 96.0 1076
1717964669569 95.0 1077
1717964679679 97.0 1078
1717964689728 91.0 1079
1717964699814 97.0 1080
1717964709916 97.0 1081
1717964720003 97.0 1082
1717964730044 97.0 1083
1717964740145 97.0 1084
1717964750236 97.0 1085
1717964760281 96.0 1086
1717964770328 97.0 1087
1717964780442 97.0 1088
1717964790531 94.0 1089
1717964800571 97.0 1090
1717964810619 97.0 1091
1717964820684 96.0 1092
1717964830772 97.0 1093
1717964840856 97.0 1094
1717964850930 92.0 1095
1717964861043 97.0 1096
1717964871166 97.0 1097
