1717953840600 0.0 0
1717953850626 0.0 1
1717953860645 0.004403000000820612 2
1717953870659 0.004462999999304884 3
1717953880675 0.004641999999876134 4
1717953890734 0.004641999999876134 5
1717953900751 0.004843000000619213 6
1717953910762 0.004843000000619213 7
1717953920773 0.009296000000176718 8
1717953930785 0.009296000000176718 9
1717953940796 0.00955699999940407 10
1717953950808 0.030447999999523745 11
1717953960867 0.030566999999791733 12
1717953970890 0.040103999999701045 13
1717953980907 0.04440699999940989 14
1717953990922 0.04450700000052166 15
1717954000938 0.06329700000060257 16
1717954010960 0.06329700000060257 17
1717954020977 0.0645700000004581 18
1717954030996 0.06465200000093319 19
1717954041014 0.06896799999958603 20
1717954051038 0.06902799999988929 21
1717954061051 0.06931000000076892 22
1717954071067 0.06952599999931408 23
1717954081130 0.06952599999931408 24
1717954091146 0.06971800000064832 25
1717954101159 0.07390200000008917 26
1717954111170 0.07472100000086357 27
1717954121182 0.07517300000108662 28
1717954131202 0.0752809999994497 29
1717954141215 0.07570099999975355 30
1717954151228 0.07617799999934505 31
1717954161251 0.08042200000090816 32
1717954171265 0.08042200000090816 33
1717954181310 0.08048199999939243 34
1717954191324 0.08048199999939243 35
1717954201347 0.08048199999939243 36
1717954211359 0.08048199999939243 37
1717954221372 0.08472600000095554 38
1717954231386 0.08472600000095554 39
1717954241400 0.08488600000055158 40
1717954251414 0.08488600000055158 41
1717954261428 0.08488600000055158 42
1717954271442 0.08494600000085484 43
1717954281456 0.0892760000006092 44
1717954291481 0.08942799999931594 45
1717954301543 0.10830200000054901 46
1717954311567 0.10865499999999884 47
1717954321591 0.10968300000058662 48
1717954331645 0.10968300000058662 49
1717954341661 0.11399900000105845 50
1717954351708 0.11405899999954272 51
1717954361723 0.11411899999984598 52
1717954371737 0.11421900000095775 53
1717954381754 0.11421900000095775 54
1717954392266 0.114411000000473 55
1717954402281 0.11920900000041001 56
1717954412299 0.11996200000066892 57
1717954422322 0.1203800000002957 58
1717954432337 0.1203800000002957 59
1717954442352 0.1203800000002957 60
1717954452366 0.1203800000002957 61
1717954462381 0.12456399999973655 62
1717954472394 0.12462400000003981 63
1717954482417 0.12468400000034308 64
1717954492442 0.12478399999963585 65
1717954502458 0.12478399999963585 66
1717954512515 0.12478399999963585 67
1717954522530 0.12902799999937997 68
1717954532553 0.12902799999937997 69
1717954542571 0.12908799999968323 70
1717954552635 0.12908799999968323 71
1717954562662 0.1291479999999865 72
1717954572679 0.1291479999999865 73
1717954582705 0.13333199999942735 74
1717954592723 0.14249399999971502 75
1717954602738 0.15176199999950768 76
1717954612757 0.15176199999950768 77
1717954622776 0.15288999999938824 78
1717954632846 0.1529499999996915 79
1717954642861 0.15726600000016333 80
1717954652895 0.15726600000016333 81
1717954662913 0.1573260000004666 82
1717954672932 0.15738600000076985 83
1717954682948 0.15745199999946635 84
1717954692965 0.1575780000002851 85
1717954702980 0.16176199999972596 86
1717954712995 0.1625110000004497 87
1717954723011 0.16280300000107673 88
1717954733026 0.16292900000007648 89
1717954743041 0.16302899999936926 90
1717954753071 0.16302899999936926 91
1717954763092 0.1672130000006291 92
1717954773121 0.1672130000006291 93
1717954783138 0.16727300000093237 94
1717954793152 0.16733299999941664 95
1717954803173 0.16733299999941664 96
1717954813238 0.16733299999941664 97
1717954823254 0.17157700000097975 98
1717954833270 0.17157700000097975 99
1717954843289 0.2289890000010928 100
1717954853309 0.24820100000033563 101
1717954863327 0.248316999999588 102
1717954873340 0.2723650000007183 103
1717954883355 0.29757600000084494 104
1717954893370 0.3300469999994675 105
1717954903383 0.3312230000010459 106
1717954913397 0.33128299999953015 107
1717954923410 0.3323770000006334 108
1717954933425 0.3323770000006334 109
1717954943447 0.33669300000110525 110
1717954953467 0.33669300000110525 111
1717954963481 0.33669300000110525 112
1717954973495 0.336819000000105 113
1717954983509 0.3368850000006205 114
1717954993525 0.33701099999962025 115
1717955003542 0.3414150000007794 116
1717955013563 0.34248500000103377 117
1717955023577 0.34308600000076694 118
1717955033646 0.3431460000010702 119
1717955043703 0.3434460000007675 120
1717955053748 0.3436860000001616 121
1717955063763 0.34786999999960244 122
1717955073829 0.34786999999960244 123
1717955083845 0.3484339999995427 124
1717955093910 0.348493999999846 125
1717955103978 0.348493999999846 126
1717955114051 0.348493999999846 127
1717955124110 0.35283800000070187 128
1717955134178 0.35283800000070187 129
1717955144225 0.35283800000070187 130
1717955154294 0.35289800000100513 131
1717955164361 0.35289800000100513 132
1717955174377 0.3529579999994894 133
1717955184406 0.35714200000074925 134
1717955194425 0.3665020000007644 135
1717955204486 0.3829459999997198 136
1717955214507 0.38300600000002305 137
1717955224566 0.38403400000061083 138
1717955234624 0.3840940000009141 139
1717955244695 0.3884760000000824 140
1717955254765 0.3885759999993752 141
1717955264837 0.38863599999967846 142
1717955274899 0.3886959999999817 143
1717955284962 0.3887620000004972 144
1717955294981 0.38895400000001246 145
1717955305043 0.3931379999994533 146
1717955315117 0.3938909999997122 147
1717955325134 0.394308999999339 148
1717955335196 0.394308999999339 149
1717955345262 0.39436899999964226 150
1717955355280 0.39436899999964226 151
1717955365298 0.3985530000009021 152
1717955375357 0.3986530000001949 153
1717955385426 0.39871300000049814 154
1717955395500 0.39871300000049814 155
1717955405568 0.3987730000008014 156
1717955415585 0.3987730000008014 157
1717955425658 0.40295700000024226 158
1717955435682 0.40295700000024226 159
1717955445706 0.4030170000005455 160
1717955455729 0.4030170000005455 161
1717955465806 0.4031969999996363 162
1717955475875 0.4031969999996363 163
1717955485894 0.40738100000089617 164
1717955495974 0.42592599999989034 165
1717955506045 0.4260260000010021 166
1717955516124 0.4260260000010021 167
1717955526140 0.42711400000007416 168
1717955536155 0.42711400000007416 169
1717955546176 0.43149000000084925 170
1717955556191 0.43149000000084925 171
1717955566221 0.43149000000084925 172
1717955576241 0.43149000000084925 173
1717955586259 0.4316820000003645 174
1717955596285 0.43174200000066776 175
1717955606359 0.4359260000001086 176
1717955616383 0.43667500000083237 177
1717955626451 0.43713299999944866 178
1717955636524 0.43713299999944866 179
1717955646589 0.4371929999997519 180
1717955656616 0.4371929999997519 181
1717955666686 0.44137700000101177 182
1717955676756 0.44143699999949604 183
1717955686774 0.44143699999949604 184
1717955696798 0.44143699999949604 185
1717955706816 0.4414969999997993 186
1717955716891 0.4414969999997993 187
1717955726960 0.44568100000105915 188
1717955737020 0.44568100000105915 189
1717955747085 0.46668700000009267 190
1717955757160 0.46678699999938544 191
1717955767178 0.4673509999993257 192
1717955777242 0.4673509999993257 193
1717955787326 0.47153500000058557 194
1717955797403 0.4901559999998426 195
1717955807441 0.4901559999998426 196
1717955817462 0.4901559999998426 197
1717955827530 0.4913040000010369 198
1717955837562 0.4913040000010369 199
1717955847626 0.49561999999968975 200
1717955857689 0.49561999999968975 201
1717955867757 0.49561999999968975 202
1717955877830 0.4957200000008015 203
1717955887904 0.4958520000000135 204
1717955897978 0.49591200000031677 205
1717955907998 0.5113020000007964 206
1717955918062 0.5120509999997012 207
1717955928125 0.5122830000000249 208
1717955938202 0.5123430000003282 209
1717955948275 0.5125950000001467 210
1717955958334 0.512894999999844 211
1717955968413 0.5170790000011039 212
1717955978433 0.5172290000009525 213
1717955988454 0.5172290000009525 214
1717955998521 0.5174210000004678 215
1717956008594 0.5175209999997605 216
1717956018672 0.5175209999997605 217
1717956028757 0.5217649999995047 218
1717956038821 0.5218910000003234 219
1717956048900 0.5218910000003234 220
1717956058927 0.5219510000006267 221
1717956068990 0.5219510000006267 222
1717956079053 0.5219510000006267 223
1717956089073 0.5261950000003708 224
1717956099120 0.5261950000003708 225
1717956109141 0.5261950000003708 226
1717956119161 0.526255000000674 227
1717956129181 0.5274430000008579 228
1717956139216 0.5274430000008579 229
1717956149294 0.5316270000002987 230
1717956159375 0.531687000000602 231
1717956169437 0.531687000000602 232
1717956179517 0.5317470000009052 233
1717956189543 0.5317470000009052 234
1717956199565 0.543031000001065 235
1717956209637 0.5618200000008073 236
1717956219665 0.5626329999995505 237
1717956229685 0.5628649999998743 238
1717956239755 0.5628649999998743 239
1717956249820 0.5630629999996017 240
1717956259841 0.5652790000003733 241
1717956269920 0.5674070000004576 242
1717956279989 0.5674670000007609 243
1717956290051 0.5675329999994574 244
1717956300082 0.5677250000007916 245
1717956310150 0.5677250000007916 246
1717956320173 0.5697810000001482 247
1717956330194 0.5720949999995355 248
1717956340213 0.5721549999998388 249
1717956350291 0.5721549999998388 250
1717956360320 0.5721549999998388 251
1717956370347 0.5721549999998388 252
1717956380369 0.6038650000009511 253
1717956390443 0.617921999999453 254
1717956400463 0.6179819999997562 255
1717956410530 0.6186899999993329 256
1717956420591 0.6187559999998484 257
1717956430655 0.6197840000004362 258
1717956440692 0.6244719999995141 259
1717956450780 0.6244719999995141 260
1717956460857 0.6245319999998173 261
1717956470934 0.6249010000010458 262
1717956480986 0.6249010000010458 263
1717956491007 0.6249010000010458 264
1717956501080 0.640056000000186 265
1717956511106 0.6490580000008777 266
1717956521138 0.6491839999998774 267
1717956531207 0.6494160000002012 268
1717956541279 0.6494160000002012 269
1717956551320 0.6495479999994132 270
1717956561406 0.653732000000673 271
1717956571485 0.653732000000673 272
1717956581575 0.6537920000009763 273
1717956591606 0.6538579999996728 274
1717956601683 0.6539840000004915 275
1717956611754 0.6539840000004915 276
1717956621785 0.6581679999999324 277
1717956631830 0.6582940000007511 278
1717956641897 0.6932300000007672 279
1717956651923 0.7259940000003553 280
1717956661949 0.7334270000010292 281
1717956671998 0.7334270000010292 282
1717956682017 0.7376110000004701 283
1717956692037 0.7376110000004701 284
1717956702059 0.7376710000007733 285
1717956712139 0.7376710000007733 286
1717956722181 0.7386989999995421 287
1717956732254 0.7387589999998454 288
1717956742331 0.7429430000011052 289
1717956752398 0.7429430000011052 290
1717956762483 0.7431030000007013 291
1717956772549 0.7431630000010045 292
1717956782573 0.7431630000010045 293
1717956792619 0.7431630000010045 294
1717956802692 0.7732159999995929 295
1717956812782 0.7739689999998518 296
1717956822804 0.7742610000004788 297
1717956832885 0.7742610000004788 298
1717956842958 0.7742610000004788 299
1717956853035 0.7745190000005095 300
1717956863059 0.779062999999951 301
1717956873130 0.779062999999951 302
1717956883196 0.779062999999951 303
1717956893218 0.7792289999997593 304
1717956903238 0.779779000000417 305
1717956913306 0.781079000000318 306
1717956923374 0.7853230000000622 307
1717956933398 0.7857210000001942 308
1717956943463 0.7860569999993459 309
1717956953532 0.7876269999997021 310
1717956963570 0.7878209999998944 311
1717956973640 0.7880330000007234 312
1717956983715 0.7926129999996192 313
1717956993789 0.7934070000010252 314
1717957003810 0.7936009999993985 315
1717957013888 0.7949650000009569 316
1717957023963 0.7964539999993576 317
1717957034048 0.7965139999996609 318
1717957044079 0.8006980000009207 319
1717957054160 0.8006980000009207 320
1717957064246 0.8006980000009207 321
1717957074322 0.800757999999405 322
1717957084385 0.800757999999405 323
1717957094405 0.800757999999405 324
1717957104481 0.8235530000001745 325
1717957114522 0.8243020000008983 326
1717957124600 0.825038000000859 327
1717957134684 0.825038000000859 328
1717957144759 0.8254280000001017 329
1717957154789 0.825619999999617 330
1717957164863 0.8298040000008768 331
1717957174944 0.8298040000008768 332
1717957184981 0.8302590000002965 333
1717957195062 0.8303909999995085 334
1717957205084 0.8306630000006407 335
1717957215102 0.8306630000006407 336
1717957225122 0.8351189999993949 337
1717957235140 0.8351849999999104 338
1717957245159 0.8351849999999104 339
1717957255179 0.8351849999999104 340
1717957265205 0.8352850000010221 341
1717957275288 0.8352850000010221 342
1717957285353 0.8395290000007662 343
1717957295434 0.8395970000001398 344
1717957305519 0.8395970000001398 345
1717957315554 0.8395970000001398 346
1717957325584 0.8406250000007276 347
1717957335603 0.8593120000005001 348
1717957345628 24.50276500000109 349
1717957355659 67.23576800000046 350
1717957365690 112.19237600000088 351
1717957375721 170.59920500000044 352
1717957385747 190.60367299999962 353
1717957395782 190.69022600000062 354
1717957405812 190.76354700000047 355
1717957415846 190.80499100000088 356
1717957425875 191.1072409999997 357
1717957435961 206.05070700000033 358
1717957445991 207.93312400000104 359
1717957456036 210.77369999999974 360
1717957466069 224.05009600000085 361
1717957476099 230.74661399999968 362
1717957486132 234.28587999999945 363
1717957496162 241.2186780000011 364
1717957506198 253.72735199999988 365
1717957516221 260.11453600000095 366
1717957526246 266.75083000000086 367
1717957536325 270.79280800000015 368
1717957546360 275.7237750000004 369
1717957556437 281.66347099999984 370
1717957566521 287.2882609999997 371
1717957576561 305.84612500000003 372
1717957586594 308.5070109999997 373
1717957596623 308.5357559999993 374
1717957606654 318.28150900000037 375
1717957616685 326.4062909999993 376
1717957626716 335.9615610000001 377
1717957636748 342.42694500000107 378
1717957646771 346.9756159999997 379
1717957656802 354.14477199999965 380
1717957666875 359.0588719999996 381
1717957676964 359.0971730000001 382
1717957686992 359.19738400000097 383
1717957697029 362.2862380000006 384
1717957707068 368.5436920000011 385
1717957717094 379.71733099999983 386
1717957727144 383.02910300000076 387
1717957737187 383.67802200000006 388
1717957747216 386.3900020000001 389
1717957757245 393.85409400000026 390
1717957767268 393.94607200000064 391
1717957777305 395.2737529999995 392
1717957787329 410.2819589999999 393
1717957797355 419.6733349999995 394
1717957807384 420.9996119999996 395
1717957817409 421.198448000001 396
1717957827443 421.3518690000001 397
1717957837477 423.68955500000084 398
1717957847511 427.41097699999955 399
1717957857548 427.8825109999998 400
1717957867575 427.90143499999976 401
1717957877615 427.9492850000006 402
1717957887650 428.0404660000004 403
1717957897677 428.0597429999998 404
1717957907707 432.2270320000007 405
1717957917750 437.26895800000057 406
1717957927784 444.5213469999999 407
1717957937811 456.8302530000001 408
1717957947840 465.0169470000001 409
1717957957922 470.98153699999966 410
1717957968004 481.71373499999936 411
1717957978032 488.4377660000009 412
1717957988116 499.35643100000016 413
1717957998142 499.36284499999965 414
1717958008181 507.7573940000002 415
1717958018222 511.373160000001 416
1717958028253 516.2663850000008 417
1717958038282 523.3458460000002 418
1717958048313 523.3532379999997 419
1717958058361 534.6518820000001 420
1717958068420 534.6722979999995 421
1717958078456 545.7699690000009 422
1717958088486 545.7735830000001 423
1717958098524 559.8091839999997 424
1717958108595 559.811466000001 425
1717958118626 572.1928710000011 426
1717958128696 572.2173170000005 427
1717958138773 584.3627529999994 428
1717958148802 584.3703640000003 429
1717958158882 585.7725100000007 430
1717958168976 595.7567070000005 431
1717958179017 607.1725580000002 432
1717958189066 607.1820399999997 433
1717958199157 618.5956330000008 434
1717958209197 620.2177549999997 435
1717958219229 620.2243880000005 436
1717958229264 632.766477000001 437
1717958239293 632.7785669999994 438
1717958249372 645.9234909999996 439
1717958259417 645.9357490000002 440
1717958269466 658.9339949999994 441
1717958279501 658.9395380000005 442
1717958289578 671.5396849999997 443
1717958299607 671.5476170000002 444
1717958309643 671.5613489999996 445
1717958319723 684.0973979999999 446
1717958329753 684.0998410000011 447
1717958339788 691.9866610000008 448
1717958349872 691.988569000001 449
1717958359904 699.8317619999998 450
1717958369989 699.8472729999994 451
1717958380029 712.8486499999999 452
1717958390113 712.8505939999995 453
1717958400148 724.0873570000003 454
1717958410174 724.0974019999994 455
1717958420196 724.1166260000009 456
1717958430225 724.1322770000006 457
1717958440246 731.087023 458
1717958450277 731.1171040000008 459
1717958460300 742.0195359999998 460
1717958470328 742.0254999999997 461
1717958480360 752.6798170000002 462
1717958490390 752.6863190000004 463
1717958500422 762.5376880000003 464
1717958510524 762.567051 465
1717958520557 773.107492000001 466
1717958530598 773.1175860000003 467
1717958540683 782.7441469999994 468
1717958550765 782.7735979999998 469
1717958560800 792.1764739999999 470
1717958570841 792.1870030000009 471
1717958580884 792.2166630000011 472
1717958590914 792.2428540000001 473
1717958600962 792.3036969999994 474
1717958610999 792.4167730000008 475
1717958621037 792.4280859999999 476
1717958631130 792.4324429999997 477
1717958641160 792.9193539999997 478
1717958651200 792.9208859999999 479
1717958661293 792.9295480000001 480
1717958671319 793.1813199999997 481
1717958681354 795.969685 482
1717958691439 803.165774000001 483
1717958701464 803.1700569999994 484
1717958711551 814.4434020000008 485
1717958721580 815.0386130000006 486
1717958731665 824.1661370000002 487
1717958741712 824.1672350000008 488
1717958751751 834.085602000001 489
1717958761790 834.0901429999994 490
1717958771873 834.0964980000008 491
1717958781908 844.5621499999997 492
1717958791999 844.5774290000008 493
1717958802034 853.4289700000008 494
1717958812062 853.4329630000011 495
1717958822097 863.0988400000006 496
1717958832129 864.6037099999994 497
1717958842158 866.3835250000011 498
1717958852192 878.1544979999999 499
1717958862219 878.162112 500
1717958872251 890.4874350000009 501
1717958882323 890.4951799999999 502
1717958892395 904.5321089999998 503
1717958902438 904.559604 504
1717958912466 911.673041 505
1717958922509 919.1656920000005 506
1717958932572 919.1703670000006 507
1717958942659 934.6299930000005 508
1717958952690 934.6465950000002 509
1717958962788 934.9683349999996 510
1717958972869 949.599873000001 511
1717958982949 949.6221000000005 512
1717958992990 960.4502219999995 513
1717959003017 960.460067 514
1717959013053 960.4612980000002 515
1717959023140 974.5648409999994 516
1717959033182 974.5815010000006 517
1717959043219 974.593710000001 518
1717959053244 974.6578920000011 519
1717959063268 974.8313390000003 520
1717959073309 987.5422230000004 521
1717959083339 987.6624979999997 522
1717959093363 987.6680250000009 523
1717959103398 1000.7270260000005 524
1717959113437 1000.7358540000005 525
1717959123484 1013.7195809999994 526
1717959133517 1013.7228799999993 527
1717959143565 1027.059333000001 528
1717959153606 1027.0778329999994 529
1717959163641 1037.1127500000002 530
1717959173728 1037.1190910000005 531
1717959183756 1037.1431489999995 532
1717959193796 1051.0963800000009 533
1717959203897 1051.3094739999997 534
1717959213949 1063.6483740000003 535
1717959223987 1063.6536510000005 536
1717959234078 1076.9361840000001 537
1717959244120 1076.938725 538
1717959254165 1090.7950110000002 539
1717959264211 1090.8224200000004 540
1717959274252 1090.8277390000003 541
1717959284295 1104.4703979999995 542
1717959294335 1104.4733350000006 543
1717959304364 1117.1132890000008 544
1717959314405 1117.1183230000006 545
1717959324492 1129.0527820000007 546
1717959334541 1129.0572919999995 547
1717959344575 1141.5628290000004 548
1717959354625 1141.5811300000005 549
1717959364673 1155.23063 550
1717959374707 1155.2624780000006 551
1717959384745 1165.3935390000006 552
1717959394779 1166.2183239999995 553
1717959404807 1166.2690839999996 554
1717959414850 1179.7464049999999 555
1717959424895 1179.756856 556
1717959434934 1192.5558660000006 557
1717959445021 1192.5903309999994 558
1717959455073 1205.0329849999998 559
1717959465149 1205.0471710000002 560
1717959475190 1211.992115000001 561
1717959485219 1217.0884769999993 562
1717959495265 1221.6586480000005 563
1717959505319 1230.084979000001 564
1717959515412 1230.125188 565
1717959525461 1244.3704300000009 566
1717959535501 1244.3729349999994 567
1717959545531 1256.2356049999999 568
1717959555612 1256.2785779999995 569
1717959565701 1256.7911839999997 570
1717959575750 1268.1175409999996 571
1717959585784 1268.1214650000002 572
1717959595824 1280.574931000001 573
1717959605869 1280.5967220000002 574
1717959615918 1294.6749880000007 575
1717959625965 1294.6885249999996 576
1717959635998 1308.0964949999998 577
1717959646307 1308.1023700000005 578
1717959656561 1308.1061989999998 579
1717959666593 1322.8859510000002 580
1717959676624 1322.9320040000002 581
1717959686656 1334.5252980000005 582
1717959696700 1334.5775709999998 583
1717959706731 1344.7113169999993 584
1717959716767 1347.3713389999994 585
1717959726854 1347.3816349999997 586
1717959736891 1359.7409069999994 587
1717959746930 1359.7484960000002 588
1717959756976 1359.7657490000001 589
1717959767007 1371.579283000001 590
1717959777045 1371.6018280000008 591
1717959787128 1383.3216429999993 592
1717959797215 1383.3246369999997 593
1717959807246 1397.8033329999998 594
1717959817300 1397.8084780000008 595
1717959827329 1405.7798509999993 596
1717959837378 1412.1243730000006 597
1717959847418 1412.1303970000008 598
1717959857460 1412.1327739999997 599
1717959867494 1412.162359 600
1717959877529 1412.1675539999997 601
1717959887565 1418.572153000001 602
1717959897645 1423.0060489999996 603
1717959907678 1429.4819970000008 604
1717959917713 1433.8683330000003 605
1717959927761 1433.901788000001 606
1717959937807 1440.4420890000001 607
1717959947849 1446.7008760000008 608
1717959957943 1448.5891850000007 609
1717959968018 1458.7754550000009 610
1717959978061 1473.2347420000006 611
1717959988149 1474.960024 612
1717959998243 1474.9650029999993 613
1717960008293 1487.635013000001 614
1717960018337 1487.6410030000006 615
1717960028375 1500.7460809999993 616
1717960038406 1500.7517160000007 617
1717960048453 1513.8252759999996 618
1717960058496 1513.8305999999993 619
1717960068532 1525.8096750000004 620
1717960078574 1528.890007 621
1717960088620 1528.894389000001 622
1717960098656 1528.8954460000004 623
1717960108705 1528.9179430000004 624
1717960118746 1528.9230879999996 625
1717960128797 1528.9320860000007 626
1717960138842 1528.938666 627
1717960148877 1529.1976410000007 628
1717960158929 1553.1582280000002 629
1717960168983 1553.1666100000002 630
1717960179068 1553.259666 631
1717960189110 1557.9075310000007 632
1717960199159 1562.814171 633
1717960209197 1576.071113 634
1717960219243 1576.0794060000007 635
1717960229337 1588.3582779999997 636
1717960239422 1588.4011210000008 637
1717960249459 1594.6426140000003 638
1717960259497 1594.6624219999994 639
1717960269537 1599.6678410000004 640
1717960279565 1602.7849210000004 641
1717960289603 1603.0240140000005 642
1717960299638 1616.3001380000005 643
1717960309676 1616.305252 644
1717960319703 1626.8078509999996 645
1717960329740 1626.8548840000003 646
1717960339779 1629.5928349999995 647
1717960349827 1638.801773000001 648
1717960359914 1638.8481659999998 649
1717960369959 1638.8780910000005 650
1717960379995 1638.888352 651
1717960390032 1638.8931539999994 652
1717960400088 1651.0544310000005 653
1717960410127 1651.0621890000002 654
1717960420175 1653.5085500000005 655
1717960430219 1653.5110939999995 656
1717960440265 1653.5203070000007 657
1717960450305 1653.5229959999997 658
1717960460353 1653.5811549999999 659
1717960470442 1653.589089000001 660
1717960480504 1653.597149000001 661
1717960490542 1653.6035809999994 662
1717960500585 1653.688059 663
1717960510673 1653.7066379999997 664
1717960520710 1653.8147600000011 665
1717960530830 1654.4886989999995 666
1717960540864 1666.1454360000007 667
1717960550954 1677.033891000001 668
1717960561043 1684.173116 669
1717960571086 1694.9580719999994 670
1717960581123 1704.3325299999997 671
1717960591154 1714.9108379999998 672
1717960601255 1718.2961759999998 673
1717960611333 1725.9097710000005 674
1717960621367 1725.9174889999995 675
1717960631399 1738.8324570000004 676
1717960641435 1738.8485340000007 677
1717960651489 1752.221246000001 678
1717960661526 1752.2248490000002 679
1717960671605 1765.2546820000007 680
1717960681648 1765.260561000001 681
1717960691684 1765.2702829999998 682
1717960701769 1779.4679410000008 683
1717960711870 1779.520568 684
1717960721911 1792.4991360000004 685
1717960731953 1792.5354819999993 686
1717960742047 1804.7140010000003 687
1717960752082 1804.7248600000003 688
1717960762116 1807.087961000001 689
1717960772161 1816.2052139999996 690
1717960782216 1816.227433 691
1717960792253 1828.505306000001 692
1717960802286 1828.517374000001 693
1717960812320 1841.3044869999994 694
1717960822353 1841.3160590000007 695
1717960832390 1850.9242840000006 696
1717960842433 1850.9374509999998 697
1717960852472 1853.6106259999997 698
1717960862524 1864.7232980000008 699
1717960872577 1865.2557670000006 700
1717960882614 1880.7897599999997 701
1717960892653 1882.4337410000007 702
1717960902681 1892.6411819999994 703
1717960912718 1894.5583810000007 704
1717960922752 1904.774037000001 705
1717960932780 1908.3175570000003 706
1717960942815 1909.276111000001 707
1717960952848 1921.3084440000002 708
1717960962933 1921.5241210000004 709
1717960973024 1932.0876740000003 710
1717960983062 1932.140628000001 711
1717960993135 1939.9910070000005 712
1717961003172 1940.0281080000004 713
1717961013206 1952.2977580000006 714
1717961023241 1952.305647000001 715
1717961033339 1952.3080339999997 716
1717961043373 1952.3161450000007 717
1717961053447 1952.3179789999995 718
1717961063552 1952.3207330000005 719
1717961073590 1952.3329549999999 720
1717961083626 1952.3443270000007 721
1717961093661 1952.356135 722
1717961103694 1952.3675320000002 723
1717961113774 1952.3909550000008 724
1717961123812 1952.416978000001 725
1717961133850 1953.5847279999998 726
1717961143888 1956.8573500000002 727
1717961153929 1956.8883960000003 728
1717961163980 1956.8932970000005 729
1717961174013 1957.921515 730
1717961184110 1968.551501 731
1717961194149 1968.805703 732
1717961204195 1981.9415630000003 733
1717961214307 1981.9446430000007 734
1717961224366 1990.1043019999997 735
1717961234409 1990.1155880000006 736
1717961244446 2000.1658470000002 737
1717961254495 2000.1890189999995 738
1717961264565 2000.1949750000003 739
1717961274597 2012.0923349999994 740
1717961284635 2012.0995939999993 741
1717961294682 2025.1286380000001 742
1717961304774 2025.1387670000004 743
1717961314834 2033.955503000001 744
1717961324882 2037.484566000001 745
1717961334922 2037.485885 746
1717961344972 2051.1299230000004 747
1717961355027 2051.1409330000006 748
1717961365074 2051.7550470000006 749
1717961375128 2062.4108770000003 750
1717961385169 2066.3446910000002 751
1717961395203 2073.2543399999995 752
1717961405257 2073.2615260000002 753
1717961415296 2084.3022309999997 754
1717961425340 2084.3141109999997 755
1717961435442 2096.6078350000007 756
1717961445489 2096.6171510000004 757
1717961455537 2096.619845000001 758
1717961465585 2096.6324490000006 759
1717961475696 2096.6386089999996 760
1717961485727 2096.657741000001 761
1717961495756 2096.883135 762
1717961505786 2096.890324 763
1717961515822 2107.5419760000004 764
1717961525861 2107.762087000001 765
1717961535891 2117.968734 766
1717961545923 2118.0322940000005 767
1717961555958 2128.010609000001 768
1717961565991 2128.352814 769
1717961576039 2137.6814940000004 770
1717961586140 2137.698733000001 771
1717961596188 2137.874783000001 772
1717961606240 2138.0524860000005 773
1717961616280 2138.9426550000007 774
1717961626360 2145.8923140000006 775
1717961636440 2146.634938000001 776
1717961646489 2154.5527999999995 777
1717961656556 2154.556343 778
1717961666605 2161.927283000001 779
1717961676665 2161.9335310000006 780
1717961686707 2167.618155 781
1717961696806 2167.6448180000007 782
1717961706855 2171.6075880000008 783
1717961716915 2175.8866020000005 784
1717961726953 2180.6693990000003 785
1717961737041 2186.418713000001 786
1717961747125 2189.6787380000005 787
1717961757231 2194.385059 788
1717961767281 2194.3880599999993 789
1717961777324 2204.1087850000004 790
1717961787357 2204.118563 791
1717961797634 2212.0789170000007 792
1717961807673 2215.071524000001 793
1717961817710 2215.139242000001 794
1717961827744 2215.2391389999993 795
1717961837794 2215.2411740000007 796
1717961847829 2215.2483759999996 797
1717961857862 2235.7852700000003 798
1717961867909 2274.176708000001 799
1717961877968 2312.4889760000005 800
1717961888025 2352.787905000001 801
1717961898079 2370.953915 802
1717961908118 2370.9697799999994 803
1717961918156 2370.9728990000003 804
1717961928195 2370.973411000001 805
1717961938281 2370.973411000001 806
1717961948331 2370.973411000001 807
1717961958367 2370.973543 808
1717961968455 2370.9777269999995 809
1717961978552 2370.9777269999995 810
1717961988608 2370.9777269999995 811
1717961998647 2370.977793 812
1717962008732 2370.9779789999993 813
1717962018822 2370.9779789999993 814
1717962028861 2370.9821630000006 815
1717962038949 2371.003963000001 816
1717962049027 2371.0465399999994 817
1717962059125 2371.062334 818
1717962069181 2371.0623940000005 819
1717962079215 2371.0623940000005 820
1717962089262 2371.0666380000002 821
1717962099299 2371.0666380000002 822
1717962109329 2371.0666380000002 823
1717962119375 2371.066788 824
1717962129410 2371.067876000001 825
1717962139441 2371.067876000001 826
1717962149476 2371.0720600000004 827
1717962159573 2371.0720600000004 828
1717962169624 2371.0720600000004 829
1717962179709 2371.07222 830
1717962189811 2371.0722800000003 831
1717962199856 2371.0722800000003 832
1717962209956 2371.085626 833
1717962220061 2371.095778000001 834
1717962230164 2371.0962529999997 835
1717962240207 2371.096313 836
1717962250295 2371.0963730000003 837
1717962260394 2371.096565 838
1717962270478 2371.100749000001 839
1717962280520 2371.100749000001 840
1717962290610 2371.100869 841
1717962300713 2371.1012950000004 842
1717962310809 2371.101581000001 843
1717962320856 2371.101581000001 844
1717962330953 2371.1057650000002 845
1717962341052 2371.105891000001 846
1717962351103 2371.1059509999995 847
1717962361187 2371.1059509999995 848
1717962371271 2371.106011 849
1717962381343 2371.135521 850
1717962391395 2371.1528020000005 851
1717962401484 2371.1528020000005 852
1717962411583 2371.1534439999996 853
1717962421691 2371.154472 854
1717962431741 2371.1546980000003 855
1717962441837 2371.1546980000003 856
1717962451927 2371.1588819999997 857
1717962462016 2371.1588819999997 858
1717962472099 2371.1589480000002 859
1717962482188 2371.1590080000005 860
1717962492292 2371.159068000001 861
1717962502354 2371.1591279999993 862
1717962512408 2371.184655000001 863
1717962522511 2371.184655000001 864
1717962532607 2371.1848869999994 865
1717962542658 2371.1848869999994 866
1717962552736 2371.1848869999994 867
1717962562846 2371.1852390000004 868
1717962572898 2371.189423 869
1717962582981 2371.1899269999994 870
1717962593082 2371.1899269999994 871
1717962603183 2371.1900590000005 872
1717962613278 2371.190119000001 873
1717962623329 2371.190119000001 874
1717962633434 2371.194303 875
1717962643554 2371.194429000001 876
1717962653594 2371.194429000001 877
1717962663634 2371.194429000001 878
1717962673667 2371.194429000001 879
1717962683704 2371.1945290000003 880
1717962693735 2371.198773 881
1717962703767 2371.198773 882
1717962713861 2371.198773 883
1717962723914 2371.1998010000007 884
1717962733952 2371.2001099999998 885
1717962744048 2371.2002300000004 886
1717962754133 2371.204517 887
1717962764187 2371.204517 888
1717962774281 2371.2046200000004 889
1717962784368 2371.2046800000007 890
1717962794420 2371.204783000001 891
1717962804484 2371.2048429999995 892
1717962814590 2371.2285470000006 893
1717962824696 2371.228779000001 894
1717962834939 2371.2288819999994 895
1717962845025 2371.2288819999994 896
1717962855117 2371.2290510000003 897
1717962865213 2371.2292369999996 898
1717962875269 2371.2335239999993 899
1717962885369 2371.2335239999993 900
1717962895463 2371.2335239999993 901
1717962905547 2371.2337160000006 902
1717962915649 2371.2337160000006 903
1717962925749 2371.235772 904
1717962935845 2371.2379999999994 905
1717962945906 2371.2593030000007 906
1717962956006 2371.259363000001 907
1717962966114 2371.2594659999995 908
1717962976209 2371.2594659999995 909
1717962986265 2371.261625000001 910
1717962996363 2371.264019 911
1717963006449 2371.264019 912
1717963016536 2371.264019 913
1717963026589 2371.265047000001 914
1717963036690 2371.265047000001 915
1717963046796 2371.269231 916
1717963056898 2371.269231 917
1717963066955 2371.2693309999995 918
1717963077059 2371.2693309999995 919
1717963087152 2371.269391 920
1717963097196 2371.269391 921
1717963107271 2371.273575000001 922
1717963117355 2371.2929870000007 923
1717963127451 2371.293219000001 924
1717963137492 2371.293219000001 925
1717963147598 2371.293219000001 926
1717963157716 2371.2933510000003 927
1717963167776 2371.297595 928
1717963177872 2371.297595 929
1717963187963 2371.297695000001 930
1717963198006 2371.297815 931
1717963208048 2371.2982470000006 932
1717963218083 2371.2982470000006 933
1717963228129 2371.302431 934
1717963238169 2371.3024910000004 935
1717963248204 2371.302557000001 936
1717963258236 2371.302866 937
1717963268273 2371.3031809999993 938
1717963278370 2371.3032839999996 939
1717963288469 2371.307468000001 940
1717963298557 2371.3075279999994 941
1717963308619 2371.3075279999994 942
1717963318704 2371.3076280000005 943
1717963328796 2371.308656000001 944
1717963338851 2371.308656000001 945
1717963348946 2371.3128400000005 946
1717963359043 2371.3128400000005 947
1717963369152 2371.3128400000005 948
1717963379261 2371.3128400000005 949
1717963389340 2371.312900000001 950
1717963399451 2371.312900000001 951
1717963409513 2371.326312000001 952
1717963419564 2371.3435879999997 953
1717963429602 2371.34382 954
1717963439700 2371.3439199999993 955
1717963449797 2371.3439199999993 956
1717963459852 2371.344118000001 957
1717963469950 2371.3483620000006 958
1717963480051 2371.3483620000006 959
1717963490155 2371.3483620000006 960
1717963500252 2371.3483620000006 961
1717963510363 2371.3486200000007 962
1717963520464 2371.3486200000007 963
1717963530559 2371.352804 964
1717963540614 2371.3529899999994 965
1717963550722 2371.3529899999994 966
1717963560837 2371.3529899999994 967
1717963570893 2371.3530900000005 968
1717963580989 2371.3530900000005 969
1717963591095 2371.357274 970
1717963601204 2371.3573340000003 971
1717963611266 2371.3573340000003 972
1717963621326 2371.358362000001 973
1717963631410 2371.3584219999993 974
1717963641500 2371.3584219999993 975
1717963651581 2371.3626060000006 976
1717963661630 2371.3626060000006 977
1717963671726 2371.362849000001 978
1717963681818 2371.362849000001 979
1717963691860 2371.3630090000006 980
1717963701943 2371.3630090000006 981
1717963712035 2371.3787250000005 982
1717963722096 2371.393621000001 983
1717963732135 2371.3938529999996 984
1717963742180 2371.393913 985
1717963752286 2371.393913 986
1717963762384 2371.3941109999996 987
1717963772428 2371.398295000001 988
1717963782470 2371.398295000001 989
1717963792509 2371.398295000001 990
1717963802543 2371.3983609999996 991
1717963812581 2371.398553000001 992
1717963822616 2371.398653 993
1717963832717 2371.4028369999996 994
1717963842809 2371.447655 995
1717963852891 2371.482771000001 996
1717963862939 2371.4834389999996 997
1717963873040 2371.4834389999996 998
1717963883096 2371.522634000001 999
1717963893189 2371.5386770000005 1000
1717963903248 2371.5386770000005 1001
1717963913296 2371.5394510000006 1002
1717963923396 2371.540605 1003
1717963933516 2371.540605 1004
1717963943563 2371.5407049999994 1005
1717963953649 2371.5454530000006 1006
1717963963939 2371.5454530000006 1007
1717963974026 2371.5455789999996 1008
1717963984090 2371.5455789999996 1009
1717963994138 2371.5455789999996 1010
1717964004224 2371.5456990000002 1011
1717964014263 2371.5696239999997 1012
1717964024347 2371.5699590000004 1013
1717964034449 2371.5702249999995 1014
1717964044536 2371.5702249999995 1015
1717964054584 2371.570328 1016
1717964064678 2371.5705199999993 1017
1717964074782 2371.574907 1018
1717964084893 2371.574907 1019
1717964094992 2371.575070000001 1020
1717964105032 2371.5754419999994 1021
1717964115137 2371.5757250000006 1022
1717964125240 2371.5757250000006 1023
1717964135282 2371.5800120000004 1024
1717964145365 2371.5801379999994 1025
1717964155453 2371.580301 1026
1717964165502 2371.580451 1027
1717964175588 2371.5809229999995 1028
1717964185673 2371.5809229999995 1029
1717964195712 2371.585473000001 1030
1717964205755 2371.5855759999995 1031
1717964215832 2371.5855759999995 1032
1717964225868 2371.5869000000002 1033
1717964235967 2371.5869000000002 1034
1717964246054 2371.587063000001 1035
1717964256101 2371.5912470000003 1036
1717964266185 2371.5913500000006 1037
1717964276277 2371.5913500000006 1038
1717964286327 2371.5915729999997 1039
1717964296366 2371.5915729999997 1040
1717964306416 2371.5917360000003 1041
1717964316830 2371.6153510000004 1042
1717964326870 2371.6157860000003 1043
1717964336905 2371.6157860000003 1044
1717964346940 2371.615949000001 1045
1717964356984 2371.616075 1046
1717964367025 2371.6183600000004 1047
1717964377059 2371.6204880000005 1048
1717964387095 2371.6208939999997 1049
1717964397141 2371.6208939999997 1050
1717964407235 2371.6211889999995 1051
1717964417334 2371.621249 1052
1717964427402 2371.623468 1053
1717964437502 2371.625656 1054
1717964447609 2371.6259850000006 1055
1717964457674 2371.6259850000006 1056
1717964467780 2371.6261479999994 1057
1717964477886 2371.6261479999994 1058
1717964487993 2371.6304949999994 1059
1717964498046 2371.630623000001 1060
1717964508095 2371.6307259999994 1061
1717964518199 2371.6307259999994 1062
1717964528322 2371.6319170000006 1063
1717964538373 2371.631977000001 1064
1717964548470 2371.636324000001 1065
1717964558581 2371.636324000001 1066
1717964568683 2371.6364269999995 1067
1717964578742 2371.6365270000006 1068
1717964588830 2371.6367499999997 1069
1717964598927 2371.6367499999997 1070
1717964608968 2371.6410369999994 1071
1717964619091 2371.660524000001 1072
1717964629206 2371.661363000001 1073
1717964639315 2371.661363000001 1074
1717964649417 2371.661526 1075
1717964659475 2371.661658000001 1076
1717964669569 2371.666005000001 1077
1717964679679 2371.666005000001 1078
1717964689728 2371.6661079999994 1079
1717964699814 2371.6662080000006 1080
1717964709916 2371.6665630000007 1081
1717964720003 2371.6665630000007 1082
1717964730044 2371.6708500000004 1083
1717964740145 2371.6708500000004 1084
1717964750236 2371.691710000001 1085
1717964760281 2371.691710000001 1086
1717964770328 2371.691710000001 1087
1717964780442 2371.7012290000002 1088
1717964790531 2371.7054129999997 1089
1717964800571 2371.7054129999997 1090
1717964810619 2371.7057220000006 1091
1717964820684 2371.7058479999996 1092
1717964830772 2371.7069759999995 1093
1717964840856 2371.7069759999995 1094
1717964850930 2371.7111600000007 1095
1717964861043 2371.7111600000007 1096
1717964871166 2371.7112859999997 1097
