1717953840600 0.0 0
1717953850626 0.0 1
1717953860645 0.00418399999998087 2
1717953870659 0.0043439999999748125 3
1717953880675 0.004405999999988808 4
1717953890734 0.004405999999988808 5
1717953900751 0.004405999999988808 6
1717953910762 0.004405999999988808 7
1717953920773 0.008848000000000411 8
1717953930785 0.008848000000000411 9
1717953940796 0.00897199999999998 10
1717953950808 0.019319999999993342 11
1717953960867 0.019405999999975165 12
1717953970890 0.023537999999973636 13
1717953980907 0.02797999999998524 14
1717953990922 0.028065999999995483 15
1717954000938 0.03754299999999944 16
1717954010960 0.03754299999999944 17
1717954020977 0.03858699999997839 18
1717954030996 0.03858699999997839 19
1717954041014 0.04302899999998999 20
1717954051038 0.04302899999998999 21
1717954061051 0.043286999999992304 22
1717954071067 0.04352099999999837 23
1717954081130 0.04352099999999837 24
1717954091146 0.04375499999997601 25
1717954101159 0.0479389999999853 26
1717954111170 0.04866999999998711 27
1717954121182 0.04897599999998192 28
1717954131202 0.04906199999999217 29
1717954141215 0.04912399999997774 30
1717954151228 0.04956599999999867 31
1717954161251 0.05381199999999353 32
1717954171265 0.053897999999975355 33
1717954181310 0.053897999999975355 34
1717954191324 0.053897999999975355 35
1717954201347 0.053897999999975355 36
1717954211359 0.053897999999975355 37
1717954221372 0.058229999999980464 38
1717954231386 0.058229999999980464 39
1717954241400 0.058303999999992584 40
1717954251414 0.058303999999992584 41
1717954261428 0.05838999999997441 42
1717954271442 0.0584519999999884 43
1717954281456 0.06316199999997707 44
1717954291481 0.06364199999998732 45
1717954301543 0.07314099999999257 46
1717954311567 0.0732269999999744 47
1717954321591 0.07412299999998595 48
1717954331645 0.0742089999999962 49
1717954341661 0.07856499999999755 50
1717954351708 0.07862699999998313 51
1717954361723 0.07871299999999337 52
1717954371737 0.07878699999997707 53
1717954381754 0.07878699999997707 54
1717954392266 0.07902099999998313 55
1717954402281 0.08320499999999242 56
1717954412299 0.08393599999999424 57
1717954422322 0.08425399999998717 58
1717954432337 0.08425399999998717 59
1717954442352 0.08425399999998717 60
1717954452366 0.08425399999998717 61
1717954462381 0.08843799999999646 62
1717954472394 0.08858599999999228 63
1717954482417 0.08858599999999228 64
1717954492442 0.08858599999999228 65
1717954502458 0.08865999999997598 66
1717954512515 0.08874599999998622 67
1717954522530 0.09299199999998109 68
1717954532553 0.09299199999998109 69
1717954542571 0.09299199999998109 70
1717954552635 0.09299199999998109 71
1717954562662 0.09313999999997691 72
1717954572679 0.09313999999997691 73
1717954582705 0.0973239999999862 74
1717954592723 0.10192999999998165 75
1717954602738 0.10734099999999103 76
1717954612757 0.10742699999997285 77
1717954622776 0.10839699999999652 78
1717954632846 0.10854499999999234 79
1717954642861 0.1129009999999937 80
1717954652895 0.1129009999999937 81
1717954662913 0.11304899999998952 82
1717954672932 0.11304899999998952 83
1717954682948 0.11313499999999976 84
1717954692965 0.11328299999999558 85
1717954702980 0.11746699999997645 86
1717954712995 0.11811199999999644 87
1717954723011 0.11834399999997913 88
1717954733026 0.11842999999998938 89
1717954743041 0.11842999999998938 90
1717954753071 0.11850399999997308 91
1717954763092 0.12268799999998237 92
1717954773121 0.12277399999999261 93
1717954783138 0.12283599999997818 94
1717954793152 0.12283599999997818 95
1717954803173 0.12283599999997818 96
1717954813238 0.12283599999997818 97
1717954823254 0.1271679999999833 98
1717954833270 0.1271679999999833 99
1717954843289 0.1541199999999776 100
1717954853309 0.16326099999997723 101
1717954863327 0.1634949999999833 102
1717954873340 0.1741959999999949 103
1717954883355 0.19279899999997951 104
1717954893370 0.21292299999998932 105
1717954903383 0.21537599999999202 106
1717954913397 0.21546199999997384 107
1717954923410 0.21644399999999564 108
1717954933425 0.21644399999999564 109
1717954943447 0.220799999999997 110
1717954953467 0.22088599999997882 111
1717954963481 0.22088599999997882 112
1717954973495 0.22097199999998907 113
1717954983509 0.2210579999999993 114
1717954993525 0.22120599999999513 115
1717955003542 0.22546399999998812 116
1717955013563 0.22706099999999196 117
1717955023577 0.22754499999999211 118
1717955033646 0.22771099999999933 119
1717955043703 0.22787699999997812 120
1717955053748 0.22793899999999212 121
1717955063763 0.232122999999973 122
1717955073829 0.23220899999998323 123
1717955083845 0.23243699999997602 124
1717955093910 0.23243699999997602 125
1717955103978 0.23243699999997602 126
1717955114051 0.23243699999997602 127
1717955124110 0.23684299999999325 128
1717955134178 0.23684299999999325 129
1717955144225 0.23684299999999325 130
1717955154294 0.23684299999999325 131
1717955164361 0.23692899999997508 132
1717955174377 0.23699099999998907 133
1717955184406 0.24117499999999836 134
1717955194425 0.2457809999999938 135
1717955204486 0.25278399999999124 136
1717955214507 0.25286999999997306 137
1717955224566 0.25385199999999486 138
1717955234624 0.25391399999998043 139
1717955244695 0.25835599999999204 140
1717955254765 0.25842999999997573 141
1717955264837 0.258578 142
1717955274899 0.258578 143
1717955284962 0.2586639999999818 144
1717955294981 0.25889799999998786 145
1717955305043 0.26308199999999715 146
1717955315117 0.2637269999999887 147
1717955325134 0.26404499999998166 148
1717955335196 0.26404499999998166 149
1717955345262 0.26404499999998166 150
1717955355280 0.26404499999998166 151
1717955365298 0.26822899999999095 152
1717955375357 0.2683889999999849 153
1717955385426 0.2684509999999989 154
1717955395500 0.2684509999999989 155
1717955405568 0.2684509999999989 156
1717955415585 0.2685369999999807 157
1717955425658 0.27272099999999 158
1717955435682 0.27272099999999 159
1717955445706 0.27272099999999 160
1717955455729 0.27272099999999 161
1717955465806 0.2728689999999858 162
1717955475875 0.2728689999999858 163
1717955485894 0.2770529999999951 164
1717955495974 0.28680199999999445 165
1717955506045 0.28704799999999864 166
1717955516124 0.28713399999998046 167
1717955526140 0.288029999999992 168
1717955536155 0.28811599999997384 169
1717955546176 0.2925339999999892 170
1717955556191 0.2925339999999892 171
1717955566221 0.29261999999999944 172
1717955576241 0.29261999999999944 173
1717955586259 0.2927919999999915 174
1717955596285 0.2928539999999771 175
1717955606359 0.29703799999998637 176
1717955616383 0.2977809999999863 177
1717955626451 0.29809899999997924 178
1717955636524 0.29817299999999136 179
1717955646589 0.29817299999999136 180
1717955656616 0.29817299999999136 181
1717955666686 0.30235700000000065 182
1717955676756 0.30250499999999647 183
1717955686774 0.30250499999999647 184
1717955696798 0.30250499999999647 185
1717955706816 0.30250499999999647 186
1717955716891 0.3025909999999783 187
1717955726960 0.3067749999999876 188
1717955737020 0.3067749999999876 189
1717955747085 0.31724499999998557 190
1717955757160 0.3173189999999977 191
1717955767178 0.3174049999999795 192
1717955777242 0.3174049999999795 193
1717955787326 0.3215889999999888 194
1717955797403 0.33142999999998324 195
1717955807441 0.3315159999999935 196
1717955817462 0.3316019999999753 197
1717955827530 0.3326459999999827 198
1717955837562 0.3326459999999827 199
1717955847626 0.33700199999998404 200
1717955857689 0.3370879999999943 201
1717955867757 0.3370879999999943 202
1717955877830 0.337161999999978 203
1717955887904 0.33733399999999847 204
1717955897978 0.33739599999998404 205
1717955907998 0.35820799999999053 206
1717955918062 0.35893899999999235 207
1717955928125 0.35917099999997504 208
1717955938202 0.35917099999997504 209
1717955948275 0.3593429999999955 210
1717955958334 0.3594049999999811 211
1717955968413 0.3635889999999904 212
1717955978433 0.36376099999998246 213
1717955988454 0.36376099999998246 214
1717955998521 0.3639329999999745 215
1717956008594 0.36400699999998665 216
1717956018672 0.36400699999998665 217
1717956028757 0.36819099999999594 218
1717956038821 0.36833899999999176 219
1717956048900 0.36833899999999176 220
1717956058927 0.36833899999999176 221
1717956068990 0.36833899999999176 222
1717956079053 0.3684249999999736 223
1717956089073 0.37267099999999687 224
1717956099120 0.37267099999999687 225
1717956109141 0.37267099999999687 226
1717956119161 0.37267099999999687 227
1717956129181 0.3737149999999758 228
1717956139216 0.37378899999998794 229
1717956149294 0.37797299999999723 230
1717956159375 0.37797299999999723 231
1717956169437 0.37805899999997905 232
1717956179517 0.37812099999999305 233
1717956189543 0.37812099999999305 234
1717956199565 0.38478299999999876 235
1717956209637 0.39401399999999853 236
1717956219665 0.39474500000000035 237
1717956229685 0.39497699999998304 238
1717956239755 0.3950629999999933 239
1717956249820 0.3953209999999956 240
1717956259841 0.39751299999997514 241
1717956269920 0.3997269999999844 242
1717956279989 0.3997269999999844 243
1717956290051 0.39981299999999464 244
1717956300082 0.4000470000000007 245
1717956310150 0.4000470000000007 246
1717956320173 0.40210299999998256 247
1717956330194 0.4043169999999918 248
1717956340213 0.4043169999999918 249
1717956350291 0.4043169999999918 250
1717956360320 0.4043169999999918 251
1717956370347 0.4043169999999918 252
1717956380369 0.4261839999999779 253
1717956390443 0.442025000000001 254
1717956400463 0.442025000000001 255
1717956410530 0.4428609999999935 256
1717956420591 0.44294699999997533 257
1717956430655 0.4438429999999869 258
1717956440692 0.448112999999978 259
1717956450780 0.448112999999978 260
1717956460857 0.448112999999978 261
1717956470934 0.4482609999999738 262
1717956480986 0.4482609999999738 263
1717956491007 0.4482609999999738 264
1717956501080 0.4600729999999942 265
1717956511106 0.4644749999999931 266
1717956521138 0.4645609999999749 267
1717956531207 0.464792999999986 268
1717956541279 0.464792999999986 269
1717956551320 0.4649649999999781 270
1717956561406 0.4691489999999874 271
1717956571485 0.4691489999999874 272
1717956581575 0.4691489999999874 273
1717956591606 0.4692349999999976 274
1717956601683 0.46938299999999344 275
1717956611754 0.46938299999999344 276
1717956621785 0.4735669999999743 277
1717956631830 0.47365299999998456 278
1717956641897 0.4890079999999841 279
1717956651923 0.5079749999999876 280
1717956661949 0.5097799999999779 281
1717956671998 0.5097799999999779 282
1717956682017 0.5140499999999975 283
1717956692037 0.5140499999999975 284
1717956702059 0.5140499999999975 285
1717956712139 0.5140499999999975 286
1717956722181 0.5150319999999908 287
1717956732254 0.5150939999999764 288
1717956742331 0.5192779999999857 289
1717956752398 0.5192779999999857 290
1717956762483 0.5192779999999857 291
1717956772549 0.5194999999999936 292
1717956782573 0.5194999999999936 293
1717956792619 0.5194999999999936 294
1717956802692 0.5352069999999856 295
1717956812782 0.5360239999999976 296
1717956822804 0.5363419999999905 297
1717956832885 0.5364280000000008 298
1717956842958 0.5364280000000008 299
1717956853035 0.5367479999999887 300
1717956863059 0.5410799999999938 301
1717956873130 0.5410799999999938 302
1717956883196 0.5410799999999938 303
1717956893218 0.5412399999999877 304
1717956903238 0.5414739999999938 305
1717956913306 0.5414739999999938 306
1717956923374 0.5456579999999747 307
1717956933398 0.5457439999999849 308
1717956943463 0.5458059999999989 309
1717956953532 0.5458059999999989 310
1717956963570 0.5458059999999989 311
1717956973640 0.5458059999999989 312
1717956983715 0.5501379999999756 313
1717956993789 0.5501379999999756 314
1717957003810 0.5501379999999756 315
1717957013888 0.5501379999999756 316
1717957023963 0.5515009999999734 317
1717957034048 0.5515629999999874 318
1717957044079 0.5557469999999967 319
1717957054160 0.5557469999999967 320
1717957064246 0.5557469999999967 321
1717957074322 0.5558949999999925 322
1717957084385 0.5558949999999925 323
1717957094405 0.5558949999999925 324
1717957104481 0.569911999999988 325
1717957114522 0.5706429999999898 326
1717957124600 0.5709609999999827 327
1717957134684 0.571046999999993 328
1717957144759 0.5711209999999767 329
1717957154789 0.5713549999999827 330
1717957164863 0.5756249999999739 331
1717957174944 0.5756249999999739 332
1717957184981 0.5756249999999739 333
1717957195062 0.5757969999999943 334
1717957205084 0.5758589999999799 335
1717957215102 0.5758589999999799 336
1717957225122 0.5800429999999892 337
1717957235140 0.5801289999999995 338
1717957245159 0.5801289999999995 339
1717957255179 0.5801289999999995 340
1717957265205 0.5802029999999831 341
1717957275288 0.5802029999999831 342
1717957285353 0.5845349999999883 343
1717957295434 0.58482699999999 344
1717957305519 0.5849089999999819 345
1717957315554 0.5849089999999819 346
1717957325584 0.5858909999999753 347
1717957335603 0.5967879999999752 348
1717957345628 5.454652999999979 349
1717957355659 6.84563 350
1717957365690 7.715051999999986 351
1717957375721 8.590614999999985 352
1717957385747 9.33956599999999 353
1717957395782 9.417396999999994 354
1717957405812 9.633638999999988 355
1717957415846 9.720465999999988 356
1717957425875 9.782108999999991 357
1717957435961 10.20426599999999 358
1717957445991 10.311863999999986 359
1717957456036 10.500799 360
1717957466069 10.71136199999998 361
1717957476099 10.827597999999995 362
1717957486132 10.89318799999998 363
1717957496162 11.005379999999974 364
1717957506198 11.124738999999977 365
1717957516221 11.185573999999974 366
1717957526246 11.27000799999999 367
1717957536325 11.311304999999976 368
1717957546360 11.387079 369
1717957556437 11.482036999999991 370
1717957566521 11.560355999999985 371
1717957576561 11.716480999999987 372
1717957586594 11.804731999999973 373
1717957596623 11.819029999999998 374
1717957606654 11.940902999999992 375
1717957616685 12.01503199999999 376
1717957626716 12.111488999999978 377
1717957636748 12.180354999999992 378
1717957646771 12.305705999999986 379
1717957656802 12.502253999999994 380
1717957666875 12.643622999999991 381
1717957676964 12.674275999999992 382
1717957686992 12.69255099999998 383
1717957697029 12.773034999999993 384
1717957707068 12.87076399999998 385
1717957717094 13.062885999999992 386
1717957727144 13.161667999999992 387
1717957737187 13.202431999999988 388
1717957747216 13.272751999999997 389
1717957757245 13.43443499999998 390
1717957767268 13.478101999999978 391
1717957777305 13.544310999999993 392
1717957787329 13.817125999999973 393
1717957797355 13.991314999999986 394
1717957807384 14.17859199999998 395
1717957817409 14.454631999999975 396
1717957827443 14.519032999999979 397
1717957837477 14.66592799999998 398
1717957847511 14.862058999999988 399
1717957857548 14.933472999999992 400
1717957867575 14.957596999999993 401
1717957877615 14.99314099999998 402
1717957887650 15.034786999999994 403
1717957897677 15.061109999999985 404
1717957907707 15.227049999999991 405
1717957917750 15.384181999999981 406
1717957927784 15.57280799999998 407
1717957937811 15.777415999999988 408
1717957947840 16.001824999999997 409
1717957957922 16.090272 410
1717957968004 16.210199999999986 411
1717957978032 16.285336 412
1717957988116 16.399268999999975 413
1717957998142 16.41105299999998 414
1717958008181 16.48201499999999 415
1717958018222 16.52416599999998 416
1717958028253 16.580478999999997 417
1717958038282 16.64921099999998 418
1717958048313 16.66226499999999 419
1717958058361 16.750823999999994 420
1717958068420 16.76985499999998 421
1717958078456 16.841801999999973 422
1717958088486 16.85032799999999 423
1717958098524 16.94472399999998 424
1717958108595 16.947028999999986 425
1717958118626 17.012704999999983 426
1717958128696 17.035187999999977 427
1717958138773 17.101962999999984 428
1717958148802 17.119766999999996 429
1717958158882 17.167842999999976 430
1717958168976 17.23063099999999 431
1717958179017 17.308414999999997 432
1717958189066 17.323527999999982 433
1717958199157 17.378912999999983 434
1717958209197 17.395488999999998 435
1717958219229 17.41214199999999 436
1717958229264 17.486072999999976 437
1717958239293 17.513742999999977 438
1717958249372 17.593300999999997 439
1717958259417 17.61344699999998 440
1717958269466 17.685632999999996 441
1717958279501 17.699757999999974 442
1717958289578 17.788268999999985 443
1717958299607 17.804959999999994 444
1717958309643 17.83414099999999 445
1717958319723 17.94001 446
1717958329753 17.948104 447
1717958339788 18.005527 448
1717958349872 18.007615999999985 449
1717958359904 18.059267999999975 450
1717958369989 18.06804199999999 451
1717958380029 18.145959999999974 452
1717958390113 18.153793999999976 453
1717958400148 18.22264199999998 454
1717958410174 18.23712899999998 455
1717958420196 18.285240999999985 456
1717958430225 18.315335999999974 457
1717958440246 18.423081999999994 458
1717958450277 18.453307999999993 459
1717958460300 18.550977999999986 460
1717958470328 18.555896999999987 461
1717958480360 18.644169999999974 462
1717958490390 18.65014199999999 463
1717958500422 18.718015999999977 464
1717958510524 18.738728999999978 465
1717958520557 18.817717999999985 466
1717958530598 18.83730399999999 467
1717958540683 18.919252 468
1717958550765 18.96594399999998 469
1717958560800 19.05254499999998 470
1717958570841 19.07199 471
1717958580884 19.119166999999976 472
1717958590914 19.16053499999998 473
1717958600962 19.257438999999977 474
1717958610999 19.36114599999999 475
1717958621037 19.38951799999998 476
1717958631130 19.39997299999999 477
1717958641160 19.431486999999976 478
1717958651200 19.432904999999977 479
1717958661293 19.45446099999998 480
1717958671319 19.47489299999998 481
1717958681354 19.520185999999995 482
1717958691439 19.592624 483
1717958701464 19.60362599999999 484
1717958711551 19.673224999999974 485
1717958721580 19.71406399999998 486
1717958731665 19.77105499999999 487
1717958741712 19.772064999999998 488
1717958751751 19.837572999999992 489
1717958761790 19.85021599999999 490
1717958771873 19.855812999999984 491
1717958781908 19.91691799999998 492
1717958791999 19.940658999999982 493
1717958802034 19.991483999999986 494
1717958812062 19.996125999999975 495
1717958822097 20.075977999999992 496
1717958832129 20.09016299999999 497
1717958842158 20.12973199999999 498
1717958852192 20.213351999999986 499
1717958862219 20.231190999999995 500
1717958872251 20.313365999999974 501
1717958882323 20.329892 502
1717958892395 20.414930999999996 503
1717958902438 20.443149999999974 504
1717958912466 20.506549999999976 505
1717958922509 20.564989999999995 506
1717958932572 20.56964499999998 507
1717958942659 20.658762999999993 508
1717958952690 20.673854999999975 509
1717958962788 20.72376 510
1717958972869 20.784573999999992 511
1717958982949 20.813177999999994 512
1717958992990 20.878816999999998 513
1717959003017 20.899256999999977 514
1717959013053 20.90060699999998 515
1717959023140 20.987738999999976 516
1717959033182 21.00118599999999 517
1717959043219 21.018474999999995 518
1717959053244 21.030733999999995 519
1717959063268 21.05014299999999 520
1717959073309 21.164188999999993 521
1717959083339 21.196519999999992 522
1717959093363 21.20421299999998 523
1717959103398 21.281589999999994 524
1717959113437 21.295528999999988 525
1717959123484 21.395587999999975 526
1717959133517 21.39921099999998 527
1717959143565 21.493780999999984 528
1717959153606 21.51662399999998 529
1717959163641 21.607797999999974 530
1717959173728 21.61363 531
1717959183756 21.636401999999975 532
1717959193796 21.709519999999998 533
1717959203897 21.86595699999998 534
1717959213949 21.930772999999988 535
1717959223987 21.94196599999998 536
1717959234078 22.003453999999977 537
1717959244120 22.012001999999995 538
1717959254165 22.072832999999974 539
1717959264211 22.105560999999994 540
1717959274252 22.114111999999977 541
1717959284295 22.21243799999999 542
1717959294335 22.215981 543
1717959304364 22.309855999999996 544
1717959314405 22.31785499999998 545
1717959324492 22.417647999999986 546
1717959334541 22.42179299999998 547
1717959344575 22.510110999999995 548
1717959354625 22.524997999999982 549
1717959364673 22.596119999999985 550
1717959374707 22.620396 551
1717959384745 22.702165999999977 552
1717959394779 22.74156499999998 553
1717959404807 22.763592999999986 554
1717959414850 22.858761999999984 555
1717959424895 22.87564499999999 556
1717959434934 22.989768999999995 557
1717959445021 23.025071999999994 558
1717959455073 23.123075999999998 559
1717959465149 23.142923999999994 560
1717959475190 23.19247199999998 561
1717959485219 23.226538999999974 562
1717959495265 23.310727999999983 563
1717959505319 23.42335799999998 564
1717959515412 23.533649999999994 565
1717959525461 23.638802999999996 566
1717959535501 23.641642999999988 567
1717959545531 23.848911999999984 568
1717959555612 23.921031 569
1717959565701 24.002774999999986 570
1717959575750 24.054866999999973 571
1717959585784 24.065578999999985 572
1717959595824 24.130480999999975 573
1717959605869 24.149439 574
1717959615918 24.222161 575
1717959625965 24.245378999999986 576
1717959635998 24.309304999999995 577
1717959646307 24.321733999999992 578
1717959656561 24.324939 579
1717959666593 24.400526999999983 580
1717959676624 24.426725999999974 581
1717959686656 24.507251999999994 582
1717959696700 24.52589499999999 583
1717959706731 24.586268999999987 584
1717959716767 24.603876999999983 585
1717959726854 24.62119199999998 586
1717959736891 24.69878799999998 587
1717959746930 24.712811999999985 588
1717959756976 24.737486999999987 589
1717959767007 24.858767 590
1717959777045 24.88041899999999 591
1717959787128 24.980957999999987 592
1717959797215 24.985741999999988 593
1717959807246 25.096344999999985 594
1717959817300 25.101616999999976 595
1717959827329 25.163275 596
1717959837378 25.191677 597
1717959847418 25.20242399999998 598
1717959857460 25.205641999999983 599
1717959867494 25.237633999999986 600
1717959877529 25.245655999999997 601
1717959887565 25.323192999999975 602
1717959897645 25.360779999999977 603
1717959907678 25.41325599999999 604
1717959917713 25.444274999999976 605
1717959927761 25.478262 606
1717959937807 25.60808899999998 607
1717959947849 25.714180999999996 608
1717959957943 25.778361999999987 609
1717959968018 25.933639 610
1717959978061 26.100054999999998 611
1717959988149 26.176029 612
1717959998243 26.18488099999999 613
1717960008293 26.341915 614
1717960018337 26.353390999999988 615
1717960028375 26.44941 616
1717960038406 26.457392999999996 617
1717960048453 26.576707999999996 618
1717960058496 26.581416999999988 619
1717960068532 26.66035599999998 620
1717960078574 26.695177 621
1717960088620 26.70230699999999 622
1717960098656 26.703836999999993 623
1717960108705 26.73410199999998 624
1717960118746 26.74204899999998 625
1717960128797 26.755912999999993 626
1717960138842 26.767326999999995 627
1717960148877 26.786313999999976 628
1717960158929 26.980740999999995 629
1717960168983 26.994838999999985 630
1717960179068 27.006113 631
1717960189110 27.052305999999987 632
1717960199159 27.094236999999993 633
1717960209197 27.158668999999975 634
1717960219243 27.17534599999999 635
1717960229337 27.240669999999994 636
1717960239422 27.263261999999997 637
1717960249459 27.319513999999998 638
1717960259497 27.335589 639
1717960269537 27.368656999999985 640
1717960279565 27.400015999999994 641
1717960289603 27.419714999999997 642
1717960299638 27.490466999999995 643
1717960309676 27.500163999999984 644
1717960319703 27.566125 645
1717960329740 27.60905299999999 646
1717960339779 27.64438099999998 647
1717960349827 27.72796199999999 648
1717960359914 27.75104399999998 649
1717960369959 27.773957999999993 650
1717960379995 27.789886999999993 651
1717960390032 27.797109999999975 652
1717960400088 27.978196999999994 653
1717960410127 27.98661199999998 654
1717960420175 28.010365999999976 655
1717960430219 28.018644999999992 656
1717960440265 28.036358999999976 657
1717960450305 28.039389999999997 658
1717960460353 28.071368999999976 659
1717960470442 28.080142999999993 660
1717960480504 28.090724999999992 661
1717960490542 28.103587999999974 662
1717960500585 28.128315999999984 663
1717960510673 28.137155999999976 664
1717960520710 28.18181199999998 665
1717960530830 28.211163 666
1717960540864 28.438369999999992 667
1717960550954 28.571548999999976 668
1717960561043 28.64184899999998 669
1717960571086 28.725540999999993 670
1717960581123 28.828400999999985 671
1717960591154 29.02810199999999 672
1717960601255 29.063048999999978 673
1717960611333 29.105028999999973 674
1717960621367 29.125805999999983 675
1717960631399 29.19361999999998 676
1717960641435 29.215471999999977 677
1717960651489 29.30180999999999 678
1717960661526 29.30609199999998 679
1717960671605 29.383166999999986 680
1717960681648 29.39790499999998 681
1717960691684 29.405372 682
1717960701769 29.49950799999999 683
1717960711870 29.543787999999978 684
1717960721911 29.621936999999974 685
1717960731953 29.650147999999973 686
1717960742047 29.72115199999999 687
1717960752082 29.728904999999997 688
1717960762116 29.78875099999999 689
1717960772161 29.857050999999984 690
1717960782216 29.907126999999974 691
1717960792253 30.007402999999982 692
1717960802286 30.030205999999993 693
1717960812320 30.121458999999987 694
1717960822353 30.143391999999977 695
1717960832390 30.203527999999977 696
1717960842433 30.22507999999999 697
1717960852472 30.345287999999982 698
1717960862524 30.412732999999974 699
1717960872577 30.450300999999996 700
1717960882614 30.646409999999975 701
1717960892653 30.747491999999994 702
1717960902681 30.813155999999992 703
1717960912718 30.978386 704
1717960922752 31.048502999999982 705
1717960932780 31.063353999999975 706
1717960942815 31.132008999999982 707
1717960952848 31.279521999999986 708
1717960962933 31.330513999999994 709
1717960973024 31.41399899999999 710
1717960983062 31.445909999999998 711
1717960993135 31.523337999999995 712
1717961003172 31.657381999999984 713
1717961013206 31.730901999999986 714
1717961023241 31.746370999999982 715
1717961033339 31.74884499999999 716
1717961043373 31.76508199999998 717
1717961053447 31.76684499999999 718
1717961063552 31.777051999999998 719
1717961073590 31.788400999999993 720
1717961083626 31.807256999999993 721
1717961093661 31.814932999999996 722
1717961103694 31.828118999999987 723
1717961113774 31.845777999999996 724
1717961123812 31.885880999999983 725
1717961133850 31.982856999999996 726
1717961143888 32.143275999999986 727
1717961153929 32.150758999999994 728
1717961163980 32.160357999999974 729
1717961174013 32.20080199999998 730
1717961184110 32.319683999999995 731
1717961194149 32.349774999999994 732
1717961204195 32.47254799999999 733
1717961214307 32.475246999999996 734
1717961224366 32.555622 735
1717961234409 32.568388999999996 736
1717961244446 32.644712 737
1717961254495 32.65862299999998 738
1717961264565 32.669366999999994 739
1717961274597 32.755821 740
1717961284635 32.767809 741
1717961294682 32.857462 742
1717961304774 32.876148 743
1717961314834 32.958709999999996 744
1717961324882 32.98552799999999 745
1717961334922 32.986976999999996 746
1717961344972 33.05560399999999 747
1717961355027 33.063488999999976 748
1717961365074 33.09021799999999 749
1717961375128 33.147785 750
1717961385169 33.17783899999998 751
1717961395203 33.23938099999998 752
1717961405257 33.250113 753
1717961415296 33.33942399999998 754
1717961425340 33.358689 755
1717961435442 33.432738 756
1717961445489 33.448128999999994 757
1717961455537 33.451211 758
1717961465585 33.473205999999976 759
1717961475696 33.48239699999999 760
1717961485727 33.514353 761
1717961495756 33.53411799999998 762
1717961505786 33.55384999999998 763
1717961515822 33.668938 764
1717961525861 33.69235599999999 765
1717961535891 33.790497999999985 766
1717961545923 33.819079999999985 767
1717961555958 33.90087299999999 768
1717961565991 33.95796899999999 769
1717961576039 34.17918899999998 770
1717961586140 34.20176599999999 771
1717961596188 34.220586 772
1717961606240 34.25293599999998 773
1717961616280 34.288422 774
1717961626360 34.36813799999999 775
1717961636440 34.39573499999997 776
1717961646489 34.460556 777
1717961656556 34.464184999999986 778
1717961666605 34.539364999999975 779
1717961676665 34.548091 780
1717961686707 34.586095 781
1717961696806 34.600876 782
1717961706855 34.64645299999998 783
1717961716915 34.69168399999998 784
1717961726953 34.75575899999998 785
1717961737041 34.81626299999999 786
1717961747125 34.86117899999999 787
1717961757231 34.916720999999995 788
1717961767281 34.92501899999999 789
1717961777324 35.011863999999974 790
1717961787357 35.027637 791
1717961797634 35.113913 792
1717961807673 35.20584499999998 793
1717961817710 35.27464499999999 794
1717961827744 35.29689299999998 795
1717961837794 35.30236799999997 796
1717961847829 35.31275099999999 797
1717961857862 36.07717099999999 798
1717961867909 36.757554 799
1717961877968 37.382194999999996 800
1717961888025 37.85589199999998 801
1717961898079 37.96804999999998 802
1717961908118 38.02530399999998 803
1717961918156 38.03012699999999 804
1717961928195 38.030580999999984 805
1717961938281 38.033848999999975 806
1717961948331 38.033848999999975 807
1717961958367 38.035746999999986 808
1717961968455 38.04165699999999 809
1717961978552 38.04165699999999 810
1717961988608 38.04165699999999 811
1717961998647 38.041743 812
1717962008732 38.04189099999999 813
1717962018822 38.04189099999999 814
1717962028861 38.04607499999997 815
1717962038949 38.05667199999999 816
1717962049027 38.077110999999974 817
1717962059125 38.08408899999998 818
1717962069181 38.08408899999998 819
1717962079215 38.08408899999998 820
1717962089262 38.08842099999998 821
1717962099299 38.08842099999998 822
1717962109329 38.08842099999998 823
1717962119375 38.088592999999975 824
1717962129410 38.089574999999996 825
1717962139441 38.089574999999996 826
1717962149476 38.09375899999998 827
1717962159573 38.09375899999998 828
1717962169624 38.09375899999998 829
1717962179709 38.093980999999985 830
1717962189811 38.093980999999985 831
1717962199856 38.093980999999985 832
1717962209956 38.10277099999999 833
1717962220061 38.10874199999998 834
1717962230164 38.10897399999999 835
1717962240207 38.109121999999985 836
1717962250295 38.109121999999985 837
1717962260394 38.10944199999997 838
1717962270478 38.11362599999998 839
1717962280520 38.11362599999998 840
1717962290610 38.11362599999998 841
1717962300713 38.11377399999998 842
1717962310809 38.114081999999996 843
1717962320856 38.114081999999996 844
1717962330953 38.11826599999998 845
1717962341052 38.11835199999999 846
1717962351103 38.11841399999997 847
1717962361187 38.11841399999997 848
1717962371271 38.11841399999997 849
1717962381343 38.13826599999999 850
1717962391395 38.156734 851
1717962401484 38.156734 852
1717962411583 38.157557999999995 853
1717962421691 38.15845399999998 854
1717962431741 38.15853999999999 855
1717962441837 38.15869999999998 856
1717962451927 38.16288399999999 857
1717962462016 38.16288399999999 858
1717962472099 38.16296999999997 859
1717962482188 38.16303199999999 860
1717962492292 38.16303199999999 861
1717962502354 38.16303199999999 862
1717962512408 38.17785599999999 863
1717962522511 38.17785599999999 864
1717962532607 38.178087999999974 865
1717962542658 38.178087999999974 866
1717962552736 38.178087999999974 867
1717962562846 38.17839599999999 868
1717962572898 38.18257999999997 869
1717962582981 38.18257999999997 870
1717962593082 38.18257999999997 871
1717962603183 38.182751999999994 872
1717962613278 38.18281399999998 873
1717962623329 38.18281399999998 874
1717962633434 38.18699799999999 875
1717962643554 38.187084 876
1717962653594 38.187084 877
1717962663634 38.187084 878
1717962673667 38.187084 879
1717962683704 38.187084 880
1717962693735 38.19148999999999 881
1717962703767 38.19148999999999 882
1717962713861 38.19148999999999 883
1717962723914 38.192386 884
1717962733952 38.19247199999998 885
1717962744048 38.192533999999995 886
1717962754133 38.196717999999976 887
1717962764187 38.196717999999976 888
1717962774281 38.196803999999986 889
1717962784368 38.196866 890
1717962794420 38.196866 891
1717962804484 38.196866 892
1717962814590 38.211703 893
1717962824696 38.212106999999975 894
1717962834939 38.212106999999975 895
1717962845025 38.212192999999985 896
1717962855117 38.212278999999995 897
1717962865213 38.21242699999999 898
1717962875269 38.21669699999998 899
1717962885369 38.21669699999998 900
1717962895463 38.21669699999998 901
1717962905547 38.21693099999999 902
1717962915649 38.21693099999999 903
1717962925749 38.218987 904
1717962935845 38.22118899999998 905
1717962945906 38.231824999999986 906
1717962956006 38.231824999999986 907
1717962966114 38.231824999999986 908
1717962976209 38.231824999999986 909
1717962986265 38.23396699999998 910
1717962996363 38.23615699999999 911
1717963006449 38.23615699999999 912
1717963016536 38.23615699999999 913
1717963026589 38.237052999999975 914
1717963036690 38.237138999999985 915
1717963046796 38.241322999999994 916
1717963056898 38.241322999999994 917
1717963066955 38.24139699999998 918
1717963077059 38.24148299999999 919
1717963087152 38.241544999999974 920
1717963097196 38.241544999999974 921
1717963107271 38.24572899999998 922
1717963117355 38.25633099999999 923
1717963127451 38.25664899999998 924
1717963137492 38.25664899999998 925
1717963147598 38.25673499999999 926
1717963157716 38.256906999999984 927
1717963167776 38.26115299999998 928
1717963177872 38.26123899999999 929
1717963187963 38.26123899999999 930
1717963198006 38.26131299999997 931
1717963208048 38.26160899999999 932
1717963218083 38.26160899999999 933
1717963228129 38.265792999999974 934
1717963238169 38.265792999999974 935
1717963248204 38.265878999999984 936
1717963258236 38.265878999999984 937
1717963268273 38.265878999999984 938
1717963278370 38.265878999999984 939
1717963288469 38.270148999999975 940
1717963298557 38.27021099999999 941
1717963308619 38.27021099999999 942
1717963318704 38.27021099999999 943
1717963328796 38.271180999999984 944
1717963338851 38.271266999999995 945
1717963348946 38.275450999999975 946
1717963359043 38.275450999999975 947
1717963369152 38.275450999999975 948
1717963379261 38.275536999999986 949
1717963389340 38.275599 950
1717963399451 38.275599 951
1717963409513 38.284302999999994 952
1717963419564 38.29230399999997 953
1717963429602 38.292621999999994 954
1717963439700 38.292621999999994 955
1717963449797 38.29278199999999 956
1717963459852 38.29303999999999 957
1717963469950 38.297285999999986 958
1717963480051 38.297371999999996 959
1717963490155 38.297371999999996 960
1717963500252 38.297371999999996 961
1717963510363 38.297691999999984 962
1717963520464 38.297691999999984 963
1717963530559 38.30187599999999 964
1717963540614 38.30187599999999 965
1717963550722 38.301961999999975 966
1717963560837 38.301961999999975 967
1717963570893 38.30203599999999 968
1717963580989 38.30203599999999 969
1717963591095 38.30630599999998 970
1717963601204 38.30636799999999 971
1717963611266 38.30636799999999 972
1717963621326 38.307263999999975 973
1717963631410 38.30732599999999 974
1717963641500 38.307412 975
1717963651581 38.31159599999998 976
1717963661630 38.31159599999998 977
1717963671726 38.31159599999998 978
1717963681818 38.31168199999999 979
1717963691860 38.311743999999976 980
1717963701943 38.31181799999999 981
1717963712035 38.323376999999994 982
1717963722096 38.328171999999995 983
1717963732135 38.32848999999999 984
1717963742180 38.328637999999984 985
1717963752286 38.328637999999984 986
1717963762384 38.328981999999996 987
1717963772428 38.33316599999998 988
1717963782470 38.33316599999998 989
1717963792509 38.33316599999998 990
1717963802543 38.33325199999999 991
1717963812581 38.33348599999999 992
1717963822616 38.33355999999998 993
1717963832717 38.33774399999999 994
1717963842809 38.363811999999996 995
1717963852891 38.373981999999984 996
1717963862939 38.37412999999998 997
1717963873040 38.37412999999998 998
1717963883096 38.39710199999999 999
1717963893189 38.414919 1000
1717963903248 38.414919 1001
1717963913296 38.416792999999984 1002
1717963923396 38.418003 1003
1717963933516 38.418003 1004
1717963943563 38.418329 1005
1717963953649 38.422574999999995 1006
1717963963939 38.422574999999995 1007
1717963974026 38.42272299999999 1008
1717963984090 38.422889 1009
1717963994138 38.422889 1010
1717964004224 38.422889 1011
1717964014263 38.437779999999975 1012
1717964024347 38.438011999999986 1013
1717964034449 38.438011999999986 1014
1717964044536 38.438011999999986 1015
1717964054584 38.438011999999986 1016
1717964064678 38.43824599999999 1017
1717964074782 38.442503999999985 1018
1717964084893 38.442503999999985 1019
1717964094992 38.442503999999985 1020
1717964105032 38.44273799999999 1021
1717964115137 38.44279999999998 1022
1717964125240 38.44279999999998 1023
1717964135282 38.446983999999986 1024
1717964145365 38.44707 1025
1717964155453 38.44713199999998 1026
1717964165502 38.44724199999999 1027
1717964175588 38.44724199999999 1028
1717964185673 38.44724199999999 1029
1717964195712 38.451573999999994 1030
1717964205755 38.45164799999998 1031
1717964215832 38.45164799999998 1032
1717964225868 38.452912999999995 1033
1717964235967 38.45299899999998 1034
1717964246054 38.45299899999998 1035
1717964256101 38.457182999999986 1036
1717964266185 38.457182999999986 1037
1717964276277 38.457182999999986 1038
1717964286327 38.45733099999998 1039
1717964296366 38.45733099999998 1040
1717964306416 38.45733099999998 1041
1717964316830 38.47199599999999 1042
1717964326870 38.47247399999998 1043
1717964336905 38.47247399999998 1044
1717964346940 38.47255999999999 1045
1717964356984 38.47270799999998 1046
1717964367025 38.474849999999975 1047
1717964377059 38.477063999999984 1048
1717964387095 38.477126 1049
1717964397141 38.477126 1050
1717964407235 38.47729799999999 1051
1717964417334 38.477359999999976 1052
1717964427402 38.479415999999986 1053
1717964437502 38.481543999999985 1054
1717964447609 38.48176599999999 1055
1717964457674 38.48176599999999 1056
1717964467780 38.48176599999999 1057
1717964477886 38.48176599999999 1058
1717964487993 38.485949999999974 1059
1717964498046 38.48647199999999 1060
1717964508095 38.48647199999999 1061
1717964518199 38.48647199999999 1062
1717964528322 38.487367999999975 1063
1717964538373 38.487516 1064
1717964548470 38.49169999999998 1065
1717964558581 38.49169999999998 1066
1717964568683 38.49169999999998 1067
1717964578742 38.491859999999974 1068
1717964588830 38.49192199999999 1069
1717964598927 38.49192199999999 1070
1717964608968 38.496106 1071
1717964619091 38.506755 1072
1717964629206 38.50707299999999 1073
1717964639315 38.50707299999999 1074
1717964649417 38.50715899999997 1075
1717964659475 38.50733099999999 1076
1717964669569 38.51157699999999 1077
1717964679679 38.511663 1078
1717964689728 38.511663 1079
1717964699814 38.511663 1080
1717964709916 38.51197099999999 1081
1717964720003 38.51197099999999 1082
1717964730044 38.516155 1083
1717964740145 38.51621699999998 1084
1717964750236 38.52679899999998 1085
1717964760281 38.52679899999998 1086
1717964770328 38.52679899999998 1087
1717964780442 38.53110299999997 1088
1717964790531 38.535458999999975 1089
1717964800571 38.535458999999975 1090
1717964810619 38.535544999999985 1091
1717964820684 38.53569299999998 1092
1717964830772 38.536662999999976 1093
1717964840856 38.536662999999976 1094
1717964850930 38.540932999999995 1095
1717964861043 38.540932999999995 1096
1717964871166 38.54108099999999 1097
