1717953840600 15.3 0
1717953850626 15.9 1
1717953860645 15.9 2
1717953870659 15.9 3
1717953880675 15.8 4
1717953890734 15.9 5
1717953900751 15.8 6
1717953910762 15.8 7
1717953920773 15.8 8
1717953930785 15.8 9
1717953940796 15.8 10
1717953950808 15.9 11
1717953960867 15.8 12
1717953970890 15.9 13
1717953980907 15.8 14
1717953990922 15.8 15
1717954000938 15.9 16
1717954010960 15.9 17
1717954020977 15.9 18
1717954030996 15.8 19
1717954041014 15.8 20
1717954051038 15.8 21
1717954061051 15.8 22
1717954071067 15.9 23
1717954081130 15.8 24
1717954091146 15.8 25
1717954101159 15.9 26
1717954111170 15.9 27
1717954121182 15.8 28
1717954131202 15.9 29
1717954141215 15.9 30
1717954151228 15.9 31
1717954161251 15.9 32
1717954171265 15.9 33
1717954181310 15.8 34
1717954191324 15.9 35
1717954201347 15.9 36
1717954211359 15.9 37
1717954221372 15.9 38
1717954231386 15.9 39
1717954241400 15.8 40
1717954251414 15.9 41
1717954261428 15.8 42
1717954271442 15.9 43
1717954281456 15.9 44
1717954291481 15.8 45
1717954301543 15.9 46
1717954311567 15.8 47
1717954321591 15.9 48
1717954331645 15.8 49
1717954341661 15.9 50
1717954351708 15.8 51
1717954361723 15.9 52
1717954371737 15.9 53
1717954381754 15.8 54
1717954392266 15.9 55
1717954402281 16.9 56
1717954412299 15.9 57
1717954422322 15.9 58
1717954432337 15.9 59
1717954442352 16.0 60
1717954452366 16.0 61
1717954462381 16.0 62
1717954472394 16.0 63
1717954482417 16.0 64
1717954492442 16.0 65
1717954502458 16.0 66
1717954512515 15.9 67
1717954522530 15.9 68
1717954532553 15.9 69
1717954542571 15.9 70
1717954552635 15.9 71
1717954562662 15.9 72
1717954572679 15.9 73
1717954582705 15.9 74
1717954592723 15.9 75
1717954602738 15.9 76
1717954612757 15.9 77
1717954622776 15.9 78
1717954632846 15.9 79
1717954642861 15.9 80
1717954652895 15.9 81
1717954662913 15.9 82
1717954672932 15.9 83
1717954682948 15.9 84
1717954692965 15.9 85
1717954702980 15.9 86
1717954712995 15.9 87
1717954723011 15.9 88
1717954733026 15.9 89
1717954743041 15.9 90
1717954753071 15.9 91
1717954763092 15.9 92
1717954773121 15.9 93
1717954783138 15.9 94
1717954793152 15.9 95
1717954803173 15.9 96
1717954813238 15.9 97
1717954823254 15.9 98
1717954833270 15.9 99
1717954843289 15.9 100
1717954853309 15.9 101
1717954863327 15.9 102
1717954873340 16.0 103
1717954883355 15.9 104
1717954893370 16.0 105
1717954903383 16.0 106
1717954913397 16.0 107
1717954923410 16.0 108
1717954933425 16.0 109
1717954943447 16.0 110
1717954953467 16.0 111
1717954963481 16.1 112
1717954973495 16.0 113
1717954983509 16.0 114
1717954993525 16.0 115
1717955003542 16.1 116
1717955013563 16.1 117
1717955023577 16.0 118
1717955033646 16.0 119
1717955043703 16.0 120
1717955053748 16.1 121
1717955063763 16.1 122
1717955073829 16.0 123
1717955083845 16.0 124
1717955093910 15.9 125
1717955103978 16.0 126
1717955114051 16.0 127
1717955124110 16.0 128
1717955134178 16.0 129
1717955144225 16.0 130
1717955154294 16.0 131
1717955164361 16.0 132
1717955174377 15.9 133
1717955184406 16.0 134
1717955194425 16.0 135
1717955204486 16.0 136
1717955214507 16.0 137
1717955224566 16.0 138
1717955234624 16.0 139
1717955244695 16.0 140
1717955254765 16.0 141
1717955264837 16.0 142
1717955274899 16.0 143
1717955284962 16.0 144
1717955294981 16.0 145
1717955305043 16.0 146
1717955315117 16.0 147
1717955325134 16.0 148
1717955335196 16.0 149
1717955345262 16.0 150
1717955355280 15.9 151
1717955365298 15.9 152
1717955375357 16.0 153
1717955385426 16.0 154
1717955395500 16.0 155
1717955405568 16.0 156
1717955415585 15.9 157
1717955425658 16.0 158
1717955435682 16.0 159
1717955445706 16.0 160
1717955455729 16.0 161
1717955465806 16.0 162
1717955475875 16.0 163
1717955485894 16.0 164
1717955495974 16.0 165
1717955506045 15.9 166
1717955516124 15.9 167
1717955526140 16.0 168
1717955536155 16.0 169
1717955546176 16.0 170
1717955556191 16.1 171
1717955566221 16.1 172
1717955576241 16.1 173
1717955586259 16.0 174
1717955596285 16.0 175
1717955606359 16.1 176
1717955616383 16.1 177
1717955626451 16.0 178
1717955636524 16.0 179
1717955646589 16.0 180
1717955656616 15.9 181
1717955666686 16.0 182
1717955676756 16.0 183
1717955686774 16.0 184
1717955696798 16.0 185
1717955706816 16.0 186
1717955716891 16.0 187
1717955726960 16.0 188
1717955737020 16.0 189
1717955747085 16.0 190
1717955757160 16.0 191
1717955767178 16.0 192
1717955777242 15.9 193
1717955787326 15.9 194
1717955797403 16.0 195
1717955807441 16.0 196
1717955817462 15.9 197
1717955827530 15.9 198
1717955837562 15.9 199
1717955847626 16.0 200
1717955857689 16.0 201
1717955867757 16.0 202
1717955877830 16.0 203
1717955887904 16.1 204
1717955897978 16.0 205
1717955907998 16.0 206
1717955918062 16.0 207
1717955928125 16.0 208
1717955938202 16.0 209
1717955948275 16.0 210
1717955958334 16.0 211
1717955968413 16.0 212
1717955978433 16.0 213
1717955988454 16.0 214
1717955998521 16.0 215
1717956008594 16.0 216
1717956018672 16.0 217
1717956028757 16.0 218
1717956038821 16.0 219
1717956048900 16.0 220
1717956058927 16.0 221
1717956068990 16.0 222
1717956079053 16.0 223
1717956089073 16.5 224
1717956099120 16.5 225
1717956109141 16.5 226
1717956119161 16.5 227
1717956129181 16.5 228
1717956139216 16.5 229
1717956149294 16.5 230
1717956159375 16.5 231
1717956169437 16.6 232
1717956179517 16.6 233
1717956189543 16.4 234
1717956199565 16.5 235
1717956209637 16.5 236
1717956219665 16.5 237
1717956229685 16.5 238
1717956239755 16.5 239
1717956249820 16.5 240
1717956259841 16.5 241
1717956269920 16.0 242
1717956279989 16.0 243
1717956290051 16.0 244
1717956300082 16.0 245
1717956310150 16.0 246
1717956320173 16.0 247
1717956330194 16.0 248
1717956340213 16.0 249
1717956350291 16.0 250
1717956360320 16.0 251
1717956370347 16.0 252
1717956380369 16.0 253
1717956390443 16.0 254
1717956400463 16.0 255
1717956410530 16.0 256
1717956420591 16.0 257
1717956430655 16.0 258
1717956440692 16.0 259
1717956450780 16.0 260
1717956460857 16.0 261
1717956470934 16.0 262
1717956480986 16.0 263
1717956491007 16.0 264
1717956501080 16.0 265
1717956511106 16.0 266
1717956521138 16.0 267
1717956531207 16.0 268
1717956541279 16.0 269
1717956551320 16.0 270
1717956561406 16.0 271
1717956571485 16.0 272
1717956581575 16.0 273
1717956591606 16.0 274
1717956601683 16.0 275
1717956611754 16.0 276
1717956621785 16.0 277
1717956631830 16.0 278
1717956641897 16.0 279
1717956651923 16.1 280
1717956661949 16.1 281
1717956671998 16.1 282
1717956682017 16.1 283
1717956692037 16.1 284
1717956702059 16.1 285
1717956712139 16.1 286
1717956722181 16.1 287
1717956732254 16.2 288
1717956742331 16.1 289
1717956752398 16.0 290
1717956762483 16.0 291
1717956772549 16.0 292
1717956782573 16.0 293
1717956792619 16.0 294
1717956802692 16.1 295
1717956812782 16.1 296
1717956822804 16.1 297
1717956832885 16.1 298
1717956842958 16.1 299
1717956853035 16.0 300
1717956863059 16.0 301
1717956873130 16.1 302
1717956883196 16.1 303
1717956893218 16.1 304
1717956903238 16.0 305
1717956913306 16.1 306
1717956923374 16.1 307
1717956933398 16.0 308
1717956943463 16.1 309
1717956953532 16.1 310
1717956963570 16.1 311
1717956973640 16.1 312
1717956983715 16.1 313
1717956993789 16.1 314
1717957003810 16.0 315
1717957013888 16.1 316
1717957023963 16.1 317
1717957034048 16.0 318
1717957044079 16.1 319
1717957054160 16.1 320
1717957064246 16.1 321
1717957074322 16.1 322
1717957084385 16.1 323
1717957094405 16.1 324
1717957104481 16.1 325
1717957114522 16.1 326
1717957124600 16.1 327
1717957134684 16.1 328
1717957144759 16.1 329
1717957154789 16.1 330
1717957164863 16.1 331
1717957174944 16.0 332
1717957184981 16.0 333
1717957195062 16.0 334
1717957205084 16.0 335
1717957215102 16.1 336
1717957225122 16.1 337
1717957235140 16.1 338
1717957245159 16.1 339
1717957255179 16.2 340
1717957265205 16.2 341
1717957275288 16.2 342
1717957285353 16.2 343
1717957295434 16.2 344
1717957305519 16.2 345
1717957315554 16.1 346
1717957325584 16.0 347
1717957335603 16.0 348
1717957345628 19.4 349
1717957355659 23.4 350
1717957365690 24.6 351
1717957375721 26.5 352
1717957385747 29.3 353
1717957395782 29.0 354
1717957405812 28.6 355
1717957415846 26.9 356
1717957425875 26.8 357
1717957435961 28.3 358
1717957445991 28.0 359
1717957456036 28.2 360
1717957466069 28.6 361
1717957476099 28.5 362
1717957486132 28.4 363
1717957496162 28.3 364
1717957506198 28.6 365
1717957516221 28.6 366
1717957526246 28.7 367
1717957536325 28.6 368
1717957546360 28.6 369
1717957556437 28.5 370
1717957566521 28.6 371
1717957576561 28.8 372
1717957586594 28.9 373
1717957596623 28.9 374
1717957606654 28.7 375
1717957616685 28.6 376
1717957626716 28.7 377
1717957636748 28.7 378
1717957646771 28.8 379
1717957656802 28.9 380
1717957666875 29.1 381
1717957676964 28.6 382
1717957686992 28.6 383
1717957697029 28.5 384
1717957707068 28.5 385
1717957717094 28.7 386
1717957727144 28.5 387
1717957737187 28.4 388
1717957747216 28.6 389
1717957757245 28.6 390
1717957767268 28.7 391
1717957777305 28.7 392
1717957787329 29.1 393
1717957797355 28.8 394
1717957807384 29.7 395
1717957817409 29.6 396
1717957827443 30.1 397
1717957837477 30.4 398
1717957847511 30.5 399
1717957857548 30.3 400
1717957867575 30.4 401
1717957877615 30.3 402
1717957887650 30.2 403
1717957897677 30.3 404
1717957907707 29.8 405
1717957917750 29.9 406
1717957927784 29.9 407
1717957937811 30.0 408
1717957947840 30.8 409
1717957957922 30.8 410
1717957968004 30.9 411
1717957978032 30.8 412
1717957988116 30.6 413
1717957998142 30.5 414
1717958008181 30.4 415
1717958018222 30.5 416
1717958028253 30.4 417
1717958038282 30.5 418
1717958048313 30.2 419
1717958058361 30.1 420
1717958068420 30.1 421
1717958078456 30.0 422
1717958088486 29.9 423
1717958098524 29.9 424
1717958108595 29.9 425
1717958118626 30.0 426
1717958128696 30.1 427
1717958138773 30.1 428
1717958148802 30.2 429
1717958158882 30.1 430
1717958168976 30.2 431
1717958179017 30.3 432
1717958189066 30.1 433
1717958199157 30.2 434
1717958209197 30.1 435
1717958219229 30.2 436
1717958229264 30.1 437
1717958239293 30.3 438
1717958249372 30.3 439
1717958259417 30.3 440
1717958269466 30.3 441
1717958279501 30.3 442
1717958289578 30.3 443
1717958299607 30.5 444
1717958309643 30.6 445
1717958319723 30.6 446
1717958329753 30.6 447
1717958339788 30.5 448
1717958349872 30.4 449
1717958359904 30.4 450
1717958369989 30.4 451
1717958380029 30.5 452
1717958390113 30.6 453
1717958400148 30.5 454
1717958410174 30.6 455
1717958420196 30.7 456
1717958430225 30.7 457
1717958440246 30.6 458
1717958450277 30.7 459
1717958460300 30.8 460
1717958470328 30.8 461
1717958480360 30.8 462
1717958490390 30.6 463
1717958500422 30.7 464
1717958510524 30.7 465
1717958520557 30.8 466
1717958530598 30.8 467
1717958540683 31.3 468
1717958550765 31.2 469
1717958560800 31.2 470
1717958570841 31.1 471
1717958580884 31.2 472
1717958590914 30.8 473
1717958600962 31.0 474
1717958610999 30.9 475
1717958621037 30.9 476
1717958631130 30.5 477
1717958641160 30.5 478
1717958651200 30.5 479
1717958661293 30.6 480
1717958671319 30.5 481
1717958681354 30.9 482
1717958691439 30.9 483
1717958701464 30.9 484
1717958711551 30.8 485
1717958721580 31.1 486
1717958731665 30.9 487
1717958741712 30.9 488
1717958751751 30.9 489
1717958761790 30.8 490
1717958771873 30.9 491
1717958781908 31.0 492
1717958791999 30.9 493
1717958802034 30.8 494
1717958812062 30.9 495
1717958822097 30.9 496
1717958832129 30.8 497
1717958842158 31.0 498
1717958852192 31.0 499
1717958862219 31.0 500
1717958872251 31.0 501
1717958882323 31.0 502
1717958892395 31.0 503
1717958902438 31.0 504
1717958912466 31.0 505
1717958922509 31.0 506
1717958932572 31.0 507
1717958942659 31.1 508
1717958952690 31.0 509
1717958962788 31.1 510
1717958972869 31.1 511
1717958982949 31.0 512
1717958992990 31.0 513
1717959003017 31.0 514
1717959013053 31.0 515
1717959023140 31.2 516
1717959033182 31.0 517
1717959043219 30.8 518
1717959053244 31.2 519
1717959063268 31.1 520
1717959073309 31.2 521
1717959083339 31.1 522
1717959093363 31.1 523
1717959103398 31.1 524
1717959113437 31.3 525
1717959123484 31.2 526
1717959133517 31.0 527
1717959143565 31.1 528
1717959153606 31.2 529
1717959163641 31.1 530
1717959173728 31.1 531
1717959183756 31.2 532
1717959193796 31.1 533
1717959203897 31.1 534
1717959213949 31.1 535
1717959223987 31.1 536
1717959234078 31.2 537
1717959244120 31.0 538
1717959254165 31.1 539
1717959264211 31.0 540
1717959274252 31.0 541
1717959284295 31.0 542
1717959294335 31.0 543
1717959304364 31.1 544
1717959314405 31.1 545
1717959324492 31.0 546
1717959334541 31.0 547
1717959344575 31.0 548
1717959354625 31.1 549
1717959364673 31.1 550
1717959374707 31.2 551
1717959384745 31.1 552
1717959394779 31.1 553
1717959404807 31.1 554
1717959414850 31.1 555
1717959424895 31.2 556
1717959434934 31.3 557
1717959445021 31.3 558
1717959455073 31.2 559
1717959465149 31.1 560
1717959475190 31.2 561
1717959485219 31.2 562
1717959495265 31.2 563
1717959505319 31.4 564
1717959515412 31.3 565
1717959525461 31.2 566
1717959535501 31.2 567
1717959545531 31.4 568
1717959555612 31.4 569
1717959565701 31.3 570
1717959575750 31.2 571
1717959585784 31.2 572
1717959595824 31.3 573
1717959605869 31.2 574
1717959615918 31.3 575
1717959625965 31.2 576
1717959635998 31.3 577
1717959646307 31.3 578
1717959656561 31.3 579
1717959666593 31.2 580
1717959676624 31.3 581
1717959686656 31.4 582
1717959696700 31.5 583
1717959706731 31.3 584
1717959716767 31.3 585
1717959726854 31.3 586
1717959736891 31.3 587
1717959746930 31.6 588
1717959756976 31.4 589
1717959767007 31.4 590
1717959777045 31.2 591
1717959787128 31.3 592
1717959797215 31.2 593
1717959807246 31.3 594
1717959817300 31.3 595
1717959827329 31.2 596
1717959837378 31.3 597
1717959847418 31.3 598
1717959857460 30.9 599
1717959867494 30.9 600
1717959877529 31.2 601
1717959887565 31.2 602
1717959897645 31.2 603
1717959907678 31.1 604
1717959917713 31.2 605
1717959927761 31.2 606
1717959937807 31.4 607
1717959947849 31.3 608
1717959957943 31.3 609
1717959968018 31.2 610
1717959978061 31.3 611
1717959988149 31.3 612
1717959998243 31.3 613
1717960008293 31.3 614
1717960018337 31.3 615
1717960028375 31.3 616
1717960038406 31.4 617
1717960048453 31.4 618
1717960058496 31.4 619
1717960068532 31.5 620
1717960078574 31.4 621
1717960088620 31.5 622
1717960098656 31.4 623
1717960108705 31.4 624
1717960118746 31.1 625
1717960128797 30.9 626
1717960138842 31.0 627
1717960148877 31.4 628
1717960158929 31.4 629
1717960168983 31.4 630
1717960179068 31.4 631
1717960189110 31.4 632
1717960199159 31.3 633
1717960209197 31.4 634
1717960219243 31.4 635
1717960229337 31.4 636
1717960239422 31.4 637
1717960249459 31.4 638
1717960259497 31.5 639
1717960269537 31.4 640
1717960279565 31.5 641
1717960289603 31.4 642
1717960299638 31.5 643
1717960309676 31.7 644
1717960319703 31.6 645
1717960329740 31.6 646
1717960339779 31.5 647
1717960349827 31.6 648
1717960359914 31.5 649
1717960369959 31.5 650
1717960379995 31.2 651
1717960390032 31.2 652
1717960400088 31.6 653
1717960410127 31.5 654
1717960420175 31.4 655
1717960430219 31.4 656
1717960440265 31.4 657
1717960450305 31.4 658
1717960460353 31.5 659
1717960470442 31.2 660
1717960480504 31.1 661
1717960490542 31.4 662
1717960500585 31.5 663
1717960510673 31.1 664
1717960520710 31.1 665
1717960530830 31.3 666
1717960540864 31.3 667
1717960550954 31.3 668
1717960561043 31.3 669
1717960571086 31.4 670
1717960581123 31.2 671
1717960591154 31.2 672
1717960601255 31.4 673
1717960611333 31.3 674
1717960621367 31.0 675
1717960631399 31.0 676
1717960641435 31.1 677
1717960651489 31.2 678
1717960661526 31.1 679
1717960671605 31.1 680
1717960681648 31.1 681
1717960691684 31.2 682
1717960701769 31.3 683
1717960711870 31.3 684
1717960721911 31.2 685
1717960731953 31.2 686
1717960742047 31.2 687
1717960752082 31.2 688
1717960762116 31.2 689
1717960772161 31.4 690
1717960782216 31.3 691
1717960792253 31.4 692
1717960802286 31.3 693
1717960812320 31.4 694
1717960822353 31.4 695
1717960832390 31.4 696
1717960842433 31.4 697
1717960852472 31.6 698
1717960862524 31.6 699
1717960872577 32.0 700
1717960882614 32.3 701
1717960892653 32.5 702
1717960902681 32.5 703
1717960912718 32.3 704
1717960922752 32.2 705
1717960932780 32.2 706
1717960942815 32.5 707
1717960952848 32.5 708
1717960962933 32.2 709
1717960973024 32.2 710
1717960983062 32.0 711
1717960993135 31.8 712
1717961003172 31.8 713
1717961013206 31.9 714
1717961023241 31.9 715
1717961033339 31.8 716
1717961043373 31.5 717
1717961053447 31.6 718
1717961063552 31.6 719
1717961073590 31.6 720
1717961083626 31.8 721
1717961093661 31.6 722
1717961103694 31.5 723
1717961113774 31.6 724
1717961123812 31.6 725
1717961133850 31.9 726
1717961143888 31.9 727
1717961153929 32.3 728
1717961163980 32.1 729
1717961174013 32.3 730
1717961184110 31.9 731
1717961194149 31.9 732
1717961204195 31.8 733
1717961214307 31.8 734
1717961224366 31.9 735
1717961234409 31.9 736
1717961244446 32.1 737
1717961254495 32.4 738
1717961264565 32.5 739
1717961274597 32.1 740
1717961284635 32.1 741
1717961294682 32.1 742
1717961304774 32.1 743
1717961314834 32.2 744
1717961324882 32.2 745
1717961334922 32.1 746
1717961344972 32.3 747
1717961355027 32.2 748
1717961365074 32.1 749
1717961375128 32.1 750
1717961385169 32.0 751
1717961395203 32.1 752
1717961405257 32.0 753
1717961415296 32.1 754
1717961425340 32.1 755
1717961435442 32.2 756
1717961445489 32.2 757
1717961455537 31.9 758
1717961465585 31.8 759
1717961475696 31.8 760
1717961485727 32.2 761
1717961495756 32.1 762
1717961505786 32.1 763
1717961515822 32.2 764
1717961525861 32.2 765
1717961535891 32.3 766
1717961545923 32.3 767
1717961555958 32.3 768
1717961565991 32.4 769
1717961576039 32.7 770
1717961586140 32.8 771
1717961596188 32.7 772
1717961606240 32.1 773
1717961616280 32.2 774
1717961626360 32.3 775
1717961636440 32.1 776
1717961646489 32.1 777
1717961656556 32.1 778
1717961666605 32.1 779
1717961676665 32.1 780
1717961686707 32.1 781
1717961696806 32.1 782
1717961706855 32.1 783
1717961716915 32.1 784
1717961726953 32.2 785
1717961737041 32.3 786
1717961747125 32.3 787
1717961757231 32.2 788
1717961767281 32.1 789
1717961777324 32.4 790
1717961787357 32.1 791
1717961797634 32.1 792
1717961807673 31.6 793
1717961817710 24.3 794
1717961827744 15.9 795
1717961837794 15.8 796
1717961847829 16.3 797
1717961857862 21.2 798
1717961867909 24.0 799
1717961877968 26.1 800
1717961888025 26.5 801
1717961898079 26.2 802
1717961908118 15.5 803
1717961918156 15.5 804
1717961928195 15.5 805
1717961938281 15.6 806
1717961948331 15.6 807
1717961958367 14.2 808
1717961968455 14.1 809
1717961978552 14.1 810
1717961988608 14.1 811
1717961998647 14.1 812
1717962008732 14.1 813
1717962018822 14.1 814
1717962028861 14.1 815
1717962038949 14.1 816
1717962049027 14.1 817
1717962059125 14.1 818
1717962069181 14.1 819
1717962079215 14.1 820
1717962089262 14.2 821
1717962099299 14.2 822
1717962109329 14.1 823
1717962119375 14.1 824
1717962129410 14.2 825
1717962139441 14.1 826
1717962149476 14.2 827
1717962159573 14.2 828
1717962169624 14.2 829
1717962179709 14.2 830
1717962189811 14.2 831
1717962199856 14.1 832
1717962209956 14.1 833
1717962220061 14.1 834
1717962230164 14.0 835
1717962240207 14.1 836
1717962250295 14.1 837
1717962260394 14.1 838
1717962270478 14.1 839
1717962280520 14.1 840
1717962290610 14.1 841
1717962300713 14.0 842
1717962310809 14.1 843
1717962320856 14.1 844
1717962330953 14.1 845
1717962341052 14.0 846
1717962351103 14.1 847
1717962361187 14.1 848
1717962371271 14.1 849
1717962381343 14.1 850
1717962391395 14.1 851
1717962401484 14.1 852
1717962411583 14.1 853
1717962421691 14.1 854
1717962431741 14.1 855
1717962441837 14.1 856
1717962451927 14.1 857
1717962462016 14.1 858
1717962472099 14.0 859
1717962482188 14.0 860
1717962492292 14.0 861
1717962502354 14.1 862
1717962512408 14.1 863
1717962522511 14.1 864
1717962532607 14.1 865
1717962542658 14.1 866
1717962552736 14.1 867
1717962562846 14.1 868
1717962572898 14.1 869
1717962582981 14.1 870
1717962593082 14.0 871
1717962603183 14.0 872
1717962613278 14.1 873
1717962623329 14.1 874
1717962633434 14.1 875
1717962643554 14.1 876
1717962653594 14.2 877
1717962663634 14.2 878
1717962673667 14.2 879
1717962683704 14.2 880
1717962693735 14.2 881
1717962703767 14.2 882
1717962713861 14.2 883
1717962723914 14.3 884
1717962733952 14.2 885
1717962744048 14.2 886
1717962754133 14.1 887
1717962764187 14.2 888
1717962774281 14.1 889
1717962784368 14.1 890
1717962794420 14.1 891
1717962804484 14.2 892
1717962814590 14.2 893
1717962824696 14.1 894
1717962834939 14.1 895
1717962845025 14.1 896
1717962855117 14.1 897
1717962865213 14.1 898
1717962875269 14.1 899
1717962885369 14.1 900
1717962895463 14.1 901
1717962905547 14.1 902
1717962915649 14.1 903
1717962925749 14.1 904
1717962935845 14.1 905
1717962945906 14.1 906
1717962956006 14.1 907
1717962966114 14.1 908
1717962976209 14.1 909
1717962986265 14.1 910
1717962996363 14.1 911
1717963006449 14.1 912
1717963016536 14.1 913
1717963026589 14.2 914
1717963036690 14.1 915
1717963046796 14.2 916
1717963056898 14.2 917
1717963066955 14.1 918
1717963077059 14.1 919
1717963087152 14.1 920
1717963097196 14.1 921
1717963107271 14.1 922
1717963117355 14.2 923
1717963127451 14.2 924
1717963137492 14.1 925
1717963147598 14.2 926
1717963157716 14.1 927
1717963167776 14.2 928
1717963177872 14.2 929
1717963187963 14.2 930
1717963198006 14.1 931
1717963208048 14.2 932
1717963218083 14.2 933
1717963228129 14.2 934
1717963238169 14.2 935
1717963248204 14.2 936
1717963258236 14.2 937
1717963268273 14.2 938
1717963278370 14.2 939
1717963288469 14.2 940
1717963298557 14.2 941
1717963308619 14.2 942
1717963318704 14.1 943
1717963328796 14.1 944
1717963338851 14.1 945
1717963348946 14.1 946
1717963359043 14.1 947
1717963369152 14.1 948
1717963379261 14.1 949
1717963389340 14.1 950
1717963399451 14.1 951
1717963409513 14.1 952
1717963419564 14.1 953
1717963429602 14.1 954
1717963439700 14.1 955
1717963449797 14.1 956
1717963459852 14.1 957
1717963469950 14.1 958
1717963480051 14.1 959
1717963490155 14.1 960
1717963500252 14.0 961
1717963510363 14.1 962
1717963520464 14.1 963
1717963530559 14.1 964
1717963540614 14.1 965
1717963550722 14.2 966
1717963560837 14.1 967
1717963570893 14.1 968
1717963580989 14.1 969
1717963591095 14.0 970
1717963601204 14.1 971
1717963611266 14.1 972
1717963621326 14.0 973
1717963631410 14.0 974
1717963641500 14.1 975
1717963651581 14.1 976
1717963661630 14.1 977
1717963671726 14.1 978
1717963681818 14.0 979
1717963691860 14.1 980
1717963701943 14.1 981
1717963712035 14.1 982
1717963722096 14.1 983
1717963732135 14.1 984
1717963742180 14.1 985
1717963752286 14.1 986
1717963762384 14.1 987
1717963772428 15.3 988
1717963782470 15.3 989
1717963792509 15.3 990
1717963802543 15.3 991
1717963812581 15.3 992
1717963822616 14.1 993
1717963832717 14.2 994
1717963842809 14.1 995
1717963852891 14.1 996
1717963862939 14.2 997
1717963873040 14.1 998
1717963883096 14.1 999
1717963893189 14.1 1000
1717963903248 14.0 1001
1717963913296 14.0 1002
1717963923396 14.0 1003
1717963933516 14.0 1004
1717963943563 14.1 1005
1717963953649 14.1 1006
1717963963939 14.1 1007
1717963974026 14.1 1008
1717963984090 14.0 1009
1717963994138 14.0 1010
1717964004224 14.0 1011
1717964014263 14.1 1012
1717964024347 14.1 1013
1717964034449 14.1 1014
1717964044536 14.1 1015
1717964054584 14.1 1016
1717964064678 14.1 1017
1717964074782 14.1 1018
1717964084893 14.1 1019
1717964094992 14.1 1020
1717964105032 14.0 1021
1717964115137 14.1 1022
1717964125240 14.1 1023
1717964135282 14.1 1024
1717964145365 14.1 1025
1717964155453 14.1 1026
1717964165502 14.0 1027
1717964175588 14.1 1028
1717964185673 14.1 1029
1717964195712 14.1 1030
1717964205755 14.0 1031
1717964215832 14.1 1032
1717964225868 14.1 1033
1717964235967 14.0 1034
1717964246054 14.0 1035
1717964256101 14.0 1036
1717964266185 14.1 1037
1717964276277 14.1 1038
1717964286327 14.1 1039
1717964296366 14.0 1040
1717964306416 14.1 1041
1717964316830 14.1 1042
1717964326870 14.1 1043
1717964336905 14.1 1044
1717964346940 14.1 1045
1717964356984 14.1 1046
1717964367025 14.1 1047
1717964377059 14.1 1048
1717964387095 14.2 1049
1717964397141 14.2 1050
1717964407235 14.2 1051
1717964417334 14.2 1052
1717964427402 14.2 1053
1717964437502 14.0 1054
1717964447609 14.0 1055
1717964457674 14.0 1056
1717964467780 14.0 1057
1717964477886 14.0 1058
1717964487993 14.0 1059
1717964498046 14.0 1060
1717964508095 14.0 1061
1717964518199 14.0 1062
1717964528322 14.0 1063
1717964538373 14.0 1064
1717964548470 14.0 1065
1717964558581 14.1 1066
1717964568683 14.0 1067
1717964578742 14.0 1068
1717964588830 14.1 1069
1717964598927 14.0 1070
1717964608968 14.0 1071
1717964619091 14.0 1072
1717964629206 14.0 1073
1717964639315 14.1 1074
1717964649417 14.0 1075
1717964659475 14.0 1076
1717964669569 14.1 1077
1717964679679 14.0 1078
1717964689728 14.0 1079
1717964699814 14.0 1080
1717964709916 14.0 1081
1717964720003 14.0 1082
1717964730044 14.0 1083
1717964740145 14.0 1084
1717964750236 14.0 1085
1717964760281 14.0 1086
1717964770328 14.0 1087
1717964780442 14.1 1088
1717964790531 14.0 1089
1717964800571 14.0 1090
1717964810619 14.1 1091
1717964820684 14.0 1092
1717964830772 14.0 1093
1717964840856 14.0 1094
1717964850930 14.0 1095
1717964861043 14.0 1096
1717964871166 14.0 1097
