1717953840600 5130.9 0
1717953850626 5316.7 1
1717953860645 5321.0 2
1717953870659 5333.2 3
1717953880675 5309.4 4
1717953890734 5318.1 5
1717953900751 5311.6 6
1717953910762 5308.8 7
1717953920773 5307.7 8
1717953930785 5302.2 9
1717953940796 5307.3 10
1717953950808 5316.1 11
1717953960867 5304.7 12
1717953970890 5321.1 13
1717953980907 5306.1 14
1717953990922 5309.8 15
1717954000938 5317.4 16
1717954010960 5316.1 17
1717954020977 5316.3 18
1717954030996 5311.8 19
1717954041014 5299.9 20
1717954051038 5312.9 21
1717954061051 5312.0 22
1717954071067 5317.8 23
1717954081130 5311.4 24
1717954091146 5312.1 25
1717954101159 5319.0 26
1717954111170 5322.2 27
1717954121182 5311.0 28
1717954131202 5316.4 29
1717954141215 5332.2 30
1717954151228 5319.5 31
1717954161251 5317.8 32
1717954171265 5319.9 33
1717954181310 5314.3 34
1717954191324 5325.5 35
1717954201347 5327.0 36
1717954211359 5328.4 37
1717954221372 5325.3 38
1717954231386 5320.6 39
1717954241400 5313.9 40
1717954251414 5322.6 41
1717954261428 5312.3 42
1717954271442 5318.0 43
1717954281456 5317.4 44
1717954291481 5311.6 45
1717954301543 5320.7 46
1717954311567 5312.0 47
1717954321591 5317.2 48
1717954331645 5311.5 49
1717954341661 5316.6 50
1717954351708 5315.3 51
1717954361723 5316.7 52
1717954371737 5317.1 53
1717954381754 5315.0 54
1717954392266 5316.1 55
1717954402281 5675.6 56
1717954412299 5340.3 57
1717954422322 5337.1 58
1717954432337 5342.7 59
1717954442352 5356.0 60
1717954452366 5364.9 61
1717954462381 5358.5 62
1717954472394 5359.8 63
1717954482417 5359.3 64
1717954492442 5364.6 65
1717954502458 5370.3 66
1717954512515 5335.5 67
1717954522530 5339.6 68
1717954532553 5346.6 69
1717954542571 5335.6 70
1717954552635 5332.6 71
1717954562662 5329.3 72
1717954572679 5339.3 73
1717954582705 5340.6 74
1717954592723 5341.4 75
1717954602738 5335.4 76
1717954612757 5318.6 77
1717954622776 5325.5 78
1717954632846 5322.1 79
1717954642861 5321.4 80
1717954652895 5321.3 81
1717954662913 5327.2 82
1717954672932 5322.7 83
1717954682948 5325.1 84
1717954692965 5326.9 85
1717954702980 5318.8 86
1717954712995 5329.2 87
1717954723011 5322.0 88
1717954733026 5326.3 89
1717954743041 5323.3 90
1717954753071 5324.0 91
1717954763092 5324.7 92
1717954773121 5331.6 93
1717954783138 5334.4 94
1717954793152 5332.4 95
1717954803173 5334.2 96
1717954813238 5328.7 97
1717954823254 5326.2 98
1717954833270 5331.4 99
1717954843289 5326.8 100
1717954853309 5329.7 101
1717954863327 5334.3 102
1717954873340 5357.3 103
1717954883355 5346.2 104
1717954893370 5377.6 105
1717954903383 5379.8 106
1717954913397 5350.9 107
1717954923410 5360.5 108
1717954933425 5361.0 109
1717954943447 5353.7 110
1717954953467 5356.5 111
1717954963481 5388.6 112
1717954973495 5376.8 113
1717954983509 5361.1 114
1717954993525 5371.7 115
1717955003542 5387.1 116
1717955013563 5383.6 117
1717955023577 5377.5 118
1717955033646 5381.5 119
1717955043703 5381.3 120
1717955053748 5390.2 121
1717955063763 5393.8 122
1717955073829 5354.9 123
1717955083845 5355.8 124
1717955093910 5342.7 125
1717955103978 5353.2 126
1717955114051 5355.6 127
1717955124110 5356.6 128
1717955134178 5363.8 129
1717955144225 5355.6 130
1717955154294 5351.8 131
1717955164361 5351.8 132
1717955174377 5349.1 133
1717955184406 5353.0 134
1717955194425 5377.9 135
1717955204486 5356.6 136
1717955214507 5354.4 137
1717955224566 5360.4 138
1717955234624 5360.3 139
1717955244695 5358.8 140
1717955254765 5362.5 141
1717955264837 5349.8 142
1717955274899 5356.9 143
1717955284962 5354.9 144
1717955294981 5359.5 145
1717955305043 5353.7 146
1717955315117 5354.0 147
1717955325134 5351.1 148
1717955335196 5351.2 149
1717955345262 5353.0 150
1717955355280 5346.2 151
1717955365298 5344.7 152
1717955375357 5351.4 153
1717955385426 5353.2 154
1717955395500 5358.2 155
1717955405568 5351.8 156
1717955415585 5346.5 157
1717955425658 5353.8 158
1717955435682 5350.2 159
1717955445706 5350.5 160
1717955455729 5357.7 161
1717955465806 5357.9 162
1717955475875 5364.1 163
1717955485894 5355.4 164
1717955495974 5377.4 165
1717955506045 5344.4 166
1717955516124 5347.0 167
1717955526140 5376.9 168
1717955536155 5378.1 169
1717955546176 5375.7 170
1717955556191 5385.3 171
1717955566221 5389.6 172
1717955576241 5385.1 173
1717955586259 5378.8 174
1717955596285 5380.4 175
1717955606359 5396.1 176
1717955616383 5391.2 177
1717955626451 5359.9 178
1717955636524 5354.6 179
1717955646589 5364.2 180
1717955656616 5348.7 181
1717955666686 5353.3 182
1717955676756 5362.4 183
1717955686774 5361.1 184
1717955696798 5367.2 185
1717955706816 5369.3 186
1717955716891 5357.8 187
1717955726960 5365.8 188
1717955737020 5356.9 189
1717955747085 5355.1 190
1717955757160 5351.6 191
1717955767178 5365.3 192
1717955777242 5346.9 193
1717955787326 5347.6 194
1717955797403 5379.0 195
1717955807441 5355.3 196
1717955817462 5348.0 197
1717955827530 5344.2 198
1717955837562 5345.0 199
1717955847626 5357.1 200
1717955857689 5360.3 201
1717955867757 5359.2 202
1717955877830 5353.5 203
1717955887904 5389.2 204
1717955897978 5380.5 205
1717955907998 5371.9 206
1717955918062 5373.0 207
1717955928125 5357.8 208
1717955938202 5360.9 209
1717955948275 5370.0 210
1717955958334 5362.4 211
1717955968413 5358.7 212
1717955978433 5356.9 213
1717955988454 5360.3 214
1717955998521 5364.1 215
1717956008594 5362.2 216
1717956018672 5360.8 217
1717956028757 5364.4 218
1717956038821 5364.2 219
1717956048900 5359.5 220
1717956058927 5363.4 221
1717956068990 5359.8 222
1717956079053 5351.5 223
1717956089073 5539.0 224
1717956099120 5519.3 225
1717956109141 5527.2 226
1717956119161 5550.2 227
1717956129181 5547.9 228
1717956139216 5544.9 229
1717956149294 5546.4 230
1717956159375 5543.8 231
1717956169437 5564.4 232
1717956179517 5554.3 233
1717956189543 5513.4 234
1717956199565 5539.3 235
1717956209637 5536.2 236
1717956219665 5522.2 237
1717956229685 5530.6 238
1717956239755 5528.5 239
1717956249820 5525.7 240
1717956259841 5529.4 241
1717956269920 5363.7 242
1717956279989 5370.7 243
1717956290051 5367.3 244
1717956300082 5354.2 245
1717956310150 5371.9 246
1717956320173 5374.3 247
1717956330194 5364.1 248
1717956340213 5370.6 249
1717956350291 5374.1 250
1717956360320 5361.8 251
1717956370347 5376.2 252
1717956380369 5365.1 253
1717956390443 5366.0 254
1717956400463 5367.7 255
1717956410530 5362.2 256
1717956420591 5362.2 257
1717956430655 5361.5 258
1717956440692 5359.3 259
1717956450780 5370.2 260
1717956460857 5358.9 261
1717956470934 5356.6 262
1717956480986 5354.9 263
1717956491007 5352.7 264
1717956501080 5359.3 265
1717956511106 5368.2 266
1717956521138 5370.2 267
1717956531207 5366.3 268
1717956541279 5374.9 269
1717956551320 5372.9 270
1717956561406 5375.1 271
1717956571485 5371.7 272
1717956581575 5372.3 273
1717956591606 5371.9 274
1717956601683 5378.2 275
1717956611754 5369.2 276
1717956621785 5375.3 277
1717956631830 5366.8 278
1717956641897 5359.6 279
1717956651923 5401.4 280
1717956661949 5390.8 281
1717956671998 5408.2 282
1717956682017 5412.9 283
1717956692037 5400.4 284
1717956702059 5400.7 285
1717956712139 5398.4 286
1717956722181 5411.0 287
1717956732254 5416.6 288
1717956742331 5408.0 289
1717956752398 5380.0 290
1717956762483 5371.8 291
1717956772549 5375.6 292
1717956782573 5381.0 293
1717956792619 5377.1 294
1717956802692 5407.0 295
1717956812782 5390.2 296
1717956822804 5389.1 297
1717956832885 5396.7 298
1717956842958 5387.2 299
1717956853035 5381.9 300
1717956863059 5370.4 301
1717956873130 5385.3 302
1717956883196 5383.1 303
1717956893218 5393.2 304
1717956903238 5381.0 305
1717956913306 5384.1 306
1717956923374 5392.5 307
1717956933398 5378.2 308
1717956943463 5384.5 309
1717956953532 5382.9 310
1717956963570 5384.5 311
1717956973640 5386.1 312
1717956983715 5382.8 313
1717956993789 5391.0 314
1717957003810 5375.6 315
1717957013888 5383.5 316
1717957023963 5388.2 317
1717957034048 5378.8 318
1717957044079 5389.4 319
1717957054160 5401.9 320
1717957064246 5386.7 321
1717957074322 5385.1 322
1717957084385 5383.2 323
1717957094405 5390.1 324
1717957104481 5386.0 325
1717957114522 5387.5 326
1717957124600 5386.8 327
1717957134684 5382.8 328
1717957144759 5388.4 329
1717957154789 5383.1 330
1717957164863 5392.3 331
1717957174944 5379.4 332
1717957184981 5381.9 333
1717957195062 5377.5 334
1717957205084 5373.8 335
1717957215102 5410.6 336
1717957225122 5407.3 337
1717957235140 5396.2 338
1717957245159 5415.4 339
1717957255179 5422.7 340
1717957265205 5417.1 341
1717957275288 5417.2 342
1717957285353 5422.0 343
1717957295434 5431.2 344
1717957305519 5432.7 345
1717957315554 5399.3 346
1717957325584 5378.6 347
1717957335603 5377.7 348
1717957345628 6500.7 349
1717957355659 7843.4 350
1717957365690 8239.2 351
1717957375721 8896.6 352
1717957385747 9838.8 353
1717957395782 9735.4 354
1717957405812 9583.1 355
1717957415846 9034.3 356
1717957425875 8976.6 357
1717957435961 9493.2 358
1717957445991 9401.5 359
1717957456036 9462.6 360
1717957466069 9586.9 361
1717957476099 9553.1 362
1717957486132 9522.3 363
1717957496162 9482.5 364
1717957506198 9592.4 365
1717957516221 9576.2 366
1717957526246 9608.7 367
1717957536325 9582.2 368
1717957546360 9579.1 369
1717957556437 9565.4 370
1717957566521 9580.3 371
1717957576561 9653.7 372
1717957586594 9679.3 373
1717957596623 9677.1 374
1717957606654 9638.3 375
1717957616685 9584.0 376
1717957626716 9623.7 377
1717957636748 9616.9 378
1717957646771 9652.6 379
1717957656802 9705.2 380
1717957666875 9757.3 381
1717957676964 9607.2 382
1717957686992 9575.6 383
1717957697029 9566.8 384
1717957707068 9570.2 385
1717957717094 9624.9 386
1717957727144 9544.6 387
1717957737187 9534.8 388
1717957747216 9588.6 389
1717957757245 9589.9 390
1717957767268 9631.8 391
1717957777305 9632.7 392
1717957787329 9766.2 393
1717957797355 9649.8 394
1717957807384 9955.8 395
1717957817409 9933.9 396
1717957827443 10095.6 397
1717957837477 10199.1 398
1717957847511 10220.3 399
1717957857548 10165.9 400
1717957867575 10181.4 401
1717957877615 10158.1 402
1717957887650 10135.9 403
1717957897677 10150.6 404
1717957907707 9981.1 405
1717957917750 10039.6 406
1717957927784 10012.3 407
1717957937811 10072.6 408
1717957947840 10342.2 409
1717957957922 10325.2 410
1717957968004 10360.0 411
1717957978032 10333.8 412
1717957988116 10271.7 413
1717957998142 10238.3 414
1717958008181 10208.6 415
1717958018222 10221.4 416
1717958028253 10182.1 417
1717958038282 10229.9 418
1717958048313 10117.5 419
1717958058361 10101.9 420
1717958068420 10107.2 421
1717958078456 10063.5 422
1717958088486 10039.1 423
1717958098524 10039.9 424
1717958108595 10035.5 425
1717958118626 10050.2 426
1717958128696 10085.1 427
1717958138773 10080.9 428
1717958148802 10127.0 429
1717958158882 10096.5 430
1717958168976 10135.0 431
1717958179017 10160.1 432
1717958189066 10108.4 433
1717958199157 10121.5 434
1717958209197 10105.3 435
1717958219229 10118.9 436
1717958229264 10107.9 437
1717958239293 10153.0 438
1717958249372 10155.1 439
1717958259417 10173.2 440
1717958269466 10155.5 441
1717958279501 10152.2 442
1717958289578 10164.6 443
1717958299607 10214.3 444
1717958309643 10267.4 445
1717958319723 10270.6 446
1717958329753 10261.6 447
1717958339788 10236.3 448
1717958349872 10200.0 449
1717958359904 10207.4 450
1717958369989 10208.5 451
1717958380029 10213.0 452
1717958390113 10251.6 453
1717958400148 10233.7 454
1717958410174 10270.1 455
1717958420196 10305.4 456
1717958430225 10283.3 457
1717958440246 10275.4 458
1717958450277 10280.6 459
1717958460300 10322.6 460
1717958470328 10330.0 461
1717958480360 10332.1 462
1717958490390 10271.9 463
1717958500422 10294.2 464
1717958510524 10295.5 465
1717958520557 10322.0 466
1717958530598 10319.7 467
1717958540683 10509.1 468
1717958550765 10465.5 469
1717958560800 10448.8 470
1717958570841 10440.1 471
1717958580884 10457.1 472
1717958590914 10337.7 473
1717958600962 10382.5 474
1717958610999 10356.9 475
1717958621037 10359.1 476
1717958631130 10224.9 477
1717958641160 10212.0 478
1717958651200 10239.8 479
1717958661293 10257.5 480
1717958671319 10239.5 481
1717958681354 10359.7 482
1717958691439 10358.1 483
1717958701464 10352.2 484
1717958711551 10339.9 485
1717958721580 10421.5 486
1717958731665 10366.9 487
1717958741712 10368.7 488
1717958751751 10352.0 489
1717958761790 10342.9 490
1717958771873 10376.4 491
1717958781908 10396.0 492
1717958791999 10365.3 493
1717958802034 10344.0 494
1717958812062 10360.0 495
1717958822097 10360.0 496
1717958832129 10345.9 497
1717958842158 10412.8 498
1717958852192 10389.5 499
1717958862219 10381.6 500
1717958872251 10410.3 501
1717958882323 10384.2 502
1717958892395 10398.5 503
1717958902438 10405.3 504
1717958912466 10402.5 505
1717958922509 10396.8 506
1717958932572 10389.1 507
1717958942659 10437.2 508
1717958952690 10390.7 509
1717958962788 10416.4 510
1717958972869 10432.4 511
1717958982949 10406.3 512
1717958992990 10406.4 513
1717959003017 10389.0 514
1717959013053 10398.5 515
1717959023140 10456.1 516
1717959033182 10412.1 517
1717959043219 10333.7 518
1717959053244 10450.7 519
1717959063268 10424.0 520
1717959073309 10461.7 521
1717959083339 10443.3 522
1717959093363 10425.5 523
1717959103398 10446.5 524
1717959113437 10501.7 525
1717959123484 10477.9 526
1717959133517 10390.9 527
1717959143565 10413.3 528
1717959153606 10465.4 529
1717959163641 10430.5 530
1717959173728 10433.9 531
1717959183756 10476.3 532
1717959193796 10446.1 533
1717959203897 10421.1 534
1717959213949 10434.3 535
1717959223987 10418.0 536
1717959234078 10450.7 537
1717959244120 10409.5 538
1717959254165 10437.5 539
1717959264211 10411.3 540
1717959274252 10408.0 541
1717959284295 10401.1 542
1717959294335 10401.2 543
1717959304364 10425.3 544
1717959314405 10419.5 545
1717959324492 10405.2 546
1717959334541 10409.4 547
1717959344575 10407.1 548
1717959354625 10421.8 549
1717959364673 10421.3 550
1717959374707 10470.8 551
1717959384745 10440.3 552
1717959394779 10442.5 553
1717959404807 10436.4 554
1717959414850 10424.2 555
1717959424895 10474.3 556
1717959434934 10487.4 557
1717959445021 10485.3 558
1717959455073 10454.0 559
1717959465149 10441.2 560
1717959475190 10468.3 561
1717959485219 10449.1 562
1717959495265 10456.4 563
1717959505319 10525.3 564
1717959515412 10507.4 565
1717959525461 10478.5 566
1717959535501 10479.6 567
1717959545531 10514.9 568
1717959555612 10521.7 569
1717959565701 10505.1 570
1717959575750 10478.9 571
1717959585784 10460.1 572
1717959595824 10492.9 573
1717959605869 10465.0 574
1717959615918 10489.5 575
1717959625965 10475.0 576
1717959635998 10485.5 577
1717959646307 10495.8 578
1717959656561 10481.6 579
1717959666593 10468.3 580
1717959676624 10502.2 581
1717959686656 10527.4 582
1717959696700 10559.9 583
1717959706731 10498.7 584
1717959716767 10505.3 585
1717959726854 10507.1 586
1717959736891 10505.5 587
1717959746930 10589.2 588
1717959756976 10519.2 589
1717959767007 10517.5 590
1717959777045 10467.7 591
1717959787128 10494.2 592
1717959797215 10478.7 593
1717959807246 10491.8 594
1717959817300 10485.1 595
1717959827329 10475.6 596
1717959837378 10486.5 597
1717959847418 10492.2 598
1717959857460 10374.5 599
1717959867494 10371.9 600
1717959877529 10458.4 601
1717959887565 10450.6 602
1717959897645 10450.3 603
1717959907678 10420.7 604
1717959917713 10448.6 605
1717959927761 10467.0 606
1717959937807 10519.1 607
1717959947849 10497.2 608
1717959957943 10480.9 609
1717959968018 10477.2 610
1717959978061 10504.4 611
1717959988149 10504.9 612
1717959998243 10482.3 613
1717960008293 10484.8 614
1717960018337 10484.3 615
1717960028375 10496.1 616
1717960038406 10526.6 617
1717960048453 10537.2 618
1717960058496 10528.2 619
1717960068532 10564.8 620
1717960078574 10547.0 621
1717960088620 10551.6 622
1717960098656 10517.8 623
1717960108705 10529.5 624
1717960118746 10424.6 625
1717960128797 10377.0 626
1717960138842 10397.6 627
1717960148877 10514.0 628
1717960158929 10529.3 629
1717960168983 10542.0 630
1717960179068 10536.5 631
1717960189110 10518.6 632
1717960199159 10509.1 633
1717960209197 10528.0 634
1717960219243 10527.5 635
1717960229337 10536.9 636
1717960239422 10523.4 637
1717960249459 10520.4 638
1717960259497 10554.5 639
1717960269537 10544.2 640
1717960279565 10548.1 641
1717960289603 10535.7 642
1717960299638 10553.8 643
1717960309676 10641.1 644
1717960319703 10600.7 645
1717960329740 10602.6 646
1717960339779 10570.9 647
1717960349827 10583.9 648
1717960359914 10575.3 649
1717960369959 10567.6 650
1717960379995 10467.2 651
1717960390032 10452.6 652
1717960400088 10588.8 653
1717960410127 10561.3 654
1717960420175 10545.5 655
1717960430219 10515.0 656
1717960440265 10524.1 657
1717960450305 10515.9 658
1717960460353 10567.9 659
1717960470442 10446.9 660
1717960480504 10444.0 661
1717960490542 10545.5 662
1717960500585 10559.8 663
1717960510673 10426.4 664
1717960520710 10442.2 665
1717960530830 10499.3 666
1717960540864 10490.8 667
1717960550954 10490.5 668
1717960561043 10512.1 669
1717960571086 10530.6 670
1717960581123 10479.4 671
1717960591154 10459.0 672
1717960601255 10519.7 673
1717960611333 10509.9 674
1717960621367 10380.9 675
1717960631399 10412.5 676
1717960641435 10424.4 677
1717960651489 10466.1 678
1717960661526 10423.6 679
1717960671605 10444.8 680
1717960681648 10435.7 681
1717960691684 10479.9 682
1717960701769 10512.1 683
1717960711870 10498.4 684
1717960721911 10449.0 685
1717960731953 10474.9 686
1717960742047 10455.6 687
1717960752082 10478.2 688
1717960762116 10477.6 689
1717960772161 10520.1 690
1717960782216 10486.8 691
1717960792253 10516.3 692
1717960802286 10513.6 693
1717960812320 10518.8 694
1717960822353 10546.9 695
1717960832390 10520.7 696
1717960842433 10537.8 697
1717960852472 10610.8 698
1717960862524 10598.4 699
1717960872577 10716.4 700
1717960882614 10846.7 701
1717960892653 10887.6 702
1717960902681 10889.4 703
1717960912718 10827.9 704
1717960922752 10796.7 705
1717960932780 10802.2 706
1717960942815 10900.0 707
1717960952848 10888.2 708
1717960962933 10815.3 709
1717960973024 10792.7 710
1717960983062 10745.8 711
1717960993135 10678.3 712
1717961003172 10675.2 713
1717961013206 10702.0 714
1717961023241 10696.0 715
1717961033339 10654.4 716
1717961043373 10574.3 717
1717961053447 10582.3 718
1717961063552 10605.6 719
1717961073590 10604.4 720
1717961083626 10660.2 721
1717961093661 10607.5 722
1717961103694 10578.6 723
1717961113774 10597.6 724
1717961123812 10613.4 725
1717961133850 10697.8 726
1717961143888 10712.6 727
1717961153929 10833.4 728
1717961163980 10780.2 729
1717961174013 10833.3 730
1717961184110 10695.0 731
1717961194149 10694.2 732
1717961204195 10660.5 733
1717961214307 10676.2 734
1717961224366 10696.8 735
1717961234409 10707.8 736
1717961244446 10753.4 737
1717961254495 10878.1 738
1717961264565 10885.7 739
1717961274597 10779.4 740
1717961284635 10771.9 741
1717961294682 10769.6 742
1717961304774 10761.2 743
1717961314834 10787.4 744
1717961324882 10782.2 745
1717961334922 10761.2 746
1717961344972 10826.8 747
1717961355027 10805.8 748
1717961365074 10764.1 749
1717961375128 10762.6 750
1717961385169 10748.5 751
1717961395203 10776.0 752
1717961405257 10742.1 753
1717961415296 10773.8 754
1717961425340 10765.9 755
1717961435442 10797.0 756
1717961445489 10789.4 757
1717961455537 10685.2 758
1717961465585 10675.8 759
1717961475696 10661.7 760
1717961485727 10787.8 761
1717961495756 10769.7 762
1717961505786 10777.7 763
1717961515822 10804.7 764
1717961525861 10815.1 765
1717961535891 10844.4 766
1717961545923 10836.7 767
1717961555958 10817.0 768
1717961565991 10862.9 769
1717961576039 10973.6 770
1717961586140 11001.8 771
1717961596188 10982.3 772
1717961606240 10764.4 773
1717961616280 10809.2 774
1717961626360 10830.9 775
1717961636440 10773.6 776
1717961646489 10749.4 777
1717961656556 10765.9 778
1717961666605 10759.2 779
1717961676665 10759.4 780
1717961686707 10751.6 781
1717961696806 10765.2 782
1717961706855 10756.3 783
1717961716915 10765.5 784
1717961726953 10810.8 785
1717961737041 10824.4 786
1717961747125 10844.6 787
1717961757231 10793.8 788
1717961767281 10755.5 789
1717961777324 10867.0 790
1717961787357 10762.1 791
1717961797634 10779.6 792
1717961807673 10581.7 793
1717961817710 8161.7 794
1717961827744 5339.5 795
1717961837794 5308.7 796
1717961847829 5462.3 797
1717961857862 7095.7 798
1717961867909 8042.6 799
1717961877968 8766.5 800
1717961888025 8870.8 801
1717961898079 8770.1 802
1717961908118 5211.8 803
1717961918156 5200.6 804
1717961928195 5198.5 805
1717961938281 5219.9 806
1717961948331 5218.8 807
1717961958367 4762.2 808
1717961968455 4739.4 809
1717961978552 4737.7 810
1717961988608 4742.0 811
1717961998647 4737.3 812
1717962008732 4737.9 813
1717962018822 4738.5 814
1717962028861 4725.4 815
1717962038949 4717.0 816
1717962049027 4715.2 817
1717962059125 4729.6 818
1717962069181 4719.0 819
1717962079215 4712.6 820
1717962089262 4748.3 821
1717962099299 4755.7 822
1717962109329 4726.3 823
1717962119375 4736.3 824
1717962129410 4759.4 825
1717962139441 4741.5 826
1717962149476 4752.0 827
1717962159573 4756.4 828
1717962169624 4755.6 829
1717962179709 4752.0 830
1717962189811 4763.0 831
1717962199856 4712.5 832
1717962209956 4738.5 833
1717962220061 4713.2 834
1717962230164 4703.9 835
1717962240207 4713.7 836
1717962250295 4715.6 837
1717962260394 4717.6 838
1717962270478 4722.2 839
1717962280520 4713.0 840
1717962290610 4712.2 841
1717962300713 4709.6 842
1717962310809 4714.5 843
1717962320856 4713.6 844
1717962330953 4717.9 845
1717962341052 4705.9 846
1717962351103 4715.4 847
1717962361187 4720.5 848
1717962371271 4715.7 849
1717962381343 4717.4 850
1717962391395 4719.1 851
1717962401484 4728.9 852
1717962411583 4712.9 853
1717962421691 4720.4 854
1717962431741 4721.3 855
1717962441837 4712.3 856
1717962451927 4713.1 857
1717962462016 4712.9 858
1717962472099 4705.7 859
1717962482188 4711.5 860
1717962492292 4708.0 861
1717962502354 4712.2 862
1717962512408 4733.8 863
1717962522511 4718.3 864
1717962532607 4717.9 865
1717962542658 4713.5 866
1717962552736 4722.7 867
1717962562846 4716.7 868
1717962572898 4717.0 869
1717962582981 4713.9 870
1717962593082 4704.1 871
1717962603183 4709.6 872
1717962613278 4723.7 873
1717962623329 4712.0 874
1717962633434 4717.1 875
1717962643554 4727.4 876
1717962653594 4762.2 877
1717962663634 4756.9 878
1717962673667 4777.3 879
1717962683704 4763.7 880
1717962693735 4764.1 881
1717962703767 4765.0 882
1717962713861 4770.2 883
1717962723914 4783.5 884
1717962733952 4774.6 885
1717962744048 4775.5 886
1717962754133 4744.1 887
1717962764187 4751.2 888
1717962774281 4738.2 889
1717962784368 4744.3 890
1717962794420 4736.6 891
1717962804484 4752.5 892
1717962814590 4747.6 893
1717962824696 4743.3 894
1717962834939 4743.0 895
1717962845025 4739.0 896
1717962855117 4737.9 897
1717962865213 4743.8 898
1717962875269 4737.9 899
1717962885369 4733.6 900
1717962895463 4730.9 901
1717962905547 4729.9 902
1717962915649 4732.8 903
1717962925749 4739.9 904
1717962935845 4733.5 905
1717962945906 4742.7 906
1717962956006 4738.1 907
1717962966114 4734.6 908
1717962976209 4737.9 909
1717962986265 4735.8 910
1717962996363 4735.7 911
1717963006449 4744.2 912
1717963016536 4742.3 913
1717963026589 4749.4 914
1717963036690 4737.8 915
1717963046796 4746.3 916
1717963056898 4752.4 917
1717963066955 4740.6 918
1717963077059 4739.4 919
1717963087152 4734.6 920
1717963097196 4729.9 921
1717963107271 4742.0 922
1717963117355 4747.0 923
1717963127451 4753.0 924
1717963137492 4745.3 925
1717963147598 4754.3 926
1717963157716 4745.0 927
1717963167776 4754.1 928
1717963177872 4760.2 929
1717963187963 4751.5 930
1717963198006 4735.5 931
1717963208048 4761.4 932
1717963218083 4747.3 933
1717963228129 4747.4 934
1717963238169 4751.4 935
1717963248204 4763.9 936
1717963258236 4762.8 937
1717963268273 4762.1 938
1717963278370 4771.7 939
1717963288469 4753.2 940
1717963298557 4765.8 941
1717963308619 4770.5 942
1717963318704 4715.8 943
1717963328796 4719.4 944
1717963338851 4724.7 945
1717963348946 4725.9 946
1717963359043 4716.3 947
1717963369152 4724.9 948
1717963379261 4712.2 949
1717963389340 4716.7 950
1717963399451 4712.0 951
1717963409513 4740.1 952
1717963419564 4720.0 953
1717963429602 4722.6 954
1717963439700 4721.1 955
1717963449797 4729.9 956
1717963459852 4725.8 957
1717963469950 4725.0 958
1717963480051 4715.2 959
1717963490155 4714.7 960
1717963500252 4711.0 961
1717963510363 4715.9 962
1717963520464 4712.1 963
1717963530559 4715.7 964
1717963540614 4725.4 965
1717963550722 4745.9 966
1717963560837 4725.4 967
1717963570893 4732.9 968
1717963580989 4727.3 969
1717963591095 4702.4 970
1717963601204 4716.4 971
1717963611266 4715.4 972
1717963621326 4701.7 973
1717963631410 4708.5 974
1717963641500 4721.8 975
1717963651581 4719.6 976
1717963661630 4727.4 977
1717963671726 4712.8 978
1717963681818 4706.2 979
1717963691860 4713.0 980
1717963701943 4721.5 981
1717963712035 4728.1 982
1717963722096 4717.8 983
1717963732135 4724.9 984
1717963742180 4720.2 985
1717963752286 4715.1 986
1717963762384 4721.9 987
1717963772428 5125.1 988
1717963782470 5137.4 989
1717963792509 5133.8 990
1717963802543 5140.3 991
1717963812581 5134.4 992
1717963822616 4742.4 993
1717963832717 4747.2 994
1717963842809 4743.5 995
1717963852891 4733.9 996
1717963862939 4749.0 997
1717963873040 4714.3 998
1717963883096 4719.2 999
1717963893189 4714.1 1000
1717963903248 4706.0 1001
1717963913296 4705.7 1002
1717963923396 4703.0 1003
1717963933516 4706.2 1004
1717963943563 4714.1 1005
1717963953649 4724.0 1006
1717963963939 4722.7 1007
1717963974026 4715.8 1008
1717963984090 4711.4 1009
1717963994138 4709.8 1010
1717964004224 4707.2 1011
1717964014263 4714.1 1012
1717964024347 4713.3 1013
1717964034449 4714.1 1014
1717964044536 4717.8 1015
1717964054584 4712.1 1016
1717964064678 4716.5 1017
1717964074782 4720.4 1018
1717964084893 4714.6 1019
1717964094992 4719.9 1020
1717964105032 4708.9 1021
1717964115137 4714.5 1022
1717964125240 4712.6 1023
1717964135282 4714.5 1024
1717964145365 4718.6 1025
1717964155453 4722.0 1026
1717964165502 4708.2 1027
1717964175588 4725.9 1028
1717964185673 4712.9 1029
1717964195712 4719.6 1030
1717964205755 4710.5 1031
1717964215832 4714.9 1032
1717964225868 4720.5 1033
1717964235967 4702.1 1034
1717964246054 4704.7 1035
1717964256101 4706.7 1036
1717964266185 4714.8 1037
1717964276277 4719.8 1038
1717964286327 4715.9 1039
1717964296366 4711.9 1040
1717964306416 4713.8 1041
1717964316830 4729.8 1042
1717964326870 4723.8 1043
1717964336905 4733.9 1044
1717964346940 4733.9 1045
1717964356984 4727.2 1046
1717964367025 4738.3 1047
1717964377059 4741.8 1048
1717964387095 4745.5 1049
1717964397141 4754.1 1050
1717964407235 4758.1 1051
1717964417334 4751.9 1052
1717964427402 4747.2 1053
1717964437502 4700.9 1054
1717964447609 4701.2 1055
1717964457674 4709.7 1056
1717964467780 4702.3 1057
1717964477886 4711.9 1058
1717964487993 4710.0 1059
1717964498046 4706.0 1060
1717964508095 4698.8 1061
1717964518199 4711.0 1062
1717964528322 4709.8 1063
1717964538373 4709.4 1064
1717964548470 4698.8 1065
1717964558581 4714.1 1066
1717964568683 4709.9 1067
1717964578742 4708.4 1068
1717964588830 4714.4 1069
1717964598927 4691.3 1070
1717964608968 4710.7 1071
1717964619091 4708.0 1072
1717964629206 4707.3 1073
1717964639315 4713.1 1074
1717964649417 4706.1 1075
1717964659475 4701.2 1076
1717964669569 4713.5 1077
1717964679679 4697.5 1078
1717964689728 4708.0 1079
1717964699814 4710.4 1080
1717964709916 4710.3 1081
1717964720003 4709.7 1082
1717964730044 4706.4 1083
1717964740145 4700.6 1084
1717964750236 4702.8 1085
1717964760281 4704.8 1086
1717964770328 4710.1 1087
1717964780442 4721.1 1088
1717964790531 4708.0 1089
1717964800571 4702.3 1090
1717964810619 4718.9 1091
1717964820684 4705.7 1092
1717964830772 4706.6 1093
1717964840856 4708.8 1094
1717964850930 4704.3 1095
1717964861043 4701.6 1096
1717964871166 4692.0 1097
