1717908548786 0.02 100
1717908565698 0.04 200
1717908582648 0.05 300
1717908599623 0.07 400
1717908616599 0.09 500
1717908633596 0.11 600
1717908650591 0.12 700
1717908667592 0.14 800
1717908684596 0.16 900
1717908701584 0.18 1000
1717908713450 0.18 1000
1717908730457 0.19 1100
1717908747449 0.21 1200
1717908764452 0.23 1300
1717908781446 0.25 1400
1717908798458 0.26 1500
1717908815459 0.28 1600
1717908832461 0.3 1700
1717908849472 0.32 1800
1717908866452 0.33 1900
1717908883462 0.35 2000
1717908895351 0.35 2000
1717908912327 0.37 2100
1717908929338 0.39 2200
1717908946334 0.4 2300
1717908963337 0.42 2400
1717908980341 0.44 2500
1717908997337 0.46 2600
1717909014335 0.47 2700
1717909031335 0.49 2800
1717909048333 0.51 2900
1717909065337 0.53 3000
1717909077196 0.53 3000
1717909096214 0.54 3100
1717909113229 0.56 3200
1717909130240 0.58 3300
1717909147255 0.6 3400
1717909164266 0.61 3500
1717909181258 0.63 3600
1717909198255 0.65 3700
1717909215269 0.67 3800
1717909232272 0.68 3900
1717909249277 0.7 4000
1717909261185 0.7 4000
1717909278198 0.72 4100
1717909295195 0.74 4200
1717909312203 0.75 4300
1717909329210 0.77 4400
1717909346212 0.79 4500
1717909363203 0.81 4600
1717909380197 0.82 4700
1717909397195 0.84 4800
1717909414192 0.86 4900
1717909431180 0.88 5000
1717909443084 0.88 5000
1717909460089 0.89 5100
1717909477065 0.91 5200
1717909494032 0.93 5300
1717909510996 0.95 5400
1717909527971 0.96 5500
1717909544952 0.98 5600
1717909561920 1.0 5700
1717909564780 1.0 5702
