1717908548786 7.159363746643066 100
1717908565698 5.650084495544434 200
1717908582648 11.457698822021484 300
1717908599623 6.774808883666992 400
1717908616599 18.514917373657227 500
1717908633596 13.502050399780273 600
1717908650591 6.486743450164795 700
1717908667592 12.50036907196045 800
1717908684596 13.916958808898926 900
1717908701584 13.262393951416016 1000
1717908730457 10.529031753540039 1100
1717908747449 11.611588478088379 1200
1717908764452 10.687809944152832 1300
1717908781446 9.951225280761719 1400
1717908798458 6.3844122886657715 1500
1717908815459 15.319689750671387 1600
1717908832461 5.5518412590026855 1700
1717908849472 9.254094123840332 1800
1717908866452 14.432517051696777 1900
1717908883462 7.137516021728516 2000
1717908912327 8.579272270202637 2100
1717908929338 8.58751106262207 2200
1717908946334 13.116405487060547 2300
1717908963337 19.707000732421875 2400
1717908980341 9.003571510314941 2500
1717908997337 10.746459007263184 2600
1717909014335 6.727720260620117 2700
1717909031335 6.042703628540039 2800
1717909048333 10.751453399658203 2900
1717909065337 8.543883323669434 3000
1717909096214 6.389982223510742 3100
1717909113229 7.2648210525512695 3200
1717909130240 4.631950378417969 3300
1717909147255 6.009860038757324 3400
1717909164266 9.928549766540527 3500
1717909181258 11.81549072265625 3600
1717909198255 10.711250305175781 3700
1717909215269 13.992732048034668 3800
1717909232272 4.849136829376221 3900
1717909249277 7.074982166290283 4000
1717909278198 13.85839557647705 4100
1717909295195 6.429004192352295 4200
1717909312203 7.128910541534424 4300
1717909329210 10.18966007232666 4400
1717909346212 9.781778335571289 4500
1717909363203 6.180282115936279 4600
1717909380197 4.863783836364746 4700
1717909397195 12.810203552246094 4800
1717909414192 7.4888763427734375 4900
1717909431180 7.958581924438477 5000
1717909460089 11.240592956542969 5100
1717909477065 8.841293334960938 5200
1717909494032 15.863523483276367 5300
1717909510996 5.54973030090332 5400
1717909527971 7.542937755584717 5500
1717909544952 12.189719200134277 5600
1717909561920 7.409623146057129 5700
