1717908548786 5.2539404553415064e-06 100
1717908565698 1.0507880910683013e-05 200
1717908582648 1.576182136602452e-05 300
1717908599623 2.1015761821366026e-05 400
1717908616599 2.6269702276707533e-05 500
1717908633596 2.999763548776819e-05 600
1717908650591 2.995323611195637e-05 700
1717908667592 2.9852797110164538e-05 800
1717908684596 2.969669489349542e-05 900
1717908701584 2.948551447978538e-05 1000
1717908730457 2.922004730115719e-05 1100
1717908747449 2.8901288238002568e-05 1200
1717908764452 2.8530431890509937e-05 1300
1717908781446 2.8108868101710605e-05 1400
1717908798458 2.76381767488214e-05 1500
1717908815459 2.7120121822403996e-05 1600
1717908832461 2.655664481553026e-05 1700
1717908849472 2.594985744772881e-05 1800
1717908866452 2.5302033750980847e-05 1900
1717908883462 2.461560154742433e-05 2000
1717908912327 2.3893133350705125e-05 2100
1717908929338 2.3137336725073767e-05 2200
1717908946334 2.235104413835865e-05 2300
1717908963337 2.1537202346843193e-05 2400
1717908980341 2.0698861351828913e-05 2500
1717908997337 1.9839162969271403e-05 2600
1717909014335 1.8961329055326312e-05 2700
1717909031335 1.8068649431931965e-05 2800
1717909048333 1.7164469557679428e-05 2900
1717909065337 1.6252177990175387e-05 3000
1717909096214 1.533519368688463e-05 3100
1717909113229 1.4416953192044212e-05 3200
1717909130240 1.350089775766844e-05 3300
1717909147255 1.2590460446910661e-05 3400
1717909164266 1.1689053268114167e-05 3500
1717909181258 1.0800054387769285e-05 3600
1717909198255 9.926795470298233e-06 3700
1717909215269 9.072549192113817e-06 3800
1717909232272 8.240516976745102e-06 3900
1717909249277 7.4338169969945e-06 4000
1717909278198 6.655472489090271e-06 4100
1717909295195 5.908400422628829e-06 4200
1717909312203 5.195400568768149e-06 4300
1717909329210 4.519145007640912e-06 4400
1717909346212 3.8821681143100615e-06 4500
1717909363203 3.2868570607959597e-06 4600
1717909380197 2.73544286977028e-06 4700
1717909397195 2.2299920534444057e-06 4800
1717909414192 1.7723988689868974e-06 4900
1717909431180 1.3643782194940469e-06 5000
1717909460089 1.007459227118313e-06 5100
1717909477065 7.029795024403146e-07 5200
1717909494032 4.5208013156086356e-07 5300
1717909510996 2.5570139969965434e-07 5400
1717909527971 1.1457926732715284e-07 5500
1717909544952 2.924261203590295e-08 5600
1717909561920 1.1246487801042094e-11 5700
