1717908548786 1.0875 100
1717908565698 0.985 200
1717908582648 0.9204 300
1717908599623 0.827 400
1717908616599 0.7404 500
1717908633596 0.7633 600
1717908650591 0.7977 700
1717908667592 0.7555 800
1717908684596 0.7434 900
1717908701584 0.741 1000
1717908730457 0.7505 1100
1717908747449 0.7522 1200
1717908764452 0.7601 1300
1717908781446 0.7232 1400
1717908798458 0.7137 1500
1717908815459 0.6855 1600
1717908832461 0.6889 1700
1717908849472 0.7365 1800
1717908866452 0.674 1900
1717908883462 0.6741 2000
1717908912327 0.6898 2100
1717908929338 0.6438 2200
1717908946334 0.7031 2300
1717908963337 0.6949 2400
1717908980341 0.69 2500
1717908997337 0.6979 2600
1717909014335 0.6885 2700
1717909031335 0.7038 2800
1717909048333 0.6586 2900
1717909065337 0.6505 3000
1717909096214 0.6644 3100
1717909113229 0.6909 3200
1717909130240 0.6229 3300
1717909147255 0.6472 3400
1717909164266 0.6548 3500
1717909181258 0.6526 3600
1717909198255 0.6204 3700
1717909215269 0.6695 3800
1717909232272 0.6395 3900
1717909249277 0.6744 4000
1717909278198 0.6 4100
1717909295195 0.6212 4200
1717909312203 0.6169 4300
1717909329210 0.6361 4400
1717909346212 0.6232 4500
1717909363203 0.6455 4600
1717909380197 0.5872 4700
1717909397195 0.6183 4800
1717909414192 0.5752 4900
1717909431180 0.5899 5000
1717909460089 0.6715 5100
1717909477065 0.6477 5200
1717909494032 0.6136 5300
1717909510996 0.5917 5400
1717909527971 0.5832 5500
1717909544952 0.601 5600
1717909561920 0.6324 5700
