1718222061745 0.04 10
1718222074461 0.08 20
1718222087128 0.12 30
1718222099790 0.16 40
1718222112460 0.2 50
1718222125354 0.24 60
1718222138053 0.28 70
1718222150755 0.32 80
1718222163502 0.36 90
1718222175994 0.4 100
1718222188847 0.44 110
1718222201584 0.48 120
1718222214335 0.52 130
1718222226997 0.56 140
1718222239452 0.6 150
1718222252356 0.64 160
1718222265122 0.68 170
1718222277788 0.72 180
1718222290474 0.76 190
1718222303026 0.8 200
1718222315873 0.84 210
1718222328583 0.88 220
1718222341217 0.92 230
1718222353959 0.96 240
1718222366511 1.0 250
1718222366512 1.0 250
