1718222061745 3.532203197479248 10
1718222074461 1.450365424156189 20
1718222087128 1.4540536403656006 30
1718222099790 1.3254032135009766 40
1718222112460 0.17797718942165375 50
1718222125354 0.29298222064971924 60
1718222138053 0.09607227146625519 70
1718222150755 1.4930500984191895 80
1718222163502 0.2880842983722687 90
1718222175994 0.5383336544036865 100
1718222188847 0.7963324189186096 110
1718222201584 0.6928505301475525 120
1718222214335 0.6301476955413818 130
1718222226997 0.658519446849823 140
1718222239452 0.7049115300178528 150
1718222252356 0.49611184000968933 160
1718222265122 0.2192981094121933 170
1718222277788 0.6747153401374817 180
1718222290474 0.36353302001953125 190
1718222303026 0.6014318466186523 200
1718222315873 0.5957527160644531 210
1718222328583 0.3770343065261841 220
1718222341217 0.2811759114265442 230
1718222353959 0.492075651884079 240
1718222366511 0.2452390491962433 250
