1718222061745 0.0001999915737775817 10
1718222074461 0.0001989821441880933 20
1718222087128 0.00019630694141514464 30
1718222099790 0.0001920109865186052 40
1718222112460 0.0001861665762396974 50
1718222125354 0.00017887206631718203 60
1718222138053 0.00017025021625596853 70
1718222150755 0.00016044612340408466 80
1718222163502 0.00014962478110547918 90
1718222175994 0.0001379683020225714 100
1718222188847 0.00012567285335732633 110
1718222201584 0.00011294535554810354 120
1718222214335 0.0001 130
1718222226997 8.705464445189647e-05 140
1718222239452 7.432714664267373e-05 150
1718222252356 6.203169797742861e-05 160
1718222265122 5.0375218894520834e-05 170
1718222277788 3.9553876595915375e-05 180
1718222290474 2.974978374403147e-05 190
1718222303026 2.112793368281799e-05 200
1718222315873 1.3833423760302611e-05 210
1718222328583 7.989013481394814e-06 220
1718222341217 3.693058584855369e-06 230
1718222353959 1.0178558119067315e-06 240
1718222366511 8.426222418311814e-09 250
