1718222061745 1.3401 10
1718222074461 0.2089 20
1718222087128 0.1922 30
1718222099790 0.182 40
1718222112460 0.1868 50
1718222125354 0.3073 60
1718222138053 0.1906 70
1718222150755 0.1526 80
1718222163502 0.1518 90
1718222175994 0.1562 100
1718222188847 0.1698 110
1718222201584 0.2166 120
1718222214335 0.1575 130
1718222226997 0.137 140
1718222239452 0.1348 150
1718222252356 0.1098 160
1718222265122 0.1125 170
1718222277788 0.1637 180
1718222290474 0.1296 190
1718222303026 0.1529 200
1718222315873 0.1389 210
1718222328583 0.1148 220
1718222341217 0.0966 230
1718222353959 0.1199 240
1718222366511 0.0946 250
