1718223416344 14.3 0
1718223426387 15.1 1
1718223436418 12.2 2
1718223446436 12.5 3
1718223456456 11.3 4
1718223466478 10.1 5
1718223476496 10.9 6
1718223486517 9.9 7
1718223496539 9.6 8
1718223506558 10.3 9
1718223517037 8.9 10
1718223527057 7.6 11
1718223537078 8.9 12
1718223547099 8.8 13
1718223557122 8.3 14
1718223567145 9.8 15
1718223577166 8.1 16
1718223587203 9.1 17
1718223597222 8.7 18
1718223607253 8.5 19
1718223617275 8.4 20
1718223627296 8.9 21
1718223637315 7.6 22
1718223647335 8.7 23
1718223657353 7.5 24
1718223667382 8.3 25
1718223677406 8.8 26
1718223687425 8.4 27
1718223697446 8.7 28
1718223707472 8.0 29
1718223717502 7.6 30
1718223727525 8.4 31
1718223737561 9.4 32
1718223747586 12.2 33
1718223757629 8.5 34
1718223767652 9.1 35
1718223777674 8.6 36
1718223787695 8.5 37
1718223797717 10.5 38
1718223807739 8.9 39
1718223817762 8.2 40
1718223827787 8.4 41
1718223837811 9.8 42
1718223847835 9.1 43
1718223857855 8.7 44
1718223867877 8.3 45
1718223877900 8.2 46
1718223887920 7.8 47
1718223897945 8.4 48
1718223907968 8.5 49
1718223917989 7.6 50
1718223928008 7.7 51
1718223938043 7.9 52
1718223948067 8.3 53
1718223958087 10.6 54
1718223968111 11.0 55
1718223978133 10.3 56
1718223988162 10.5 57
1718223998187 10.4 58
1718224008206 10.3 59
1718224018247 10.2 60
1718224028324 9.1 61
1718224038345 6.2 62
1718224048367 5.9 63
1718224058389 6.3 64
1718224068411 6.3 65
1718224078435 6.5 66
1718224088465 6.3 67
1718224098490 6.1 68
1718224108514 6.4 69
1718224118539 6.3 70
1718224128569 6.5 71
1718224138594 6.7 72
1718224148631 9.6 73
1718224158670 6.7 74
1718224168695 6.2 75
1718224178714 6.6 76
1718224188743 7.7 77
1718224198780 10.2 78
1718224208800 6.3 79
1718224218823 6.1 80
1718224228850 6.2 81
1718224238877 6.1 82
1718224248942 5.9 83
1718224258964 5.9 84
1718224269204 6.0 85
1718224279224 6.4 86
1718224289248 6.0 87
1718224299276 6.0 88
1718224309315 6.1 89
1718224319388 6.1 90
1718224329409 6.5 91
1718224339432 7.5 92
1718224349455 7.9 93
1718224359478 7.3 94
1718224369502 7.4 95
1718224379522 7.8 96
1718224389545 7.3 97
1718224399568 7.3 98
1718224409591 7.6 99
1718224419613 7.3 100
1718224429682 7.6 101
1718224439913 8.0 102
1718224449934 7.0 103
1718224459957 10.4 104
1718224469982 10.0 105
1718224480019 10.0 106
1718224490051 10.2 107
1718224500082 10.2 108
1718224510109 10.2 109
1718224520133 10.2 110
1718224530160 9.5 111
1718224540185 6.8 112
1718224550209 6.2 113
1718224560234 6.5 114
1718224570261 6.3 115
1718224580284 6.2 116
1718224590339 6.1 117
1718224600395 6.1 118
1718224610426 6.3 119
1718224620495 6.1 120
1718224630525 6.2 121
1718224640601 6.1 122
1718224650670 5.9 123
1718224660720 6.2 124
1718224670794 6.1 125
1718224680819 6.6 126
1718224690887 6.2 127
1718224700907 6.0 128
1718224710978 6.1 129
1718224721052 6.0 130
1718224731077 6.0 131
1718224741145 5.9 132
1718224751219 5.9 133
1718224761294 6.1 134
1718224771366 5.9 135
1718224781410 6.3 136
1718224791444 5.9 137
1718224801522 6.3 138
1718224811600 6.3 139
1718224821672 6.0 140
1718224831746 6.4 141
1718224841822 7.8 142
1718224851851 7.7 143
1718224861923 7.4 144
1718224871954 7.9 145
1718224882034 7.3 146
1718224892115 7.7 147
1718224902193 7.2 148
1718224912261 7.1 149
1718224922334 7.8 150
1718224932402 7.6 151
1718224942524 7.6 152
1718224952550 7.3 153
1718224962572 10.3 154
1718224972599 10.1 155
1718224982651 10.0 156
1718224992675 9.9 157
1718225002707 10.0 158
1718225012747 10.1 159
1718225022772 10.4 160
1718225032799 9.5 161
1718225042885 6.0 162
1718225052921 5.9 163
1718225062954 5.8 164
1718225073021 6.1 165
1718225083052 5.9 166
1718225093127 5.9 167
1718225103156 6.0 168
1718225113181 6.0 169
1718225123248 6.2 170
1718225133281 6.2 171
1718225143357 6.1 172
1718225153383 5.9 173
1718225163407 6.3 174
1718225173482 6.4 175
1718225183508 6.3 176
1718225193536 6.2 177
1718225203616 6.0 178
1718225213645 6.1 179
1718225223714 6.2 180
1718225233741 6.1 181
1718225243832 6.2 182
1718225253911 6.0 183
1718225263936 5.8 184
1718225274013 6.1 185
1718225284038 6.0 186
1718225294104 6.4 187
1718225304126 5.9 188
1718225314152 6.1 189
1718225324224 6.1 190
1718225334289 6.5 191
1718225344369 7.7 192
1718225354443 7.8 193
1718225364517 7.9 194
1718225374589 7.4 195
1718225384656 7.6 196
1718225394730 7.1 197
1718225404758 7.3 198
1718225414832 7.9 199
1718225424859 7.5 200
1718225434884 7.4 201
1718225444910 7.7 202
1718225454935 6.8 203
1718225464963 10.1 204
1718225474991 10.1 205
1718225485029 10.0 206
1718225495054 10.5 207
1718225505081 10.5 208
