1718223416344 611829.2 0
1718223426387 611830.1 1
1718223436418 611830.1 2
1718223446436 611830.2 3
1718223456456 611830.2 4
1718223466478 611830.2 5
1718223476496 611829.9 6
1718223486517 611829.9 7
1718223496539 611829.9 8
1718223506558 611830.2 9
1718223517037 611830.4 10
1718223527057 611830.4 11
1718223537078 611830.4 12
1718223547099 611831.0 13
1718223557122 611831.2 14
1718223567145 611831.0 15
1718223577166 611831.0 16
1718223587203 611831.4 17
1718223597222 611830.1 18
1718223607253 611830.1 19
1718223617275 611830.1 20
1718223627296 611818.5 21
1718223637315 611818.4 22
1718223647335 611818.4 23
1718223657353 611818.4 24
1718223667382 611818.6 25
1718223677406 611818.6 26
1718223687425 611818.6 27
1718223697446 611818.4 28
1718223707472 611818.5 29
1718223717502 611818.5 30
1718223727525 611818.5 31
1718223737561 611818.6 32
1718223747586 611818.6 33
1718223757629 611818.8 34
1718223767652 611819.2 35
1718223777674 611820.4 36
1718223787695 611820.7 37
1718223797717 611820.7 38
1718223807739 611820.7 39
1718223817762 611820.8 40
1718223827787 611832.9 41
1718223837811 611821.5 42
1718223847835 611820.0 43
1718223857855 611820.0 44
1718223867877 611820.2 45
1718223877900 611820.2 46
1718223887920 611820.2 47
1718223897945 611820.2 48
1718223907968 611820.2 49
1718223917989 611820.2 50
1718223928008 611820.2 51
1718223938043 611820.2 52
1718223948067 613818.0 53
1718223958087 613818.0 54
1718223968111 613818.0 55
1718223978133 613818.0 56
1718223988162 613818.0 57
1718223998187 613818.0 58
1718224008206 613818.0 59
1718224018247 613818.0 60
1718224028324 613818.0 61
1718224038345 613818.0 62
1718224048367 613818.0 63
1718224058389 613818.0 64
1718224068411 613818.0 65
1718224078435 613818.0 66
1718224088465 613818.0 67
1718224098490 613818.0 68
1718224108514 613818.0 69
1718224118539 613818.0 70
1718224128569 613818.0 71
1718224138594 613818.0 72
1718224148631 613818.1 73
1718224158670 613818.1 74
1718224168695 613818.1 75
1718224178714 613804.9 76
1718224188743 613804.9 77
1718224198780 613698.3 78
1718224208800 613698.3 79
1718224218823 613698.3 80
1718224228850 613698.3 81
1718224238877 613698.3 82
1718224248942 613698.3 83
1718224258964 613698.3 84
1718224269204 613698.3 85
1718224279224 613698.3 86
1718224289248 613698.3 87
1718224299276 613698.3 88
1718224309315 613698.3 89
1718224319388 613698.3 90
1718224329409 613698.3 91
1718224339432 613698.3 92
1718224349455 613698.3 93
1718224359478 613698.3 94
1718224369502 613698.3 95
1718224379522 613698.3 96
1718224389545 613698.3 97
1718224399568 613698.3 98
1718224409591 613698.3 99
1718224419613 613698.3 100
1718224429682 613698.3 101
1718224439913 613698.3 102
1718224449934 615696.0 103
1718224459957 615696.0 104
1718224469982 615696.0 105
1718224480019 615696.0 106
1718224490051 615696.0 107
1718224500082 615696.0 108
1718224510109 615696.0 109
1718224520133 615696.0 110
1718224530160 615696.0 111
1718224540185 615696.0 112
1718224550209 615696.0 113
1718224560234 615696.0 114
1718224570261 615696.0 115
1718224580284 615696.0 116
1718224590339 615696.0 117
1718224600395 615696.0 118
1718224610426 615696.0 119
1718224620495 615696.0 120
1718224630525 615696.0 121
1718224640601 615696.0 122
1718224650670 615696.0 123
1718224660720 615696.0 124
1718224670794 615696.0 125
1718224680819 615696.0 126
1718224690887 615696.0 127
1718224700907 615696.0 128
1718224710978 615696.0 129
1718224721052 615696.0 130
1718224731077 615696.0 131
1718224741145 615696.0 132
1718224751219 615696.0 133
1718224761294 615696.0 134
1718224771366 615696.0 135
1718224781410 615696.0 136
1718224791444 615696.0 137
1718224801522 615696.0 138
1718224811600 615696.0 139
1718224821672 615696.0 140
1718224831746 615696.0 141
1718224841822 615696.0 142
1718224851851 615696.0 143
1718224861923 615696.0 144
1718224871954 615696.0 145
1718224882034 615696.0 146
1718224892115 615696.0 147
1718224902193 615696.0 148
1718224912261 615696.0 149
1718224922334 615696.0 150
1718224932402 615696.0 151
1718224942524 615696.0 152
1718224952550 617693.7 153
1718224962572 617693.7 154
1718224972599 617693.7 155
1718224982651 617693.7 156
1718224992675 617693.7 157
1718225002707 617693.7 158
1718225012747 617693.7 159
1718225022772 617693.7 160
1718225032799 617693.8 161
1718225042885 617693.8 162
1718225052921 617693.8 163
1718225062954 617693.8 164
1718225073021 617693.8 165
1718225083052 617693.8 166
1718225093127 617693.8 167
1718225103156 617693.8 168
1718225113181 617693.8 169
1718225123248 617693.8 170
1718225133281 617693.8 171
1718225143357 617693.8 172
1718225153383 617693.8 173
1718225163407 617693.8 174
1718225173482 617693.8 175
1718225183508 617693.8 176
1718225193536 617693.8 177
1718225203616 617693.8 178
1718225213645 617693.8 179
1718225223714 617693.8 180
1718225233741 617693.8 181
1718225243832 617693.8 182
1718225253911 617693.8 183
1718225263936 617693.8 184
1718225274013 617693.8 185
1718225284038 617693.8 186
1718225294104 617693.8 187
1718225304126 617693.8 188
1718225314152 617693.8 189
1718225324224 617693.8 190
1718225334289 617693.8 191
1718225344369 617693.8 192
1718225354443 617693.8 193
1718225364517 617693.8 194
1718225374589 617693.8 195
1718225384656 617693.8 196
1718225394730 617693.8 197
1718225404758 617693.8 198
1718225414832 617693.8 199
1718225424859 617693.8 200
1718225434884 617693.8 201
1718225444910 617693.8 202
1718225454935 619691.5 203
1718225464963 619691.5 204
1718225474991 619691.5 205
1718225485029 619691.5 206
1718225495054 619691.5 207
1718225505081 619691.5 208
