1718223416344 65.6 0
1718223426387 65.6 1
1718223436418 65.6 2
1718223446436 65.6 3
1718223456456 65.6 4
1718223466478 65.6 5
1718223476496 65.6 6
1718223486517 65.6 7
1718223496539 65.6 8
1718223506558 65.6 9
1718223517037 65.6 10
1718223527057 65.6 11
1718223537078 65.6 12
1718223547099 65.6 13
1718223557122 65.6 14
1718223567145 65.6 15
1718223577166 65.6 16
1718223587203 65.6 17
1718223597222 65.6 18
1718223607253 65.6 19
1718223617275 65.6 20
1718223627296 65.6 21
1718223637315 65.6 22
1718223647335 65.6 23
1718223657353 65.6 24
1718223667382 65.6 25
1718223677406 65.6 26
1718223687425 65.6 27
1718223697446 65.6 28
1718223707472 65.6 29
1718223717502 65.6 30
1718223727525 65.6 31
1718223737561 65.6 32
1718223747586 65.6 33
1718223757629 65.6 34
1718223767652 65.6 35
1718223777674 65.6 36
1718223787695 65.6 37
1718223797717 65.6 38
1718223807739 65.6 39
1718223817762 65.6 40
1718223827787 65.6 41
1718223837811 65.6 42
1718223847835 65.6 43
1718223857855 65.6 44
1718223867877 65.6 45
1718223877900 65.6 46
1718223887920 65.6 47
1718223897945 65.6 48
1718223907968 65.6 49
1718223917989 65.6 50
1718223928008 65.6 51
1718223938043 65.6 52
1718223948067 65.8 53
1718223958087 65.8 54
1718223968111 65.8 55
1718223978133 65.8 56
1718223988162 65.8 57
1718223998187 65.8 58
1718224008206 65.8 59
1718224018247 65.8 60
1718224028324 65.8 61
1718224038345 65.8 62
1718224048367 65.8 63
1718224058389 65.8 64
1718224068411 65.8 65
1718224078435 65.8 66
1718224088465 65.8 67
1718224098490 65.8 68
1718224108514 65.8 69
1718224118539 65.8 70
1718224128569 65.8 71
1718224138594 65.8 72
1718224148631 65.8 73
1718224158670 65.8 74
1718224168695 65.8 75
1718224178714 65.8 76
1718224188743 65.8 77
1718224198780 65.8 78
1718224208800 65.8 79
1718224218823 65.8 80
1718224228850 65.8 81
1718224238877 65.8 82
1718224248942 65.8 83
1718224258964 65.8 84
1718224269204 65.8 85
1718224279224 65.8 86
1718224289248 65.8 87
1718224299276 65.8 88
1718224309315 65.8 89
1718224319388 65.8 90
1718224329409 65.8 91
1718224339432 65.8 92
1718224349455 65.8 93
1718224359478 65.8 94
1718224369502 65.8 95
1718224379522 65.8 96
1718224389545 65.8 97
1718224399568 65.8 98
1718224409591 65.8 99
1718224419613 65.8 100
1718224429682 65.8 101
1718224439913 65.8 102
1718224449934 66.0 103
1718224459957 66.0 104
1718224469982 66.0 105
1718224480019 66.0 106
1718224490051 66.0 107
1718224500082 66.0 108
1718224510109 66.0 109
1718224520133 66.0 110
1718224530160 66.0 111
1718224540185 66.0 112
1718224550209 66.0 113
1718224560234 66.0 114
1718224570261 66.0 115
1718224580284 66.0 116
1718224590339 66.0 117
1718224600395 66.0 118
1718224610426 66.0 119
1718224620495 66.0 120
1718224630525 66.0 121
1718224640601 66.0 122
1718224650670 66.0 123
1718224660720 66.0 124
1718224670794 66.0 125
1718224680819 66.0 126
1718224690887 66.0 127
1718224700907 66.0 128
1718224710978 66.0 129
1718224721052 66.0 130
1718224731077 66.0 131
1718224741145 66.0 132
1718224751219 66.0 133
1718224761294 66.0 134
1718224771366 66.0 135
1718224781410 66.0 136
1718224791444 66.0 137
1718224801522 66.0 138
1718224811600 66.0 139
1718224821672 66.0 140
1718224831746 66.0 141
1718224841822 66.0 142
1718224851851 66.0 143
1718224861923 66.0 144
1718224871954 66.0 145
1718224882034 66.0 146
1718224892115 66.0 147
1718224902193 66.0 148
1718224912261 66.0 149
1718224922334 66.0 150
1718224932402 66.0 151
1718224942524 66.0 152
1718224952550 66.2 153
1718224962572 66.2 154
1718224972599 66.2 155
1718224982651 66.2 156
1718224992675 66.2 157
1718225002707 66.2 158
1718225012747 66.2 159
1718225022772 66.2 160
1718225032799 66.2 161
1718225042885 66.2 162
1718225052921 66.2 163
1718225062954 66.2 164
1718225073021 66.2 165
1718225083052 66.2 166
1718225093127 66.2 167
1718225103156 66.2 168
1718225113181 66.2 169
1718225123248 66.2 170
1718225133281 66.2 171
1718225143357 66.2 172
1718225153383 66.2 173
1718225163407 66.2 174
1718225173482 66.2 175
1718225183508 66.2 176
1718225193536 66.2 177
1718225203616 66.2 178
1718225213645 66.2 179
1718225223714 66.2 180
1718225233741 66.2 181
1718225243832 66.2 182
1718225253911 66.2 183
1718225263936 66.2 184
1718225274013 66.2 185
1718225284038 66.2 186
1718225294104 66.2 187
1718225304126 66.2 188
1718225314152 66.2 189
1718225324224 66.2 190
1718225334289 66.2 191
1718225344369 66.2 192
1718225354443 66.2 193
1718225364517 66.2 194
1718225374589 66.2 195
1718225384656 66.2 196
1718225394730 66.2 197
1718225404758 66.2 198
1718225414832 66.2 199
1718225424859 66.2 200
1718225434884 66.2 201
1718225444910 66.2 202
1718225454935 66.4 203
1718225464963 66.4 204
1718225474991 66.4 205
1718225485029 66.4 206
1718225495054 66.4 207
1718225505081 66.4 208
