1718223416344 320991.6 0
1718223426387 320990.7 1
1718223436418 320990.7 2
1718223446436 320990.6 3
1718223456456 320990.6 4
1718223466478 320990.6 5
1718223476496 320990.9 6
1718223486517 320990.9 7
1718223496539 320990.9 8
1718223506558 320990.6 9
1718223517037 320990.4 10
1718223527057 320990.4 11
1718223537078 320990.4 12
1718223547099 320989.8 13
1718223557122 320989.6 14
1718223567145 320989.8 15
1718223577166 320989.8 16
1718223587203 320989.4 17
1718223597222 320990.7 18
1718223607253 320990.7 19
1718223617275 320990.7 20
1718223627296 321002.3 21
1718223637315 321002.4 22
1718223647335 321002.4 23
1718223657353 321002.4 24
1718223667382 321002.2 25
1718223677406 321002.2 26
1718223687425 321002.2 27
1718223697446 321002.4 28
1718223707472 321002.3 29
1718223717502 321002.3 30
1718223727525 321002.3 31
1718223737561 321002.3 32
1718223747586 321002.2 33
1718223757629 321002.0 34
1718223767652 321001.6 35
1718223777674 321000.4 36
1718223787695 321000.2 37
1718223797717 321000.1 38
1718223807739 321000.1 39
1718223817762 321000.1 40
1718223827787 320987.9 41
1718223837811 320999.3 42
1718223847835 321000.9 43
1718223857855 321000.8 44
1718223867877 321000.6 45
1718223877900 321000.6 46
1718223887920 321000.6 47
1718223897945 321000.6 48
1718223907968 321000.6 49
1718223917989 321000.6 50
1718223928008 321000.6 51
1718223938043 321000.6 52
1718223948067 319002.8 53
1718223958087 319002.8 54
1718223968111 319002.8 55
1718223978133 319002.8 56
1718223988162 319002.8 57
1718223998187 319002.8 58
1718224008206 319002.8 59
1718224018247 319002.8 60
1718224028324 319002.8 61
1718224038345 319002.8 62
1718224048367 319002.8 63
1718224058389 319002.8 64
1718224068411 319002.9 65
1718224078435 319002.8 66
1718224088465 319002.8 67
1718224098490 319002.8 68
1718224108514 319002.8 69
1718224118539 319002.8 70
1718224128569 319002.8 71
1718224138594 319002.8 72
1718224148631 319002.7 73
1718224158670 319002.8 74
1718224168695 319002.8 75
1718224178714 319015.9 76
1718224188743 319015.9 77
1718224198780 319122.5 78
1718224208800 319122.5 79
1718224218823 319122.5 80
1718224228850 319122.5 81
1718224238877 319122.5 82
1718224248942 319122.5 83
1718224258964 319122.5 84
1718224269204 319122.5 85
1718224279224 319122.5 86
1718224289248 319122.5 87
1718224299276 319122.5 88
1718224309315 319122.5 89
1718224319388 319122.5 90
1718224329409 319122.5 91
1718224339432 319122.5 92
1718224349455 319122.5 93
1718224359478 319122.5 94
1718224369502 319122.5 95
1718224379522 319122.5 96
1718224389545 319122.5 97
1718224399568 319122.5 98
1718224409591 319122.5 99
1718224419613 319122.5 100
1718224429682 319122.5 101
1718224439913 319122.5 102
1718224449934 317124.8 103
1718224459957 317124.8 104
1718224469982 317124.8 105
1718224480019 317124.8 106
1718224490051 317124.8 107
1718224500082 317124.8 108
1718224510109 317124.8 109
1718224520133 317124.8 110
1718224530160 317124.8 111
1718224540185 317124.8 112
1718224550209 317124.8 113
1718224560234 317124.8 114
1718224570261 317124.8 115
1718224580284 317124.8 116
1718224590339 317124.8 117
1718224600395 317124.8 118
1718224610426 317124.8 119
1718224620495 317124.8 120
1718224630525 317124.8 121
1718224640601 317124.8 122
1718224650670 317124.8 123
1718224660720 317124.8 124
1718224670794 317124.8 125
1718224680819 317124.8 126
1718224690887 317124.8 127
1718224700907 317124.8 128
1718224710978 317124.8 129
1718224721052 317124.8 130
1718224731077 317124.8 131
1718224741145 317124.8 132
1718224751219 317124.8 133
1718224761294 317124.8 134
1718224771366 317124.8 135
1718224781410 317124.8 136
1718224791444 317124.8 137
1718224801522 317124.8 138
1718224811600 317124.8 139
1718224821672 317124.8 140
1718224831746 317124.8 141
1718224841822 317124.8 142
1718224851851 317124.8 143
1718224861923 317124.8 144
1718224871954 317124.8 145
1718224882034 317124.8 146
1718224892115 317124.8 147
1718224902193 317124.8 148
1718224912261 317124.8 149
1718224922334 317124.8 150
1718224932402 317124.8 151
1718224942524 317124.8 152
1718224952550 315127.1 153
1718224962572 315127.1 154
1718224972599 315127.1 155
1718224982651 315127.1 156
1718224992675 315127.1 157
1718225002707 315127.1 158
1718225012747 315127.1 159
1718225022772 315127.1 160
1718225032799 315127.1 161
1718225042885 315127.1 162
1718225052921 315127.1 163
1718225062954 315127.1 164
1718225073021 315127.1 165
1718225083052 315127.1 166
1718225093127 315127.1 167
1718225103156 315127.1 168
1718225113181 315127.0 169
1718225123248 315127.0 170
1718225133281 315127.0 171
1718225143357 315127.0 172
1718225153383 315127.0 173
1718225163407 315127.0 174
1718225173482 315127.0 175
1718225183508 315127.0 176
1718225193536 315127.0 177
1718225203616 315127.0 178
1718225213645 315127.0 179
1718225223714 315127.0 180
1718225233741 315127.0 181
1718225243832 315127.0 182
1718225253911 315127.0 183
1718225263936 315127.0 184
1718225274013 315127.0 185
1718225284038 315127.0 186
1718225294104 315127.0 187
1718225304126 315127.0 188
1718225314152 315127.0 189
1718225324224 315127.0 190
1718225334289 315127.0 191
1718225344369 315127.0 192
1718225354443 315127.0 193
1718225364517 315127.0 194
1718225374589 315127.0 195
1718225384656 315127.0 196
1718225394730 315127.0 197
1718225404758 315127.0 198
1718225414832 315127.0 199
1718225424859 315127.0 200
1718225434884 315127.0 201
1718225444910 315127.0 202
1718225454935 313129.3 203
1718225464963 313129.3 204
1718225474991 313129.3 205
1718225485029 313129.3 206
1718225495054 313129.3 207
1718225505081 313129.3 208
