1718223416344 5383.8 0
1718223426387 7377.1 1
1718223436418 7953.4 2
1718223446436 7951.1 3
1718223456456 7969.9 4
1718223466478 7974.9 5
1718223476496 7955.7 6
1718223486517 7981.5 7
1718223496539 7992.5 8
1718223506558 7925.9 9
1718223517037 7946.3 10
1718223527057 7912.2 11
1718223537078 7990.1 12
1718223547099 7924.1 13
1718223557122 7938.6 14
1718223567145 8089.0 15
1718223577166 8081.9 16
1718223587203 8110.6 17
1718223597222 8117.6 18
1718223607253 8087.0 19
1718223617275 8002.9 20
1718223627296 8017.9 21
1718223637315 7994.7 22
1718223647335 7988.6 23
1718223657353 7995.8 24
1718223667382 8064.5 25
1718223677406 8048.9 26
1718223687425 7993.0 27
1718223697446 8019.8 28
1718223707472 7991.3 29
1718223717502 7992.9 30
1718223727525 7982.9 31
1718223737561 8037.8 32
1718223747586 8120.0 33
1718223757629 8037.9 34
1718223767652 8027.5 35
1718223777674 8021.5 36
1718223787695 7962.4 37
1718223797717 8023.4 38
1718223807739 7970.9 39
1718223817762 8051.5 40
1718223827787 8053.9 41
1718223837811 8017.2 42
1718223847835 7995.6 43
1718223857855 8023.5 44
1718223867877 8000.7 45
1718223877900 7953.8 46
1718223887920 7970.1 47
1718223897945 7906.5 48
1718223907968 7905.0 49
1718223917989 7904.7 50
1718223928008 7904.7 51
1718223938043 7904.7 52
1718223948067 7915.0 53
1718223958087 7904.7 54
1718223968111 7905.2 55
1718223978133 7905.2 56
1718223988162 7913.6 57
1718223998187 7915.6 58
1718224008206 7905.2 59
1718224018247 7905.2 60
1718224028324 7909.4 61
1718224038345 7889.0 62
1718224048367 7880.6 63
1718224058389 7880.6 64
1718224068411 7880.6 65
1718224078435 7889.0 66
1718224088465 7889.0 67
1718224098490 7880.6 68
1718224108514 7880.6 69
1718224118539 7880.6 70
1718224128569 7889.0 71
1718224138594 7920.9 72
1718224148631 7824.1 73
1718224158670 7824.7 74
1718224168695 7824.7 75
1718224178714 7824.7 76
1718224188743 7866.5 77
1718224198780 7411.5 78
1718224208800 7375.2 79
1718224218823 7373.7 80
1718224228850 7373.7 81
1718224238877 7373.7 82
1718224248942 7373.7 83
1718224258964 7373.7 84
1718224269204 7373.7 85
1718224279224 7373.7 86
1718224289248 7373.7 87
1718224299276 7373.7 88
1718224309315 7373.7 89
1718224319388 7373.7 90
1718224329409 7373.7 91
1718224339432 7373.5 92
1718224349455 7373.5 93
1718224359478 7373.5 94
1718224369502 7373.5 95
1718224379522 7373.5 96
1718224389545 7373.5 97
1718224399568 7373.5 98
1718224409591 7373.5 99
1718224419613 7373.5 100
1718224429682 7373.5 101
1718224439913 7373.5 102
1718224449934 7373.5 103
1718224459957 7373.5 104
1718224469982 7373.5 105
1718224480019 7373.5 106
1718224490051 7373.5 107
1718224500082 7359.8 108
1718224510109 7359.8 109
1718224520133 7359.8 110
1718224530160 7359.8 111
1718224540185 7359.8 112
1718224550209 7359.8 113
1718224560234 7359.8 114
1718224570261 7359.8 115
1718224580284 7359.8 116
1718224590339 7359.8 117
1718224600395 7359.8 118
1718224610426 7359.8 119
1718224620495 7359.8 120
1718224630525 7359.8 121
1718224640601 7332.0 122
1718224650670 7332.0 123
1718224660720 7332.0 124
1718224670794 7332.0 125
1718224680819 7332.0 126
1718224690887 7332.0 127
1718224700907 7332.0 128
1718224710978 7332.0 129
1718224721052 7332.0 130
1718224731077 7332.0 131
1718224741145 7332.0 132
1718224751219 7332.0 133
1718224761294 7332.0 134
1718224771366 7332.0 135
1718224781410 7332.0 136
1718224791444 7332.0 137
1718224801522 7328.5 138
1718224811600 7328.5 139
1718224821672 7328.5 140
1718224831746 7328.5 141
1718224841822 7328.5 142
1718224851851 7328.5 143
1718224861923 7328.5 144
1718224871954 7328.5 145
1718224882034 7328.5 146
1718224892115 7328.5 147
1718224902193 7328.5 148
1718224912261 7328.5 149
1718224922334 7328.5 150
1718224932402 7328.5 151
1718224942524 7328.5 152
1718224952550 7328.5 153
1718224962572 7328.5 154
1718224972599 7328.5 155
1718224982651 7328.5 156
1718224992675 7328.5 157
1718225002707 7328.5 158
1718225012747 7328.5 159
1718225022772 7328.5 160
1718225032799 7328.5 161
1718225042885 7328.5 162
1718225052921 7328.5 163
1718225062954 7328.5 164
1718225073021 7328.5 165
1718225083052 7328.5 166
1718225093127 7328.5 167
1718225103156 7328.5 168
1718225113181 7328.5 169
1718225123248 7328.5 170
1718225133281 7328.5 171
1718225143357 7328.5 172
1718225153383 7328.5 173
1718225163407 7328.5 174
1718225173482 7328.5 175
1718225183508 7328.5 176
1718225193536 7328.5 177
1718225203616 7328.5 178
1718225213645 7328.5 179
1718225223714 7328.5 180
1718225233741 7328.5 181
1718225243832 7328.5 182
1718225253911 7328.5 183
1718225263936 7328.5 184
1718225274013 7328.5 185
1718225284038 7328.5 186
1718225294104 7328.5 187
1718225304126 7328.5 188
1718225314152 7328.5 189
1718225324224 7328.5 190
1718225334289 7328.5 191
1718225344369 7328.5 192
1718225354443 7328.5 193
1718225364517 7328.5 194
1718225374589 7328.5 195
1718225384656 7328.5 196
1718225394730 7328.5 197
1718225404758 7328.5 198
1718225414832 7328.5 199
1718225424859 7328.5 200
1718225434884 7328.5 201
1718225444910 7328.5 202
1718225454935 7328.5 203
1718225464963 7328.5 204
1718225474991 7328.5 205
1718225485029 7328.5 206
1718225495054 7328.5 207
1718225505081 7328.5 208
