1718223416344 41.8 0
1718223426387 57.3 1
1718223436418 61.7 2
1718223446436 61.7 3
1718223456456 61.9 4
1718223466478 61.9 5
1718223476496 61.7 6
1718223486517 61.9 7
1718223496539 62.0 8
1718223506558 61.5 9
1718223517037 61.7 10
1718223527057 61.4 11
1718223537078 62.0 12
1718223547099 61.5 13
1718223557122 61.6 14
1718223567145 62.8 15
1718223577166 62.7 16
1718223587203 62.9 17
1718223597222 63.0 18
1718223607253 62.8 19
1718223617275 62.1 20
1718223627296 62.2 21
1718223637315 62.0 22
1718223647335 62.0 23
1718223657353 62.1 24
1718223667382 62.6 25
1718223677406 62.5 26
1718223687425 62.0 27
1718223697446 62.2 28
1718223707472 62.0 29
1718223717502 62.0 30
1718223727525 62.0 31
1718223737561 62.4 32
1718223747586 63.0 33
1718223757629 62.4 34
1718223767652 62.3 35
1718223777674 62.3 36
1718223787695 61.8 37
1718223797717 62.3 38
1718223807739 61.9 39
1718223817762 62.5 40
1718223827787 62.5 41
1718223837811 62.2 42
1718223847835 62.1 43
1718223857855 62.3 44
1718223867877 62.1 45
1718223877900 61.7 46
1718223887920 61.9 47
1718223897945 61.4 48
1718223907968 61.4 49
1718223917989 61.3 50
1718223928008 61.3 51
1718223938043 61.3 52
1718223948067 61.4 53
1718223958087 61.3 54
1718223968111 61.4 55
1718223978133 61.4 56
1718223988162 61.4 57
1718223998187 61.4 58
1718224008206 61.4 59
1718224018247 61.4 60
1718224028324 61.4 61
1718224038345 61.2 62
1718224048367 61.2 63
1718224058389 61.2 64
1718224068411 61.2 65
1718224078435 61.2 66
1718224088465 61.2 67
1718224098490 61.2 68
1718224108514 61.2 69
1718224118539 61.2 70
1718224128569 61.2 71
1718224138594 61.5 72
1718224148631 60.7 73
1718224158670 60.7 74
1718224168695 60.7 75
1718224178714 60.7 76
1718224188743 61.1 77
1718224198780 57.5 78
1718224208800 57.2 79
1718224218823 57.2 80
1718224228850 57.2 81
1718224238877 57.2 82
1718224248942 57.2 83
1718224258964 57.2 84
1718224269204 57.2 85
1718224279224 57.2 86
1718224289248 57.2 87
1718224299276 57.2 88
1718224309315 57.2 89
1718224319388 57.2 90
1718224329409 57.2 91
1718224339432 57.2 92
1718224349455 57.2 93
1718224359478 57.2 94
1718224369502 57.2 95
1718224379522 57.2 96
1718224389545 57.2 97
1718224399568 57.2 98
1718224409591 57.2 99
1718224419613 57.2 100
1718224429682 57.2 101
1718224439913 57.2 102
1718224449934 57.2 103
1718224459957 57.2 104
1718224469982 57.2 105
1718224480019 57.2 106
1718224490051 57.2 107
1718224500082 57.1 108
1718224510109 57.1 109
1718224520133 57.1 110
1718224530160 57.1 111
1718224540185 57.1 112
1718224550209 57.1 113
1718224560234 57.1 114
1718224570261 57.1 115
1718224580284 57.1 116
1718224590339 57.1 117
1718224600395 57.1 118
1718224610426 57.1 119
1718224620495 57.1 120
1718224630525 57.1 121
1718224640601 56.9 122
1718224650670 56.9 123
1718224660720 56.9 124
1718224670794 56.9 125
1718224680819 56.9 126
1718224690887 56.9 127
1718224700907 56.9 128
1718224710978 56.9 129
1718224721052 56.9 130
1718224731077 56.9 131
1718224741145 56.9 132
1718224751219 56.9 133
1718224761294 56.9 134
1718224771366 56.9 135
1718224781410 56.9 136
1718224791444 56.9 137
1718224801522 56.9 138
1718224811600 56.9 139
1718224821672 56.9 140
1718224831746 56.9 141
1718224841822 56.9 142
1718224851851 56.9 143
1718224861923 56.9 144
1718224871954 56.9 145
1718224882034 56.9 146
1718224892115 56.9 147
1718224902193 56.9 148
1718224912261 56.9 149
1718224922334 56.9 150
1718224932402 56.9 151
1718224942524 56.9 152
1718224952550 56.9 153
1718224962572 56.9 154
1718224972599 56.9 155
1718224982651 56.9 156
1718224992675 56.9 157
1718225002707 56.9 158
1718225012747 56.9 159
1718225022772 56.9 160
1718225032799 56.9 161
1718225042885 56.9 162
1718225052921 56.9 163
1718225062954 56.9 164
1718225073021 56.9 165
1718225083052 56.9 166
1718225093127 56.9 167
1718225103156 56.9 168
1718225113181 56.9 169
1718225123248 56.9 170
1718225133281 56.9 171
1718225143357 56.9 172
1718225153383 56.9 173
1718225163407 56.9 174
1718225173482 56.9 175
1718225183508 56.9 176
1718225193536 56.9 177
1718225203616 56.9 178
1718225213645 56.9 179
1718225223714 56.9 180
1718225233741 56.9 181
1718225243832 56.9 182
1718225253911 56.9 183
1718225263936 56.9 184
1718225274013 56.9 185
1718225284038 56.9 186
1718225294104 56.9 187
1718225304126 56.9 188
1718225314152 56.9 189
1718225324224 56.9 190
1718225334289 56.9 191
1718225344369 56.9 192
1718225354443 56.9 193
1718225364517 56.9 194
1718225374589 56.9 195
1718225384656 56.9 196
1718225394730 56.9 197
1718225404758 56.9 198
1718225414832 56.9 199
1718225424859 56.9 200
1718225434884 56.9 201
1718225444910 56.9 202
1718225454935 56.9 203
1718225464963 56.9 204
1718225474991 56.9 205
1718225485029 56.9 206
1718225495054 56.9 207
1718225505081 56.9 208
