1718223416344 13.0 0
1718223426387 94.0 1
1718223436418 91.0 2
1718223446436 93.0 3
1718223456456 91.0 4
1718223466478 88.0 5
1718223476496 79.0 6
1718223486517 88.0 7
1718223496539 89.0 8
1718223506558 88.0 9
1718223517037 75.0 10
1718223527057 84.0 11
1718223537078 85.0 12
1718223547099 85.0 13
1718223557122 83.0 14
1718223567145 89.0 15
1718223577166 85.0 16
1718223587203 84.0 17
1718223597222 75.0 18
1718223607253 86.0 19
1718223617275 84.0 20
1718223627296 77.0 21
1718223637315 85.0 22
1718223647335 90.0 23
1718223657353 90.0 24
1718223667382 89.0 25
1718223677406 88.0 26
1718223687425 83.0 27
1718223697446 85.0 28
1718223707472 89.0 29
1718223717502 90.0 30
1718223727525 89.0 31
1718223737561 87.0 32
1718223747586 84.0 33
1718223757629 85.0 34
1718223767652 92.0 35
1718223777674 86.0 36
1718223787695 90.0 37
1718223797717 87.0 38
1718223807739 84.0 39
1718223817762 83.0 40
1718223827787 86.0 41
1718223837811 86.0 42
1718223847835 85.0 43
1718223857855 85.0 44
1718223867877 86.0 45
1718223877900 86.0 46
1718223887920 87.0 47
1718223897945 87.0 48
1718223907968 87.0 49
1718223917989 87.0 50
1718223928008 86.0 51
1718223938043 86.0 52
1718223948067 84.0 53
1718223958087 84.0 54
1718223968111 83.0 55
1718223978133 90.0 56
1718223988162 80.0 57
1718223998187 87.0 58
1718224008206 74.0 59
1718224018247 89.0 60
1718224028324 89.0 61
1718224038345 82.0 62
1718224048367 89.0 63
1718224058389 85.0 64
1718224068411 84.0 65
1718224078435 85.0 66
1718224088465 84.0 67
1718224098490 89.0 68
1718224108514 84.0 69
1718224118539 88.0 70
1718224128569 82.0 71
1718224138594 83.0 72
1718224148631 81.0 73
1718224158670 83.0 74
1718224168695 84.0 75
1718224178714 87.0 76
1718224188743 84.0 77
1718224198780 82.0 78
1718224208800 88.0 79
1718224218823 85.0 80
1718224228850 89.0 81
1718224238877 75.0 82
1718224248942 76.0 83
1718224258964 83.0 84
1718224269204 79.0 85
1718224279224 35.0 86
1718224289248 84.0 87
1718224299276 89.0 88
1718224309315 85.0 89
1718224319388 89.0 90
1718224329409 87.0 91
1718224339432 88.0 92
1718224349455 87.0 93
1718224359478 87.0 94
1718224369502 88.0 95
1718224379522 86.0 96
1718224389545 87.0 97
1718224399568 88.0 98
1718224409591 87.0 99
1718224419613 87.0 100
1718224429682 88.0 101
1718224439913 88.0 102
1718224449934 10.0 103
1718224459957 86.0 104
1718224469982 84.0 105
1718224480019 85.0 106
1718224490051 84.0 107
1718224500082 86.0 108
1718224510109 87.0 109
1718224520133 76.0 110
1718224530160 78.0 111
1718224540185 89.0 112
1718224550209 85.0 113
1718224560234 89.0 114
1718224570261 87.0 115
1718224580284 84.0 116
1718224590339 86.0 117
1718224600395 90.0 118
1718224610426 85.0 119
1718224620495 84.0 120
1718224630525 88.0 121
1718224640601 89.0 122
1718224650670 85.0 123
1718224660720 89.0 124
1718224670794 81.0 125
1718224680819 77.0 126
1718224690887 79.0 127
1718224700907 77.0 128
1718224710978 76.0 129
1718224721052 78.0 130
1718224731077 89.0 131
1718224741145 77.0 132
1718224751219 89.0 133
1718224761294 88.0 134
1718224771366 78.0 135
1718224781410 90.0 136
1718224791444 77.0 137
1718224801522 89.0 138
1718224811600 83.0 139
1718224821672 88.0 140
1718224831746 86.0 141
1718224841822 88.0 142
1718224851851 88.0 143
1718224861923 88.0 144
1718224871954 87.0 145
1718224882034 87.0 146
1718224892115 87.0 147
1718224902193 86.0 148
1718224912261 88.0 149
1718224922334 86.0 150
1718224932402 86.0 151
1718224942524 87.0 152
1718224952550 10.0 153
1718224962572 86.0 154
1718224972599 84.0 155
1718224982651 88.0 156
1718224992675 84.0 157
1718225002707 85.0 158
1718225012747 88.0 159
1718225022772 90.0 160
1718225032799 78.0 161
1718225042885 89.0 162
1718225052921 85.0 163
1718225062954 85.0 164
1718225073021 84.0 165
1718225083052 86.0 166
1718225093127 91.0 167
1718225103156 86.0 168
1718225113181 89.0 169
1718225123248 88.0 170
1718225133281 85.0 171
1718225143357 89.0 172
1718225153383 90.0 173
1718225163407 89.0 174
1718225173482 85.0 175
1718225183508 84.0 176
1718225193536 84.0 177
1718225203616 84.0 178
1718225213645 90.0 179
1718225223714 85.0 180
1718225233741 90.0 181
1718225243832 84.0 182
1718225253911 84.0 183
1718225263936 84.0 184
1718225274013 89.0 185
1718225284038 85.0 186
1718225294104 89.0 187
1718225304126 84.0 188
1718225314152 85.0 189
1718225324224 88.0 190
1718225334289 88.0 191
1718225344369 87.0 192
1718225354443 87.0 193
1718225364517 86.0 194
1718225374589 87.0 195
1718225384656 87.0 196
1718225394730 87.0 197
1718225404758 87.0 198
1718225414832 87.0 199
1718225424859 85.0 200
1718225434884 88.0 201
1718225444910 87.0 202
1718225454935 10.0 203
1718225464963 85.0 204
1718225474991 84.0 205
1718225485029 90.0 206
1718225495054 85.0 207
1718225505081 88.0 208
