1718223416344 0.0 0
1718223426387 0.03215600000004315 1
1718223436418 0.07777600000002849 2
1718223446436 0.0896200000000249 3
1718223456456 0.18929800000000796 4
1718223466478 0.2794850000000224 5
1718223476496 0.38588900000002013 6
1718223486517 0.5142640000000256 7
1718223496539 0.5298799999999915 8
1718223506558 0.5947050000000331 9
1718223517037 0.6401900000000182 10
1718223527057 0.6679780000000051 11
1718223537078 0.7167390000000182 12
1718223547099 0.7634740000000306 13
1718223557122 0.8201440000000275 14
1718223567145 0.8550920000000133 15
1718223577166 0.9179530000000113 16
1718223587203 0.9442600000000425 17
1718223597222 0.9650450000000319 18
1718223607253 1.1648690000000101 19
1718223617275 1.184248000000025 20
1718223627296 1.310939000000019 21
1718223637315 1.3379219999999918 22
1718223647335 1.3491200000000276 23
1718223657353 1.3834459999999922 24
1718223667382 1.405317000000025 25
1718223677406 1.493660000000034 26
1718223687425 1.499449000000027 27
1718223697446 1.5751319999999964 28
1718223707472 1.6024110000000178 29
1718223717502 1.6132540000000404 30
1718223727525 1.688036000000011 31
1718223737561 1.7038070000000403 32
1718223747586 1.785663999999997 33
1718223757629 1.8141919999999914 34
1718223767652 1.8513260000000287 35
1718223777674 1.9611060000000293 36
1718223787695 1.9910560000000146 37
1718223797717 2.1495930000000385 38
1718223807739 2.1776629999999955 39
1718223817762 2.2515940000000114 40
1718223827787 2.3777489999999943 41
1718223837811 2.4666770000000042 42
1718223847835 2.5498479999999972 43
1718223857855 2.568742000000043 44
1718223867877 2.5774640000000204 45
1718223877900 2.600170999999989 46
1718223887920 2.613072000000045 47
1718223897945 2.622021000000018 48
1718223907968 2.632407999999998 49
1718223917989 2.647070000000042 50
1718223928008 2.6483049999999935 51
1718223938043 2.659594000000027 52
1718223948067 2.6648380000000316 53
1718223958087 2.682563000000016 54
1718223968111 2.6945850000000178 55
1718223978133 2.7179010000000403 56
1718223988162 2.7222419999999943 57
1718223998187 2.7360910000000445 58
1718224008206 2.7374379999999974 59
1718224018247 2.767261000000019 60
1718224028324 2.7763850000000048 61
1718224038345 2.780844000000002 62
1718224048367 2.781784000000016 63
1718224058389 2.7946919999999977 64
1718224068411 2.7957040000000006 65
1718224078435 2.813220000000001 66
1718224088465 2.8136590000000297 67
1718224098490 2.819327000000044 68
1718224108514 2.82088200000004 69
1718224118539 2.8341720000000237 70
1718224128569 2.836500000000001 71
1718224138594 2.857090000000028 72
1718224148631 2.871442000000002 73
1718224158670 2.878524000000027 74
1718224168695 2.8823280000000295 75
1718224178714 2.898042000000032 76
1718224188743 2.9027849999999944 77
1718224198780 2.9411120000000324 78
1718224208800 2.9438110000000393 79
1718224218823 2.9438110000000393 80
1718224228850 2.9438110000000393 81
1718224238877 2.9479949999999917 82
1718224248942 2.9491250000000377 83
1718224258964 2.9491250000000377 84
1718224269204 2.9491250000000377 85
1718224279224 2.9491250000000377 86
1718224289248 2.95126700000003 87
1718224299276 2.9537750000000074 88
1718224309315 2.953848999999991 89
1718224319388 2.953848999999991 90
1718224329409 2.9539350000000013 91
1718224339432 2.9546660000000315 92
1718224349455 2.9567220000000134 93
1718224359478 2.958850000000041 94
1718224369502 2.958850000000041 95
1718224379522 2.9589359999999942 96
1718224389545 2.9589980000000082 97
1718224399568 2.9589980000000082 98
1718224409591 2.96105399999999 99
1718224419613 2.9631820000000175 100
1718224429682 2.9633300000000418 101
1718224439913 2.9634040000000255 102
1718224449934 2.966514000000018 103
1718224459957 2.966514000000018 104
1718224469982 2.9708570000000236 105
1718224480019 2.9708570000000236 106
1718224490051 2.9708570000000236 107
1718224500082 2.975635000000011 108
1718224510109 2.980873000000031 109
1718224520133 2.980959000000041 110
1718224530160 2.985229000000004 111
1718224540185 3.0214829999999893 112
1718224550209 3.0216550000000097 113
1718224560234 3.0217289999999934 114
1718224570261 3.0218150000000037 115
1718224580284 3.0218150000000037 116
1718224590339 3.0260850000000232 117
1718224600395 3.02646500000003 118
1718224610426 3.02646500000003 119
1718224620495 3.02646500000003 120
1718224630525 3.027282000000014 121
1718224640601 3.027282000000014 122
1718224650670 3.031466000000023 123
1718224660720 3.031466000000023 124
1718224670794 3.031466000000023 125
1718224680819 3.031626000000017 126
1718224690887 3.0317980000000375 127
1718224700907 3.0318599999999947 128
1718224710978 3.036044000000004 129
1718224721052 3.036130000000014 130
1718224731077 3.036130000000014 131
1718224741145 3.036130000000014 132
1718224751219 3.036130000000014 133
1718224761294 3.036130000000014 134
1718224771366 3.040461999999991 135
1718224781410 3.040524000000005 136
1718224791444 3.040524000000005 137
1718224801522 3.0498959999999897 138
1718224811600 3.0504310000000032 139
1718224821672 3.0505170000000135 140
1718224831746 3.054787000000033 141
1718224841822 3.0557450000000017 142
1718224851851 3.055917000000022 143
1718224861923 3.055917000000022 144
1718224871954 3.0560030000000324 145
1718224882034 3.0675019999999904 146
1718224892115 3.0910200000000145 147
1718224902193 3.0948920000000157 148
1718224912261 3.095520000000022 149
1718224922334 3.095520000000022 150
1718224932402 3.096410999999989 151
1718224942524 3.096410999999989 152
1718224952550 3.103704999999991 153
1718224962572 3.103704999999991 154
1718224972599 3.103704999999991 155
1718224982651 3.1038770000000113 156
1718224992675 3.1038770000000113 157
1718225002707 3.1038770000000113 158
1718225012747 3.108547000000044 159
1718225022772 3.1087810000000218 160
1718225032799 3.1087810000000218 161
1718225042885 3.1087810000000218 162
1718225052921 3.1087810000000218 163
1718225062954 3.1088550000000055 164
1718225073021 3.113187000000039 165
1718225083052 3.113187000000039 166
1718225093127 3.113187000000039 167
1718225103156 3.123029000000031 168
1718225113181 3.123115000000041 169
1718225123248 3.1232009999999946 170
1718225133281 3.127471000000014 171
1718225143357 3.1283670000000257 172
1718225153383 3.1286010000000033 173
1718225163407 3.1286870000000135 174
1718225173482 3.1286870000000135 175
1718225183508 3.1287609999999972 176
1718225193536 3.13352100000003 177
1718225203616 3.13352100000003 178
1718225213645 3.13352100000003 179
1718225223714 3.13352100000003 180
1718225233741 3.134424000000024 181
1718225243832 3.134486000000038 182
1718225253911 3.1386699999999905 183
1718225263936 3.1386699999999905 184
1718225274013 3.1386699999999905 185
1718225284038 3.1387560000000008 186
1718225294104 3.1387560000000008 187
1718225304126 3.138838000000021 188
1718225314152 3.1430220000000304 189
1718225324224 3.1431820000000243 190
1718225334289 3.1432440000000383 191
1718225344369 3.1432440000000383 192
1718225354443 3.1432440000000383 193
1718225364517 3.1432440000000383 194
1718225374589 3.147514000000001 195
1718225384656 3.147514000000001 196
1718225394730 3.1476600000000303 197
1718225404758 3.157493000000045 198
1718225414832 3.1576650000000086 199
1718225424859 3.1576650000000086 200
1718225434884 3.171647000000007 201
1718225444910 3.173549000000037 202
1718225454935 3.1767450000000395 203
1718225464963 3.176830999999993 204
1718225474991 3.176830999999993 205
1718225485029 3.176830999999993 206
1718225495054 3.1814810000000193 207
1718225505081 3.1814810000000193 208
