1718223416344 0.0 0
1718223426387 0.04017000000021653 1
1718223436418 3.6486540000005334 2
1718223446436 3.672877000000881 3
1718223456456 7.774145000001226 4
1718223466478 11.489916000000449 5
1718223476496 15.057235000000219 6
1718223486517 19.121886000000814 7
1718223496539 19.45441000000028 8
1718223506558 23.243999000000258 9
1718223517037 23.302026000001206 10
1718223527057 25.76598400000148 11
1718223537078 27.865961999999854 12
1718223547099 28.02531799999997 13
1718223557122 32.63519500000075 14
1718223567145 32.7289380000002 15
1718223577166 36.9444250000015 16
1718223587203 36.96446400000059 17
1718223597222 36.989417000000685 18
1718223607253 43.090016000000105 19
1718223617275 43.25554600000032 20
1718223627296 47.91558500000065 21
1718223637315 47.946553000001586 22
1718223647335 48.297107000000324 23
1718223657353 51.95843700000114 24
1718223667382 52.02549200000067 25
1718223677406 57.4202890000015 26
1718223687425 57.425279000000955 27
1718223697446 62.04690800000026 28
1718223707472 62.30732100000023 29
1718223717502 62.319580000001224 30
1718223727525 67.46226000000024 31
1718223737561 67.4780750000009 32
1718223747586 72.63125300000138 33
1718223757629 72.6600210000015 34
1718223767652 73.7113360000003 35
1718223777674 77.44516900000053 36
1718223787695 77.4838720000007 37
1718223797717 83.93570700000055 38
1718223807739 84.37800900000002 39
1718223817762 86.80253500000072 40
1718223827787 90.86056500000086 41
1718223837811 91.1682980000005 42
1718223847835 91.30290700000114 43
1718223857855 91.32896000000073 44
1718223867877 91.33863300000121 45
1718223877900 91.36282000000028 46
1718223887920 91.37829700000111 47
1718223897945 91.38599900000008 48
1718223907968 91.39495200000056 49
1718223917989 91.41781400000036 50
1718223928008 91.41900100000021 51
1718223938043 91.42458299999998 52
1718223948067 91.43556400000125 53
1718223958087 91.45244000000093 54
1718223968111 91.46955600000001 55
1718223978133 91.49318900000071 56
1718223988162 91.49794000000111 57
1718223998187 91.5080050000015 58
1718224008206 91.50925600000119 59
1718224018247 91.52646199999981 60
1718224028324 91.53367700000126 61
1718224038345 91.54031900000155 62
1718224048367 91.5411039999999 63
1718224058389 91.54825500000152 64
1718224068411 91.54909200000111 65
1718224078435 91.56365100000039 66
1718224088465 91.5639940000001 67
1718224098490 91.57062399999995 68
1718224108514 91.57189699999981 69
1718224118539 91.58054900000025 70
1718224128569 91.58338700000058 71
1718224138594 91.60901700000068 72
1718224148631 91.63213200000064 73
1718224158670 91.6390760000013 74
1718224168695 91.65092100000038 75
1718224178714 91.6617839999999 76
1718224188743 91.66399799999999 77
1718224198780 91.72516800000085 78
1718224208800 91.72556900000018 79
1718224218823 91.72556900000018 80
1718224228850 91.72611300000062 81
1718224238877 91.73035700000037 82
1718224248942 91.73157700000047 83
1718224258964 91.73157700000047 84
1718224269204 91.73157700000047 85
1718224279224 91.73157700000047 86
1718224289248 91.73375900000065 87
1718224299276 91.73624500000005 88
1718224309315 91.73634500000117 89
1718224319388 91.73634500000117 90
1718224329409 91.73647100000017 91
1718224339432 91.73722400000042 92
1718224349455 91.73934000000008 93
1718224359478 91.74146800000017 94
1718224369502 91.74146800000017 95
1718224379522 91.74146800000017 96
1718224389545 91.74152800000047 97
1718224399568 91.74152800000047 98
1718224409591 91.74364400000013 99
1718224419613 91.74601500000063 100
1718224429682 91.74617500000022 101
1718224439913 91.74621699999989 102
1718224449934 91.75535900000068 103
1718224459957 91.75554900000134 104
1718224469982 91.76005600000099 105
1718224480019 91.76005600000099 106
1718224490051 91.76005600000099 107
1718224500082 91.76928399999997 108
1718224510109 91.77861699999994 109
1718224520133 91.77861699999994 110
1718224530160 91.7828610000015 111
1718224540185 91.86280799999986 112
1718224550209 91.86294000000089 113
1718224560234 91.86304000000018 114
1718224570261 91.86304000000018 115
1718224580284 91.86304000000018 116
1718224590339 91.86735000000044 117
1718224600395 91.86770800000158 118
1718224610426 91.86770800000158 119
1718224620495 91.86770800000158 120
1718224630525 91.86858300000131 121
1718224640601 91.86858300000131 122
1718224650670 91.87282700000105 123
1718224660720 91.87282700000105 124
1718224670794 91.87282700000105 125
1718224680819 91.87292700000035 126
1718224690887 91.8730830000004 127
1718224700907 91.87314300000071 128
1718224710978 91.87738700000045 129
1718224721052 91.87793899999997 130
1718224731077 91.87793899999997 131
1718224741145 91.87793899999997 132
1718224751219 91.87793899999997 133
1718224761294 91.87793899999997 134
1718224771366 91.88312700000097 135
1718224781410 91.88348700000097 136
1718224791444 91.88348700000097 137
1718224801522 91.90115900000092 138
1718224811600 91.90219800000159 139
1718224821672 91.90219800000159 140
1718224831746 91.90638200000103 141
1718224841822 91.9075300000004 142
1718224851851 91.90766200000144 143
1718224861923 91.90766200000144 144
1718224871954 91.90766200000144 145
1718224882034 91.93134400000054 146
1718224892115 91.94802500000151 147
1718224902193 91.95526500000051 148
1718224912261 91.95590700000139 149
1718224922334 91.95590700000139 150
1718224932402 91.95689200000015 151
1718224942524 91.95984800000042 152
1718224952550 91.97468200000003 153
1718224962572 91.97574200000054 154
1718224972599 91.97574200000054 155
1718224982651 91.97580800000105 156
1718224992675 91.97580800000105 157
1718225002707 91.97610500000155 158
1718225012747 91.98067000000083 159
1718225022772 91.98084999999992 160
1718225032799 91.98084999999992 161
1718225042885 91.98084999999992 162
1718225052921 91.98084999999992 163
1718225062954 91.98095000000103 164
1718225073021 91.98557400000027 165
1718225083052 91.98563400000057 166
1718225093127 91.98563400000057 167
1718225103156 92.00439300000107 168
1718225113181 92.00439300000107 169
1718225123248 92.00439300000107 170
1718225133281 92.00857700000051 171
1718225143357 92.00984800000151 172
1718225153383 92.01004000000103 173
1718225163407 92.01004000000103 174
1718225173482 92.01004000000103 175
1718225183508 92.01014000000032 176
1718225193536 92.01484400000118 177
1718225203616 92.01484400000118 178
1718225213645 92.01484400000118 179
1718225223714 92.01484400000118 180
1718225233741 92.01578900000095 181
1718225243832 92.01584900000125 182
1718225253911 92.0200330000007 183
1718225263936 92.0200330000007 184
1718225274013 92.0200330000007 185
1718225284038 92.020093000001 186
1718225294104 92.02216899999985 187
1718225304126 92.02482300000156 188
1718225314152 92.0291070000003 189
1718225324224 92.0292100000006 190
1718225334289 92.0292700000009 191
1718225344369 92.02937300000121 192
1718225354443 92.02937300000121 193
1718225364517 92.02953600000001 194
1718225374589 92.0339950000016 195
1718225384656 92.03409800000009 196
1718225394730 92.03675199999998 197
1718225404758 92.05935600000157 198
1718225414832 92.05935600000157 199
1718225424859 92.05951900000036 200
1718225434884 92.08220500000061 201
1718225444910 92.0863330000011 202
1718225454935 92.09560700000111 203
1718225464963 92.09571000000142 204
1718225474991 92.09571000000142 205
1718225485029 92.09587300000021 206
1718225495054 92.10048100000131 207
1718225505081 92.1005839999998 208
