1718223416344 11985.3 0
1718223426387 13278.0 1
1718223436418 13304.1 2
1718223446436 13332.0 3
1718223456456 13399.8 4
1718223466478 13384.9 5
1718223476496 13361.8 6
1718223486517 13402.4 7
1718223496539 13428.0 8
1718223506558 13449.6 9
1718223517037 13414.2 10
1718223527057 13411.7 11
1718223537078 13296.4 12
1718223547099 13306.2 13
1718223557122 13308.3 14
1718223567145 13385.5 15
1718223577166 13307.0 16
1718223587203 13322.1 17
1718223597222 13370.5 18
1718223607253 13411.0 19
1718223617275 13311.7 20
1718223627296 13350.1 21
1718223637315 13327.2 22
1718223647335 13305.5 23
1718223657353 13296.7 24
1718223667382 13317.3 25
1718223677406 13356.5 26
1718223687425 13307.9 27
1718223697446 13307.8 28
1718223707472 13334.0 29
1718223717502 13306.8 30
1718223727525 13325.2 31
1718223737561 13308.2 32
1718223747586 13370.7 33
1718223757629 13314.6 34
1718223767652 13288.3 35
1718223777674 13315.7 36
1718223787695 13251.8 37
1718223797717 13319.3 38
1718223807739 13290.7 39
1718223817762 13264.9 40
1718223827787 13312.3 41
1718223837811 13283.3 42
1718223847835 13261.0 43
1718223857855 13258.6 44
1718223867877 13286.6 45
1718223877900 13291.6 46
1718223887920 13257.9 47
1718223897945 13218.9 48
1718223907968 13267.5 49
1718223917989 13169.6 50
1718223928008 13154.2 51
1718223938043 13137.4 52
1718223948067 14466.7 53
1718223958087 14480.7 54
1718223968111 14456.4 55
1718223978133 14458.5 56
1718223988162 14504.6 57
1718223998187 14497.2 58
1718224008206 14456.9 59
1718224018247 14480.1 60
1718224028324 14483.1 61
1718224038345 14483.3 62
1718224048367 14476.9 63
1718224058389 14453.4 64
1718224068411 14462.5 65
1718224078435 14474.0 66
1718224088465 14471.9 67
1718224098490 14455.8 68
1718224108514 14459.2 69
1718224118539 14471.6 70
1718224128569 14508.5 71
1718224138594 14494.1 72
1718224148631 14324.5 73
1718224158670 14187.1 74
1718224168695 14192.5 75
1718224178714 13337.5 76
1718224188743 12886.0 77
1718224198780 8656.0 78
1718224208800 8654.8 79
1718224218823 8661.1 80
1718224228850 8639.3 81
1718224238877 8643.8 82
1718224248942 8639.8 83
1718224258964 8631.4 84
1718224269204 8636.6 85
1718224279224 8640.8 86
1718224289248 8626.3 87
1718224299276 8618.0 88
1718224309315 8623.5 89
1718224319388 8621.8 90
1718224329409 8623.5 91
1718224339432 8629.1 92
1718224349455 8648.3 93
1718224359478 8624.0 94
1718224369502 8628.0 95
1718224379522 8622.8 96
1718224389545 8620.9 97
1718224399568 8629.9 98
1718224409591 8623.1 99
1718224419613 8630.3 100
1718224429682 8637.1 101
1718224439913 8627.3 102
1718224449934 8631.2 103
1718224459957 8644.6 104
1718224469982 8641.6 105
1718224480019 8637.4 106
1718224490051 8646.2 107
1718224500082 8665.5 108
1718224510109 8655.9 109
1718224520133 8659.9 110
1718224530160 8652.7 111
1718224540185 8670.5 112
1718224550209 8648.2 113
1718224560234 8622.3 114
1718224570261 8635.2 115
1718224580284 8634.1 116
1718224590339 8638.6 117
1718224600395 8632.2 118
1718224610426 8641.3 119
1718224620495 8636.5 120
1718224630525 8633.5 121
1718224640601 8635.8 122
1718224650670 8635.2 123
1718224660720 8638.0 124
1718224670794 8644.6 125
1718224680819 8674.7 126
1718224690887 8620.6 127
1718224700907 8626.5 128
1718224710978 8626.3 129
1718224721052 8630.0 130
1718224731077 8626.6 131
1718224741145 8635.2 132
1718224751219 8624.7 133
1718224761294 8634.0 134
1718224771366 8629.9 135
1718224781410 8630.5 136
1718224791444 8633.9 137
1718224801522 8650.2 138
1718224811600 8651.1 139
1718224821672 8646.3 140
1718224831746 8648.4 141
1718224841822 8636.2 142
1718224851851 8647.0 143
1718224861923 8641.1 144
1718224871954 8648.3 145
1718224882034 8643.4 146
1718224892115 8632.9 147
1718224902193 8642.9 148
1718224912261 8650.5 149
1718224922334 8638.1 150
1718224932402 8643.2 151
1718224942524 8654.0 152
1718224952550 8644.9 153
1718224962572 8673.2 154
1718224972599 8663.8 155
1718224982651 8649.6 156
1718224992675 8658.9 157
1718225002707 8658.1 158
1718225012747 8660.6 159
1718225022772 8665.2 160
1718225032799 8734.9 161
1718225042885 8681.0 162
1718225052921 8680.4 163
1718225062954 8649.8 164
1718225073021 8638.9 165
1718225083052 8641.5 166
1718225093127 8639.9 167
1718225103156 8651.6 168
1718225113181 8656.2 169
1718225123248 8649.7 170
1718225133281 8651.9 171
1718225143357 8650.0 172
1718225153383 8641.9 173
1718225163407 8641.0 174
1718225173482 8638.8 175
1718225183508 8639.3 176
1718225193536 8636.4 177
1718225203616 8636.5 178
1718225213645 8641.2 179
1718225223714 8636.2 180
1718225233741 8639.7 181
1718225243832 8643.6 182
1718225253911 8651.9 183
1718225263936 8652.7 184
1718225274013 8651.4 185
1718225284038 8650.6 186
1718225294104 8643.1 187
1718225304126 8637.1 188
1718225314152 8637.2 189
1718225324224 8632.1 190
1718225334289 8626.7 191
1718225344369 8640.7 192
1718225354443 8663.2 193
1718225364517 8640.0 194
1718225374589 8650.9 195
1718225384656 8645.7 196
1718225394730 8635.1 197
1718225404758 8638.5 198
1718225414832 8630.4 199
1718225424859 8637.0 200
1718225434884 8640.4 201
1718225444910 8633.0 202
1718225454935 8619.8 203
1718225464963 8664.6 204
1718225474991 8661.4 205
1718225485029 8647.3 206
1718225495054 8648.3 207
1718225505081 8649.8 208
