1718223416344 35.7 0
1718223426387 39.6 1
1718223436418 39.7 2
1718223446436 39.8 3
1718223456456 40.0 4
1718223466478 39.9 5
1718223476496 39.8 6
1718223486517 40.0 7
1718223496539 40.0 8
1718223506558 40.1 9
1718223517037 40.0 10
1718223527057 40.0 11
1718223537078 39.6 12
1718223547099 39.7 13
1718223557122 39.7 14
1718223567145 39.9 15
1718223577166 39.7 16
1718223587203 39.7 17
1718223597222 39.9 18
1718223607253 40.0 19
1718223617275 39.7 20
1718223627296 39.8 21
1718223637315 39.7 22
1718223647335 39.7 23
1718223657353 39.6 24
1718223667382 39.7 25
1718223677406 39.8 26
1718223687425 39.7 27
1718223697446 39.7 28
1718223707472 39.8 29
1718223717502 39.7 30
1718223727525 39.7 31
1718223737561 39.7 32
1718223747586 39.9 33
1718223757629 39.7 34
1718223767652 39.6 35
1718223777674 39.7 36
1718223787695 39.5 37
1718223797717 39.7 38
1718223807739 39.6 39
1718223817762 39.6 40
1718223827787 39.7 41
1718223837811 39.6 42
1718223847835 39.5 43
1718223857855 39.5 44
1718223867877 39.6 45
1718223877900 39.6 46
1718223887920 39.5 47
1718223897945 39.4 48
1718223907968 39.6 49
1718223917989 39.3 50
1718223928008 39.2 51
1718223938043 39.2 52
1718223948067 43.1 53
1718223958087 43.2 54
1718223968111 43.1 55
1718223978133 43.1 56
1718223988162 43.2 57
1718223998187 43.2 58
1718224008206 43.1 59
1718224018247 43.2 60
1718224028324 43.2 61
1718224038345 43.2 62
1718224048367 43.2 63
1718224058389 43.1 64
1718224068411 43.1 65
1718224078435 43.2 66
1718224088465 43.2 67
1718224098490 43.1 68
1718224108514 43.1 69
1718224118539 43.2 70
1718224128569 43.3 71
1718224138594 43.2 72
1718224148631 42.7 73
1718224158670 42.3 74
1718224168695 42.3 75
1718224178714 39.8 76
1718224188743 38.4 77
1718224198780 25.8 78
1718224208800 25.8 79
1718224218823 25.8 80
1718224228850 25.8 81
1718224238877 25.8 82
1718224248942 25.8 83
1718224258964 25.7 84
1718224269204 25.8 85
1718224279224 25.8 86
1718224289248 25.7 87
1718224299276 25.7 88
1718224309315 25.7 89
1718224319388 25.7 90
1718224329409 25.7 91
1718224339432 25.7 92
1718224349455 25.8 93
1718224359478 25.7 94
1718224369502 25.7 95
1718224379522 25.7 96
1718224389545 25.7 97
1718224399568 25.7 98
1718224409591 25.7 99
1718224419613 25.7 100
1718224429682 25.8 101
1718224439913 25.7 102
1718224449934 25.7 103
1718224459957 25.8 104
1718224469982 25.8 105
1718224480019 25.8 106
1718224490051 25.8 107
1718224500082 25.8 108
1718224510109 25.8 109
1718224520133 25.8 110
1718224530160 25.8 111
1718224540185 25.9 112
1718224550209 25.8 113
1718224560234 25.7 114
1718224570261 25.7 115
1718224580284 25.7 116
1718224590339 25.8 117
1718224600395 25.7 118
1718224610426 25.8 119
1718224620495 25.8 120
1718224630525 25.7 121
1718224640601 25.8 122
1718224650670 25.7 123
1718224660720 25.8 124
1718224670794 25.8 125
1718224680819 25.9 126
1718224690887 25.7 127
1718224700907 25.7 128
1718224710978 25.7 129
1718224721052 25.7 130
1718224731077 25.7 131
1718224741145 25.7 132
1718224751219 25.7 133
1718224761294 25.7 134
1718224771366 25.7 135
1718224781410 25.7 136
1718224791444 25.7 137
1718224801522 25.8 138
1718224811600 25.8 139
1718224821672 25.8 140
1718224831746 25.8 141
1718224841822 25.8 142
1718224851851 25.8 143
1718224861923 25.8 144
1718224871954 25.8 145
1718224882034 25.8 146
1718224892115 25.7 147
1718224902193 25.8 148
1718224912261 25.8 149
1718224922334 25.8 150
1718224932402 25.8 151
1718224942524 25.8 152
1718224952550 25.8 153
1718224962572 25.9 154
1718224972599 25.8 155
1718224982651 25.8 156
1718224992675 25.8 157
1718225002707 25.8 158
1718225012747 25.8 159
1718225022772 25.8 160
1718225032799 26.0 161
1718225042885 25.9 162
1718225052921 25.9 163
1718225062954 25.8 164
1718225073021 25.8 165
1718225083052 25.8 166
1718225093127 25.8 167
1718225103156 25.8 168
1718225113181 25.8 169
1718225123248 25.8 170
1718225133281 25.8 171
1718225143357 25.8 172
1718225153383 25.8 173
1718225163407 25.8 174
1718225173482 25.8 175
1718225183508 25.8 176
1718225193536 25.8 177
1718225203616 25.8 178
1718225213645 25.8 179
1718225223714 25.8 180
1718225233741 25.8 181
1718225243832 25.8 182
1718225253911 25.8 183
1718225263936 25.8 184
1718225274013 25.8 185
1718225284038 25.8 186
1718225294104 25.8 187
1718225304126 25.8 188
1718225314152 25.8 189
1718225324224 25.7 190
1718225334289 25.7 191
1718225344369 25.8 192
1718225354443 25.8 193
1718225364517 25.8 194
1718225374589 25.8 195
1718225384656 25.8 196
1718225394730 25.7 197
1718225404758 25.8 198
1718225414832 25.7 199
1718225424859 25.8 200
1718225434884 25.8 201
1718225444910 25.7 202
1718225454935 25.7 203
1718225464963 25.8 204
1718225474991 25.8 205
1718225485029 25.8 206
1718225495054 25.8 207
1718225505081 25.8 208
