1717942465160 0.02 100
1717942485701 0.04 200
1717942506282 0.05 300
1717942526771 0.07 400
1717942547229 0.09 500
1717942567803 0.11 600
1717942587880 0.12 700
1717942607449 0.14 800
1717942627063 0.16 900
1717942646724 0.18 1000
1717942659804 0.18 1000
1717942679592 0.19 1100
1717942699370 0.21 1200
1717942719122 0.23 1300
1717942738865 0.25 1400
1717942758649 0.26 1500
1717942778339 0.28 1600
1717942798024 0.3 1700
1717942817975 0.32 1800
1717942837678 0.33 1900
1717942857528 0.35 2000
1717942870578 0.35 2000
1717942890367 0.37 2100
1717942910003 0.39 2200
1717942929628 0.4 2300
1717942949372 0.42 2400
1717942969102 0.44 2500
1717942988901 0.46 2600
1717943008689 0.47 2700
1717943028217 0.49 2800
1717943047635 0.51 2900
1717943067301 0.53 3000
1717943080420 0.53 3000
1717943102361 0.54 3100
1717943122115 0.56 3200
1717943141930 0.58 3300
1717943161720 0.6 3400
1717943181478 0.61 3500
1717943201002 0.63 3600
1717943220253 0.65 3700
1717943239853 0.67 3800
1717943259531 0.68 3900
1717943278881 0.7 4000
1717943291836 0.7 4000
1717943311209 0.72 4100
1717943330815 0.74 4200
1717943350475 0.75 4300
1717943369995 0.77 4400
1717943389984 0.79 4500
1717943409746 0.81 4600
1717943428985 0.82 4700
1717943448713 0.84 4800
1717943469271 0.86 4900
1717943488655 0.88 5000
1717943500752 0.88 5000
1717943518812 0.89 5100
1717943536935 0.91 5200
1717943555013 0.93 5300
1717943573065 0.95 5400
1717943591286 0.96 5500
1717943609599 0.98 5600
1717943627642 1.0 5700
1717943630785 1.0 5702
