1717942465160 4.531563758850098 100
1717942485701 8.390314102172852 200
1717942506282 21.42940330505371 300
1717942526771 10.22563362121582 400
1717942547229 24.13115692138672 500
1717942567803 15.285096168518066 600
1717942587880 15.696633338928223 700
1717942607449 15.808135032653809 800
1717942627063 12.517651557922363 900
1717942646724 15.355079650878906 1000
1717942679592 15.136911392211914 1100
1717942699370 10.743049621582031 1200
1717942719122 25.00380516052246 1300
1717942738865 14.425663948059082 1400
1717942758649 13.138936042785645 1500
1717942778339 26.28470230102539 1600
1717942798024 6.354466915130615 1700
1717942817975 21.469236373901367 1800
1717942837678 11.66757869720459 1900
1717942857528 15.15913200378418 2000
1717942890367 16.207868576049805 2100
1717942910003 17.69237518310547 2200
1717942929628 18.993303298950195 2300
1717942949372 16.845306396484375 2400
1717942969102 6.582677841186523 2500
1717942988901 15.952077865600586 2600
1717943008689 3.390214681625366 2700
1717943028217 25.177717208862305 2800
1717943047635 10.98331356048584 2900
1717943067301 6.073180675506592 3000
1717943102361 9.283393859863281 3100
1717943122115 7.188891410827637 3200
1717943141930 24.340545654296875 3300
1717943161720 19.500730514526367 3400
1717943181478 14.657837867736816 3500
1717943201002 18.381669998168945 3600
1717943220253 17.916072845458984 3700
1717943239853 13.913113594055176 3800
1717943259531 4.8135881423950195 3900
1717943278881 8.53369140625 4000
1717943311209 20.903244018554688 4100
1717943330815 6.848876476287842 4200
1717943350475 19.861249923706055 4300
1717943369995 13.772879600524902 4400
1717943389984 17.463953018188477 4500
1717943409746 13.132062911987305 4600
1717943428985 13.15735912322998 4700
1717943448713 22.96727180480957 4800
1717943469271 9.170000076293945 4900
1717943488655 13.195169448852539 5000
1717943518812 21.63240623474121 5100
1717943536935 14.719137191772461 5200
1717943555013 20.455650329589844 5300
1717943573065 9.09207534790039 5400
1717943591286 21.411094665527344 5500
1717943609599 13.023200988769531 5600
1717943627642 17.91457176208496 5700
