1717942465160 5.2539404553415064e-06 100
1717942485701 1.0507880910683013e-05 200
1717942506282 1.576182136602452e-05 300
1717942526771 2.1015761821366026e-05 400
1717942547229 2.6269702276707533e-05 500
1717942567803 2.999763548776819e-05 600
1717942587880 2.995323611195637e-05 700
1717942607449 2.9852797110164538e-05 800
1717942627063 2.969669489349542e-05 900
1717942646724 2.948551447978538e-05 1000
1717942679592 2.922004730115719e-05 1100
1717942699370 2.8901288238002568e-05 1200
1717942719122 2.8530431890509937e-05 1300
1717942738865 2.8108868101710605e-05 1400
1717942758649 2.76381767488214e-05 1500
1717942778339 2.7120121822403996e-05 1600
1717942798024 2.655664481553026e-05 1700
1717942817975 2.594985744772881e-05 1800
1717942837678 2.5302033750980847e-05 1900
1717942857528 2.461560154742433e-05 2000
1717942890367 2.3893133350705125e-05 2100
1717942910003 2.3137336725073767e-05 2200
1717942929628 2.235104413835865e-05 2300
1717942949372 2.1537202346843193e-05 2400
1717942969102 2.0698861351828913e-05 2500
1717942988901 1.9839162969271403e-05 2600
1717943008689 1.8961329055326312e-05 2700
1717943028217 1.8068649431931965e-05 2800
1717943047635 1.7164469557679428e-05 2900
1717943067301 1.6252177990175387e-05 3000
1717943102361 1.533519368688463e-05 3100
1717943122115 1.4416953192044212e-05 3200
1717943141930 1.350089775766844e-05 3300
1717943161720 1.2590460446910661e-05 3400
1717943181478 1.1689053268114167e-05 3500
1717943201002 1.0800054387769285e-05 3600
1717943220253 9.926795470298233e-06 3700
1717943239853 9.072549192113817e-06 3800
1717943259531 8.240516976745102e-06 3900
1717943278881 7.4338169969945e-06 4000
1717943311209 6.655472489090271e-06 4100
1717943330815 5.908400422628829e-06 4200
1717943350475 5.195400568768149e-06 4300
1717943369995 4.519145007640912e-06 4400
1717943389984 3.8821681143100615e-06 4500
1717943409746 3.2868570607959597e-06 4600
1717943428985 2.73544286977028e-06 4700
1717943448713 2.2299920534444057e-06 4800
1717943469271 1.7723988689868974e-06 4900
1717943488655 1.3643782194940469e-06 5000
1717943518812 1.007459227118313e-06 5100
1717943536935 7.029795024403146e-07 5200
1717943555013 4.5208013156086356e-07 5300
1717943573065 2.5570139969965434e-07 5400
1717943591286 1.1457926732715284e-07 5500
1717943609599 2.924261203590295e-08 5600
1717943627642 1.1246487801042094e-11 5700
