1717942465160 1.0737 100
1717942485701 0.9868 200
1717942506282 0.8384 300
1717942526771 0.8217 400
1717942547229 0.7821 500
1717942567803 0.7958 600
1717942587880 0.8309 700
1717942607449 0.8162 800
1717942627063 0.7443 900
1717942646724 0.7923 1000
1717942679592 0.7778 1100
1717942699370 0.7751 1200
1717942719122 0.7976 1300
1717942738865 0.7509 1400
1717942758649 0.7512 1500
1717942778339 0.7104 1600
1717942798024 0.714 1700
1717942817975 0.7658 1800
1717942837678 0.6894 1900
1717942857528 0.7298 2000
1717942890367 0.7179 2100
1717942910003 0.6858 2200
1717942929628 0.6984 2300
1717942949372 0.7134 2400
1717942969102 0.7397 2500
1717942988901 0.6951 2600
1717943008689 0.722 2700
1717943028217 0.7437 2800
1717943047635 0.6799 2900
1717943067301 0.6871 3000
1717943102361 0.6865 3100
1717943122115 0.6847 3200
1717943141930 0.6428 3300
1717943161720 0.6881 3400
1717943181478 0.6613 3500
1717943201002 0.6812 3600
1717943220253 0.6509 3700
1717943239853 0.6736 3800
1717943259531 0.6698 3900
1717943278881 0.695 4000
1717943311209 0.6109 4100
1717943330815 0.6587 4200
1717943350475 0.6374 4300
1717943369995 0.6603 4400
1717943389984 0.6407 4500
1717943409746 0.6388 4600
1717943428985 0.5969 4700
1717943448713 0.6259 4800
1717943469271 0.5939 4900
1717943488655 0.6145 5000
1717943518812 0.683 5100
1717943536935 0.6505 5200
1717943555013 0.614 5300
1717943573065 0.6058 5400
1717943591286 0.608 5500
1717943609599 0.6454 5600
1717943627642 0.6347 5700
