1718445756998 0.0 0
1718445767018 7.3 1
1718445777042 5.5 2
1718445787070 5.3 3
1718445797096 5.3 4
1718445807118 5.4 5
1718445817139 5.1 6
1718445827158 5.4 7
1718445837178 5.5 8
1718445847231 6.5 9
1718445857259 5.4 10
1718445867285 5.3 11
1718445877311 5.4 12
1718445887334 5.4 13
1718445897377 5.3 14
1718445907407 5.1 15
1718445917428 5.5 16
1718445927449 7.3 17
1718445937478 7.4 18
1718445947504 5.4 19
1718445957529 5.5 20
1718445967548 5.2 21
1718445977570 5.4 22
1718445987598 5.2 23
1718445997624 5.3 24
1718446007651 5.4 25
1718446017669 5.5 26
1718446027686 6.9 27
1718446037731 5.4 28
1718446047760 5.5 29
1718446057782 5.3 30
1718446067805 5.6 31
1718446077829 5.4 32
1718446087855 5.3 33
1718446097881 5.3 34
1718446107908 5.5 35
1718446117934 5.3 36
1718446127962 5.5 37
1718446137989 5.3 38
1718446148017 5.4 39
1718446158089 6.2 40
1718446168112 5.4 41
1718446178131 5.3 42
1718446188153 5.4 43
1718446198174 5.4 44
1718446208196 5.3 45
1718446218215 6.0 46
1718446228236 5.5 47
1718446238262 5.4 48
1718446248283 5.5 49
1718446258303 5.3 50
1718446268346 5.3 51
1718446278383 5.3 52
1718446288411 5.4 53
1718446298443 5.4 54
1718446308471 5.4 55
1718446318494 5.6 56
1718446328539 5.2 57
1718446338567 5.5 58
1718446348613 5.7 59
1718446358668 5.5 60
1718446368689 6.0 61
1718446378724 6.7 62
1718446388760 7.1 63
1718446398794 7.5 64
1718446408819 7.6 65
1718446418840 6.2 66
1718446428876 6.4 67
1718446438901 6.0 68
1718446448921 5.9 69
1718446458943 5.9 70
1718446468979 7.1 71
1718446479011 6.3 72
1718446496165 6.1 73
1718446506195 5.1 74
1718446516220 5.4 75
1718446526242 5.8 76
1718446536263 5.7 77
1718446546310 5.9 78
1718446556331 5.6 79
1718446566351 6.0 80
1718446576374 7.3 81
1718446586399 6.0 82
1718446596421 8.4 83
1718446606442 7.6 84
1718446616465 6.2 85
1718446626488 6.2 86
1718446636509 6.8 87
1718446646571 6.1 88
1718446656592 6.1 89
1718446666612 6.5 90
1718446676632 6.2 91
1718446686655 6.0 92
1718446696677 5.9 93
1718446706698 6.3 94
1718446716721 7.1 95
1718446726743 8.1 96
1718446736766 6.9 97
1718446746788 6.6 98
1718446756811 6.5 99
1718446766839 6.7 100
1718446776864 8.9 101
1718446786887 9.6 102
1718446796913 7.5 103
1718446806937 8.9 104
1718446816961 8.1 105
1718446826985 6.8 106
1718446837010 6.9 107
1718446847033 6.7 108
1718446857054 6.7 109
1718446867078 7.7 110
1718446877101 7.7 111
1718446887126 5.7 112
1718446897150 5.6 113
1718446907179 5.8 114
1718446917203 5.4 115
1718446927227 6.4 116
1718446937248 6.5 117
1718446947318 7.2 118
1718446957342 7.3 119
1718446967366 7.0 120
1718446977394 6.3 121
1718446987420 6.4 122
1718446997447 6.2 123
1718447007519 6.0 124
1718447017601 6.2 125
1718447027626 6.3 126
1718447037704 6.2 127
1718447047728 7.6 128
1718447057806 7.5 129
1718447067844 7.8 130
1718447077869 7.3 131
1718447087893 7.6 132
1718447097976 6.1 133
1718447108002 7.3 134
1718447118032 8.1 135
1718447128058 8.9 136
1718447138083 8.0 137
1718447148108 7.0 138
1718447158136 6.3 139
1718447168160 9.0 140
1718447178185 9.9 141
1718447188212 6.5 142
1718447198237 7.7 143
1718447208261 8.5 144
1718447218286 6.6 145
1718447228364 6.4 146
1718447238387 6.3 147
1718447248411 6.6 148
1718447262728 6.7 149
1718447272754 5.8 150
1718447282794 6.7 151
1718447292888 6.5 152
1718447302915 6.6 153
1718447312940 6.6 154
