1718445756998 646180.7 0
1718445767018 646181.8 1
1718445777042 646181.9 2
1718445787070 646182.0 3
1718445797096 646182.0 4
1718445807118 646182.0 5
1718445817139 646182.0 6
1718445827158 646182.0 7
1718445837178 646182.0 8
1718445847231 646182.0 9
1718445857259 646182.0 10
1718445867285 646182.0 11
1718445877311 646182.0 12
1718445887334 646182.0 13
1718445897377 646182.0 14
1718445907407 646182.0 15
1718445917428 646182.0 16
1718445927449 646182.0 17
1718445937478 646182.0 18
1718445947504 646182.0 19
1718445957529 646182.0 20
1718445967548 646182.0 21
1718445977570 646182.0 22
1718445987598 646182.0 23
1718445997624 646182.0 24
1718446007651 646182.0 25
1718446017669 646182.0 26
1718446027686 646182.0 27
1718446037731 646182.0 28
1718446047760 646181.9 29
1718446057782 646182.0 30
1718446067805 646182.0 31
1718446077829 646182.0 32
1718446087855 646182.0 33
1718446097881 646182.0 34
1718446107908 646182.0 35
1718446117934 646182.0 36
1718446127962 646182.0 37
1718446137989 646182.0 38
1718446148017 646182.0 39
1718446158089 646182.0 40
1718446168112 646182.0 41
1718446178131 646182.0 42
1718446188153 646182.0 43
1718446198174 646182.0 44
1718446208196 646182.0 45
1718446218215 646182.0 46
1718446228236 646182.0 47
1718446238262 646182.0 48
1718446248283 646182.0 49
1718446258303 646182.0 50
1718446268346 646182.0 51
1718446278383 646182.0 52
1718446288411 646182.0 53
1718446298443 646182.0 54
1718446308471 646182.0 55
1718446318494 646182.0 56
1718446328539 646182.0 57
1718446338567 646182.0 58
1718446348613 646182.0 59
1718446358668 646182.2 60
1718446368689 646182.0 61
1718446378724 646182.0 62
1718446388760 646182.0 63
1718446398794 646182.3 64
1718446408819 646182.8 65
1718446418840 646182.8 66
1718446428876 646182.8 67
1718446438901 646182.4 68
1718446448921 646182.4 69
1718446458943 646182.4 70
1718446468979 646182.4 71
1718446479011 646182.4 72
1718446496165 646182.4 73
1718446506195 646182.5 74
1718446516220 646182.5 75
1718446526242 646182.5 76
1718446536263 646182.5 77
1718446546310 646182.5 78
1718446556331 646182.5 79
1718446566351 646182.5 80
1718446576374 646183.1 81
1718446586399 646183.1 82
1718446596421 646183.3 83
1718446606442 646183.2 84
1718446616465 646183.2 85
1718446626488 646183.0 86
1718446636509 646183.0 87
1718446646571 646183.0 88
1718446656592 646183.0 89
1718446666612 646183.0 90
1718446676632 646183.0 91
1718446686655 646183.0 92
1718446696677 646183.0 93
1718446706698 646183.0 94
1718446716721 646183.0 95
1718446726743 646183.0 96
1718446736766 646183.0 97
1718446746788 646183.0 98
1718446756811 646183.2 99
1718446766839 646183.2 100
1718446776864 646183.5 101
1718446786887 646183.5 102
1718446796913 646183.8 103
1718446806937 646183.8 104
1718446816961 646184.2 105
1718446826985 646184.2 106
1718446837010 646184.2 107
1718446847033 646183.1 108
1718446857054 646183.1 109
1718446867078 646183.1 110
1718446877101 646183.2 111
1718446887126 646183.2 112
1718446897150 646183.2 113
1718446907179 646183.2 114
1718446917203 646183.2 115
1718446927227 646183.2 116
1718446937248 646183.2 117
1718446947318 646183.2 118
1718446957342 646183.2 119
1718446967366 646183.2 120
1718446977394 646183.2 121
1718446987420 646183.1 122
1718446997447 646183.2 123
1718447007519 646183.2 124
1718447017601 646183.2 125
1718447027626 646183.2 126
1718447037704 646183.2 127
1718447047728 646183.2 128
1718447057806 646183.2 129
1718447067844 646183.4 130
1718447077869 646183.5 131
1718447087893 646183.5 132
1718447097976 646183.3 133
1718447108002 646183.2 134
1718447118032 646183.2 135
1718447128058 646183.3 136
1718447138083 646183.5 137
1718447148108 646183.5 138
1718447158136 646183.5 139
1718447168160 646179.8 140
1718447178185 646179.9 141
1718447188212 646179.9 142
1718447198237 646180.2 143
1718447208261 646180.4 144
1718447218286 646195.3 145
1718447228364 646173.0 146
1718447238387 646173.0 147
1718447248411 646173.0 148
1718447262728 646173.0 149
1718447272754 646173.0 150
1718447282794 646173.0 151
1718447292888 646173.2 152
1718447302915 646173.5 153
1718447312940 646173.5 154
