1718445756998 286640.1 0
1718445767018 286639.0 1
1718445777042 286638.9 2
1718445787070 286638.8 3
1718445797096 286638.8 4
1718445807118 286638.8 5
1718445817139 286638.8 6
1718445827158 286638.8 7
1718445837178 286638.8 8
1718445847231 286638.8 9
1718445857259 286638.8 10
1718445867285 286638.8 11
1718445877311 286638.8 12
1718445887334 286638.8 13
1718445897377 286638.8 14
1718445907407 286638.8 15
1718445917428 286638.8 16
1718445927449 286638.8 17
1718445937478 286638.8 18
1718445947504 286638.8 19
1718445957529 286638.8 20
1718445967548 286638.8 21
1718445977570 286638.8 22
1718445987598 286638.8 23
1718445997624 286638.8 24
1718446007651 286638.8 25
1718446017669 286638.8 26
1718446027686 286638.8 27
1718446037731 286638.8 28
1718446047760 286638.9 29
1718446057782 286638.8 30
1718446067805 286638.8 31
1718446077829 286638.8 32
1718446087855 286638.8 33
1718446097881 286638.8 34
1718446107908 286638.8 35
1718446117934 286638.8 36
1718446127962 286638.8 37
1718446137989 286638.8 38
1718446148017 286638.8 39
1718446158089 286638.8 40
1718446168112 286638.8 41
1718446178131 286638.9 42
1718446188153 286638.8 43
1718446198174 286638.8 44
1718446208196 286638.8 45
1718446218215 286638.8 46
1718446228236 286638.8 47
1718446238262 286638.8 48
1718446248283 286638.8 49
1718446258303 286638.8 50
1718446268346 286638.8 51
1718446278383 286638.8 52
1718446288411 286638.8 53
1718446298443 286638.8 54
1718446308471 286638.8 55
1718446318494 286638.8 56
1718446328539 286638.8 57
1718446338567 286638.8 58
1718446348613 286638.8 59
1718446358668 286638.6 60
1718446368689 286638.8 61
1718446378724 286638.8 62
1718446388760 286638.8 63
1718446398794 286638.5 64
1718446408819 286638.0 65
1718446418840 286638.0 66
1718446428876 286638.0 67
1718446438901 286638.4 68
1718446448921 286638.4 69
1718446458943 286638.4 70
1718446468979 286638.4 71
1718446479011 286638.4 72
1718446496165 286638.4 73
1718446506195 286638.3 74
1718446516220 286638.3 75
1718446526242 286638.3 76
1718446536263 286638.3 77
1718446546310 286638.3 78
1718446556331 286638.3 79
1718446566351 286638.3 80
1718446576374 286637.7 81
1718446586399 286637.7 82
1718446596421 286637.5 83
1718446606442 286637.6 84
1718446616465 286637.6 85
1718446626488 286637.8 86
1718446636509 286637.8 87
1718446646571 286637.8 88
1718446656592 286637.8 89
1718446666612 286637.8 90
1718446676632 286637.8 91
1718446686655 286637.8 92
1718446696677 286637.8 93
1718446706698 286637.8 94
1718446716721 286637.8 95
1718446726743 286637.8 96
1718446736766 286637.8 97
1718446746788 286637.8 98
1718446756811 286637.6 99
1718446766839 286637.6 100
1718446776864 286637.3 101
1718446786887 286637.3 102
1718446796913 286637.1 103
1718446806937 286637.0 104
1718446816961 286636.6 105
1718446826985 286636.6 106
1718446837010 286636.6 107
1718446847033 286637.7 108
1718446857054 286637.7 109
1718446867078 286637.7 110
1718446877101 286637.6 111
1718446887126 286637.7 112
1718446897150 286637.6 113
1718446907179 286637.7 114
1718446917203 286637.6 115
1718446927227 286637.7 116
1718446937248 286637.6 117
1718446947318 286637.6 118
1718446957342 286637.6 119
1718446967366 286637.6 120
1718446977394 286637.6 121
1718446987420 286637.7 122
1718446997447 286637.6 123
1718447007519 286637.6 124
1718447017601 286637.6 125
1718447027626 286637.6 126
1718447037704 286637.6 127
1718447047728 286637.6 128
1718447057806 286637.6 129
1718447067844 286637.4 130
1718447077869 286637.3 131
1718447087893 286637.3 132
1718447097976 286637.6 133
1718447108002 286637.6 134
1718447118032 286637.6 135
1718447128058 286637.5 136
1718447138083 286637.3 137
1718447148108 286637.3 138
1718447158136 286637.3 139
1718447168160 286641.0 140
1718447178185 286640.9 141
1718447188212 286640.9 142
1718447198237 286640.6 143
1718447208261 286640.5 144
1718447218286 286625.5 145
1718447228364 286647.8 146
1718447238387 286647.8 147
1718447248411 286647.8 148
1718447262728 286647.8 149
1718447272754 286647.8 150
1718447282794 286647.8 151
1718447292888 286647.6 152
1718447302915 286647.3 153
1718447312940 286647.3 154
