1718445756998 69.3 0
1718445767018 69.3 1
1718445777042 69.3 2
1718445787070 69.3 3
1718445797096 69.3 4
1718445807118 69.3 5
1718445817139 69.3 6
1718445827158 69.3 7
1718445837178 69.3 8
1718445847231 69.3 9
1718445857259 69.3 10
1718445867285 69.3 11
1718445877311 69.3 12
1718445887334 69.3 13
1718445897377 69.3 14
1718445907407 69.3 15
1718445917428 69.3 16
1718445927449 69.3 17
1718445937478 69.3 18
1718445947504 69.3 19
1718445957529 69.3 20
1718445967548 69.3 21
1718445977570 69.3 22
1718445987598 69.3 23
1718445997624 69.3 24
1718446007651 69.3 25
1718446017669 69.3 26
1718446027686 69.3 27
1718446037731 69.3 28
1718446047760 69.3 29
1718446057782 69.3 30
1718446067805 69.3 31
1718446077829 69.3 32
1718446087855 69.3 33
1718446097881 69.3 34
1718446107908 69.3 35
1718446117934 69.3 36
1718446127962 69.3 37
1718446137989 69.3 38
1718446148017 69.3 39
1718446158089 69.3 40
1718446168112 69.3 41
1718446178131 69.3 42
1718446188153 69.3 43
1718446198174 69.3 44
1718446208196 69.3 45
1718446218215 69.3 46
1718446228236 69.3 47
1718446238262 69.3 48
1718446248283 69.3 49
1718446258303 69.3 50
1718446268346 69.3 51
1718446278383 69.3 52
1718446288411 69.3 53
1718446298443 69.3 54
1718446308471 69.3 55
1718446318494 69.3 56
1718446328539 69.3 57
1718446338567 69.3 58
1718446348613 69.3 59
1718446358668 69.3 60
1718446368689 69.3 61
1718446378724 69.3 62
1718446388760 69.3 63
1718446398794 69.3 64
1718446408819 69.3 65
1718446418840 69.3 66
1718446428876 69.3 67
1718446438901 69.3 68
1718446448921 69.3 69
1718446458943 69.3 70
1718446468979 69.3 71
1718446479011 69.3 72
1718446496165 69.3 73
1718446506195 69.3 74
1718446516220 69.3 75
1718446526242 69.3 76
1718446536263 69.3 77
1718446546310 69.3 78
1718446556331 69.3 79
1718446566351 69.3 80
1718446576374 69.3 81
1718446586399 69.3 82
1718446596421 69.3 83
1718446606442 69.3 84
1718446616465 69.3 85
1718446626488 69.3 86
1718446636509 69.3 87
1718446646571 69.3 88
1718446656592 69.3 89
1718446666612 69.3 90
1718446676632 69.3 91
1718446686655 69.3 92
1718446696677 69.3 93
1718446706698 69.3 94
1718446716721 69.3 95
1718446726743 69.3 96
1718446736766 69.3 97
1718446746788 69.3 98
1718446756811 69.3 99
1718446766839 69.3 100
1718446776864 69.3 101
1718446786887 69.3 102
1718446796913 69.3 103
1718446806937 69.3 104
1718446816961 69.3 105
1718446826985 69.3 106
1718446837010 69.3 107
1718446847033 69.3 108
1718446857054 69.3 109
1718446867078 69.3 110
1718446877101 69.3 111
1718446887126 69.3 112
1718446897150 69.3 113
1718446907179 69.3 114
1718446917203 69.3 115
1718446927227 69.3 116
1718446937248 69.3 117
1718446947318 69.3 118
1718446957342 69.3 119
1718446967366 69.3 120
1718446977394 69.3 121
1718446987420 69.3 122
1718446997447 69.3 123
1718447007519 69.3 124
1718447017601 69.3 125
1718447027626 69.3 126
1718447037704 69.3 127
1718447047728 69.3 128
1718447057806 69.3 129
1718447067844 69.3 130
1718447077869 69.3 131
1718447087893 69.3 132
1718447097976 69.3 133
1718447108002 69.3 134
1718447118032 69.3 135
1718447128058 69.3 136
1718447138083 69.3 137
1718447148108 69.3 138
1718447158136 69.3 139
1718447168160 69.3 140
1718447178185 69.3 141
1718447188212 69.3 142
1718447198237 69.3 143
1718447208261 69.3 144
1718447218286 69.3 145
1718447228364 69.3 146
1718447238387 69.3 147
1718447248411 69.3 148
1718447262728 69.3 149
1718447272754 69.3 150
1718447282794 69.3 151
1718447292888 69.3 152
1718447302915 69.3 153
1718447312940 69.3 154
