1718445756998 63.9 0
1718445767018 87.7 1
1718445777042 94.0 2
1718445787070 94.0 3
1718445797096 94.0 4
1718445807118 94.0 5
1718445817139 94.0 6
1718445827158 94.0 7
1718445837178 94.0 8
1718445847231 94.0 9
1718445857259 94.0 10
1718445867285 94.1 11
1718445877311 94.2 12
1718445887334 94.2 13
1718445897377 94.2 14
1718445907407 94.2 15
1718445917428 93.5 16
1718445927449 93.5 17
1718445937478 93.5 18
1718445947504 93.5 19
1718445957529 93.5 20
1718445967548 93.5 21
1718445977570 93.6 22
1718445987598 93.6 23
1718445997624 93.6 24
1718446007651 93.6 25
1718446017669 93.6 26
1718446027686 93.6 27
1718446037731 93.6 28
1718446047760 93.6 29
1718446057782 93.6 30
1718446067805 93.6 31
1718446077829 93.6 32
1718446087855 93.6 33
1718446097881 93.6 34
1718446107908 93.6 35
1718446117934 93.6 36
1718446127962 93.5 37
1718446137989 93.5 38
1718446148017 93.5 39
1718446158089 93.5 40
1718446168112 93.5 41
1718446178131 93.5 42
1718446188153 93.5 43
1718446198174 93.5 44
1718446208196 93.5 45
1718446218215 93.5 46
1718446228236 93.5 47
1718446238262 93.5 48
1718446248283 93.5 49
1718446258303 93.5 50
1718446268346 93.5 51
1718446278383 93.5 52
1718446288411 94.4 53
1718446298443 94.1 54
1718446308471 94.1 55
1718446318494 94.1 56
1718446328539 94.1 57
1718446338567 94.1 58
1718446348613 94.3 59
1718446358668 94.1 60
1718446368689 94.7 61
1718446378724 94.7 62
1718446388760 94.5 63
1718446398794 95.8 64
1718446408819 94.9 65
1718446418840 94.7 66
1718446428876 94.7 67
1718446438901 94.7 68
1718446448921 94.7 69
1718446458943 94.7 70
1718446468979 94.7 71
1718446479011 94.7 72
1718446496165 94.7 73
1718446506195 94.7 74
1718446516220 94.7 75
1718446526242 94.7 76
1718446536263 94.7 77
1718446546310 94.7 78
1718446556331 94.6 79
1718446566351 94.9 80
1718446576374 94.9 81
1718446586399 94.8 82
1718446596421 95.3 83
1718446606442 95.2 84
1718446616465 95.2 85
1718446626488 95.1 86
1718446636509 95.0 87
1718446646571 95.0 88
1718446656592 95.0 89
1718446666612 94.9 90
1718446676632 94.9 91
1718446686655 94.5 92
1718446696677 94.4 93
1718446706698 94.6 94
1718446716721 94.6 95
1718446726743 94.6 96
1718446736766 94.4 97
1718446746788 94.4 98
1718446756811 94.4 99
1718446766839 94.4 100
1718446776864 94.7 101
1718446786887 94.8 102
1718446796913 95.2 103
1718446806937 95.1 104
1718446816961 95.0 105
1718446826985 94.5 106
1718446837010 94.4 107
1718446847033 94.4 108
1718446857054 94.4 109
1718446867078 94.4 110
1718446877101 94.4 111
1718446887126 93.8 112
1718446897150 93.8 113
1718446907179 93.8 114
1718446917203 93.8 115
1718446927227 93.9 116
1718446937248 93.9 117
1718446947318 93.9 118
1718446957342 93.9 119
1718446967366 93.9 120
1718446977394 93.9 121
1718446987420 93.9 122
1718446997447 93.9 123
1718447007519 93.9 124
1718447017601 93.9 125
1718447027626 93.8 126
1718447037704 93.8 127
1718447047728 93.8 128
1718447057806 95.5 129
1718447067844 94.3 130
1718447077869 94.9 131
1718447087893 95.2 132
1718447097976 95.3 133
1718447108002 95.4 134
1718447118032 94.6 135
1718447128058 95.0 136
1718447138083 94.8 137
1718447148108 94.4 138
1718447158136 94.4 139
1718447168160 95.0 140
1718447178185 95.2 141
1718447188212 94.5 142
1718447198237 94.7 143
1718447208261 96.4 144
1718447218286 95.2 145
1718447228364 95.1 146
1718447238387 95.0 147
1718447248411 95.0 148
1718447262728 95.0 149
1718447272754 95.5 150
1718447282794 95.0 151
1718447292888 95.1 152
1718447302915 95.0 153
1718447312940 95.2 154
