1718445756998 8237.1 0
1718445767018 11301.0 1
1718445777042 12106.3 2
1718445787070 12106.3 3
1718445797096 12106.3 4
1718445807118 12106.3 5
1718445817139 12106.3 6
1718445827158 12106.3 7
1718445837178 12106.3 8
1718445847231 12106.3 9
1718445857259 12106.3 10
1718445867285 12129.4 11
1718445877311 12133.6 12
1718445887334 12133.6 13
1718445897377 12133.6 14
1718445907407 12133.6 15
1718445917428 12051.2 16
1718445927449 12051.2 17
1718445937478 12051.2 18
1718445947504 12053.8 19
1718445957529 12053.8 20
1718445967548 12053.8 21
1718445977570 12055.9 22
1718445987598 12055.9 23
1718445997624 12055.9 24
1718446007651 12055.9 25
1718446017669 12055.9 26
1718446027686 12055.9 27
1718446037731 12055.9 28
1718446047760 12055.9 29
1718446057782 12055.9 30
1718446067805 12055.9 31
1718446077829 12055.9 32
1718446087855 12055.9 33
1718446097881 12055.9 34
1718446107908 12055.9 35
1718446117934 12055.9 36
1718446127962 12053.5 37
1718446137989 12053.5 38
1718446148017 12053.5 39
1718446158089 12053.5 40
1718446168112 12053.5 41
1718446178131 12053.5 42
1718446188153 12053.5 43
1718446198174 12053.5 44
1718446208196 12053.5 45
1718446218215 12053.5 46
1718446228236 12053.5 47
1718446238262 12053.5 48
1718446248283 12053.5 49
1718446258303 12053.5 50
1718446268346 12053.5 51
1718446278383 12053.5 52
1718446288411 12161.3 53
1718446298443 12125.9 54
1718446308471 12126.0 55
1718446318494 12126.0 56
1718446328539 12126.0 57
1718446338567 12126.0 58
1718446348613 12152.7 59
1718446358668 12125.0 60
1718446368689 12205.2 61
1718446378724 12197.2 62
1718446388760 12182.2 63
1718446398794 12348.8 64
1718446408819 12221.6 65
1718446418840 12202.8 66
1718446428876 12203.6 67
1718446438901 12202.6 68
1718446448921 12203.3 69
1718446458943 12205.3 70
1718446468979 12203.8 71
1718446479011 12205.3 72
1718446496165 12203.3 73
1718446506195 12202.6 74
1718446516220 12202.6 75
1718446526242 12203.3 76
1718446536263 12202.6 77
1718446546310 12203.6 78
1718446556331 12192.1 79
1718446566351 12229.5 80
1718446576374 12225.9 81
1718446586399 12220.7 82
1718446596421 12277.3 83
1718446606442 12269.2 84
1718446616465 12260.6 85
1718446626488 12248.4 86
1718446636509 12239.9 87
1718446646571 12236.9 88
1718446656592 12236.9 89
1718446666612 12227.4 90
1718446676632 12225.5 91
1718446686655 12179.4 92
1718446696677 12169.4 93
1718446706698 12188.8 94
1718446716721 12185.6 95
1718446726743 12187.9 96
1718446736766 12166.6 97
1718446746788 12166.6 98
1718446756811 12165.1 99
1718446766839 12163.0 100
1718446776864 12203.5 101
1718446786887 12208.6 102
1718446796913 12267.5 103
1718446806937 12260.0 104
1718446816961 12245.8 105
1718446826985 12179.5 106
1718446837010 12159.5 107
1718446847033 12167.7 108
1718446857054 12164.0 109
1718446867078 12166.1 110
1718446877101 12165.3 111
1718446887126 12089.1 112
1718446897150 12089.1 113
1718446907179 12089.1 114
1718446917203 12089.1 115
1718446927227 12103.6 116
1718446937248 12103.7 117
1718446947318 12095.3 118
1718446957342 12095.3 119
1718446967366 12093.6 120
1718446977394 12093.6 121
1718446987420 12093.6 122
1718446997447 12093.6 123
1718447007519 12093.6 124
1718447017601 12093.6 125
1718447027626 12086.9 126
1718447037704 12086.9 127
1718447047728 12086.9 128
1718447057806 12301.3 129
1718447067844 12147.9 130
1718447077869 12222.8 131
1718447087893 12264.7 132
1718447097976 12281.9 133
1718447108002 12290.1 134
1718447118032 12188.4 135
1718447128058 12245.1 136
1718447138083 12216.2 137
1718447148108 12166.0 138
1718447158136 12164.1 139
1718447168160 12245.8 140
1718447178185 12271.4 141
1718447188212 12178.0 142
1718447198237 12204.6 143
1718447208261 12424.4 144
1718447218286 12263.9 145
1718447228364 12247.8 146
1718447238387 12240.4 147
1718447248411 12237.9 148
1718447262728 12244.7 149
1718447272754 12310.9 150
1718447282794 12244.8 151
1718447292888 12252.0 152
1718447302915 12239.9 153
1718447312940 12260.3 154
