1718445756998 0.0 0
1718445767018 94.0 1
1718445777042 86.0 2
1718445787070 95.0 3
1718445797096 94.0 4
1718445807118 93.0 5
1718445817139 94.0 6
1718445827158 94.0 7
1718445837178 93.0 8
1718445847231 93.0 9
1718445857259 94.0 10
1718445867285 92.0 11
1718445877311 94.0 12
1718445887334 93.0 13
1718445897377 94.0 14
1718445907407 94.0 15
1718445917428 98.0 16
1718445927449 87.0 17
1718445937478 94.0 18
1718445947504 74.0 19
1718445957529 88.0 20
1718445967548 94.0 21
1718445977570 88.0 22
1718445987598 92.0 23
1718445997624 94.0 24
1718446007651 94.0 25
1718446017669 94.0 26
1718446027686 93.0 27
1718446037731 94.0 28
1718446047760 95.0 29
1718446057782 93.0 30
1718446067805 94.0 31
1718446077829 85.0 32
1718446087855 87.0 33
1718446097881 71.0 34
1718446107908 87.0 35
1718446117934 86.0 36
1718446127962 94.0 37
1718446137989 93.0 38
1718446148017 94.0 39
1718446158089 94.0 40
1718446168112 94.0 41
1718446178131 87.0 42
1718446188153 73.0 43
1718446198174 93.0 44
1718446208196 87.0 45
1718446218215 87.0 46
1718446228236 70.0 47
1718446238262 87.0 48
1718446248283 87.0 49
1718446258303 87.0 50
1718446268346 94.0 51
1718446278383 95.0 52
1718446288411 87.0 53
1718446298443 89.0 54
1718446308471 89.0 55
1718446318494 74.0 56
1718446328539 95.0 57
1718446338567 95.0 58
1718446348613 94.0 59
1718446358668 94.0 60
1718446368689 96.0 61
1718446378724 94.0 62
1718446388760 87.0 63
1718446398794 93.0 64
1718446408819 93.0 65
1718446418840 93.0 66
1718446428876 93.0 67
1718446438901 92.0 68
1718446448921 93.0 69
1718446458943 93.0 70
1718446468979 92.0 71
1718446479011 92.0 72
1718446496165 93.0 73
1718446506195 1.0 74
1718446516220 93.0 75
1718446526242 95.0 76
1718446536263 94.0 77
1718446546310 95.0 78
1718446556331 94.0 79
1718446566351 87.0 80
1718446576374 94.0 81
1718446586399 94.0 82
1718446596421 95.0 83
1718446606442 89.0 84
1718446616465 95.0 85
1718446626488 80.0 86
1718446636509 89.0 87
1718446646571 72.0 88
1718446656592 94.0 89
1718446666612 89.0 90
1718446676632 87.0 91
1718446686655 94.0 92
1718446696677 95.0 93
1718446706698 88.0 94
1718446716721 75.0 95
1718446726743 90.0 96
1718446736766 95.0 97
1718446746788 93.0 98
1718446756811 93.0 99
1718446766839 95.0 100
1718446776864 87.0 101
1718446786887 86.0 102
1718446796913 87.0 103
1718446806937 94.0 104
1718446816961 87.0 105
1718446826985 93.0 106
1718446837010 72.0 107
1718446847033 87.0 108
1718446857054 70.0 109
1718446867078 89.0 110
1718446877101 94.0 111
1718446887126 72.0 112
1718446897150 87.0 113
1718446907179 88.0 114
1718446917203 88.0 115
1718446927227 94.0 116
1718446937248 90.0 117
1718446947318 88.0 118
1718446957342 94.0 119
1718446967366 95.0 120
1718446977394 94.0 121
1718446987420 95.0 122
1718446997447 89.0 123
1718447007519 87.0 124
1718447017601 95.0 125
1718447027626 88.0 126
1718447037704 93.0 127
1718447047728 94.0 128
1718447057806 83.0 129
1718447067844 93.0 130
1718447077869 95.0 131
1718447087893 95.0 132
1718447097976 94.0 133
1718447108002 87.0 134
1718447118032 93.0 135
1718447128058 86.0 136
1718447138083 91.0 137
1718447148108 93.0 138
1718447158136 95.0 139
1718447168160 93.0 140
1718447178185 93.0 141
1718447188212 93.0 142
1718447198237 92.0 143
1718447208261 93.0 144
1718447218286 93.0 145
1718447228364 93.0 146
1718447238387 92.0 147
1718447248411 95.0 148
1718447262728 97.0 149
1718447272754 6.0 150
1718447282794 89.0 151
1718447292888 71.0 152
1718447302915 95.0 153
1718447312940 86.0 154
