1718445756998 0.0 0
1718445767018 0.012330000000019936 1
1718445777042 0.015300999999908527 2
1718445787070 0.020222999999987223 3
1718445797096 0.029581000000007407 4
1718445807118 0.03333100000008926 5
1718445817139 0.036102000000028056 6
1718445827158 0.06000599999993028 7
1718445837178 0.06242999999994936 8
1718445847231 0.06638999999995576 9
1718445857259 0.07533300000000054 10
1718445867285 0.07894400000009227 11
1718445877311 0.08081799999990835 12
1718445887334 0.09214700000006815 13
1718445897377 0.11427800000001298 14
1718445907407 0.11952399999995578 15
1718445917428 0.12600700000007237 16
1718445927449 4.894440000000031 17
1718445937478 4.899321999999984 18
1718445947504 4.922497000000021 19
1718445957529 4.925111000000015 20
1718445967548 4.949573999999984 21
1718445977570 4.966926000000058 22
1718445987598 4.978068000000121 23
1718445997624 4.982457999999951 24
1718446007651 4.999602999999979 25
1718446017669 5.007321999999931 26
1718446027686 5.020868000000064 27
1718446037731 5.028782000000092 28
1718446047760 5.031500999999935 29
1718446057782 5.032911000000013 30
1718446067805 5.045540999999957 31
1718446077829 5.047907000000123 32
1718446087855 5.049064000000044 33
1718446097881 5.0728039999999055 34
1718446107908 5.081437999999935 35
1718446117934 5.089676999999938 36
1718446127962 5.101378000000068 37
1718446137989 5.107510999999931 38
1718446148017 5.108913999999913 39
1718446158089 5.116166000000021 40
1718446168112 5.11844700000006 41
1718446178131 5.126612999999907 42
1718446188153 5.149251999999933 43
1718446198174 5.17158900000004 44
1718446208196 5.1721990000000915 45
1718446218215 5.179783000000043 46
1718446228236 5.182833999999957 47
1718446238262 5.184905000000072 48
1718446248283 5.203531999999996 49
1718446258303 5.20834600000012 50
1718446268346 5.209094999999934 51
1718446278383 5.2199339999999665 52
1718446288411 5.221960000000081 53
1718446298443 5.253052000000025 54
1718446308471 5.269101999999975 55
1718446318494 5.277125000000069 56
1718446328539 5.278035000000045 57
1718446338567 5.285677999999962 58
1718446348613 5.292570999999953 59
1718446358668 5.295849000000089 60
1718446368689 5.3098130000000765 61
1718446378724 5.316317000000026 62
1718446388760 5.321897000000035 63
1718446398794 5.394452000000001 64
1718446408819 5.478378000000021 65
1718446418840 5.479947000000038 66
1718446428876 5.491125000000011 67
1718446438901 5.493621000000076 68
1718446448921 5.494631000000027 69
1718446458943 5.502371999999923 70
1718446468979 5.505347999999913 71
1718446479011 5.506063999999924 72
1718446496165 5.5082219999999325 73
1718446506195 5.520324999999957 74
1718446516220 5.546557000000121 75
1718446526242 5.54753699999992 76
1718446536263 5.561234000000013 77
1718446546310 5.573765999999978 78
1718446556331 5.574830999999904 79
1718446566351 5.580932999999959 80
1718446576374 5.718028000000004 81
1718446586399 5.719080000000076 82
1718446596421 5.774128999999903 83
1718446606442 5.824239000000034 84
1718446616465 5.825076999999965 85
1718446626488 5.82559399999991 86
1718446636509 5.831419000000096 87
1718446646571 5.832423999999946 88
1718446656592 5.839676999999938 89
1718446666612 5.8583249999999225 90
1718446676632 5.8589300000001 91
1718446686655 5.85984099999996 92
1718446696677 5.887077999999974 93
1718446706698 5.89015500000005 94
1718446716721 5.896007999999938 95
1718446726743 5.898593000000119 96
1718446736766 5.8998750000000655 97
1718446746788 5.9004580000000715 98
1718446756811 5.958830999999918 99
1718446766839 5.960152000000107 100
1718446776864 6.036004999999932 101
1718446786887 6.08368100000007 102
1718446796913 6.162054000000126 103
1718446806937 6.186627000000044 104
1718446816961 6.298148000000083 105
1718446826985 6.2992360000000645 106
1718446837010 6.301962000000003 107
1718446847033 6.31260199999997 108
1718446857054 6.320566000000099 109
1718446867078 6.340306000000055 110
1718446877101 6.372626000000082 111
1718446887126 6.373481000000083 112
1718446897150 6.382237999999916 113
1718446907179 6.398584999999912 114
1718446917203 6.399128000000019 115
1718446927227 6.407961999999998 116
1718446937248 6.416829000000007 117
1718446947318 6.417744999999968 118
1718446957342 6.420659000000114 119
1718446967366 6.443424999999934 120
1718446977394 6.4446190000001025 121
1718446987420 6.4453849999999875 122
1718446997447 6.46932599999991 123
1718447007519 6.471209000000044 124
1718447017601 6.477654999999913 125
1718447027626 6.499561000000085 126
1718447037704 6.500262999999904 127
1718447047728 6.501627999999982 128
1718447057806 6.539712000000009 129
1718447067844 6.597058000000061 130
1718447077869 6.611744000000044 131
1718447087893 6.614197000000104 132
1718447097976 6.618220999999949 133
1718447108002 6.6194490000000314 134
1718447118032 6.6533099999999195 135
1718447128058 6.738685000000032 136
1718447138083 6.8033530000000155 137
1718447148108 6.831388999999945 138
1718447158136 6.833139999999958 139
1718447168160 6.856808000000001 140
1718447178185 6.932150999999976 141
1718447188212 6.944349999999986 142
1718447198237 7.009878999999955 143
1718447208261 7.060195999999905 144
1718447218286 7.073836000000028 145
1718447228364 7.085751000000073 146
1718447238387 7.096674000000121 147
1718447248411 7.103851000000077 148
1718447262728 7.105815000000121 149
1718447272754 7.1313279999999395 150
1718447282794 7.13201099999992 151
1718447292888 7.157507000000123 152
1718447302915 7.20592600000009 153
1718447312940 7.225194999999985 154
