1718445756998 0.0 0
1718445767018 0.006307999999997094 1
1718445777042 0.009443999999994901 2
1718445787070 0.013861999999996044 3
1718445797096 0.021833999999998355 4
1718445807118 0.0270930000000007 5
1718445817139 0.035255999999996845 6
1718445827158 0.06745899999999949 7
1718445837178 0.0699029999999965 8
1718445847231 0.07270399999999455 9
1718445857259 0.08048299999999387 10
1718445867285 0.08371799999999752 11
1718445877311 0.09115899999999755 12
1718445887334 0.1052219999999977 13
1718445897377 0.11874299999999494 14
1718445907407 0.12353099999999984 15
1718445917428 0.12991799999999643 16
1718445927449 0.22890499999999747 17
1718445937478 0.23892899999999884 18
1718445947504 0.2525919999999999 19
1718445957529 0.2554699999999954 20
1718445967548 0.2703389999999999 21
1718445977570 0.2881659999999968 22
1718445987598 0.29772299999999774 23
1718445997624 0.30591299999999677 24
1718446007651 0.32784299999999433 25
1718446017669 0.33093900000000076 26
1718446027686 0.34742299999999915 27
1718446037731 0.3552630000000008 28
1718446047760 0.3590599999999995 29
1718446057782 0.36650799999999606 30
1718446067805 0.3803479999999979 31
1718446077829 0.38282899999999387 32
1718446087855 0.3854690000000005 33
1718446097881 0.39646099999999507 34
1718446107908 0.4015059999999977 35
1718446117934 0.41524599999999623 36
1718446127962 0.42083399999999926 37
1718446137989 0.4263289999999955 38
1718446148017 0.427937 39
1718446158089 0.4344830000000002 40
1718446168112 0.43770299999999907 41
1718446178131 0.450885999999997 42
1718446188153 0.48163100000000014 43
1718446198174 0.4955280000000002 44
1718446208196 0.4960519999999988 45
1718446218215 0.503698 46
1718446228236 0.5070349999999948 47
1718446238262 0.5143020000000007 48
1718446248283 0.5359099999999941 49
1718446258303 0.5393169999999969 50
1718446268346 0.5400810000000007 51
1718446278383 0.5501779999999954 52
1718446288411 0.5531579999999963 53
1718446298443 0.5732639999999947 54
1718446308471 0.5825839999999971 55
1718446318494 0.5880599999999987 56
1718446328539 0.5888969999999958 57
1718446338567 0.596788999999994 58
1718446348613 0.608663 59
1718446358668 0.6097569999999948 60
1718446368689 0.6274749999999969 61
1718446378724 0.6364639999999966 62
1718446388760 0.6430159999999958 63
1718446398794 0.6737409999999997 64
1718446408819 0.7560140000000004 65
1718446418840 0.7587049999999991 66
1718446428876 0.7714449999999999 67
1718446438901 0.7741459999999947 68
1718446448921 0.7751359999999963 69
1718446458943 0.7828699999999955 70
1718446468979 0.7912559999999971 71
1718446479011 0.7919920000000005 72
1718446496165 0.7943899999999999 73
1718446506195 0.8005739999999975 74
1718446516220 0.8157789999999991 75
1718446526242 0.8174409999999952 76
1718446536263 0.836273999999996 77
1718446546310 0.8533469999999994 78
1718446556331 0.8542549999999949 79
1718446566351 0.8617579999999947 80
1718446576374 1.003038999999994 81
1718446586399 1.0043620000000004 82
1718446596421 1.0515699999999981 83
1718446606442 1.090209999999999 84
1718446616465 1.0912959999999998 85
1718446626488 1.0917889999999986 86
1718446636509 1.0977499999999978 87
1718446646571 1.0992089999999948 88
1718446656592 1.1122269999999972 89
1718446666612 1.1337569999999957 90
1718446676632 1.1346579999999946 91
1718446686655 1.1354399999999956 92
1718446696677 1.154002999999996 93
1718446706698 1.1568199999999962 94
1718446716721 1.167380999999999 95
1718446726743 1.170339999999996 96
1718446736766 1.1717379999999977 97
1718446746788 1.1723169999999996 98
1718446756811 1.1893460000000005 99
1718446766839 1.1914329999999964 100
1718446776864 1.2430219999999963 101
1718446786887 1.271300999999994 102
1718446796913 1.3249149999999972 103
1718446806937 1.338674999999995 104
1718446816961 1.359064999999994 105
1718446826985 1.360406999999995 106
1718446837010 1.3684869999999947 107
1718446847033 1.3830309999999955 108
1718446857054 1.3911259999999999 109
1718446867078 1.4052469999999957 110
1718446877101 1.4250609999999995 111
1718446887126 1.4268709999999984 112
1718446897150 1.440452999999998 113
1718446907179 1.4603909999999942 114
1718446917203 1.4611209999999986 115
1718446927227 1.4655739999999966 116
1718446937248 1.473939999999999 117
1718446947318 1.475121999999999 118
1718446957342 1.4834599999999938 119
1718446967366 1.5031589999999966 120
1718446977394 1.5045169999999999 121
1718446987420 1.5052729999999954 122
1718446997447 1.5203729999999993 123
1718447007519 1.5232509999999948 124
1718447017601 1.5330709999999996 125
1718447027626 1.555271999999995 126
1718447037704 1.5560319999999948 127
1718447047728 1.5569289999999967 128
1718447057806 1.582975999999995 129
1718447067844 1.6269999999999953 130
1718447077869 1.6456029999999942 131
1718447087893 1.6482489999999999 132
1718447097976 1.653661999999997 133
1718447108002 1.6550359999999955 134
1718447118032 1.689003999999997 135
1718447128058 1.708675999999997 136
1718447138083 1.7369020000000006 137
1718447148108 1.7604339999999965 138
1718447158136 1.762248999999997 139
1718447168160 1.7815189999999959 140
1718447178185 1.825146999999994 141
1718447188212 1.8993189999999984 142
1718447198237 1.9241639999999975 143
1718447208261 1.9885029999999944 144
1718447218286 2.001546999999995 145
1718447228364 2.021875999999999 146
1718447238387 2.0319789999999998 147
1718447248411 2.0407969999999978 148
1718447262728 2.0488229999999987 149
1718447272754 2.0717889999999954 150
1718447282794 2.0725649999999973 151
1718447292888 2.091134999999994 152
1718447302915 2.125147999999996 153
1718447312940 2.1433800000000005 154
