1718445756998 32.5 0
1718445767018 36.3 1
1718445777042 36.4 2
1718445787070 36.4 3
1718445797096 36.4 4
1718445807118 36.4 5
1718445817139 36.4 6
1718445827158 36.6 7
1718445837178 36.5 8
1718445847231 36.5 9
1718445857259 36.5 10
1718445867285 36.5 11
1718445877311 36.5 12
1718445887334 36.5 13
1718445897377 36.6 14
1718445907407 36.5 15
1718445917428 36.6 16
1718445927449 36.9 17
1718445937478 36.5 18
1718445947504 36.6 19
1718445957529 36.6 20
1718445967548 36.6 21
1718445977570 36.6 22
1718445987598 36.6 23
1718445997624 36.6 24
1718446007651 36.6 25
1718446017669 36.7 26
1718446027686 36.7 27
1718446037731 36.6 28
1718446047760 36.6 29
1718446057782 36.5 30
1718446067805 36.6 31
1718446077829 36.6 32
1718446087855 36.7 33
1718446097881 36.6 34
1718446107908 36.6 35
1718446117934 36.6 36
1718446127962 36.6 37
1718446137989 36.6 38
1718446148017 36.7 39
1718446158089 36.6 40
1718446168112 36.6 41
1718446178131 36.5 42
1718446188153 36.7 43
1718446198174 36.6 44
1718446208196 36.6 45
1718446218215 36.5 46
1718446228236 36.5 47
1718446238262 36.5 48
1718446248283 36.6 49
1718446258303 36.6 50
1718446268346 36.6 51
1718446278383 36.7 52
1718446288411 36.7 53
1718446298443 36.5 54
1718446308471 36.6 55
1718446318494 36.6 56
1718446328539 36.7 57
1718446338567 36.5 58
1718446348613 36.5 59
1718446358668 36.5 60
1718446368689 36.7 61
1718446378724 36.7 62
1718446388760 36.7 63
1718446398794 37.1 64
1718446408819 37.2 65
1718446418840 37.2 66
1718446428876 37.3 67
1718446438901 37.0 68
1718446448921 37.0 69
1718446458943 37.1 70
1718446468979 37.0 71
1718446479011 36.9 72
1718446496165 37.1 73
1718446506195 43.0 74
1718446516220 43.0 75
1718446526242 43.0 76
1718446536263 43.0 77
1718446546310 43.1 78
1718446556331 43.1 79
1718446566351 43.1 80
1718446576374 43.3 81
1718446586399 43.1 82
1718446596421 43.7 83
1718446606442 43.7 84
1718446616465 43.5 85
1718446626488 43.0 86
1718446636509 43.0 87
1718446646571 43.0 88
1718446656592 43.0 89
1718446666612 43.1 90
1718446676632 43.0 91
1718446686655 43.0 92
1718446696677 43.0 93
1718446706698 43.0 94
1718446716721 43.1 95
1718446726743 43.2 96
1718446736766 43.2 97
1718446746788 43.4 98
1718446756811 43.3 99
1718446766839 43.2 100
1718446776864 43.3 101
1718446786887 43.4 102
1718446796913 43.5 103
1718446806937 43.4 104
1718446816961 43.4 105
1718446826985 43.2 106
1718446837010 43.2 107
1718446847033 43.3 108
1718446857054 43.3 109
1718446867078 43.4 110
1718446877101 43.5 111
1718446887126 43.2 112
1718446897150 43.4 113
1718446907179 43.2 114
1718446917203 43.2 115
1718446927227 43.3 116
1718446937248 43.3 117
1718446947318 43.3 118
1718446957342 43.2 119
1718446967366 43.3 120
1718446977394 43.3 121
1718446987420 43.3 122
1718446997447 43.2 123
1718447007519 43.2 124
1718447017601 43.2 125
1718447027626 43.2 126
1718447037704 43.3 127
1718447047728 43.3 128
1718447057806 43.4 129
1718447067844 43.5 130
1718447077869 43.7 131
1718447087893 43.7 132
1718447097976 43.7 133
1718447108002 43.7 134
1718447118032 43.8 135
1718447128058 44.1 136
1718447138083 43.4 137
1718447148108 43.4 138
1718447158136 43.4 139
1718447168160 43.8 140
1718447178185 44.3 141
1718447188212 43.5 142
1718447198237 43.5 143
1718447208261 43.7 144
1718447218286 43.9 145
1718447228364 43.7 146
1718447238387 43.5 147
1718447248411 43.6 148
1718447262728 43.5 149
1718447272754 43.6 150
1718447282794 43.6 151
1718447292888 43.6 152
1718447302915 43.5 153
1718447312940 43.5 154
