1718445756998 10913.6 0
1718445767018 12176.3 1
1718445777042 12199.9 2
1718445787070 12217.4 3
1718445797096 12208.9 4
1718445807118 12223.1 5
1718445817139 12219.9 6
1718445827158 12270.0 7
1718445837178 12239.7 8
1718445847231 12240.2 9
1718445857259 12229.6 10
1718445867285 12234.4 11
1718445877311 12231.7 12
1718445887334 12253.6 13
1718445897377 12264.0 14
1718445907407 12249.0 15
1718445917428 12270.6 16
1718445927449 12359.7 17
1718445937478 12251.0 18
1718445947504 12260.5 19
1718445957529 12278.6 20
1718445967548 12274.3 21
1718445977570 12261.3 22
1718445987598 12272.4 23
1718445997624 12262.7 24
1718446007651 12272.6 25
1718446017669 12292.3 26
1718446027686 12291.7 27
1718446037731 12267.7 28
1718446047760 12266.6 29
1718446057782 12254.8 30
1718446067805 12281.5 31
1718446077829 12271.3 32
1718446087855 12293.3 33
1718446097881 12275.2 34
1718446107908 12281.5 35
1718446117934 12263.0 36
1718446127962 12284.0 37
1718446137989 12284.3 38
1718446148017 12312.7 39
1718446158089 12268.9 40
1718446168112 12263.0 41
1718446178131 12254.6 42
1718446188153 12294.3 43
1718446198174 12285.1 44
1718446208196 12289.0 45
1718446218215 12251.8 46
1718446228236 12251.0 47
1718446238262 12249.2 48
1718446248283 12262.3 49
1718446258303 12275.2 50
1718446268346 12280.5 51
1718446278383 12301.9 52
1718446288411 12295.7 53
1718446298443 12251.2 54
1718446308471 12273.8 55
1718446318494 12267.4 56
1718446328539 12322.1 57
1718446338567 12240.7 58
1718446348613 12244.1 59
1718446358668 12242.9 60
1718446368689 12291.4 61
1718446378724 12296.1 62
1718446388760 12322.8 63
1718446398794 12454.5 64
1718446408819 12474.6 65
1718446418840 12473.9 66
1718446428876 12497.4 67
1718446438901 12413.8 68
1718446448921 12406.7 69
1718446458943 12428.7 70
1718446468979 12406.4 71
1718446479011 12390.2 72
1718446496165 12432.7 73
1718446506195 14408.8 74
1718446516220 14414.3 75
1718446526242 14417.9 76
1718446536263 14432.6 77
1718446546310 14447.4 78
1718446556331 14450.6 79
1718446566351 14446.9 80
1718446576374 14532.9 81
1718446586399 14470.3 82
1718446596421 14664.2 83
1718446606442 14656.5 84
1718446616465 14579.2 85
1718446626488 14415.8 86
1718446636509 14427.8 87
1718446646571 14410.3 88
1718446656592 14409.6 89
1718446666612 14439.4 90
1718446676632 14432.4 91
1718446686655 14426.1 92
1718446696677 14413.4 93
1718446706698 14417.9 94
1718446716721 14463.1 95
1718446726743 14497.2 96
1718446736766 14489.5 97
1718446746788 14549.9 98
1718446756811 14507.8 99
1718446766839 14502.2 100
1718446776864 14534.4 101
1718446786887 14560.3 102
1718446796913 14586.1 103
1718446806937 14538.8 104
1718446816961 14557.6 105
1718446826985 14493.4 106
1718446837010 14493.8 107
1718446847033 14517.4 108
1718446857054 14527.0 109
1718446867078 14539.9 110
1718446877101 14575.0 111
1718446887126 14504.5 112
1718446897150 14542.0 113
1718446907179 14501.1 114
1718446917203 14500.4 115
1718446927227 14535.4 116
1718446937248 14509.6 117
1718446947318 14509.9 118
1718446957342 14500.5 119
1718446967366 14522.7 120
1718446977394 14521.1 121
1718446987420 14514.0 122
1718446997447 14502.1 123
1718447007519 14486.0 124
1718447017601 14484.7 125
1718447027626 14500.8 126
1718447037704 14506.2 127
1718447047728 14508.5 128
1718447057806 14549.4 129
1718447067844 14574.1 130
1718447077869 14638.9 131
1718447087893 14645.1 132
1718447097976 14641.0 133
1718447108002 14640.2 134
1718447118032 14686.3 135
1718447128058 14795.3 136
1718447138083 14542.4 137
1718447148108 14554.9 138
1718447158136 14544.9 139
1718447168160 14698.3 140
1718447178185 14840.4 141
1718447188212 14586.9 142
1718447198237 14603.8 143
1718447208261 14650.0 144
1718447218286 14727.2 145
1718447228364 14648.2 146
1718447238387 14589.6 147
1718447248411 14624.1 148
1718447262728 14593.8 149
1718447272754 14616.7 150
1718447282794 14608.7 151
1718447292888 14618.4 152
1718447302915 14599.1 153
1718447312940 14597.1 154
