1718199052016 0.0 0
1718199062042 8.5 1
1718199072067 6.3 2
1718199082092 6.0 3
1718199092114 6.1 4
1718199102140 6.2 5
1718199112164 6.3 6
1718199122192 6.2 7
1718199132220 6.4 8
1718199142262 6.3 9
1718199152290 6.3 10
1718199162315 6.0 11
1718199172356 5.9 12
1718199182391 6.2 13
1718199192412 6.1 14
1718199202431 6.2 15
1718199212458 6.2 16
1718199222482 6.2 17
1718199232503 6.2 18
1718199242528 6.2 19
1718199252554 6.2 20
1718199262579 6.0 21
1718199272600 6.2 22
1718199282620 6.1 23
1718199292639 6.2 24
1718199302658 6.1 25
1718199312676 6.2 26
1718199322703 6.3 27
1718199332740 6.1 28
1718199342768 6.4 29
1718199352790 6.2 30
1718199362808 6.5 31
1718199372833 6.1 32
1718199382857 6.2 33
1718199392904 6.4 34
1718199402923 6.2 35
1718199412942 6.2 36
1718199422961 6.4 37
1718199432980 6.6 38
1718199443000 6.3 39
1718199453019 6.1 40
1718199463041 6.4 41
1718199473062 6.0 42
1718199483082 6.3 43
1718199493102 6.1 44
1718199503120 6.2 45
1718199513140 6.2 46
1718199523160 6.2 47
1718199533180 6.4 48
1718199543197 6.3 49
1718199553217 6.3 50
1718199563238 6.0 51
1718199573259 6.2 52
1718199583280 6.2 53
1718199593302 6.1 54
1718199603321 6.2 55
1718199613341 6.2 56
1718199623362 6.2 57
