1718199052016 382325.2 0
1718199062042 382324.4 1
1718199072067 382324.4 2
1718199082092 382324.4 3
1718199092114 382324.4 4
1718199102140 382324.4 5
1718199112164 382324.4 6
1718199122192 382324.4 7
1718199132220 382324.4 8
1718199142262 382324.4 9
1718199152290 382324.4 10
1718199162315 382324.4 11
1718199172356 382324.4 12
1718199182391 382324.4 13
1718199192412 382324.4 14
1718199202431 382324.4 15
1718199212458 382324.4 16
1718199222482 382324.4 17
1718199232503 382324.4 18
1718199242528 382324.4 19
1718199252554 382324.4 20
1718199262579 382324.4 21
1718199272600 382324.4 22
1718199282620 382324.4 23
1718199292639 382324.4 24
1718199302658 382324.4 25
1718199312676 382324.4 26
1718199322703 382324.4 27
1718199332740 382324.4 28
1718199342768 382324.4 29
1718199352790 382324.4 30
1718199362808 382324.4 31
1718199372833 382324.4 32
1718199382857 382324.4 33
1718199392904 382324.4 34
1718199402923 382324.4 35
1718199412942 382324.4 36
1718199422961 382324.4 37
1718199432980 382324.4 38
1718199443000 382324.4 39
1718199453019 382324.4 40
1718199463041 382324.4 41
1718199473062 382324.4 42
1718199483082 382324.4 43
1718199493102 382324.4 44
1718199503120 382324.4 45
1718199513140 382324.4 46
1718199523160 382324.4 47
1718199533180 382324.4 48
1718199543197 382324.4 49
1718199553217 382324.4 50
1718199563238 382324.4 51
1718199573259 382324.4 52
1718199583280 382324.4 53
1718199593302 382324.4 54
1718199603321 382324.4 55
1718199613341 382324.4 56
1718199623362 382324.4 57
