1718199052016 59.0 0
1718199062042 59.0 1
1718199072067 59.0 2
1718199082092 59.0 3
1718199092114 59.0 4
1718199102140 59.0 5
1718199112164 59.0 6
1718199122192 59.0 7
1718199132220 59.0 8
1718199142262 59.0 9
1718199152290 59.0 10
1718199162315 59.0 11
1718199172356 59.0 12
1718199182391 59.0 13
1718199192412 59.0 14
1718199202431 59.0 15
1718199212458 59.0 16
1718199222482 59.0 17
1718199232503 59.0 18
1718199242528 59.0 19
1718199252554 59.0 20
1718199262579 59.0 21
1718199272600 59.0 22
1718199282620 59.0 23
1718199292639 59.0 24
1718199302658 59.0 25
1718199312676 59.0 26
1718199322703 59.0 27
1718199332740 59.0 28
1718199342768 59.0 29
1718199352790 59.0 30
1718199362808 59.0 31
1718199372833 59.0 32
1718199382857 59.0 33
1718199392904 59.0 34
1718199402923 59.0 35
1718199412942 59.0 36
1718199422961 59.0 37
1718199432980 59.0 38
1718199443000 59.0 39
1718199453019 59.0 40
1718199463041 59.0 41
1718199473062 59.0 42
1718199483082 59.0 43
1718199493102 59.0 44
1718199503120 59.0 45
1718199513140 59.0 46
1718199523160 59.0 47
1718199533180 59.0 48
1718199543197 59.0 49
1718199553217 59.0 50
1718199563238 59.0 51
1718199573259 59.0 52
1718199583280 59.0 53
1718199593302 59.0 54
1718199603321 59.0 55
1718199613341 59.0 56
1718199623362 59.0 57
