1718199052016 550495.6 0
1718199062042 550496.4 1
1718199072067 550496.4 2
1718199082092 550496.4 3
1718199092114 550496.4 4
1718199102140 550496.4 5
1718199112164 550496.4 6
1718199122192 550496.4 7
1718199132220 550496.4 8
1718199142262 550496.4 9
1718199152290 550496.4 10
1718199162315 550496.4 11
1718199172356 550496.4 12
1718199182391 550496.4 13
1718199192412 550496.4 14
1718199202431 550496.4 15
1718199212458 550496.4 16
1718199222482 550496.4 17
1718199232503 550496.4 18
1718199242528 550496.4 19
1718199252554 550496.4 20
1718199262579 550496.4 21
1718199272600 550496.4 22
1718199282620 550496.4 23
1718199292639 550496.4 24
1718199302658 550496.4 25
1718199312676 550496.4 26
1718199322703 550496.4 27
1718199332740 550496.4 28
1718199342768 550496.4 29
1718199352790 550496.4 30
1718199362808 550496.4 31
1718199372833 550496.4 32
1718199382857 550496.4 33
1718199392904 550496.4 34
1718199402923 550496.4 35
1718199412942 550496.4 36
1718199422961 550496.4 37
1718199432980 550496.4 38
1718199443000 550496.4 39
1718199453019 550496.4 40
1718199463041 550496.4 41
1718199473062 550496.4 42
1718199483082 550496.4 43
1718199493102 550496.4 44
1718199503120 550496.4 45
1718199513140 550496.4 46
1718199523160 550496.4 47
1718199533180 550496.4 48
1718199543197 550496.4 49
1718199553217 550496.4 50
1718199563238 550496.4 51
1718199573259 550496.4 52
1718199583280 550496.4 53
1718199593302 550496.4 54
1718199603321 550496.4 55
1718199613341 550496.4 56
1718199623362 550496.4 57
