1718199052016 7263.9 0
1718199062042 9235.1 1
1718199072067 9654.5 2
1718199082092 9654.5 3
1718199092114 9654.5 4
1718199102140 9654.5 5
1718199112164 9654.5 6
1718199122192 9654.5 7
1718199132220 9654.5 8
1718199142262 9654.5 9
1718199152290 9654.5 10
1718199162315 9654.5 11
1718199172356 9654.5 12
1718199182391 9662.9 13
1718199192412 9662.9 14
1718199202431 9662.9 15
1718199212458 9662.9 16
1718199222482 9662.9 17
1718199232503 9662.9 18
1718199242528 9662.9 19
1718199252554 9662.9 20
1718199262579 9662.9 21
1718199272600 9662.9 22
1718199282620 9662.9 23
1718199292639 9688.0 24
1718199302658 9688.0 25
1718199312676 9688.0 26
1718199322703 9688.0 27
1718199332740 9688.0 28
1718199342768 9688.0 29
1718199352790 9688.0 30
1718199362808 9688.0 31
1718199372833 9688.0 32
1718199382857 9688.0 33
1718199392904 9688.0 34
1718199402923 9688.0 35
1718199412942 9696.4 36
1718199422961 9696.4 37
1718199432980 9696.4 38
1718199443000 9696.4 39
1718199453019 9696.4 40
1718199463041 9696.4 41
1718199473062 9696.4 42
1718199483082 9696.4 43
1718199493102 9696.4 44
1718199503120 9696.4 45
1718199513140 9696.4 46
1718199523160 9696.4 47
1718199533180 9696.4 48
1718199543197 9696.4 49
1718199553217 9696.4 50
1718199563238 9696.4 51
1718199573259 9696.4 52
1718199583280 9696.4 53
1718199593302 9696.4 54
1718199603321 9696.4 55
1718199613341 9696.4 56
1718199623362 9696.4 57
