1718199052016 56.4 0
1718199062042 71.7 1
1718199072067 74.9 2
1718199082092 74.9 3
1718199092114 74.9 4
1718199102140 74.9 5
1718199112164 74.9 6
1718199122192 74.9 7
1718199132220 74.9 8
1718199142262 74.9 9
1718199152290 74.9 10
1718199162315 74.9 11
1718199172356 74.9 12
1718199182391 75.0 13
1718199192412 75.0 14
1718199202431 75.0 15
1718199212458 75.0 16
1718199222482 75.0 17
1718199232503 75.0 18
1718199242528 75.0 19
1718199252554 75.0 20
1718199262579 75.0 21
1718199272600 75.0 22
1718199282620 75.0 23
1718199292639 75.2 24
1718199302658 75.2 25
1718199312676 75.2 26
1718199322703 75.2 27
1718199332740 75.2 28
1718199342768 75.2 29
1718199352790 75.2 30
1718199362808 75.2 31
1718199372833 75.2 32
1718199382857 75.2 33
1718199392904 75.2 34
1718199402923 75.2 35
1718199412942 75.3 36
1718199422961 75.3 37
1718199432980 75.3 38
1718199443000 75.3 39
1718199453019 75.3 40
1718199463041 75.3 41
1718199473062 75.3 42
1718199483082 75.3 43
1718199493102 75.3 44
1718199503120 75.3 45
1718199513140 75.3 46
1718199523160 75.3 47
1718199533180 75.3 48
1718199543197 75.3 49
1718199553217 75.3 50
1718199563238 75.3 51
1718199573259 75.3 52
1718199583280 75.3 53
1718199593302 75.3 54
1718199603321 75.3 55
1718199613341 75.3 56
1718199623362 75.3 57
