1718199052016 10.0 0
1718199062042 97.0 1
1718199072067 97.0 2
1718199082092 97.0 3
1718199092114 76.0 4
1718199102140 98.0 5
1718199112164 96.0 6
1718199122192 81.0 7
1718199132220 91.0 8
1718199142262 97.0 9
1718199152290 97.0 10
1718199162315 98.0 11
1718199172356 91.0 12
1718199182391 96.0 13
1718199192412 96.0 14
1718199202431 96.0 15
1718199212458 92.0 16
1718199222482 74.0 17
1718199232503 90.0 18
1718199242528 97.0 19
1718199252554 95.0 20
1718199262579 92.0 21
1718199272600 97.0 22
1718199282620 76.0 23
1718199292639 91.0 24
1718199302658 91.0 25
1718199312676 79.0 26
1718199322703 96.0 27
1718199332740 96.0 28
1718199342768 97.0 29
1718199352790 97.0 30
1718199362808 92.0 31
1718199372833 98.0 32
1718199382857 96.0 33
1718199392904 96.0 34
1718199402923 95.0 35
1718199412942 97.0 36
1718199422961 97.0 37
1718199432980 97.0 38
1718199443000 97.0 39
1718199453019 92.0 40
1718199463041 97.0 41
1718199473062 98.0 42
1718199483082 97.0 43
1718199493102 97.0 44
1718199503120 75.0 45
1718199513140 97.0 46
1718199523160 93.0 47
1718199533180 75.0 48
1718199543197 90.0 49
1718199553217 97.0 50
1718199563238 81.0 51
1718199573259 91.0 52
1718199583280 90.0 53
1718199593302 96.0 54
1718199603321 98.0 55
1718199613341 95.0 56
1718199623362 97.0 57
