1718199052016 0.0 0
1718199062042 0.0 1
1718199072067 0.031296999999540276 2
1718199082092 0.031296999999540276 3
1718199092114 0.03152899999986403 4
1718199102140 0.031628999999156804 5
1718199112164 0.031628999999156804 6
1718199122192 0.03188699999918754 7
1718199132220 0.03681999999935215 8
1718199142262 0.03681999999935215 9
1718199152290 0.03681999999935215 10
1718199162315 0.03695199999856413 11
1718199172356 0.03707799999938288 12
1718199182391 0.037197999999989406 13
1718199192412 0.04138199999943026 14
1718199202431 0.041567999998733285 15
1718199212458 0.04162799999903655 16
1718199222482 0.04162799999903655 17
1718199232503 0.04172800000014831 18
1718199242528 0.04172800000014831 19
1718199252554 0.04597199999989243 20
1718199262579 0.04597199999989243 21
1718199272600 0.046200999999200576 22
1718199282620 0.04626099999950384 23
1718199292639 0.04641699999956472 24
1718199302658 0.04641699999956472 25
1718199312676 0.05060099999900558 26
1718199322703 0.05060099999900558 27
1718199332740 0.10212599999977101 28
1718199342768 0.13373200000023644 29
1718199352790 0.13383199999952922 30
1718199362808 0.13383199999952922 31
1718199372833 0.1634569999987434 32
1718199382857 0.18366400000013527 33
1718199392904 0.18984499999896798 34
1718199402923 0.19023199999901408 35
1718199412942 0.19055300000036368 36
1718199422961 0.19074499999987893 37
1718199432980 0.1956819999995787 38
1718199443000 0.195981999999276 39
1718199453019 0.195981999999276 40
1718199463041 0.1960479999997915 41
1718199473062 0.19617399999879126 42
1718199483082 0.19622399999934714 43
1718199493102 0.200407999998788 44
1718199503120 0.20085499999913736 45
1718199513140 0.20091499999944062 46
1718199523160 0.20091499999944062 47
1718199533180 0.20091499999944062 48
1718199543197 0.20091499999944062 49
1718199553217 0.20515899999918474 50
1718199563238 0.20515899999918474 51
1718199573259 0.20524899999873014 52
1718199583280 0.20524899999873014 53
1718199593302 0.20524899999873014 54
1718199603321 0.20540900000014517 55
1718199613341 0.20959299999958603 56
1718199623362 0.20959299999958603 57
