1718199052016 0.0 0
1718199062042 0.0 1
1718199072067 0.0157069999999635 2
1718199082092 0.015792999999973745 3
1718199092114 0.01611099999996668 4
1718199102140 0.016270999999960623 5
1718199112164 0.016270999999960623 6
1718199122192 0.01659100000000535 7
1718199132220 0.021505999999988035 8
1718199142262 0.021505999999988035 9
1718199152290 0.021505999999988035 10
1718199162315 0.021763999999961925 11
1718199172356 0.02182599999997592 12
1718199182391 0.02182599999997592 13
1718199192412 0.02600999999998521 14
1718199202431 0.026095999999995456 15
1718199212458 0.02615800000000945 16
1718199222482 0.02615800000000945 17
1718199232503 0.02623199999999315 18
1718199242528 0.02623199999999315 19
1718199252554 0.030563999999969838 20
1718199262579 0.030563999999969838 21
1718199272600 0.03080899999997655 22
1718199282620 0.030870999999990545 23
1718199292639 0.031128999999964435 24
1718199302658 0.031128999999964435 25
1718199312676 0.035312999999973727 26
1718199322703 0.035312999999973727 27
1718199332740 0.05469399999998359 28
1718199342768 0.06924900000001344 29
1718199352790 0.06932299999999714 30
1718199362808 0.06932299999999714 31
1718199372833 0.08788999999995895 32
1718199382857 0.10964300000000549 33
1718199392904 0.1134309999999914 34
1718199402923 0.11410100000000511 35
1718199412942 0.11450099999996155 36
1718199422961 0.11473499999999603 37
1718199432980 0.11964999999997872 38
1718199443000 0.11971199999999271 39
1718199453019 0.11971199999999271 40
1718199463041 0.11979800000000296 41
1718199473062 0.11994599999997035 42
1718199483082 0.1200200000000109 43
1718199493102 0.12420399999996334 44
1718199503120 0.12477599999999711 45
1718199513140 0.1248380000000111 46
1718199523160 0.1248380000000111 47
1718199533180 0.1248380000000111 48
1718199543197 0.1248380000000111 49
1718199553217 0.1291699999999878 50
1718199563238 0.1291699999999878 51
1718199573259 0.1292799999999943 52
1718199583280 0.1292799999999943 53
1718199593302 0.12936600000000453 54
1718199603321 0.12942799999996168 55
1718199613341 0.13368600000001152 56
1718199623362 0.13368600000001152 57
