1718199052016 20.3 0
1718199062042 24.1 1
1718199072067 24.2 2
1718199082092 24.2 3
1718199092114 24.2 4
1718199102140 24.2 5
1718199112164 24.2 6
1718199122192 24.2 7
1718199132220 24.2 8
1718199142262 24.2 9
1718199152290 24.2 10
1718199162315 24.2 11
1718199172356 24.3 12
1718199182391 24.2 13
1718199192412 24.2 14
1718199202431 24.2 15
1718199212458 24.2 16
1718199222482 24.2 17
1718199232503 24.2 18
1718199242528 24.2 19
1718199252554 24.2 20
1718199262579 24.2 21
1718199272600 24.2 22
1718199282620 24.2 23
1718199292639 24.3 24
1718199302658 24.3 25
1718199312676 24.3 26
1718199322703 24.3 27
1718199332740 24.3 28
1718199342768 24.3 29
1718199352790 24.3 30
1718199362808 24.3 31
1718199372833 24.3 32
1718199382857 24.3 33
1718199392904 24.3 34
1718199402923 24.3 35
1718199412942 24.3 36
1718199422961 24.3 37
1718199432980 24.3 38
1718199443000 24.2 39
1718199453019 24.3 40
1718199463041 24.3 41
1718199473062 24.3 42
1718199483082 24.3 43
1718199493102 24.3 44
1718199503120 24.3 45
1718199513140 24.3 46
1718199523160 24.3 47
1718199533180 24.3 48
1718199543197 24.3 49
1718199553217 24.3 50
1718199563238 24.3 51
1718199573259 24.3 52
1718199583280 24.3 53
1718199593302 24.3 54
1718199603321 24.3 55
1718199613341 24.3 56
1718199623362 24.3 57
