1718199052016 6821.4 0
1718199062042 8084.9 1
1718199072067 8110.2 2
1718199082092 8120.9 3
1718199092114 8114.3 4
1718199102140 8118.8 5
1718199112164 8123.2 6
1718199122192 8118.6 7
1718199132220 8128.1 8
1718199142262 8122.9 9
1718199152290 8124.1 10
1718199162315 8122.2 11
1718199172356 8136.7 12
1718199182391 8123.1 13
1718199192412 8117.4 14
1718199202431 8123.7 15
1718199212458 8121.0 16
1718199222482 8125.0 17
1718199232503 8127.9 18
1718199242528 8121.3 19
1718199252554 8127.0 20
1718199262579 8123.4 21
1718199272600 8127.1 22
1718199282620 8125.3 23
1718199292639 8150.7 24
1718199302658 8152.0 25
1718199312676 8142.1 26
1718199322703 8151.6 27
1718199332740 8154.8 28
1718199342768 8152.5 29
1718199352790 8156.5 30
1718199362808 8149.8 31
1718199372833 8147.0 32
1718199382857 8141.0 33
1718199392904 8144.4 34
1718199402923 8152.5 35
1718199412942 8151.3 36
1718199422961 8152.8 37
1718199432980 8144.3 38
1718199443000 8129.1 39
1718199453019 8149.1 40
1718199463041 8156.7 41
1718199473062 8146.6 42
1718199483082 8153.4 43
1718199493102 8151.1 44
1718199503120 8144.3 45
1718199513140 8150.6 46
1718199523160 8156.5 47
1718199533180 8154.9 48
1718199543197 8154.2 49
1718199553217 8151.5 50
1718199563238 8150.0 51
1718199573259 8149.3 52
1718199583280 8153.2 53
1718199593302 8162.8 54
1718199603321 8153.0 55
1718199613341 8153.7 56
1718199623362 8157.4 57
