1718219894028 0.0 0
1718219904047 13.8 1
1718219914066 11.9 2
1718219924088 8.5 3
1718219934107 10.3 4
1718219944128 13.0 5
1718219954153 9.9 6
1718219964186 9.9 7
1718219974212 10.0 8
1718219984246 12.3 9
1718219994286 10.3 10
1718220004312 9.4 11
1718220014340 8.6 12
1718220024360 8.9 13
1718220034392 10.3 14
1718220044422 9.2 15
1718220054448 8.5 16
1718220064473 16.7 17
1718220074501 15.3 18
1718220084525 14.7 19
1718220094559 12.1 20
1718220104591 11.1 21
1718220114612 10.5 22
1718220124638 9.9 23
1718220134669 10.8 24
1718220144690 11.2 25
1718220154717 11.5 26
1718220164736 10.4 27
1718220174765 12.2 28
1718220184788 10.3 29
1718220194810 10.6 30
1718220204831 10.5 31
1718220214856 10.4 32
1718220224880 9.2 33
1718220234906 9.8 34
1718220244928 11.0 35
1718220254950 11.5 36
1718220264978 10.9 37
1718220275009 11.1 38
1718220285038 12.3 39
1718220295061 11.1 40
1718220305085 13.8 41
1718220315108 13.7 42
1718220325143 12.8 43
1718220335172 12.5 44
1718220345196 11.4 45
1718220355221 11.9 46
1718220365242 13.8 47
1718220375261 12.9 48
1718220385282 12.7 49
1718220395312 11.8 50
1718220405351 12.4 51
1718220415381 11.3 52
1718220425401 13.9 53
1718220435423 13.9 54
1718220445446 13.4 55
1718220455473 13.9 56
1718220465498 13.5 57
1718220475530 13.2 58
1718220485553 13.1 59
1718220495580 12.8 60
1718220505612 12.4 61
1718220515638 8.9 62
1718220525669 8.5 63
1718220535725 8.2 64
1718220545755 6.7 65
1718220555787 8.0 66
1718220565815 8.1 67
1718220575844 7.3 68
1718220585882 7.6 69
1718220595907 9.2 70
1718220605931 7.9 71
1718220615952 12.3 72
1718220625972 11.0 73
1718220635996 8.0 74
1718220646033 12.0 75
1718220656057 8.7 76
1718220666079 8.7 77
1718220676103 8.3 78
1718220686386 7.8 79
1718220696439 8.6 80
1718220706471 9.5 81
1718220716494 11.4 82
1718220726536 9.5 83
1718220736585 8.3 84
1718220746608 8.8 85
1718220756637 8.4 86
1718220766671 9.2 87
1718220776696 8.5 88
1718220786727 8.4 89
1718220796754 9.3 90
1718220806786 9.1 91
1718220816821 9.9 92
1718220826846 9.3 93
1718220836879 9.8 94
1718220846914 10.4 95
1718220856939 9.8 96
1718220866961 13.2 97
1718220876992 11.0 98
1718220887024 8.4 99
1718220897055 8.7 100
1718220907086 8.8 101
1718220917151 8.0 102
1718220927180 7.9 103
1718220937211 10.8 104
1718220947236 11.8 105
1718220957262 10.9 106
1718220967295 12.6 107
1718220977320 13.2 108
1718220987358 12.2 109
1718220997383 12.1 110
1718221007466 12.2 111
1718221017501 8.6 112
1718221027537 9.4 113
1718221037585 8.2 114
1718221047622 8.0 115
1718221057655 8.2 116
1718221067688 8.7 117
1718221077760 13.3 118
1718221087841 10.3 119
1718221097874 9.7 120
1718221107912 9.6 121
1718221117987 10.1 122
1718221128023 11.1 123
1718221138055 10.5 124
1718221148151 10.3 125
1718221158175 9.8 126
1718221168202 13.1 127
1718221178250 11.0 128
1718221188280 9.1 129
1718221198316 8.8 130
1718221208349 9.8 131
1718221218381 9.4 132
1718221228413 8.8 133
1718221238498 9.5 134
1718221248519 8.9 135
1718221258543 8.3 136
1718221268567 8.4 137
1718221278591 9.1 138
1718221288633 9.5 139
1718221298660 9.7 140
1718221308694 7.6 141
1718221318737 6.6 142
1718221328766 6.9 143
1718221338798 7.8 144
1718221348827 7.5 145
1718221358853 9.1 146
1718221368884 9.0 147
1718221378911 8.4 148
1718221388935 7.7 149
1718221398967 9.3 150
1718221408991 8.5 151
1718221419015 9.4 152
1718221429042 9.2 153
1718221439072 9.0 154
1718221449103 8.6 155
1718221459131 10.9 156
1718221469155 13.9 157
1718221479180 12.0 158
1718221489205 14.0 159
1718221499241 12.8 160
1718221509275 12.9 161
1718221519306 16.1 162
1718221529334 16.3 163
1718221539374 9.8 164
1718221549438 11.5 165
1718221559479 9.5 166
1718221569522 8.5 167
1718221579559 8.4 168
1718221589590 8.1 169
1718221599621 8.3 170
1718221609649 7.8 171
1718221619676 8.8 172
1718221629724 7.6 173
1718221639759 7.8 174
1718221649849 7.5 175
1718221659879 9.9 176
1718221669902 12.5 177
1718221679931 9.2 178
1718221689956 9.2 179
1718221700031 9.4 180
1718221710056 11.4 181
1718221720080 9.2 182
1718221730110 10.3 183
1718221740147 10.6 184
1718221750172 8.6 185
1718221760210 7.9 186
1718221770241 10.0 187
1718221780275 9.1 188
1718221790298 9.2 189
1718221800323 9.7 190
1718221810349 10.2 191
1718221820373 6.2 192
1718221830464 7.5 193
1718221840490 7.9 194
1718221850536 10.1 195
1718221860615 8.3 196
1718221870640 7.9 197
1718221880665 7.5 198
1718221890692 7.8 199
1718221900730 8.5 200
1718221910767 8.0 201
1718221920796 7.8 202
1718221930823 8.7 203
1718221940858 10.1 204
1718221950913 8.8 205
1718221960951 9.3 206
1718221970988 11.6 207
1718221981029 11.1 208
1718221991058 12.6 209
1718222001087 11.7 210
