1718219894028 64.1 0
1718219904047 64.1 1
1718219914066 64.1 2
1718219924088 64.1 3
1718219934107 64.1 4
1718219944128 64.1 5
1718219954153 64.1 6
1718219964186 64.1 7
1718219974212 64.1 8
1718219984246 64.1 9
1718219994286 64.1 10
1718220004312 64.1 11
1718220014340 64.1 12
1718220024360 64.1 13
1718220034392 64.1 14
1718220044422 64.1 15
1718220054448 64.1 16
1718220064473 64.1 17
1718220074501 64.1 18
1718220084525 64.1 19
1718220094559 64.1 20
1718220104591 64.1 21
1718220114612 64.1 22
1718220124638 64.1 23
1718220134669 64.1 24
1718220144690 64.1 25
1718220154717 64.1 26
1718220164736 64.1 27
1718220174765 64.1 28
1718220184788 64.1 29
1718220194810 64.1 30
1718220204831 64.1 31
1718220214856 64.1 32
1718220224880 64.1 33
1718220234906 64.1 34
1718220244928 64.1 35
1718220254950 64.1 36
1718220264978 64.1 37
1718220275009 64.1 38
1718220285038 64.1 39
1718220295061 64.1 40
1718220305085 64.1 41
1718220315108 64.1 42
1718220325143 64.1 43
1718220335172 64.1 44
1718220345196 64.1 45
1718220355221 64.1 46
1718220365242 64.1 47
1718220375261 64.1 48
1718220385282 64.1 49
1718220395312 64.1 50
1718220405351 64.1 51
1718220415381 64.1 52
1718220425401 64.2 53
1718220435423 64.2 54
1718220445446 64.2 55
1718220455473 64.2 56
1718220465498 64.2 57
1718220475530 64.2 58
1718220485553 64.2 59
1718220495580 64.2 60
1718220505612 64.2 61
1718220515638 64.2 62
1718220525669 64.2 63
1718220535725 64.2 64
1718220545755 64.2 65
1718220555787 64.2 66
1718220565815 64.2 67
1718220575844 64.2 68
1718220585882 64.2 69
1718220595907 64.2 70
1718220605931 64.2 71
1718220615952 64.2 72
1718220625972 64.2 73
1718220635996 64.2 74
1718220646033 64.2 75
1718220656057 64.2 76
1718220666079 64.2 77
1718220676103 64.2 78
1718220686386 64.2 79
1718220696439 64.2 80
1718220706471 64.2 81
1718220716494 64.2 82
1718220726536 64.2 83
1718220736585 64.2 84
1718220746608 64.2 85
1718220756637 64.2 86
1718220766671 64.2 87
1718220776696 64.2 88
1718220786727 64.2 89
1718220796754 64.2 90
1718220806786 64.2 91
1718220816821 64.2 92
1718220826846 64.2 93
1718220836879 64.2 94
1718220846914 64.2 95
1718220856939 64.2 96
1718220866961 64.2 97
1718220876992 64.2 98
1718220887024 64.2 99
1718220897055 64.2 100
1718220907086 64.2 101
1718220917151 64.2 102
1718220927180 64.2 103
1718220937211 64.4 104
1718220947236 64.4 105
1718220957262 64.4 106
1718220967295 64.4 107
1718220977320 64.4 108
1718220987358 64.4 109
1718220997383 64.4 110
1718221007466 64.4 111
1718221017501 64.4 112
1718221027537 64.4 113
1718221037585 64.4 114
1718221047622 64.4 115
1718221057655 64.4 116
1718221067688 64.4 117
1718221077760 64.4 118
1718221087841 64.4 119
1718221097874 64.4 120
1718221107912 64.4 121
1718221117987 64.4 122
1718221128023 64.4 123
1718221138055 64.4 124
1718221148151 64.4 125
1718221158175 64.4 126
1718221168202 64.4 127
1718221178250 64.4 128
1718221188280 64.4 129
1718221198316 64.4 130
1718221208349 64.4 131
1718221218381 64.4 132
1718221228413 64.4 133
1718221238498 64.4 134
1718221248519 64.4 135
1718221258543 64.4 136
1718221268567 64.4 137
1718221278591 64.4 138
1718221288633 64.4 139
1718221298660 64.4 140
1718221308694 64.4 141
1718221318737 64.4 142
1718221328766 64.4 143
1718221338798 64.4 144
1718221348827 64.4 145
1718221358853 64.4 146
1718221368884 64.4 147
1718221378911 64.4 148
1718221388935 64.4 149
1718221398967 64.4 150
1718221408991 64.4 151
1718221419015 64.4 152
1718221429042 64.4 153
1718221439072 64.4 154
1718221449103 64.5 155
1718221459131 64.5 156
1718221469155 64.5 157
1718221479180 64.5 158
1718221489205 64.5 159
1718221499241 64.5 160
1718221509275 64.5 161
1718221519306 64.5 162
1718221529334 64.5 163
1718221539374 64.5 164
1718221549438 64.5 165
1718221559479 64.5 166
1718221569522 64.5 167
1718221579559 64.5 168
1718221589590 64.5 169
1718221599621 64.5 170
1718221609649 64.5 171
1718221619676 64.5 172
1718221629724 64.5 173
1718221639759 64.5 174
1718221649849 64.5 175
1718221659879 64.5 176
1718221669902 64.5 177
1718221679931 64.5 178
1718221689956 64.5 179
1718221700031 64.5 180
1718221710056 64.5 181
1718221720080 64.5 182
1718221730110 64.5 183
1718221740147 64.5 184
1718221750172 64.5 185
1718221760210 64.5 186
1718221770241 64.5 187
1718221780275 64.5 188
1718221790298 64.5 189
1718221800323 64.5 190
1718221810349 64.5 191
1718221820373 64.5 192
1718221830464 64.5 193
1718221840490 64.5 194
1718221850536 64.5 195
1718221860615 64.5 196
1718221870640 64.5 197
1718221880665 64.5 198
1718221890692 64.5 199
1718221900730 64.5 200
1718221910767 64.5 201
1718221920796 64.5 202
1718221930823 64.5 203
1718221940858 64.5 204
1718221950913 64.5 205
1718221960951 64.7 206
1718221970988 64.7 207
1718221981029 64.7 208
1718221991058 64.7 209
1718222001087 64.7 210
