1718219894028 597880.7 0
1718219904047 597881.5 1
1718219914066 597881.6 2
1718219924088 597881.6 3
1718219934107 597881.6 4
1718219944128 597881.9 5
1718219954153 597882.0 6
1718219964186 597882.2 7
1718219974212 597882.1 8
1718219984246 597882.1 9
1718219994286 597882.2 10
1718220004312 597882.3 11
1718220014340 597882.3 12
1718220024360 597882.3 13
1718220034392 597882.3 14
1718220044422 597880.9 15
1718220054448 597880.0 16
1718220064473 597880.4 17
1718220074501 597880.4 18
1718220084525 597880.7 19
1718220094559 597880.9 20
1718220104591 597881.1 21
1718220114612 597881.0 22
1718220124638 597881.0 23
1718220134669 597881.0 24
1718220144690 597881.0 25
1718220154717 597881.2 26
1718220164736 597881.3 27
1718220174765 597882.1 28
1718220184788 597882.0 29
1718220194810 597882.0 30
1718220204831 597882.0 31
1718220214856 597882.0 32
1718220224880 597882.0 33
1718220234906 597882.2 34
1718220244928 597882.4 35
1718220254950 597882.5 36
1718220264978 597882.4 37
1718220275009 597882.5 38
1718220285038 597882.6 39
1718220295061 597882.7 40
1718220305085 597882.8 41
1718220315108 597883.6 42
1718220325143 597884.3 43
1718220335172 597884.7 44
1718220345196 597884.1 45
1718220355221 597881.9 46
1718220365242 597883.3 47
1718220375261 597884.9 48
1718220385282 597881.8 49
1718220395312 597882.2 50
1718220405351 597882.7 51
1718220415381 597882.8 52
1718220425401 599276.1 53
1718220435423 599276.1 54
1718220445446 599276.1 55
1718220455473 599276.1 56
1718220465498 599276.1 57
1718220475530 599276.2 58
1718220485553 599276.2 59
1718220495580 599276.2 60
1718220505612 599276.2 61
1718220515638 599276.2 62
1718220525669 599276.4 63
1718220535725 599276.4 64
1718220545755 599276.4 65
1718220555787 599276.5 66
1718220565815 599277.1 67
1718220575844 599277.1 68
1718220585882 599277.1 69
1718220595907 599277.4 70
1718220605931 599277.7 71
1718220615952 599274.3 72
1718220625972 599276.7 73
1718220635996 599277.0 74
1718220646033 599277.8 75
1718220656057 599278.2 76
1718220666079 599278.2 77
1718220676103 599278.2 78
1718220686386 599278.3 79
1718220696439 599278.3 80
1718220706471 599278.3 81
1718220716494 599278.1 82
1718220726536 599278.0 83
1718220736585 599278.1 84
1718220746608 599278.4 85
1718220756637 599278.2 86
1718220766671 599278.2 87
1718220776696 599278.2 88
1718220786727 599278.2 89
1718220796754 599278.2 90
1718220806786 599278.1 91
1718220816821 599278.1 92
1718220826846 599278.1 93
1718220836879 599278.1 94
1718220846914 599278.3 95
1718220856939 599278.3 96
1718220866961 599278.0 97
1718220876992 599278.1 98
1718220887024 599278.1 99
1718220897055 599278.1 100
1718220907086 599277.9 101
1718220917151 599278.0 102
1718220927180 599278.0 103
1718220937211 600671.3 104
1718220947236 600671.3 105
1718220957262 600671.3 106
1718220967295 600671.6 107
1718220977320 600671.6 108
1718220987358 600671.6 109
1718220997383 600679.6 110
1718221007466 600671.2 111
1718221017501 600671.2 112
1718221027537 600671.2 113
1718221037585 600671.2 114
1718221047622 600671.2 115
1718221057655 600671.2 116
1718221067688 600671.2 117
1718221077760 600671.5 118
1718221087841 600671.7 119
1718221097874 600671.7 120
1718221107912 600671.7 121
1718221117987 600671.3 122
1718221128023 600671.3 123
1718221138055 600671.3 124
1718221148151 600671.3 125
1718221158175 600671.3 126
1718221168202 600671.3 127
1718221178250 600671.3 128
1718221188280 600672.0 129
1718221198316 600672.7 130
1718221208349 600673.2 131
1718221218381 600673.6 132
1718221228413 600673.7 133
1718221238498 600674.2 134
1718221248519 600674.3 135
1718221258543 600673.3 136
1718221268567 600673.3 137
1718221278591 600679.7 138
1718221288633 600679.9 139
1718221298660 600679.9 140
1718221308694 600679.9 141
1718221318737 600679.9 142
1718221328766 600679.9 143
1718221338798 600679.9 144
1718221348827 600679.9 145
1718221358853 600679.9 146
1718221368884 600679.9 147
1718221378911 600679.9 148
1718221388935 600679.9 149
1718221398967 600679.9 150
1718221408991 600679.9 151
1718221419015 600680.1 152
1718221429042 600680.3 153
1718221439072 600680.3 154
1718221449103 602073.6 155
1718221459131 602073.5 156
1718221469155 602074.0 157
1718221479180 602074.2 158
1718221489205 602075.8 159
1718221499241 602076.4 160
1718221509275 602076.7 161
1718221519306 602076.7 162
1718221529334 602076.7 163
1718221539374 602076.5 164
1718221549438 602076.6 165
1718221559479 602077.0 166
1718221569522 602077.0 167
1718221579559 602077.0 168
1718221589590 602076.6 169
1718221599621 602076.6 170
1718221609649 602076.6 171
1718221619676 602076.6 172
1718221629724 602076.6 173
1718221639759 602076.6 174
1718221649849 602076.6 175
1718221659879 602076.6 176
1718221669902 602074.3 177
1718221679931 602074.4 178
1718221689956 602074.4 179
1718221700031 602074.4 180
1718221710056 602074.5 181
1718221720080 602074.5 182
1718221730110 602074.5 183
1718221740147 602074.7 184
1718221750172 602075.3 185
1718221760210 602075.5 186
1718221770241 602076.2 187
1718221780275 602076.8 188
1718221790298 602077.1 189
1718221800323 602076.5 190
1718221810349 602076.0 191
1718221820373 602075.9 192
1718221830464 602077.7 193
1718221840490 602077.9 194
1718221850536 602047.9 195
1718221860615 602048.7 196
1718221870640 602049.3 197
1718221880665 602051.4 198
1718221890692 602051.5 199
1718221900730 602051.6 200
1718221910767 602051.6 201
1718221920796 602052.1 202
1718221930823 602049.8 203
1718221940858 602050.3 204
1718221950913 602050.4 205
1718221960951 603443.8 206
1718221970988 603444.5 207
1718221981029 603444.7 208
1718221991058 603444.8 209
1718222001087 603444.8 210
