1718219894028 334940.1 0
1718219904047 334939.3 1
1718219914066 334939.2 2
1718219924088 334939.2 3
1718219934107 334939.2 4
1718219944128 334939.0 5
1718219954153 334938.8 6
1718219964186 334938.7 7
1718219974212 334938.7 8
1718219984246 334938.7 9
1718219994286 334938.6 10
1718220004312 334938.5 11
1718220014340 334938.5 12
1718220024360 334938.5 13
1718220034392 334938.5 14
1718220044422 334939.9 15
1718220054448 334940.8 16
1718220064473 334940.4 17
1718220074501 334940.4 18
1718220084525 334940.2 19
1718220094559 334939.9 20
1718220104591 334939.8 21
1718220114612 334939.8 22
1718220124638 334939.8 23
1718220134669 334939.8 24
1718220144690 334939.8 25
1718220154717 334939.6 26
1718220164736 334939.6 27
1718220174765 334938.7 28
1718220184788 334938.8 29
1718220194810 334938.8 30
1718220204831 334938.8 31
1718220214856 334938.8 32
1718220224880 334938.8 33
1718220234906 334938.6 34
1718220244928 334938.4 35
1718220254950 334938.3 36
1718220264978 334938.4 37
1718220275009 334938.3 38
1718220285038 334938.2 39
1718220295061 334938.1 40
1718220305085 334938.0 41
1718220315108 334937.2 42
1718220325143 334936.5 43
1718220335172 334936.1 44
1718220345196 334936.7 45
1718220355221 334938.9 46
1718220365242 334937.5 47
1718220375261 334936.0 48
1718220385282 334939.0 49
1718220395312 334938.6 50
1718220405351 334938.1 51
1718220415381 334938.1 52
1718220425401 333544.7 53
1718220435423 333544.7 54
1718220445446 333544.7 55
1718220455473 333544.7 56
1718220465498 333544.7 57
1718220475530 333544.7 58
1718220485553 333544.6 59
1718220495580 333544.6 60
1718220505612 333544.6 61
1718220515638 333544.6 62
1718220525669 333544.4 63
1718220535725 333544.4 64
1718220545755 333544.4 65
1718220555787 333544.3 66
1718220565815 333543.7 67
1718220575844 333543.7 68
1718220585882 333543.7 69
1718220595907 333543.4 70
1718220605931 333543.1 71
1718220615952 333546.5 72
1718220625972 333544.1 73
1718220635996 333543.8 74
1718220646033 333543.0 75
1718220656057 333542.6 76
1718220666079 333542.6 77
1718220676103 333542.6 78
1718220686386 333542.5 79
1718220696439 333542.5 80
1718220706471 333542.5 81
1718220716494 333542.7 82
1718220726536 333542.8 83
1718220736585 333542.7 84
1718220746608 333542.4 85
1718220756637 333542.6 86
1718220766671 333542.6 87
1718220776696 333542.6 88
1718220786727 333542.6 89
1718220796754 333542.6 90
1718220806786 333542.7 91
1718220816821 333542.7 92
1718220826846 333542.7 93
1718220836879 333542.7 94
1718220846914 333542.5 95
1718220856939 333542.5 96
1718220866961 333542.8 97
1718220876992 333542.7 98
1718220887024 333542.7 99
1718220897055 333542.7 100
1718220907086 333542.9 101
1718220917151 333542.8 102
1718220927180 333542.8 103
1718220937211 332149.5 104
1718220947236 332149.5 105
1718220957262 332149.5 106
1718220967295 332149.2 107
1718220977320 332149.2 108
1718220987358 332149.2 109
1718220997383 332141.2 110
1718221007466 332149.6 111
1718221017501 332149.6 112
1718221027537 332149.6 113
1718221037585 332149.6 114
1718221047622 332149.6 115
1718221057655 332149.6 116
1718221067688 332149.6 117
1718221077760 332149.3 118
1718221087841 332149.1 119
1718221097874 332149.1 120
1718221107912 332149.1 121
1718221117987 332149.5 122
1718221128023 332149.5 123
1718221138055 332149.5 124
1718221148151 332149.5 125
1718221158175 332149.5 126
1718221168202 332149.5 127
1718221178250 332149.5 128
1718221188280 332148.8 129
1718221198316 332148.1 130
1718221208349 332147.7 131
1718221218381 332147.2 132
1718221228413 332147.1 133
1718221238498 332146.6 134
1718221248519 332146.5 135
1718221258543 332147.6 136
1718221268567 332147.5 137
1718221278591 332141.1 138
1718221288633 332140.9 139
1718221298660 332141.0 140
1718221308694 332140.9 141
1718221318737 332140.9 142
1718221328766 332140.9 143
1718221338798 332140.9 144
1718221348827 332140.9 145
1718221358853 332140.9 146
1718221368884 332140.9 147
1718221378911 332140.9 148
1718221388935 332140.9 149
1718221398967 332140.9 150
1718221408991 332140.9 151
1718221419015 332140.7 152
1718221429042 332140.5 153
1718221439072 332140.5 154
1718221449103 330747.2 155
1718221459131 330747.4 156
1718221469155 330746.8 157
1718221479180 330746.7 158
1718221489205 330745.0 159
1718221499241 330744.4 160
1718221509275 330744.1 161
1718221519306 330744.1 162
1718221529334 330744.1 163
1718221539374 330744.3 164
1718221549438 330744.2 165
1718221559479 330743.8 166
1718221569522 330743.8 167
1718221579559 330743.8 168
1718221589590 330744.2 169
1718221599621 330744.2 170
1718221609649 330744.2 171
1718221619676 330744.2 172
1718221629724 330744.2 173
1718221639759 330744.2 174
1718221649849 330744.2 175
1718221659879 330744.2 176
1718221669902 330746.5 177
1718221679931 330746.4 178
1718221689956 330746.4 179
1718221700031 330746.4 180
1718221710056 330746.4 181
1718221720080 330746.3 182
1718221730110 330746.3 183
1718221740147 330746.1 184
1718221750172 330745.5 185
1718221760210 330745.3 186
1718221770241 330744.6 187
1718221780275 330744.1 188
1718221790298 330743.7 189
1718221800323 330744.3 190
1718221810349 330744.9 191
1718221820373 330744.9 192
1718221830464 330743.1 193
1718221840490 330742.9 194
1718221850536 330772.9 195
1718221860615 330772.1 196
1718221870640 330771.5 197
1718221880665 330769.4 198
1718221890692 330769.3 199
1718221900730 330769.2 200
1718221910767 330769.2 201
1718221920796 330768.7 202
1718221930823 330771.1 203
1718221940858 330770.5 204
1718221950913 330770.4 205
1718221960951 329377.0 206
1718221970988 329376.3 207
1718221981029 329376.1 208
1718221991058 329376.1 209
1718222001087 329376.1 210
