1718219894028 7.0 0
1718219904047 85.0 1
1718219914066 82.0 2
1718219924088 91.0 3
1718219934107 86.0 4
1718219944128 82.0 5
1718219954153 73.0 6
1718219964186 84.0 7
1718219974212 88.0 8
1718219984246 88.0 9
1718219994286 89.0 10
1718220004312 82.0 11
1718220014340 83.0 12
1718220024360 85.0 13
1718220034392 83.0 14
1718220044422 88.0 15
1718220054448 77.0 16
1718220064473 83.0 17
1718220074501 72.0 18
1718220084525 81.0 19
1718220094559 81.0 20
1718220104591 84.0 21
1718220114612 87.0 22
1718220124638 83.0 23
1718220134669 83.0 24
1718220144690 88.0 25
1718220154717 88.0 26
1718220164736 84.0 27
1718220174765 74.0 28
1718220184788 84.0 29
1718220194810 87.0 30
1718220204831 89.0 31
1718220214856 73.0 32
1718220224880 73.0 33
1718220234906 85.0 34
1718220244928 88.0 35
1718220254950 72.0 36
1718220264978 86.0 37
1718220275009 87.0 38
1718220285038 88.0 39
1718220295061 86.0 40
1718220305085 88.0 41
1718220315108 91.0 42
1718220325143 85.0 43
1718220335172 86.0 44
1718220345196 84.0 45
1718220355221 85.0 46
1718220365242 85.0 47
1718220375261 85.0 48
1718220385282 86.0 49
1718220395312 86.0 50
1718220405351 88.0 51
1718220415381 7.0 52
1718220425401 85.0 53
1718220435423 83.0 54
1718220445446 71.0 55
1718220455473 83.0 56
1718220465498 86.0 57
1718220475530 88.0 58
1718220485553 84.0 59
1718220495580 73.0 60
1718220505612 85.0 61
1718220515638 83.0 62
1718220525669 89.0 63
1718220535725 88.0 64
1718220545755 82.0 65
1718220555787 88.0 66
1718220565815 89.0 67
1718220575844 89.0 68
1718220585882 82.0 69
1718220595907 74.0 70
1718220605931 86.0 71
1718220615952 82.0 72
1718220625972 81.0 73
1718220635996 79.0 74
1718220646033 82.0 75
1718220656057 72.0 76
1718220666079 84.0 77
1718220676103 88.0 78
1718220686386 86.0 79
1718220696439 32.0 80
1718220706471 81.0 81
1718220716494 89.0 82
1718220726536 87.0 83
1718220736585 87.0 84
1718220746608 88.0 85
1718220756637 82.0 86
1718220766671 83.0 87
1718220776696 89.0 88
1718220786727 76.0 89
1718220796754 75.0 90
1718220806786 89.0 91
1718220816821 84.0 92
1718220826846 84.0 93
1718220836879 84.0 94
1718220846914 87.0 95
1718220856939 86.0 96
1718220866961 90.0 97
1718220876992 84.0 98
1718220887024 85.0 99
1718220897055 85.0 100
1718220907086 86.0 101
1718220917151 86.0 102
1718220927180 8.0 103
1718220937211 84.0 104
1718220947236 84.0 105
1718220957262 85.0 106
1718220967295 91.0 107
1718220977320 93.0 108
1718220987358 94.0 109
1718220997383 94.0 110
1718221007466 94.0 111
1718221017501 86.0 112
1718221027537 93.0 113
1718221037585 86.0 114
1718221047622 94.0 115
1718221057655 91.0 116
1718221067688 86.0 117
1718221077760 92.0 118
1718221087841 84.0 119
1718221097874 92.0 120
1718221107912 79.0 121
1718221117987 88.0 122
1718221128023 89.0 123
1718221138055 79.0 124
1718221148151 87.0 125
1718221158175 85.0 126
1718221168202 88.0 127
1718221178250 77.0 128
1718221188280 83.0 129
1718221198316 84.0 130
1718221208349 86.0 131
1718221218381 74.0 132
1718221228413 83.0 133
1718221238498 81.0 134
1718221248519 84.0 135
1718221258543 83.0 136
1718221268567 93.0 137
1718221278591 83.0 138
1718221288633 83.0 139
1718221298660 87.0 140
1718221308694 86.0 141
1718221318737 80.0 142
1718221328766 85.0 143
1718221338798 86.0 144
1718221348827 86.0 145
1718221358853 85.0 146
1718221368884 84.0 147
1718221378911 86.0 148
1718221388935 86.0 149
1718221398967 86.0 150
1718221408991 85.0 151
1718221419015 85.0 152
1718221429042 84.0 153
1718221439072 86.0 154
1718221449103 82.0 155
1718221459131 83.0 156
1718221469155 82.0 157
1718221479180 86.0 158
1718221489205 79.0 159
1718221499241 83.0 160
1718221509275 81.0 161
1718221519306 83.0 162
1718221529334 85.0 163
1718221539374 87.0 164
1718221549438 83.0 165
1718221559479 88.0 166
1718221569522 84.0 167
1718221579559 88.0 168
1718221589590 88.0 169
1718221599621 84.0 170
1718221609649 87.0 171
1718221619676 88.0 172
1718221629724 82.0 173
1718221639759 82.0 174
1718221649849 82.0 175
1718221659879 93.0 176
1718221669902 91.0 177
1718221679931 89.0 178
1718221689956 77.0 179
1718221700031 87.0 180
1718221710056 79.0 181
1718221720080 88.0 182
1718221730110 84.0 183
1718221740147 82.0 184
1718221750172 82.0 185
1718221760210 87.0 186
1718221770241 88.0 187
1718221780275 82.0 188
1718221790298 84.0 189
1718221800323 75.0 190
1718221810349 85.0 191
1718221820373 88.0 192
1718221830464 83.0 193
1718221840490 86.0 194
1718221850536 84.0 195
1718221860615 86.0 196
1718221870640 85.0 197
1718221880665 86.0 198
1718221890692 86.0 199
1718221900730 86.0 200
1718221910767 86.0 201
1718221920796 86.0 202
1718221930823 86.0 203
1718221940858 85.0 204
1718221950913 85.0 205
1718221960951 83.0 206
1718221970988 82.0 207
1718221981029 88.0 208
1718221991058 87.0 209
1718222001087 73.0 210
