1718219894028 38.4 0
1718219904047 46.2 1
1718219914066 48.1 2
1718219924088 48.4 3
1718219934107 49.2 4
1718219944128 49.3 5
1718219954153 51.0 6
1718219964186 50.5 7
1718219974212 50.3 8
1718219984246 50.6 9
1718219994286 53.7 10
1718220004312 50.3 11
1718220014340 50.1 12
1718220024360 50.3 13
1718220034392 50.5 14
1718220044422 50.0 15
1718220054448 50.3 16
1718220064473 52.0 17
1718220074501 51.6 18
1718220084525 51.9 19
1718220094559 51.4 20
1718220104591 50.9 21
1718220114612 50.9 22
1718220124638 50.8 23
1718220134669 50.8 24
1718220144690 51.3 25
1718220154717 51.4 26
1718220164736 51.9 27
1718220174765 52.2 28
1718220184788 50.7 29
1718220194810 50.6 30
1718220204831 50.7 31
1718220214856 50.6 32
1718220224880 52.1 33
1718220234906 51.9 34
1718220244928 52.7 35
1718220254950 52.1 36
1718220264978 51.8 37
1718220275009 52.5 38
1718220285038 52.5 39
1718220295061 51.8 40
1718220305085 52.5 41
1718220315108 52.2 42
1718220325143 51.8 43
1718220335172 52.5 44
1718220345196 52.4 45
1718220355221 52.5 46
1718220365242 52.4 47
1718220375261 51.8 48
1718220385282 51.7 49
1718220395312 52.2 50
1718220405351 52.1 51
1718220415381 51.5 52
1718220425401 51.9 53
1718220435423 51.6 54
1718220445446 51.7 55
1718220455473 51.7 56
1718220465498 51.7 57
1718220475530 51.7 58
1718220485553 51.6 59
1718220495580 51.6 60
1718220505612 51.5 61
1718220515638 51.5 62
1718220525669 51.9 63
1718220535725 51.7 64
1718220545755 51.6 65
1718220555787 52.1 66
1718220565815 51.9 67
1718220575844 51.8 68
1718220585882 51.9 69
1718220595907 52.2 70
1718220605931 52.1 71
1718220615952 52.5 72
1718220625972 51.9 73
1718220635996 52.5 74
1718220646033 52.1 75
1718220656057 51.6 76
1718220666079 51.6 77
1718220676103 51.7 78
1718220686386 50.4 79
1718220696439 50.7 80
1718220706471 51.3 81
1718220716494 53.0 82
1718220726536 51.3 83
1718220736585 51.2 84
1718220746608 51.3 85
1718220756637 51.3 86
1718220766671 51.3 87
1718220776696 51.3 88
1718220786727 51.3 89
1718220796754 51.4 90
1718220806786 51.1 91
1718220816821 51.1 92
1718220826846 51.0 93
1718220836879 51.0 94
1718220846914 51.1 95
1718220856939 51.1 96
1718220866961 51.4 97
1718220876992 51.8 98
1718220887024 51.7 99
1718220897055 51.3 100
1718220907086 51.2 101
1718220917151 50.9 102
1718220927180 51.0 103
1718220937211 51.0 104
1718220947236 50.9 105
1718220957262 50.9 106
1718220967295 51.3 107
1718220977320 51.3 108
1718220987358 50.8 109
1718220997383 50.9 110
1718221007466 50.8 111
1718221017501 50.8 112
1718221027537 50.9 113
1718221037585 50.4 114
1718221047622 50.4 115
1718221057655 50.4 116
1718221067688 50.4 117
1718221077760 50.3 118
1718221087841 50.2 119
1718221097874 50.1 120
1718221107912 50.2 121
1718221117987 50.2 122
1718221128023 50.3 123
1718221138055 50.1 124
1718221148151 50.2 125
1718221158175 50.3 126
1718221168202 50.3 127
1718221178250 51.6 128
1718221188280 51.1 129
1718221198316 51.1 130
1718221208349 51.5 131
1718221218381 52.0 132
1718221228413 51.9 133
1718221238498 52.0 134
1718221248519 51.4 135
1718221258543 51.4 136
1718221268567 51.6 137
1718221278591 52.0 138
1718221288633 52.0 139
1718221298660 52.6 140
1718221308694 51.8 141
1718221318737 51.7 142
1718221328766 51.7 143
1718221338798 51.8 144
1718221348827 51.5 145
1718221358853 51.8 146
1718221368884 51.6 147
1718221378911 51.6 148
1718221388935 51.7 149
1718221398967 51.6 150
1718221408991 51.5 151
1718221419015 51.4 152
1718221429042 51.1 153
1718221439072 50.8 154
1718221449103 50.9 155
1718221459131 50.6 156
1718221469155 51.1 157
1718221479180 51.4 158
1718221489205 51.2 159
1718221499241 50.6 160
1718221509275 51.2 161
1718221519306 51.8 162
1718221529334 51.8 163
1718221539374 51.6 164
1718221549438 51.5 165
1718221559479 50.7 166
1718221569522 50.5 167
1718221579559 50.5 168
1718221589590 50.6 169
1718221599621 50.4 170
1718221609649 50.4 171
1718221619676 50.6 172
1718221629724 50.4 173
1718221639759 50.2 174
1718221649849 50.0 175
1718221659879 50.6 176
1718221669902 50.6 177
1718221679931 50.1 178
1718221689956 50.2 179
1718221700031 50.5 180
1718221710056 50.3 181
1718221720080 50.0 182
1718221730110 50.5 183
1718221740147 51.7 184
1718221750172 51.2 185
1718221760210 51.2 186
1718221770241 51.3 187
1718221780275 52.3 188
1718221790298 52.1 189
1718221800323 52.1 190
1718221810349 51.1 191
1718221820373 51.0 192
1718221830464 50.8 193
1718221840490 50.8 194
1718221850536 50.8 195
1718221860615 51.2 196
1718221870640 50.9 197
1718221880665 50.9 198
1718221890692 50.9 199
1718221900730 50.8 200
1718221910767 50.8 201
1718221920796 50.4 202
1718221930823 50.6 203
1718221940858 50.9 204
1718221950913 51.4 205
1718221960951 50.9 206
1718221970988 51.0 207
1718221981029 51.3 208
1718221991058 50.8 209
1718222001087 50.7 210
