1718219894028 4946.9 0
1718219904047 5955.3 1
1718219914066 6195.2 2
1718219924088 6231.4 3
1718219934107 6333.9 4
1718219944128 6348.4 5
1718219954153 6573.0 6
1718219964186 6504.0 7
1718219974212 6480.0 8
1718219984246 6515.7 9
1718219994286 6916.4 10
1718220004312 6486.8 11
1718220014340 6457.5 12
1718220024360 6474.8 13
1718220034392 6506.2 14
1718220044422 6441.2 15
1718220054448 6486.8 16
1718220064473 6698.1 17
1718220074501 6649.3 18
1718220084525 6690.6 19
1718220094559 6625.8 20
1718220104591 6559.6 21
1718220114612 6559.4 22
1718220124638 6550.8 23
1718220134669 6542.5 24
1718220144690 6609.8 25
1718220154717 6616.6 26
1718220164736 6691.7 27
1718220174765 6732.1 28
1718220184788 6526.5 29
1718220194810 6523.9 30
1718220204831 6532.5 31
1718220214856 6516.2 32
1718220224880 6707.2 33
1718220234906 6692.1 34
1718220244928 6792.4 35
1718220254950 6713.4 36
1718220264978 6675.2 37
1718220275009 6769.7 38
1718220285038 6762.7 39
1718220295061 6675.6 40
1718220305085 6762.3 41
1718220315108 6721.3 42
1718220325143 6668.2 43
1718220335172 6765.2 44
1718220345196 6751.5 45
1718220355221 6758.3 46
1718220365242 6750.1 47
1718220375261 6678.2 48
1718220385282 6656.8 49
1718220395312 6729.1 50
1718220405351 6706.6 51
1718220415381 6636.2 52
1718220425401 6687.9 53
1718220435423 6647.9 54
1718220445446 6667.8 55
1718220455473 6655.3 56
1718220465498 6667.8 57
1718220475530 6658.6 58
1718220485553 6647.6 59
1718220495580 6649.6 60
1718220505612 6639.3 61
1718220515638 6639.3 62
1718220525669 6682.3 63
1718220535725 6655.4 64
1718220545755 6649.7 65
1718220555787 6715.7 66
1718220565815 6693.5 67
1718220575844 6674.1 68
1718220585882 6683.6 69
1718220595907 6727.6 70
1718220605931 6707.7 71
1718220615952 6761.0 72
1718220625972 6689.1 73
1718220635996 6764.2 74
1718220646033 6709.1 75
1718220656057 6651.9 76
1718220666079 6652.9 77
1718220676103 6657.1 78
1718220686386 6495.6 79
1718220696439 6529.8 80
1718220706471 6616.4 81
1718220716494 6827.6 82
1718220726536 6614.5 83
1718220736585 6602.9 84
1718220746608 6605.2 85
1718220756637 6612.1 86
1718220766671 6614.4 87
1718220776696 6608.1 88
1718220786727 6613.9 89
1718220796754 6621.7 90
1718220806786 6585.5 91
1718220816821 6590.0 92
1718220826846 6576.1 93
1718220836879 6576.1 94
1718220846914 6580.4 95
1718220856939 6583.0 96
1718220866961 6622.4 97
1718220876992 6679.1 98
1718220887024 6667.5 99
1718220897055 6614.1 100
1718220907086 6592.5 101
1718220917151 6564.2 102
1718220927180 6576.6 103
1718220937211 6566.2 104
1718220947236 6552.0 105
1718220957262 6552.0 106
1718220967295 6609.0 107
1718220977320 6604.8 108
1718220987358 6547.5 109
1718220997383 6555.9 110
1718221007466 6547.5 111
1718221017501 6547.5 112
1718221027537 6562.6 113
1718221037585 6499.7 114
1718221047622 6491.3 115
1718221057655 6491.3 116
1718221067688 6491.3 117
1718221077760 6476.0 118
1718221087841 6467.9 119
1718221097874 6457.8 120
1718221107912 6466.2 121
1718221117987 6469.2 122
1718221128023 6476.5 123
1718221138055 6459.0 124
1718221148151 6467.6 125
1718221158175 6485.4 126
1718221168202 6486.0 127
1718221178250 6642.3 128
1718221188280 6580.1 129
1718221198316 6584.3 130
1718221208349 6631.2 131
1718221218381 6698.4 132
1718221228413 6683.6 133
1718221238498 6705.5 134
1718221248519 6617.2 135
1718221258543 6623.9 136
1718221268567 6643.5 137
1718221278591 6704.3 138
1718221288633 6697.1 139
1718221298660 6778.5 140
1718221308694 6670.6 141
1718221318737 6656.3 142
1718221328766 6656.3 143
1718221338798 6669.7 144
1718221348827 6638.9 145
1718221358853 6673.7 146
1718221368884 6652.8 147
1718221378911 6648.3 148
1718221388935 6666.3 149
1718221398967 6646.6 150
1718221408991 6642.1 151
1718221419015 6624.8 152
1718221429042 6586.7 153
1718221439072 6545.4 154
1718221449103 6562.6 155
1718221459131 6525.1 156
1718221469155 6588.8 157
1718221479180 6620.6 158
1718221489205 6597.5 159
1718221499241 6521.2 160
1718221509275 6594.9 161
1718221519306 6679.1 162
1718221529334 6668.3 163
1718221539374 6644.6 164
1718221549438 6638.0 165
1718221559479 6529.3 166
1718221569522 6502.7 167
1718221579559 6507.1 168
1718221589590 6520.0 169
1718221599621 6487.8 170
1718221609649 6488.0 171
1718221619676 6516.4 172
1718221629724 6496.3 173
1718221639759 6467.8 174
1718221649849 6448.0 175
1718221659879 6513.5 176
1718221669902 6525.5 177
1718221679931 6452.7 178
1718221689956 6469.3 179
1718221700031 6508.6 180
1718221710056 6487.4 181
1718221720080 6445.6 182
1718221730110 6508.8 183
1718221740147 6667.2 184
1718221750172 6596.1 185
1718221760210 6596.8 186
1718221770241 6609.4 187
1718221780275 6737.5 188
1718221790298 6709.0 189
1718221800323 6714.8 190
1718221810349 6580.5 191
1718221820373 6565.2 192
1718221830464 6546.5 193
1718221840490 6549.7 194
1718221850536 6542.9 195
1718221860615 6596.7 196
1718221870640 6553.3 197
1718221880665 6553.3 198
1718221890692 6560.3 199
1718221900730 6546.8 200
1718221910767 6543.2 201
1718221920796 6496.3 202
1718221930823 6522.4 203
1718221940858 6553.7 204
1718221950913 6622.2 205
1718221960951 6554.8 206
1718221970988 6573.5 207
1718221981029 6614.2 208
1718221991058 6543.3 209
1718222001087 6539.1 210
