1718219894028 0.0 0
1718219904047 0.004519999999956781 1
1718219914066 0.01644999999996344 2
1718219924088 0.02638400000000729 3
1718219934107 0.038830999999959204 4
1718219944128 0.17755099999999402 5
1718219954153 0.24312900000001036 6
1718219964186 0.2777889999999843 7
1718219974212 0.34639699999996765 8
1718219984246 0.40308399999997846 9
1718219994286 0.4145049999999628 10
1718220004312 0.4709959999999569 11
1718220014340 0.55726999999996 12
1718220024360 0.6131279999999606 13
1718220034392 0.6929309999999873 14
1718220044422 0.7583869999999706 15
1718220054448 0.7814539999999965 16
1718220064473 0.8734440000000063 17
1718220074501 0.8840389999999729 18
1718220084525 0.9942859999999882 19
1718220094559 1.0741199999999935 20
1718220104591 1.1597119999999563 21
1718220114612 1.2457200000000057 22
1718220124638 1.3590749999999616 23
1718220134669 1.414163999999971 24
1718220144690 1.499102999999991 25
1718220154717 1.6348350000000096 26
1718220164736 1.7100309999999581 27
1718220174765 1.8718920000000026 28
1718220184788 1.9122639999999933 29
1718220194810 1.9568349999999555 30
1718220204831 2.1882989999999722 31
1718220214856 2.265978999999959 32
1718220224880 2.2820629999999937 33
1718220234906 2.3363939999999843 34
1718220244928 2.4359269999999924 35
1718220254950 2.5367599999999584 36
1718220264978 2.563742999999988 37
1718220275009 2.6911819999999693 38
1718220285038 2.771513999999968 39
1718220295061 2.8750819999999635 40
1718220305085 2.9263479999999618 41
1718220315108 2.988207999999986 42
1718220325143 3.059533999999985 43
1718220335172 3.119737999999984 44
1718220345196 3.216588999999999 45
1718220355221 3.293543999999997 46
1718220365242 3.425081999999975 47
1718220375261 3.536009999999976 48
1718220385282 3.640545999999972 49
1718220395312 3.688972999999976 50
1718220405351 3.74309599999998 51
1718220415381 3.753309999999999 52
1718220425401 3.7864289999999983 53
1718220435423 3.816409999999962 54
1718220445446 3.819885999999997 55
1718220455473 3.8233710000000087 56
1718220465498 3.8241239999999834 57
1718220475530 3.8337629999999763 58
1718220485553 3.85238099999998 59
1718220495580 3.862306999999987 60
1718220505612 3.866280999999958 61
1718220515638 3.8792819999999892 62
1718220525669 3.8966570000000047 63
1718220535725 3.898877999999968 64
1718220545755 3.913567999999998 65
1718220555787 3.9789930000000027 66
1718220565815 4.07437699999997 67
1718220575844 4.109361999999976 68
1718220585882 4.111592999999971 69
1718220595907 4.1426270000000045 70
1718220605931 4.190341999999987 71
1718220615952 4.3701299999999605 72
1718220625972 4.489557999999988 73
1718220635996 4.552942999999971 74
1718220646033 4.807725000000005 75
1718220656057 4.8533539999999675 76
1718220666079 4.905075000000011 77
1718220676103 4.938223999999991 78
1718220686386 4.9627929999999765 79
1718220696439 5.0006029999999555 80
1718220706471 5.0365979999999695 81
1718220716494 5.1882589999999595 82
1718220726536 5.252624999999966 83
1718220736585 5.286179000000004 84
1718220746608 5.315759999999955 85
1718220756637 5.3276520000000005 86
1718220766671 5.357961999999986 87
1718220776696 5.372342000000003 88
1718220786727 5.401374999999973 89
1718220796754 5.422827999999981 90
1718220806786 5.444389000000001 91
1718220816821 5.466872999999964 92
1718220826846 5.4787450000000035 93
1718220836879 5.502214999999978 94
1718220846914 5.543374999999969 95
1718220856939 5.567467999999963 96
1718220866961 5.630890999999963 97
1718220876992 5.662582999999984 98
1718220887024 5.671762000000001 99
1718220897055 5.676140999999973 100
1718220907086 5.706826999999976 101
1718220917151 5.7118600000000015 102
1718220927180 5.727179999999976 103
1718220937211 5.764229999999998 104
1718220947236 5.766892999999982 105
1718220957262 5.7809349999999995 106
1718220967295 5.850400999999977 107
1718220977320 5.91260699999998 108
1718220987358 5.919358999999986 109
1718220997383 5.920971000000009 110
1718221007466 5.921721999999988 111
1718221017501 5.926168999999959 112
1718221027537 5.961123999999984 113
1718221037585 5.965404999999976 114
1718221047622 5.973150999999973 115
1718221057655 5.976442999999961 116
1718221067688 5.977176999999983 117
1718221077760 6.0009339999999725 118
1718221087841 6.052788999999962 119
1718221097874 6.07204999999999 120
1718221107912 6.090051999999957 121
1718221117987 6.116922999999986 122
1718221128023 6.126747999999964 123
1718221138055 6.169901999999979 124
1718221148151 6.20372900000001 125
1718221158175 6.234620000000007 126
1718221168202 6.266801999999984 127
1718221178250 6.287298999999962 128
1718221188280 6.330673999999988 129
1718221198316 6.40560899999997 130
1718221208349 6.4562029999999595 131
1718221218381 6.51586599999996 132
1718221228413 6.540091999999959 133
1718221238498 6.590483000000006 134
1718221248519 6.629760999999974 135
1718221258543 6.674891000000002 136
1718221268567 6.707266000000004 137
1718221278591 6.762032999999974 138
1718221288633 6.778185000000008 139
1718221298660 7.036983999999961 140
1718221308694 7.05484100000001 141
1718221318737 7.105640999999991 142
1718221328766 7.108850999999959 143
1718221338798 7.114539999999977 144
1718221348827 7.120101999999974 145
1718221358853 7.196630999999968 146
1718221368884 7.309548000000007 147
1718221378911 7.3342119999999795 148
1718221388935 7.342908999999963 149
1718221398967 7.498618999999962 150
1718221408991 7.504818999999998 151
1718221419015 7.510790999999983 152
1718221429042 7.576189999999997 153
1718221439072 7.603482999999983 154
1718221449103 7.607665999999995 155
1718221459131 7.617403999999965 156
1718221469155 7.749885000000006 157
1718221479180 7.805971999999997 158
1718221489205 7.982694999999978 159
1718221499241 8.060144999999977 160
1718221509275 8.13005899999996 161
1718221519306 9.214022 162
1718221529334 9.86762699999997 163
1718221539374 10.05431299999998 164
1718221549438 10.358842999999979 165
1718221559479 10.50404199999997 166
1718221569522 10.543196999999964 167
1718221579559 10.600720999999965 168
1718221589590 10.635853999999995 169
1718221599621 10.671558000000005 170
1718221609649 10.713825999999983 171
1718221619676 10.75792899999999 172
1718221629724 10.78680700000001 173
1718221639759 10.820319999999981 174
1718221649849 10.845334999999977 175
1718221659879 10.870894999999962 176
1718221669902 10.891798999999992 177
1718221679931 10.928944999999999 178
1718221689956 10.94132099999996 179
1718221700031 10.961275 180
1718221710056 10.987858999999958 181
1718221720080 10.997393999999986 182
1718221730110 11.008478999999966 183
1718221740147 11.03939600000001 184
1718221750172 11.07433199999997 185
1718221760210 11.112682000000007 186
1718221770241 11.154139999999984 187
1718221780275 11.19189399999999 188
1718221790298 11.230684999999994 189
1718221800323 11.324418999999978 190
1718221810349 11.42053999999996 191
1718221820373 11.438611999999978 192
1718221830464 11.512618999999972 193
1718221840490 11.552411000000006 194
1718221850536 11.666106999999954 195
1718221860615 11.710207999999966 196
1718221870640 11.725859999999955 197
1718221880665 11.733932999999979 198
1718221890692 11.777120999999966 199
1718221900730 11.783130999999969 200
1718221910767 11.792266999999981 201
1718221920796 11.808178999999996 202
1718221930823 11.835876999999982 203
1718221940858 11.897967999999992 204
1718221950913 11.922798999999998 205
1718221960951 11.935868999999968 206
1718221970988 11.994687999999996 207
1718221981029 12.039353000000006 208
1718221991058 12.054124000000002 209
1718222001087 12.195838999999978 210
