1718219894028 0.0 0
1718219904047 0.004145000000789878 1
1718219914066 0.01324899999963236 2
1718219924088 0.02395799999976589 3
1718219934107 0.07337100000040664 4
1718219944128 3.356578000000809 5
1718219954153 7.568068000000494 6
1718219964186 9.745968999999604 7
1718219974212 13.738104000000021 8
1718219984246 17.221553999999742 9
1718219994286 17.22852199999943 10
1718220004312 17.26356499999929 11
1718220014340 21.906929999999193 12
1718220024360 25.46885900000052 13
1718220034392 29.683365000000776 14
1718220044422 32.61250199999995 15
1718220054448 32.70528899999954 16
1718220064473 32.943638999999166 17
1718220074501 32.948662999999215 18
1718220084525 38.67023999999947 19
1718220094559 44.129399999999805 20
1718220104591 47.53851299999951 21
1718220114612 53.44911499999944 22
1718220124638 58.85518100000081 23
1718220134669 63.00468499999988 24
1718220144690 67.65332800000033 25
1718220154717 74.28876900000068 26
1718220164736 77.85336400000051 27
1718220174765 83.89279299999907 28
1718220184788 85.39211799999975 29
1718220194810 86.82371299999977 30
1718220204831 89.68553400000019 31
1718220214856 92.18283399999927 32
1718220224880 93.26045599999998 33
1718220234906 94.68834699999934 34
1718220244928 96.73020899999938 35
1718220254950 100.27513700000054 36
1718220264978 101.92347100000006 37
1718220275009 103.7914980000005 38
1718220285038 105.76984300000004 39
1718220295061 106.76026900000033 40
1718220305085 107.4681870000004 41
1718220315108 108.77904699999999 42
1718220325143 109.71837699999924 43
1718220335172 111.26538299999993 44
1718220345196 112.39331999999922 45
1718220355221 113.54914699999972 46
1718220365242 114.82944700000007 47
1718220375261 115.90999899999952 48
1718220385282 117.61627000000044 49
1718220395312 118.08633499999996 50
1718220405351 118.1682579999997 51
1718220415381 118.18477300000086 52
1718220425401 118.19719500000065 53
1718220435423 118.22171200000048 54
1718220445446 118.22515999999996 55
1718220455473 118.2285009999996 56
1718220465498 118.22944500000085 57
1718220475530 118.2356120000004 58
1718220485553 118.2455229999996 59
1718220495580 118.25826199999938 60
1718220505612 118.26241400000072 61
1718220515638 118.27390500000001 62
1718220525669 118.40766299999996 63
1718220535725 118.41008099999999 64
1718220545755 118.4270949999991 65
1718220555787 120.26986500000021 66
1718220565815 125.10285400000066 67
1718220575844 126.60916499999985 68
1718220585882 126.61052799999925 69
1718220595907 126.67238100000031 70
1718220605931 126.89684300000044 71
1718220615952 131.6242710000006 72
1718220625972 133.51064600000063 73
1718220635996 135.0543830000006 74
1718220646033 146.88032999999996 75
1718220656057 148.56832100000065 76
1718220666079 150.0617829999992 77
1718220676103 151.19180199999937 78
1718220686386 151.9296579999991 79
1718220696439 153.57562300000063 80
1718220706471 154.32399799999985 81
1718220716494 156.05740499999956 82
1718220726536 156.79913599999963 83
1718220736585 157.2800640000005 84
1718220746608 158.17823900000076 85
1718220756637 158.45763199999965 86
1718220766671 159.43585300000086 87
1718220776696 159.71709999999985 88
1718220786727 160.20561699999962 89
1718220796754 161.15356099999917 90
1718220806786 161.43999000000076 91
1718220816821 162.3907909999998 92
1718220826846 162.67133400000057 93
1718220836879 163.61555899999985 94
1718220846914 163.9579470000008 95
1718220856939 164.83768099999907 96
1718220866961 165.32426300000043 97
1718220876992 165.35558499999934 98
1718220887024 165.36158699999942 99
1718220897055 165.36635899999965 100
1718220907086 165.3938820000003 101
1718220917151 165.40295499999957 102
1718220927180 165.42242000000078 103
1718220937211 165.5091109999994 104
1718220947236 165.51247499999954 105
1718220957262 165.53552200000013 106
1718220967295 165.6253080000006 107
1718220977320 166.77076599999964 108
1718220987358 166.77934900000037 109
1718220997383 166.78106599999956 110
1718221007466 166.78186300000016 111
1718221017501 166.7873240000008 112
1718221027537 166.96364399999948 113
1718221037585 166.97034600000006 114
1718221047622 166.97922199999994 115
1718221057655 166.98309599999993 116
1718221067688 166.9843490000003 117
1718221077760 167.04951400000027 118
1718221087841 167.84525600000052 119
1718221097874 168.30090999999993 120
1718221107912 168.58674699999938 121
1718221117987 169.48041100000046 122
1718221128023 169.75820000000022 123
1718221138055 170.66073499999948 124
1718221148151 171.1247289999992 125
1718221158175 171.8522869999997 126
1718221168202 172.3203369999992 127
1718221178250 173.04933100000017 128
1718221188280 173.5420809999996 129
1718221198316 173.89932399999998 130
1718221208349 174.8498359999994 131
1718221218381 175.3752000000004 132
1718221228413 176.11730499999976 133
1718221238498 176.62692600000082 134
1718221248519 177.36506100000042 135
1718221258543 177.7815499999997 136
1718221268567 178.07754199999908 137
1718221278591 178.0958410000003 138
1718221288633 178.11475400000018 139
1718221298660 182.4024559999998 140
1718221308694 183.33710099999917 141
1718221318737 183.36630800000057 142
1718221328766 183.37067600000046 143
1718221338798 183.3761539999996 144
1718221348827 183.38177899999937 145
1718221358853 184.70302099999935 146
1718221368884 186.93301600000086 147
1718221378911 186.95106999999916 148
1718221388935 186.96168299999954 149
1718221398967 191.13388200000009 150
1718221408991 191.14100900000085 151
1718221419015 191.1474760000001 152
1718221429042 191.2487799999999 153
1718221439072 191.27369499999986 154
1718221449103 191.284001 155
1718221459131 191.29409699999997 156
1718221469155 191.56810199999927 157
1718221479180 191.60916200000065 158
1718221489205 196.22875299999941 159
1718221499241 198.1725430000006 160
1718221509275 199.43904400000065 161
1718221519306 209.94792400000006 162
1718221529334 218.98354499999914 163
1718221539374 221.99823300000025 164
1718221549438 228.23831299999983 165
1718221559479 230.061866 166
1718221569522 232.6702549999991 167
1718221579559 234.84064399999988 168
1718221589590 236.37080799999967 169
1718221599621 237.04668999999922 170
1718221609649 238.5594259999998 171
1718221619676 239.4706129999995 172
1718221629724 240.48885700000028 173
1718221639759 241.58965200000057 174
1718221649849 242.25106100000085 175
1718221659879 242.27134400000068 176
1718221669902 242.29903999999988 177
1718221679931 242.32515199999943 178
1718221689956 242.36016000000018 179
1718221700031 242.37507600000026 180
1718221710056 242.40342899999996 181
1718221720080 242.40762299999915 182
1718221730110 242.42239100000006 183
1718221740147 242.49808099999973 184
1718221750172 242.5353639999994 185
1718221760210 242.57431700000052 186
1718221770241 242.73416700000053 187
1718221780275 242.92744999999923 188
1718221790298 242.94866299999921 189
1718221800323 245.9725780000008 190
1718221810349 248.14266300000054 191
1718221820373 248.16672300000027 192
1718221830464 249.74910500000078 193
1718221840490 250.09691399999974 194
1718221850536 252.63411300000007 195
1718221860615 252.83041400000002 196
1718221870640 252.8489900000004 197
1718221880665 252.85879199999908 198
1718221890692 252.8999989999993 199
1718221900730 252.90877799999907 200
1718221910767 252.91871899999933 201
1718221920796 252.9377229999991 202
1718221930823 252.95666399999936 203
1718221940858 253.13965400000052 204
1718221950913 253.19230799999968 205
1718221960951 253.21343800000068 206
1718221970988 253.31882699999915 207
1718221981029 253.34938300000067 208
1718221991058 253.36151000000064 209
1718222001087 253.39293100000032 210
