1718219894028 34.1 0
1718219904047 37.9 1
1718219914066 38.0 2
1718219924088 37.9 3
1718219934107 38.1 4
1718219944128 38.1 5
1718219954153 38.1 6
1718219964186 38.1 7
1718219974212 38.1 8
1718219984246 38.2 9
1718219994286 38.2 10
1718220004312 38.3 11
1718220014340 38.3 12
1718220024360 38.3 13
1718220034392 38.3 14
1718220044422 38.0 15
1718220054448 38.0 16
1718220064473 38.0 17
1718220074501 38.0 18
1718220084525 38.1 19
1718220094559 38.0 20
1718220104591 38.1 21
1718220114612 38.1 22
1718220124638 38.1 23
1718220134669 38.1 24
1718220144690 37.9 25
1718220154717 38.1 26
1718220164736 38.1 27
1718220174765 38.0 28
1718220184788 37.9 29
1718220194810 37.9 30
1718220204831 38.0 31
1718220214856 38.0 32
1718220224880 38.2 33
1718220234906 38.2 34
1718220244928 38.6 35
1718220254950 38.2 36
1718220264978 38.2 37
1718220275009 38.4 38
1718220285038 38.3 39
1718220295061 38.8 40
1718220305085 38.7 41
1718220315108 38.7 42
1718220325143 38.9 43
1718220335172 38.9 44
1718220345196 39.0 45
1718220355221 39.2 46
1718220365242 39.0 47
1718220375261 39.2 48
1718220385282 39.0 49
1718220395312 39.1 50
1718220405351 39.3 51
1718220415381 39.5 52
1718220425401 41.4 53
1718220435423 40.9 54
1718220445446 40.9 55
1718220455473 41.0 56
1718220465498 41.0 57
1718220475530 41.1 58
1718220485553 41.1 59
1718220495580 41.2 60
1718220505612 41.1 61
1718220515638 40.9 62
1718220525669 41.1 63
1718220535725 39.5 64
1718220545755 39.4 65
1718220555787 39.6 66
1718220565815 39.7 67
1718220575844 39.7 68
1718220585882 39.7 69
1718220595907 39.7 70
1718220605931 39.5 71
1718220615952 40.1 72
1718220625972 40.8 73
1718220635996 40.7 74
1718220646033 40.6 75
1718220656057 40.1 76
1718220666079 40.1 77
1718220676103 40.2 78
1718220686386 40.4 79
1718220696439 40.4 80
1718220706471 40.5 81
1718220716494 40.6 82
1718220726536 40.7 83
1718220736585 40.7 84
1718220746608 40.5 85
1718220756637 40.4 86
1718220766671 40.5 87
1718220776696 40.5 88
1718220786727 40.5 89
1718220796754 40.5 90
1718220806786 40.9 91
1718220816821 40.7 92
1718220826846 40.8 93
1718220836879 40.8 94
1718220846914 40.5 95
1718220856939 40.5 96
1718220866961 41.1 97
1718220876992 41.0 98
1718220887024 40.5 99
1718220897055 40.2 100
1718220907086 40.3 101
1718220917151 40.3 102
1718220927180 40.2 103
1718220937211 40.4 104
1718220947236 40.1 105
1718220957262 40.1 106
1718220967295 40.4 107
1718220977320 40.6 108
1718220987358 40.5 109
1718220997383 40.5 110
1718221007466 40.3 111
1718221017501 40.3 112
1718221027537 40.5 113
1718221037585 40.4 114
1718221047622 40.5 115
1718221057655 40.3 116
1718221067688 40.3 117
1718221077760 40.4 118
1718221087841 40.4 119
1718221097874 40.4 120
1718221107912 40.4 121
1718221117987 40.3 122
1718221128023 40.3 123
1718221138055 40.4 124
1718221148151 40.3 125
1718221158175 40.4 126
1718221168202 40.5 127
1718221178250 40.6 128
1718221188280 40.6 129
1718221198316 40.6 130
1718221208349 40.6 131
1718221218381 40.7 132
1718221228413 40.6 133
1718221238498 40.7 134
1718221248519 40.7 135
1718221258543 40.6 136
1718221268567 40.6 137
1718221278591 40.7 138
1718221288633 40.9 139
1718221298660 41.3 140
1718221308694 40.9 141
1718221318737 40.7 142
1718221328766 40.7 143
1718221338798 40.6 144
1718221348827 40.6 145
1718221358853 40.8 146
1718221368884 40.8 147
1718221378911 40.7 148
1718221388935 40.7 149
1718221398967 41.0 150
1718221408991 40.9 151
1718221419015 40.9 152
1718221429042 41.0 153
1718221439072 41.0 154
1718221449103 40.4 155
1718221459131 40.4 156
1718221469155 41.0 157
1718221479180 40.7 158
1718221489205 41.1 159
1718221499241 41.1 160
1718221509275 41.2 161
1718221519306 42.6 162
1718221529334 43.4 163
1718221539374 43.5 164
1718221549438 43.9 165
1718221559479 41.4 166
1718221569522 41.3 167
1718221579559 41.4 168
1718221589590 41.2 169
1718221599621 41.3 170
1718221609649 41.3 171
1718221619676 41.2 172
1718221629724 41.1 173
1718221639759 41.2 174
1718221649849 41.1 175
1718221659879 41.1 176
1718221669902 41.2 177
1718221679931 41.2 178
1718221689956 41.2 179
1718221700031 41.3 180
1718221710056 41.1 181
1718221720080 41.1 182
1718221730110 41.2 183
1718221740147 41.2 184
1718221750172 41.2 185
1718221760210 41.2 186
1718221770241 41.2 187
1718221780275 41.3 188
1718221790298 40.6 189
1718221800323 40.9 190
1718221810349 41.1 191
1718221820373 41.0 192
1718221830464 41.0 193
1718221840490 40.7 194
1718221850536 41.1 195
1718221860615 41.4 196
1718221870640 41.2 197
1718221880665 41.3 198
1718221890692 41.1 199
1718221900730 41.0 200
1718221910767 40.9 201
1718221920796 40.9 202
1718221930823 40.7 203
1718221940858 40.9 204
1718221950913 41.2 205
1718221960951 41.1 206
1718221970988 41.3 207
1718221981029 41.1 208
1718221991058 40.8 209
1718222001087 40.8 210
