1718219894028 11448.0 0
1718219904047 12718.4 1
1718219914066 12730.5 2
1718219924088 12725.5 3
1718219934107 12765.1 4
1718219944128 12780.6 5
1718219954153 12791.7 6
1718219964186 12781.8 7
1718219974212 12790.0 8
1718219984246 12794.5 9
1718219994286 12816.1 10
1718220004312 12838.8 11
1718220014340 12836.7 12
1718220024360 12834.9 13
1718220034392 12850.0 14
1718220044422 12733.9 15
1718220054448 12742.8 16
1718220064473 12739.9 17
1718220074501 12734.9 18
1718220084525 12769.5 19
1718220094559 12757.8 20
1718220104591 12765.7 21
1718220114612 12773.3 22
1718220124638 12793.0 23
1718220134669 12782.0 24
1718220144690 12724.6 25
1718220154717 12768.9 26
1718220164736 12762.9 27
1718220174765 12734.5 28
1718220184788 12724.4 29
1718220194810 12700.4 30
1718220204831 12740.3 31
1718220214856 12733.9 32
1718220224880 12797.9 33
1718220234906 12811.0 34
1718220244928 12937.1 35
1718220254950 12816.4 36
1718220264978 12827.4 37
1718220275009 12880.1 38
1718220285038 12861.1 39
1718220295061 13014.7 40
1718220305085 12973.4 41
1718220315108 12991.1 42
1718220325143 13048.0 43
1718220335172 13047.4 44
1718220345196 13082.1 45
1718220355221 13129.9 46
1718220365242 13077.0 47
1718220375261 13132.5 48
1718220385282 13074.5 49
1718220395312 13117.8 50
1718220405351 13172.1 51
1718220415381 13247.6 52
1718220425401 13868.4 53
1718220435423 13733.3 54
1718220445446 13732.8 55
1718220455473 13741.3 56
1718220465498 13746.4 57
1718220475530 13768.8 58
1718220485553 13799.2 59
1718220495580 13805.3 60
1718220505612 13775.9 61
1718220515638 13726.8 62
1718220525669 13781.4 63
1718220535725 13253.8 64
1718220545755 13201.9 65
1718220555787 13288.5 66
1718220565815 13311.5 67
1718220575844 13301.3 68
1718220585882 13310.1 69
1718220595907 13325.4 70
1718220605931 13246.0 71
1718220615952 13445.2 72
1718220625972 13694.1 73
1718220635996 13654.8 74
1718220646033 13615.4 75
1718220656057 13464.1 76
1718220666079 13451.5 77
1718220676103 13486.8 78
1718220686386 13563.5 79
1718220696439 13550.5 80
1718220706471 13597.5 81
1718220716494 13626.5 82
1718220726536 13640.0 83
1718220736585 13639.9 84
1718220746608 13587.4 85
1718220756637 13561.0 86
1718220766671 13569.1 87
1718220776696 13578.7 88
1718220786727 13591.1 89
1718220796754 13589.1 90
1718220806786 13721.4 91
1718220816821 13658.3 92
1718220826846 13687.2 93
1718220836879 13688.2 94
1718220846914 13571.2 95
1718220856939 13577.8 96
1718220866961 13788.3 97
1718220876992 13759.2 98
1718220887024 13597.9 99
1718220897055 13485.9 100
1718220907086 13502.3 101
1718220917151 13504.0 102
1718220927180 13497.1 103
1718220937211 13532.9 104
1718220947236 13438.5 105
1718220957262 13437.5 106
1718220967295 13544.7 107
1718220977320 13606.0 108
1718220987358 13586.3 109
1718220997383 13570.8 110
1718221007466 13514.1 111
1718221017501 13516.5 112
1718221027537 13569.3 113
1718221037585 13545.3 114
1718221047622 13576.3 115
1718221057655 13520.2 116
1718221067688 13502.1 117
1718221077760 13550.5 118
1718221087841 13552.1 119
1718221097874 13552.8 120
1718221107912 13539.2 121
1718221117987 13528.7 122
1718221128023 13523.3 123
1718221138055 13543.4 124
1718221148151 13531.3 125
1718221158175 13555.4 126
1718221168202 13576.3 127
1718221178250 13614.0 128
1718221188280 13605.7 129
1718221198316 13630.8 130
1718221208349 13617.7 131
1718221218381 13656.0 132
1718221228413 13627.9 133
1718221238498 13635.5 134
1718221248519 13648.4 135
1718221258543 13628.3 136
1718221268567 13625.2 137
1718221278591 13665.3 138
1718221288633 13706.8 139
1718221298660 13855.1 140
1718221308694 13700.3 141
1718221318737 13665.4 142
1718221328766 13639.4 143
1718221338798 13624.7 144
1718221348827 13621.6 145
1718221358853 13696.1 146
1718221368884 13667.5 147
1718221378911 13665.3 148
1718221388935 13657.9 149
1718221398967 13751.7 150
1718221408991 13716.5 151
1718221419015 13716.7 152
1718221429042 13757.9 153
1718221439072 13744.5 154
1718221449103 13543.3 155
1718221459131 13553.9 156
1718221469155 13746.2 157
1718221479180 13636.4 158
1718221489205 13794.9 159
1718221499241 13790.4 160
1718221509275 13832.1 161
1718221519306 14272.1 162
1718221529334 14555.1 163
1718221539374 14603.7 164
1718221549438 14736.1 165
1718221559479 13889.9 166
1718221569522 13838.2 167
1718221579559 13879.6 168
1718221589590 13805.7 169
1718221599621 13856.1 170
1718221609649 13835.9 171
1718221619676 13805.0 172
1718221629724 13800.4 173
1718221639759 13813.1 174
1718221649849 13788.1 175
1718221659879 13799.6 176
1718221669902 13807.8 177
1718221679931 13824.1 178
1718221689956 13811.8 179
1718221700031 13837.3 180
1718221710056 13777.7 181
1718221720080 13782.6 182
1718221730110 13801.7 183
1718221740147 13832.5 184
1718221750172 13817.6 185
1718221760210 13825.1 186
1718221770241 13827.4 187
1718221780275 13864.9 188
1718221790298 13625.8 189
1718221800323 13713.8 190
1718221810349 13768.7 191
1718221820373 13735.2 192
1718221830464 13766.6 193
1718221840490 13641.3 194
1718221850536 13792.2 195
1718221860615 13896.4 196
1718221870640 13832.3 197
1718221880665 13844.9 198
1718221890692 13768.0 199
1718221900730 13762.4 200
1718221910767 13706.5 201
1718221920796 13720.7 202
1718221930823 13662.1 203
1718221940858 13720.2 204
1718221950913 13820.5 205
1718221960951 13782.4 206
1718221970988 13850.7 207
1718221981029 13798.0 208
1718221991058 13676.6 209
1718222001087 13688.2 210
