1717943985140 0.0 0
1717943995168 6.0 1
1717944005183 5.8 2
1717944015194 6.0 3
1717944025213 6.2 4
1717944035231 5.8 5
1717944045253 6.0 6
1717944055268 6.1 7
1717944065288 6.1 8
1717944075320 6.1 9
1717944085335 6.1 10
1717944095375 5.8 11
1717944105388 6.0 12
1717944115401 5.8 13
1717944125418 5.8 14
1717944135431 6.2 15
1717944145444 6.1 16
1717944155465 5.9 17
1717944165479 6.0 18
1717944175496 6.0 19
1717944185518 6.0 20
1717944195541 5.8 21
1717944205563 6.2 22
1717944215586 6.3 23
1717944225622 5.9 24
1717944235636 6.1 25
1717944245659 6.1 26
1717944255676 5.9 27
1717944265696 5.9 28
1717944275709 6.0 29
1717944285727 5.9 30
1717944295740 6.0 31
1717944305760 6.1 32
1717944315773 5.7 33
1717944325805 6.2 34
1717944335819 6.0 35
1717944345833 6.0 36
1717944355847 6.0 37
1717944365861 6.1 38
1717944375874 6.0 39
1717944385887 6.2 40
1717944395904 5.8 41
1717944405924 5.8 42
1717944415939 6.1 43
1717944425953 6.0 44
1717944435976 5.7 45
1717944445990 6.1 46
1717944456006 5.9 47
1717944466020 6.0 48
1717944476034 6.8 49
1717944486052 7.0 50
1717944496075 7.0 51
1717944506099 6.5 52
1717944516116 7.1 53
1717944526130 8.3 54
1717944536155 8.8 55
1717944546172 8.2 56
1717944556193 7.1 57
1717944566212 9.8 58
1717944576229 10.8 59
1717944586248 11.0 60
1717944596265 10.8 61
1717944606280 12.3 62
1717944616295 12.3 63
1717944626310 11.5 64
1717944636325 11.2 65
1717944646343 7.5 66
1717944656374 6.5 67
1717944666391 7.4 68
1717944676406 7.9 69
1717944686422 7.7 70
1717944696438 7.8 71
1717944706453 7.6 72
1717944716471 6.5 73
1717944726486 7.3 74
1717944736501 6.4 75
1717944746516 6.4 76
1717944756531 6.2 77
1717944766548 5.8 78
1717944776563 6.1 79
1717944786578 6.4 80
1717944796593 6.2 81
1717944806609 6.0 82
1717944816625 6.2 83
1717944826640 9.2 84
1717944836656 7.5 85
1717944846672 7.0 86
1717944856690 6.5 87
1717944866706 7.7 88
1717944876722 6.3 89
1717944886736 6.7 90
1717944896752 7.3 91
1717944906783 7.9 92
1717944916808 8.4 93
1717944926833 7.1 94
1717944936849 7.1 95
1717944946865 6.4 96
1717944956886 6.4 97
1717944966901 7.2 98
1717944976922 6.7 99
1717944986943 7.6 100
1717944996962 7.4 101
1717945006978 7.3 102
1717945016994 8.4 103
1717945027014 7.3 104
1717945037030 7.0 105
1717945047046 7.1 106
1717945057062 7.1 107
1717945067663 6.9 108
1717945077806 8.1 109
1717945087821 8.0 110
1717945097837 6.8 111
1717945107911 7.4 112
1717945117933 6.5 113
1717945127956 6.1 114
1717945137979 6.3 115
1717945148003 7.5 116
1717945158025 10.1 117
1717945168044 10.7 118
1717945178094 9.8 119
1717945188113 10.0 120
1717945198166 10.1 121
1717945208183 10.1 122
1717945218257 10.0 123
1717945228316 7.5 124
1717945238335 7.0 125
1717945248361 7.1 126
1717945258444 7.3 127
1717945268474 7.5 128
1717945278503 6.8 129
1717945288523 6.9 130
1717945298543 6.5 131
1717945308561 6.5 132
1717945318631 7.5 133
1717945328651 9.0 134
1717945338672 7.8 135
1717945348699 10.3 136
1717945358718 10.4 137
1717945368737 12.0 138
1717945378795 10.1 139
1717945388816 8.3 140
1717945398889 8.5 141
1717945408911 7.7 142
1717945418930 7.8 143
1717945428958 8.3 144
1717945438978 7.3 145
1717945449005 8.7 146
1717945459096 8.4 147
1717945469117 9.0 148
1717945479160 8.9 149
1717945489178 8.5 150
1717945499245 8.9 151
1717945509271 8.5 152
1717945519292 9.4 153
1717945529313 9.1 154
1717945539330 9.4 155
1717945549353 9.0 156
1717945559373 8.9 157
1717945569388 9.3 158
1717945579416 7.9 159
1717945589495 7.4 160
1717945599529 6.4 161
1717945609555 6.5 162
1717945619579 6.5 163
1717945629602 6.9 164
1717945639625 6.8 165
1717945649697 6.7 166
1717945659715 6.6 167
1717945669737 6.8 168
1717945679761 6.2 169
1717945689783 6.8 170
1717945699811 6.6 171
1717945709834 6.5 172
1717945719868 6.6 173
1717945729949 6.6 174
1717945740034 6.8 175
1717945750065 7.9 176
1717945760088 11.6 177
1717945770116 13.7 178
1717945780141 12.0 179
1717945790159 12.9 180
1717945800177 12.4 181
1717945810196 12.8 182
1717945820213 11.8 183
1717945830233 11.8 184
1717945840306 9.2 185
1717945850336 8.8 186
1717945860355 9.4 187
1717945870373 9.9 188
1717945880400 9.3 189
1717945890418 8.6 190
1717945900435 8.3 191
1717945910521 8.4 192
1717945920539 9.0 193
1717945930562 8.5 194
1717945940581 8.6 195
1717945950599 8.6 196
1717945960617 8.8 197
1717945970635 8.4 198
1717945980696 8.2 199
1717945990712 8.3 200
1717946000736 8.3 201
1717946010755 8.3 202
1717946020772 8.2 203
1717946030821 8.3 204
1717946040857 8.6 205
1717946050882 8.4 206
1717946060907 8.5 207
1717946070925 8.4 208
1717946080944 8.8 209
1717946090963 9.3 210
1717946101026 8.3 211
1717946111045 10.9 212
1717946121064 10.8 213
1717946131090 10.5 214
1717946141108 8.8 215
1717946151137 8.8 216
1717946161166 8.2 217
1717946171184 8.7 218
1717946181203 8.7 219
1717946191278 7.1 220
1717946201303 9.0 221
1717946211322 8.3 222
1717946221341 8.7 223
1717946231359 7.7 224
1717946241378 8.9 225
1717946251396 8.3 226
1717946261416 7.6 227
1717946271486 7.8 228
1717946281562 6.5 229
1717946291580 6.9 230
1717946301600 8.2 231
1717946311619 7.0 232
1717946321691 7.4 233
1717946331762 6.5 234
1717946341856 6.6 235
1717946351881 8.7 236
1717946361919 9.8 237
1717946371940 9.0 238
1717946381956 10.3 239
1717946391973 13.5 240
1717946401993 12.9 241
1717946412018 14.3 242
1717946422041 13.2 243
1717946432062 12.6 244
1717946442089 13.3 245
1717946452113 12.7 246
1717946462138 10.7 247
1717946472159 8.9 248
1717946482186 9.2 249
1717946492263 9.4 250
1717946502334 10.0 251
1717946512408 8.6 252
1717946522431 8.5 253
1717946532451 8.4 254
1717946542514 8.9 255
1717946552591 8.8 256
1717946562662 8.7 257
1717946572689 8.4 258
1717946582720 8.7 259
1717946592748 8.6 260
1717946602779 8.7 261
1717946612857 8.2 262
1717946622878 8.1 263
1717946632903 8.3 264
1717946642925 11.1 265
1717946652946 8.3 266
1717946663014 6.9 267
1717946673040 7.5 268
1717946683063 9.5 269
1717946693082 10.2 270
1717946703102 9.0 271
1717946713125 9.4 272
1717946723155 8.2 273
1717946733184 10.3 274
1717946743215 14.4 275
1717946753242 13.6 276
1717946763264 12.1 277
1717946773285 12.1 278
1717946783315 11.3 279
1717946793407 11.9 280
1717946803482 12.8 281
1717946813519 13.2 282
1717946823598 13.0 283
1717946833623 11.9 284
1717946843648 12.8 285
1717946853674 12.1 286
1717946863698 13.7 287
1717946873720 11.8 288
1717946883800 12.6 289
1717946893818 12.7 290
1717946903854 12.7 291
1717946913879 12.4 292
1717946923908 12.5 293
1717946933935 12.8 294
1717946944017 13.0 295
1717946954040 12.3 296
1717946964073 13.0 297
1717946974106 13.2 298
1717946984132 11.6 299
1717946994159 11.4 300
1717947004181 12.9 301
1717947014213 12.9 302
1717947024246 13.2 303
1717947034275 13.8 304
1717947044295 16.3 305
1717947054321 15.8 306
1717947064347 15.1 307
1717947074372 19.3 308
1717947084398 18.9 309
1717947094418 17.0 310
1717947104441 17.8 311
1717947114464 15.7 312
1717947124487 13.4 313
1717947134516 12.8 314
1717947144543 13.4 315
1717947154569 12.7 316
1717947164647 13.1 317
1717947174677 12.3 318
1717947184698 10.3 319
1717947194716 7.0 320
1717947204737 6.5 321
1717947214758 6.4 322
1717947224787 6.7 323
1717947234815 6.8 324
1717947244839 6.7 325
1717947254860 6.4 326
1717947264891 7.0 327
1717947274913 6.3 328
1717947284936 6.4 329
1717947294959 6.6 330
1717947305026 6.5 331
1717947315118 6.5 332
1717947325144 7.0 333
1717947335168 6.6 334
1717947345191 8.1 335
1717947355214 12.6 336
1717947365240 13.5 337
1717947375279 13.0 338
1717947385301 12.3 339
1717947395326 9.8 340
1717947405357 7.3 341
1717947415442 9.9 342
1717947425501 12.7 343
1717947435576 13.2 344
1717947445598 13.0 345
1717947455634 13.8 346
1717947465661 13.8 347
