1717943985140 82.1 0
1717943995168 82.1 1
1717944005183 82.1 2
1717944015194 82.1 3
1717944025213 82.1 4
1717944035231 82.1 5
1717944045253 82.1 6
1717944055268 82.1 7
1717944065288 82.1 8
1717944075320 82.1 9
1717944085335 82.1 10
1717944095375 82.1 11
1717944105388 82.1 12
1717944115401 82.1 13
1717944125418 82.1 14
1717944135431 82.1 15
1717944145444 82.1 16
1717944155465 82.1 17
1717944165479 82.1 18
1717944175496 82.1 19
1717944185518 82.1 20
1717944195541 82.1 21
1717944205563 82.1 22
1717944215586 82.1 23
1717944225622 82.1 24
1717944235636 82.1 25
1717944245659 82.1 26
1717944255676 82.1 27
1717944265696 82.1 28
1717944275709 82.1 29
1717944285727 82.1 30
1717944295740 82.1 31
1717944305760 82.1 32
1717944315773 82.1 33
1717944325805 82.1 34
1717944335819 82.1 35
1717944345833 82.1 36
1717944355847 82.1 37
1717944365861 82.1 38
1717944375874 82.1 39
1717944385887 82.1 40
1717944395904 82.1 41
1717944405924 82.1 42
1717944415939 82.1 43
1717944425953 82.1 44
1717944435976 82.1 45
1717944445990 82.1 46
1717944456006 82.1 47
1717944466020 82.1 48
1717944476034 82.1 49
1717944486052 82.1 50
1717944496075 82.1 51
1717944506099 82.1 52
1717944516116 82.1 53
1717944526130 82.1 54
1717944536155 82.1 55
1717944546172 82.1 56
1717944556193 82.1 57
1717944566212 82.3 58
1717944576229 82.3 59
1717944586248 82.3 60
1717944596265 82.3 61
1717944606280 82.3 62
1717944616295 82.3 63
1717944626310 82.3 64
1717944636325 82.3 65
1717944646343 82.3 66
1717944656374 82.3 67
1717944666391 82.3 68
1717944676406 82.3 69
1717944686422 82.3 70
1717944696438 82.3 71
1717944706453 82.3 72
1717944716471 82.3 73
1717944726486 82.3 74
1717944736501 82.3 75
1717944746516 82.3 76
1717944756531 82.3 77
1717944766548 82.3 78
1717944776563 82.3 79
1717944786578 82.3 80
1717944796593 82.3 81
1717944806609 82.3 82
1717944816625 82.3 83
1717944826640 82.3 84
1717944836656 82.3 85
1717944846672 82.3 86
1717944856690 82.3 87
1717944866706 82.3 88
1717944876722 82.3 89
1717944886736 82.3 90
1717944896752 82.3 91
1717944906783 82.3 92
1717944916808 82.3 93
1717944926833 82.3 94
1717944936849 82.3 95
1717944946865 82.3 96
1717944956886 82.3 97
1717944966901 82.3 98
1717944976922 82.3 99
1717944986943 82.3 100
1717944996962 82.3 101
1717945006978 82.3 102
1717945016994 82.3 103
1717945027014 82.3 104
1717945037030 82.3 105
1717945047046 82.3 106
1717945057062 82.3 107
1717945067663 82.3 108
1717945077806 82.3 109
1717945087821 82.3 110
1717945097837 82.3 111
1717945107911 82.3 112
1717945117933 82.3 113
1717945127956 82.3 114
1717945137979 82.3 115
1717945148003 82.4 116
1717945158025 82.4 117
1717945168044 82.4 118
1717945178094 82.4 119
1717945188113 82.4 120
1717945198166 82.4 121
1717945208183 82.4 122
1717945218257 82.4 123
1717945228316 82.4 124
1717945238335 82.4 125
1717945248361 82.4 126
1717945258444 82.4 127
1717945268474 82.4 128
1717945278503 82.4 129
1717945288523 82.4 130
1717945298543 82.4 131
1717945308561 82.4 132
1717945318631 82.4 133
1717945328651 82.4 134
1717945338672 82.4 135
1717945348699 82.4 136
1717945358718 82.4 137
1717945368737 82.4 138
1717945378795 82.4 139
1717945388816 82.4 140
1717945398889 82.4 141
1717945408911 82.4 142
1717945418930 82.4 143
1717945428958 82.4 144
1717945438978 82.4 145
1717945449005 82.4 146
1717945459096 82.4 147
1717945469117 82.4 148
1717945479160 82.4 149
1717945489178 82.4 150
1717945499245 82.4 151
1717945509271 82.4 152
1717945519292 82.4 153
1717945529313 82.4 154
1717945539330 82.4 155
1717945549353 82.4 156
1717945559373 82.4 157
1717945569388 82.4 158
1717945579416 82.4 159
1717945589495 82.4 160
1717945599529 82.4 161
1717945609555 82.4 162
1717945619579 82.4 163
1717945629602 82.4 164
1717945639625 82.4 165
1717945649697 82.4 166
1717945659715 82.4 167
1717945669737 82.4 168
1717945679761 82.4 169
1717945689783 82.4 170
1717945699811 82.4 171
1717945709834 82.4 172
1717945719868 82.4 173
1717945729949 82.4 174
1717945740034 82.4 175
1717945750065 82.4 176
1717945760088 82.6 177
1717945770116 82.6 178
1717945780141 82.6 179
1717945790159 82.6 180
1717945800177 82.6 181
1717945810196 82.6 182
1717945820213 82.6 183
1717945830233 82.6 184
1717945840306 82.6 185
1717945850336 82.6 186
1717945860355 82.6 187
1717945870373 82.6 188
1717945880400 82.6 189
1717945890418 82.6 190
1717945900435 82.6 191
1717945910521 82.6 192
1717945920539 82.6 193
1717945930562 82.6 194
1717945940581 82.6 195
1717945950599 82.6 196
1717945960617 82.6 197
1717945970635 82.6 198
1717945980696 82.6 199
1717945990712 82.6 200
1717946000736 82.6 201
1717946010755 82.6 202
1717946020772 82.6 203
1717946030821 82.6 204
1717946040857 82.6 205
1717946050882 82.6 206
1717946060907 82.6 207
1717946070925 82.6 208
1717946080944 82.6 209
1717946090963 82.6 210
1717946101026 82.6 211
1717946111045 82.6 212
1717946121064 82.6 213
1717946131090 82.6 214
1717946141108 82.6 215
1717946151137 82.6 216
1717946161166 82.6 217
1717946171184 82.6 218
1717946181203 82.6 219
1717946191278 82.6 220
1717946201303 82.6 221
1717946211322 82.6 222
1717946221341 82.6 223
1717946231359 82.6 224
1717946241378 82.6 225
1717946251396 82.6 226
1717946261416 82.6 227
1717946271486 82.6 228
1717946281562 82.6 229
1717946291580 82.6 230
1717946301600 82.6 231
1717946311619 82.6 232
1717946321691 82.6 233
1717946331762 82.6 234
1717946341856 82.6 235
1717946351881 82.6 236
1717946361919 82.6 237
1717946371940 82.6 238
1717946381956 82.8 239
1717946391973 82.8 240
1717946401993 82.8 241
1717946412018 82.8 242
1717946422041 82.8 243
1717946432062 82.8 244
1717946442089 82.8 245
1717946452113 82.8 246
1717946462138 82.8 247
1717946472159 82.8 248
1717946482186 82.8 249
1717946492263 82.8 250
1717946502334 82.8 251
1717946512408 82.8 252
1717946522431 82.8 253
1717946532451 82.8 254
1717946542514 82.8 255
1717946552591 82.8 256
1717946562662 82.8 257
1717946572689 82.8 258
1717946582720 82.8 259
1717946592748 82.8 260
1717946602779 82.8 261
1717946612857 82.8 262
1717946622878 82.8 263
1717946632903 82.8 264
1717946642925 82.8 265
1717946652946 82.8 266
1717946663014 82.8 267
1717946673040 82.8 268
1717946683063 82.8 269
1717946693082 82.8 270
1717946703102 82.8 271
1717946713125 82.8 272
1717946723155 82.8 273
1717946733184 82.8 274
1717946743215 82.8 275
1717946753242 82.8 276
1717946763264 82.8 277
1717946773285 82.8 278
1717946783315 82.8 279
1717946793407 82.8 280
1717946803482 82.8 281
1717946813519 82.8 282
1717946823598 82.8 283
1717946833623 82.8 284
1717946843648 82.8 285
1717946853674 82.8 286
1717946863698 82.8 287
1717946873720 82.8 288
1717946883800 82.8 289
1717946893818 82.8 290
1717946903854 82.8 291
1717946913879 82.8 292
1717946923908 82.8 293
1717946933935 82.8 294
1717946944017 82.8 295
1717946954040 82.8 296
1717946964073 82.8 297
1717946974106 82.8 298
1717946984132 82.8 299
1717946994159 82.8 300
1717947004181 82.8 301
1717947014213 82.8 302
1717947024246 82.8 303
1717947034275 82.9 304
1717947044295 82.9 305
1717947054321 82.9 306
1717947064347 82.9 307
1717947074372 82.9 308
1717947084398 82.9 309
1717947094418 82.9 310
1717947104441 82.9 311
1717947114464 82.9 312
1717947124487 82.9 313
1717947134516 82.9 314
1717947144543 82.9 315
1717947154569 82.9 316
1717947164647 82.9 317
1717947174677 82.9 318
1717947184698 82.9 319
1717947194716 82.9 320
1717947204737 82.9 321
1717947214758 82.9 322
1717947224787 82.9 323
1717947234815 82.9 324
1717947244839 82.9 325
1717947254860 82.9 326
1717947264891 82.9 327
1717947274913 82.9 328
1717947284936 82.9 329
1717947294959 82.9 330
1717947305026 82.9 331
1717947315118 82.9 332
1717947325144 82.9 333
1717947335168 82.9 334
1717947345191 82.9 335
1717947355214 82.9 336
1717947365240 82.9 337
1717947375279 82.9 338
1717947385301 82.9 339
1717947395326 82.9 340
1717947405357 82.9 341
1717947415442 82.9 342
1717947425501 82.9 343
1717947435576 82.9 344
1717947445598 82.9 345
1717947455634 82.9 346
1717947465661 82.9 347
