1717943985140 766049.6 0
1717943995168 766050.5 1
1717944005183 766050.5 2
1717944015194 766050.5 3
1717944025213 766050.5 4
1717944035231 766050.5 5
1717944045253 766050.2 6
1717944055268 766050.2 7
1717944065288 766050.2 8
1717944075320 766050.2 9
1717944085335 766050.2 10
1717944095375 766050.2 11
1717944105388 766050.2 12
1717944115401 766050.2 13
1717944125418 766050.2 14
1717944135431 766050.2 15
1717944145444 766050.2 16
1717944155465 766050.2 17
1717944165479 766050.2 18
1717944175496 766050.2 19
1717944185518 766050.2 20
1717944195541 766050.3 21
1717944205563 766050.3 22
1717944215586 766050.3 23
1717944225622 766050.3 24
1717944235636 766050.3 25
1717944245659 766050.3 26
1717944255676 766050.3 27
1717944265696 766050.3 28
1717944275709 766050.3 29
1717944285727 766050.2 30
1717944295740 766050.3 31
1717944305760 766050.3 32
1717944315773 766050.3 33
1717944325805 766050.3 34
1717944335819 766050.3 35
1717944345833 766050.3 36
1717944355847 766050.3 37
1717944365861 766050.3 38
1717944375874 766050.3 39
1717944385887 766050.3 40
1717944395904 766050.3 41
1717944405924 766050.3 42
1717944415939 766050.3 43
1717944425953 766050.3 44
1717944435976 766050.3 45
1717944445990 766050.3 46
1717944456006 766050.3 47
1717944466020 766050.3 48
1717944476034 766053.1 49
1717944486052 766053.1 50
1717944496075 766053.1 51
1717944506099 766053.1 52
1717944516116 766053.1 53
1717944526130 766053.1 54
1717944536155 766053.1 55
1717944546172 766055.9 56
1717944556193 766055.9 57
1717944566212 767555.3 58
1717944576229 767555.3 59
1717944586248 767555.3 60
1717944596265 767555.3 61
1717944606280 767559.7 62
1717944616295 767561.9 63
1717944626310 767562.9 64
1717944636325 767563.1 65
1717944646343 767563.0 66
1717944656374 767563.0 67
1717944666391 767563.0 68
1717944676406 767562.5 69
1717944686422 767576.5 70
1717944696438 767554.3 71
1717944706453 767554.3 72
1717944716471 767554.5 73
1717944726486 767554.5 74
1717944736501 767554.5 75
1717944746516 767554.6 76
1717944756531 767554.6 77
1717944766548 767554.6 78
1717944776563 767554.6 79
1717944786578 767554.6 80
1717944796593 767554.5 81
1717944806609 767554.6 82
1717944816625 767554.6 83
1717944826640 767554.6 84
1717944836656 767554.6 85
1717944846672 767554.6 86
1717944856690 767554.6 87
1717944866706 767554.6 88
1717944876722 767554.6 89
1717944886736 767554.6 90
1717944896752 767554.5 91
1717944906783 767554.6 92
1717944916808 767554.6 93
1717944926833 767554.6 94
1717944936849 767554.6 95
1717944946865 767554.6 96
1717944956886 767554.6 97
1717944966901 767554.6 98
1717944976922 767554.7 99
1717944986943 767555.9 100
1717944996962 767555.9 101
1717945006978 767556.1 102
1717945016994 767556.7 103
1717945027014 767556.9 104
1717945037030 767556.9 105
1717945047046 767556.9 106
1717945057062 767557.0 107
1717945067663 767557.0 108
1717945077806 767557.0 109
1717945087821 767557.0 110
1717945097837 767557.0 111
1717945107911 767557.0 112
1717945117933 767557.0 113
1717945127956 767557.0 114
1717945137979 767557.0 115
1717945148003 769056.4 116
1717945158025 769056.4 117
1717945168044 769056.4 118
1717945178094 769056.4 119
1717945188113 769056.4 120
1717945198166 769056.4 121
1717945208183 769056.4 122
1717945218257 769056.4 123
1717945228316 769056.4 124
1717945238335 769056.4 125
1717945248361 769056.6 126
1717945258444 769056.5 127
1717945268474 769056.5 128
1717945278503 769056.7 129
1717945288523 769056.9 130
1717945298543 769057.0 131
1717945308561 769057.0 132
1717945318631 769057.4 133
1717945328651 769057.4 134
1717945338672 769057.5 135
1717945348699 769057.5 136
1717945358718 769061.8 137
1717945368737 769052.8 138
1717945378795 769058.5 139
1717945388816 769059.2 140
1717945398889 769059.4 141
1717945408911 769059.6 142
1717945418930 769059.8 143
1717945428958 769059.8 144
1717945438978 769059.8 145
1717945449005 769060.2 146
1717945459096 769060.2 147
1717945469117 769059.6 148
1717945479160 769056.6 149
1717945489178 769057.6 150
1717945499245 769058.4 151
1717945509271 769059.3 152
1717945519292 769056.4 153
1717945529313 769057.2 154
1717945539330 769058.8 155
1717945549353 769059.7 156
1717945559373 769056.4 157
1717945569388 769056.5 158
1717945579416 769056.5 159
1717945589495 769056.5 160
1717945599529 769056.5 161
1717945609555 769056.5 162
1717945619579 769056.5 163
1717945629602 769056.5 164
1717945639625 769056.5 165
1717945649697 769056.5 166
1717945659715 769056.5 167
1717945669737 769056.5 168
1717945679761 769056.5 169
1717945689783 769056.6 170
1717945699811 769056.6 171
1717945709834 769056.6 172
1717945719868 769056.6 173
1717945729949 769056.6 174
1717945740034 769056.6 175
1717945750065 769056.6 176
1717945760088 770556.0 177
1717945770116 770556.1 178
1717945780141 770556.2 179
1717945790159 770557.6 180
1717945800177 770558.4 181
1717945810196 770558.6 182
1717945820213 770558.8 183
1717945830233 770559.5 184
1717945840306 770556.9 185
1717945850336 770557.0 186
1717945860355 770558.0 187
1717945870373 770558.7 188
1717945880400 770556.4 189
1717945890418 770556.4 190
1717945900435 770556.4 191
1717945910521 770556.4 192
1717945920539 770556.4 193
1717945930562 770556.4 194
1717945940581 770556.4 195
1717945950599 770556.4 196
1717945960617 770556.4 197
1717945970635 770556.4 198
1717945980696 770556.4 199
1717945990712 770556.4 200
1717946000736 770556.4 201
1717946010755 770556.4 202
1717946020772 770556.4 203
1717946030821 770556.5 204
1717946040857 770556.7 205
1717946050882 770556.7 206
1717946060907 770556.7 207
1717946070925 770556.8 208
1717946080944 770558.0 209
1717946090963 770558.7 210
1717946101026 770558.8 211
1717946111045 770558.8 212
1717946121064 770558.8 213
1717946131090 770558.8 214
1717946141108 770558.8 215
1717946151137 770558.8 216
1717946161166 770558.8 217
1717946171184 770559.1 218
1717946181203 770558.4 219
1717946191278 770558.4 220
1717946201303 770556.0 221
1717946211322 770556.1 222
1717946221341 770556.4 223
1717946231359 770556.4 224
1717946241378 770555.9 225
1717946251396 770556.1 226
1717946261416 770556.0 227
1717946271486 770555.9 228
1717946281562 770555.8 229
1717946291580 770555.8 230
1717946301600 770555.8 231
1717946311619 770555.8 232
1717946321691 770555.8 233
1717946331762 770555.8 234
1717946341856 770555.8 235
1717946351881 770555.8 236
1717946361919 770555.9 237
1717946371940 770556.6 238
1717946381956 772057.5 239
1717946391973 772057.9 240
1717946401993 772055.2 241
1717946412018 772055.3 242
1717946422041 772055.2 243
1717946432062 772055.3 244
1717946442089 772056.8 245
1717946452113 772058.3 246
1717946462138 772055.6 247
1717946472159 772056.8 248
1717946482186 772057.9 249
1717946492263 772058.0 250
1717946502334 772058.0 251
1717946512408 772058.0 252
1717946522431 772057.9 253
1717946532451 772058.0 254
1717946542514 772058.0 255
1717946552591 772058.0 256
1717946562662 772058.0 257
1717946572689 772058.0 258
1717946582720 772058.0 259
1717946592748 772057.9 260
1717946602779 772058.0 261
1717946612857 772058.0 262
1717946622878 772058.0 263
1717946632903 772058.0 264
1717946642925 772058.1 265
1717946652946 772062.3 266
1717946663014 772062.3 267
1717946673040 772062.3 268
1717946683063 772062.8 269
1717946693082 772062.8 270
1717946703102 772062.8 271
1717946713125 772062.4 272
1717946723155 772062.4 273
1717946733184 772062.6 274
1717946743215 772065.8 275
1717946753242 772068.5 276
1717946763264 772068.6 277
1717946773285 772069.1 278
1717946783315 772069.2 279
1717946793407 772069.2 280
1717946803482 772072.0 281
1717946813519 772072.2 282
1717946823598 772072.5 283
1717946833623 772070.0 284
1717946843648 772070.1 285
1717946853674 772070.2 286
1717946863698 772070.3 287
1717946873720 772070.5 288
1717946883800 772070.7 289
1717946893818 772071.4 290
1717946903854 772071.8 291
1717946913879 772072.4 292
1717946923908 772073.1 293
1717946933935 772073.6 294
1717946944017 772073.8 295
1717946954040 772073.8 296
1717946964073 772073.8 297
1717946974106 772072.9 298
1717946984132 772069.7 299
1717946994159 772069.7 300
1717947004181 772069.9 301
1717947014213 772070.1 302
1717947024246 772070.2 303
1717947034275 773569.6 304
1717947044295 773569.7 305
1717947054321 773569.7 306
1717947064347 773569.7 307
1717947074372 773570.5 308
1717947084398 773570.5 309
1717947094418 773570.6 310
1717947104441 773570.7 311
1717947114464 773570.7 312
1717947124487 773566.7 313
1717947134516 773567.0 314
1717947144543 773565.5 315
1717947154569 773565.9 316
1717947164647 773566.0 317
1717947174677 773565.9 318
1717947184698 773566.0 319
1717947194716 773566.0 320
1717947204737 773566.0 321
1717947214758 773566.0 322
1717947224787 773566.0 323
1717947234815 773566.0 324
1717947244839 773566.0 325
1717947254860 773566.0 326
1717947264891 773566.0 327
1717947274913 773566.0 328
1717947284936 773566.0 329
1717947294959 773566.0 330
1717947305026 773566.0 331
1717947315118 773566.0 332
1717947325144 773566.0 333
1717947335168 773566.0 334
1717947345191 773566.0 335
1717947355214 773566.0 336
1717947365240 773566.0 337
1717947375279 773566.0 338
1717947385301 773566.0 339
1717947395326 773566.0 340
1717947405357 773566.0 341
1717947415442 773566.0 342
1717947425501 773566.1 343
1717947435576 773566.2 344
1717947445598 773566.2 345
1717947455634 773566.2 346
1717947465661 773566.4 347
