1717943985140 166771.2 0
1717943995168 166770.4 1
1717944005183 166770.4 2
1717944015194 166770.3 3
1717944025213 166770.3 4
1717944035231 166770.3 5
1717944045253 166770.6 6
1717944055268 166770.6 7
1717944065288 166770.6 8
1717944075320 166770.6 9
1717944085335 166770.6 10
1717944095375 166770.6 11
1717944105388 166770.6 12
1717944115401 166770.6 13
1717944125418 166770.6 14
1717944135431 166770.6 15
1717944145444 166770.6 16
1717944155465 166770.6 17
1717944165479 166770.6 18
1717944175496 166770.6 19
1717944185518 166770.6 20
1717944195541 166770.6 21
1717944205563 166770.6 22
1717944215586 166770.6 23
1717944225622 166770.6 24
1717944235636 166770.6 25
1717944245659 166770.6 26
1717944255676 166770.6 27
1717944265696 166770.6 28
1717944275709 166770.6 29
1717944285727 166770.6 30
1717944295740 166770.6 31
1717944305760 166770.6 32
1717944315773 166770.6 33
1717944325805 166770.5 34
1717944335819 166770.5 35
1717944345833 166770.5 36
1717944355847 166770.6 37
1717944365861 166770.5 38
1717944375874 166770.5 39
1717944385887 166770.5 40
1717944395904 166770.5 41
1717944405924 166770.5 42
1717944415939 166770.5 43
1717944425953 166770.6 44
1717944435976 166770.5 45
1717944445990 166770.5 46
1717944456006 166770.5 47
1717944466020 166770.5 48
1717944476034 166767.7 49
1717944486052 166767.7 50
1717944496075 166767.7 51
1717944506099 166767.7 52
1717944516116 166767.7 53
1717944526130 166767.7 54
1717944536155 166767.7 55
1717944546172 166764.9 56
1717944556193 166764.9 57
1717944566212 165265.5 58
1717944576229 165265.5 59
1717944586248 165265.5 60
1717944596265 165265.5 61
1717944606280 165261.1 62
1717944616295 165258.9 63
1717944626310 165257.9 64
1717944636325 165257.7 65
1717944646343 165257.8 66
1717944656374 165257.8 67
1717944666391 165257.8 68
1717944676406 165258.3 69
1717944686422 165244.3 70
1717944696438 165266.6 71
1717944706453 165266.5 72
1717944716471 165266.3 73
1717944726486 165266.3 74
1717944736501 165266.3 75
1717944746516 165266.3 76
1717944756531 165266.3 77
1717944766548 165266.3 78
1717944776563 165266.3 79
1717944786578 165266.3 80
1717944796593 165266.3 81
1717944806609 165266.3 82
1717944816625 165266.3 83
1717944826640 165266.3 84
1717944836656 165266.3 85
1717944846672 165266.2 86
1717944856690 165266.3 87
1717944866706 165266.3 88
1717944876722 165266.3 89
1717944886736 165266.3 90
1717944896752 165266.3 91
1717944906783 165266.3 92
1717944916808 165266.2 93
1717944926833 165266.2 94
1717944936849 165266.2 95
1717944946865 165266.2 96
1717944956886 165266.2 97
1717944966901 165266.2 98
1717944976922 165266.1 99
1717944986943 165264.9 100
1717944996962 165264.9 101
1717945006978 165264.7 102
1717945016994 165264.1 103
1717945027014 165263.9 104
1717945037030 165263.9 105
1717945047046 165263.9 106
1717945057062 165263.9 107
1717945067663 165263.8 108
1717945077806 165263.8 109
1717945087821 165263.8 110
1717945097837 165263.8 111
1717945107911 165263.8 112
1717945117933 165263.8 113
1717945127956 165263.8 114
1717945137979 165263.8 115
1717945148003 163764.4 116
1717945158025 163764.4 117
1717945168044 163764.4 118
1717945178094 163764.4 119
1717945188113 163764.4 120
1717945198166 163764.4 121
1717945208183 163764.4 122
1717945218257 163764.4 123
1717945228316 163764.4 124
1717945238335 163764.4 125
1717945248361 163764.3 126
1717945258444 163764.3 127
1717945268474 163764.3 128
1717945278503 163764.1 129
1717945288523 163763.9 130
1717945298543 163763.8 131
1717945308561 163763.8 132
1717945318631 163763.4 133
1717945328651 163763.4 134
1717945338672 163763.3 135
1717945348699 163763.3 136
1717945358718 163759.0 137
1717945368737 163768.0 138
1717945378795 163762.3 139
1717945388816 163761.6 140
1717945398889 163761.4 141
1717945408911 163761.2 142
1717945418930 163761.0 143
1717945428958 163761.0 144
1717945438978 163761.0 145
1717945449005 163760.6 146
1717945459096 163760.6 147
1717945469117 163761.2 148
1717945479160 163764.2 149
1717945489178 163763.3 150
1717945499245 163762.4 151
1717945509271 163761.5 152
1717945519292 163764.4 153
1717945529313 163763.6 154
1717945539330 163762.1 155
1717945549353 163761.1 156
1717945559373 163764.4 157
1717945569388 163764.3 158
1717945579416 163764.3 159
1717945589495 163764.3 160
1717945599529 163764.3 161
1717945609555 163764.3 162
1717945619579 163764.3 163
1717945629602 163764.3 164
1717945639625 163764.3 165
1717945649697 163764.3 166
1717945659715 163764.3 167
1717945669737 163764.3 168
1717945679761 163764.3 169
1717945689783 163764.3 170
1717945699811 163764.3 171
1717945709834 163764.3 172
1717945719868 163764.3 173
1717945729949 163764.3 174
1717945740034 163764.3 175
1717945750065 163764.3 176
1717945760088 162264.9 177
1717945770116 162264.7 178
1717945780141 162264.6 179
1717945790159 162263.2 180
1717945800177 162262.4 181
1717945810196 162262.2 182
1717945820213 162262.1 183
1717945830233 162261.3 184
1717945840306 162263.9 185
1717945850336 162263.9 186
1717945860355 162262.8 187
1717945870373 162262.1 188
1717945880400 162264.4 189
1717945890418 162264.4 190
1717945900435 162264.4 191
1717945910521 162264.4 192
1717945920539 162264.4 193
1717945930562 162264.4 194
1717945940581 162264.4 195
1717945950599 162264.4 196
1717945960617 162264.4 197
1717945970635 162264.4 198
1717945980696 162264.4 199
1717945990712 162264.4 200
1717946000736 162264.4 201
1717946010755 162264.4 202
1717946020772 162264.4 203
1717946030821 162264.3 204
1717946040857 162264.1 205
1717946050882 162264.1 206
1717946060907 162264.1 207
1717946070925 162264.1 208
1717946080944 162262.8 209
1717946090963 162262.1 210
1717946101026 162262.0 211
1717946111045 162262.0 212
1717946121064 162262.0 213
1717946131090 162262.0 214
1717946141108 162262.0 215
1717946151137 162262.0 216
1717946161166 162262.0 217
1717946171184 162261.7 218
1717946181203 162262.4 219
1717946191278 162262.4 220
1717946201303 162264.8 221
1717946211322 162264.7 222
1717946221341 162264.4 223
1717946231359 162264.4 224
1717946241378 162264.9 225
1717946251396 162264.7 226
1717946261416 162264.8 227
1717946271486 162265.0 228
1717946281562 162265.0 229
1717946291580 162265.0 230
1717946301600 162265.0 231
1717946311619 162265.0 232
1717946321691 162265.0 233
1717946331762 162265.0 234
1717946341856 162265.0 235
1717946351881 162265.0 236
1717946361919 162264.9 237
1717946371940 162264.2 238
1717946381956 160763.3 239
1717946391973 160762.9 240
1717946401993 160765.6 241
1717946412018 160765.6 242
1717946422041 160765.6 243
1717946432062 160765.6 244
1717946442089 160764.0 245
1717946452113 160762.5 246
1717946462138 160765.2 247
1717946472159 160764.0 248
1717946482186 160762.9 249
1717946492263 160762.9 250
1717946502334 160762.9 251
1717946512408 160762.9 252
1717946522431 160762.9 253
1717946532451 160762.9 254
1717946542514 160762.9 255
1717946552591 160762.9 256
1717946562662 160762.8 257
1717946572689 160762.8 258
1717946582720 160762.8 259
1717946592748 160762.9 260
1717946602779 160762.8 261
1717946612857 160762.8 262
1717946622878 160762.8 263
1717946632903 160762.8 264
1717946642925 160762.7 265
1717946652946 160758.5 266
1717946663014 160758.5 267
1717946673040 160758.5 268
1717946683063 160758.0 269
1717946693082 160758.0 270
1717946703102 160758.0 271
1717946713125 160758.4 272
1717946723155 160758.4 273
1717946733184 160758.3 274
1717946743215 160755.1 275
1717946753242 160752.3 276
1717946763264 160752.2 277
1717946773285 160751.8 278
1717946783315 160751.6 279
1717946793407 160751.6 280
1717946803482 160748.8 281
1717946813519 160748.6 282
1717946823598 160748.3 283
1717946833623 160750.9 284
1717946843648 160750.8 285
1717946853674 160750.6 286
1717946863698 160750.6 287
1717946873720 160750.3 288
1717946883800 160750.1 289
1717946893818 160749.4 290
1717946903854 160749.0 291
1717946913879 160748.4 292
1717946923908 160747.7 293
1717946933935 160747.2 294
1717946944017 160747.0 295
1717946954040 160747.0 296
1717946964073 160747.0 297
1717946974106 160747.9 298
1717946984132 160751.1 299
1717946994159 160751.1 300
1717947004181 160751.0 301
1717947014213 160750.8 302
1717947024246 160750.6 303
1717947034275 159251.2 304
1717947044295 159251.2 305
1717947054321 159251.2 306
1717947064347 159251.2 307
1717947074372 159250.3 308
1717947084398 159250.3 309
1717947094418 159250.2 310
1717947104441 159250.2 311
1717947114464 159250.1 312
1717947124487 159254.1 313
1717947134516 159253.9 314
1717947144543 159255.3 315
1717947154569 159254.9 316
1717947164647 159254.9 317
1717947174677 159254.9 318
1717947184698 159254.9 319
1717947194716 159254.8 320
1717947204737 159254.8 321
1717947214758 159254.8 322
1717947224787 159254.8 323
1717947234815 159254.8 324
1717947244839 159254.9 325
1717947254860 159254.8 326
1717947264891 159254.8 327
1717947274913 159254.8 328
1717947284936 159254.8 329
1717947294959 159254.8 330
1717947305026 159254.8 331
1717947315118 159254.8 332
1717947325144 159254.8 333
1717947335168 159254.8 334
1717947345191 159254.8 335
1717947355214 159254.8 336
1717947365240 159254.8 337
1717947375279 159254.8 338
1717947385301 159254.8 339
1717947395326 159254.8 340
1717947405357 159254.8 341
1717947415442 159254.8 342
1717947425501 159254.8 343
1717947435576 159254.6 344
1717947445598 159254.6 345
1717947455634 159254.6 346
1717947465661 159254.4 347
