1717943985140 2052.5 0
1717943995168 8769.4 1
1717944005183 8769.4 2
1717944015194 8769.4 3
1717944025213 8775.1 4
1717944035231 8769.4 5
1717944045253 8775.1 6
1717944055268 8769.4 7
1717944065288 8753.0 8
1717944075320 8749.8 9
1717944085335 8749.8 10
1717944095375 8749.8 11
1717944105388 8749.8 12
1717944115401 8755.6 13
1717944125418 8749.8 14
1717944135431 8755.6 15
1717944145444 8749.8 16
1717944155465 8749.8 17
1717944165479 8749.8 18
1717944175496 8749.8 19
1717944185518 8749.8 20
1717944195541 8674.8 21
1717944205563 8674.8 22
1717944215586 8680.7 23
1717944225622 8674.9 24
1717944235636 8680.7 25
1717944245659 8674.9 26
1717944255676 8672.4 27
1717944265696 8672.4 28
1717944275709 8672.4 29
1717944285727 8678.1 30
1717944295740 8672.4 31
1717944305760 8678.1 32
1717944315773 8672.4 33
1717944325805 8672.4 34
1717944335819 8672.4 35
1717944345833 8672.4 36
1717944355847 8678.1 37
1717944365861 8627.0 38
1717944375874 8629.1 39
1717944385887 8634.8 40
1717944395904 8629.1 41
1717944405924 8605.1 42
1717944415939 8599.4 43
1717944425953 8599.4 44
1717944435976 8599.4 45
1717944445990 8599.4 46
1717944456006 8605.1 47
1717944466020 8599.4 48
1717944476034 8707.2 49
1717944486052 8716.5 50
1717944496075 8644.3 51
1717944506099 8618.0 52
1717944516116 8620.3 53
1717944526130 8617.7 54
1717944536155 8646.7 55
1717944546172 8660.1 56
1717944556193 8600.0 57
1717944566212 8639.7 58
1717944576229 8640.1 59
1717944586248 8614.4 60
1717944596265 8627.3 61
1717944606280 8707.6 62
1717944616295 8723.8 63
1717944626310 8695.4 64
1717944636325 8708.5 65
1717944646343 8711.6 66
1717944656374 8694.5 67
1717944666391 8679.8 68
1717944676406 8667.0 69
1717944686422 8653.8 70
1717944696438 8661.6 71
1717944706453 8669.2 72
1717944716471 8677.9 73
1717944726486 8694.3 74
1717944736501 8673.6 75
1717944746516 8656.5 76
1717944756531 8656.5 77
1717944766548 8650.7 78
1717944776563 8653.8 79
1717944786578 8650.7 80
1717944796593 8650.7 81
1717944806609 8650.7 82
1717944816625 8630.8 83
1717944826640 8817.8 84
1717944836656 8687.8 85
1717944846672 8754.0 86
1717944856690 8652.4 87
1717944866706 8664.8 88
1717944876722 8633.8 89
1717944886736 8648.5 90
1717944896752 8679.7 91
1717944906783 8673.8 92
1717944916808 8878.6 93
1717944926833 8804.8 94
1717944936849 8731.2 95
1717944946865 8687.1 96
1717944956886 8678.4 97
1717944966901 8731.2 98
1717944976922 8755.2 99
1717944986943 8744.8 100
1717944996962 8745.7 101
1717945006978 8744.2 102
1717945016994 8735.2 103
1717945027014 8776.3 104
1717945037030 8768.5 105
1717945047046 8774.0 106
1717945057062 8775.1 107
1717945067663 8757.2 108
1717945077806 8786.8 109
1717945087821 8969.6 110
1717945097837 8871.0 111
1717945107911 8778.5 112
1717945117933 8771.4 113
1717945127956 8749.6 114
1717945137979 8749.6 115
1717945148003 8748.0 116
1717945158025 8732.8 117
1717945168044 8738.6 118
1717945178094 8727.0 119
1717945188113 8727.0 120
1717945198166 8727.0 121
1717945208183 8727.0 122
1717945218257 8732.7 123
1717945228316 8824.1 124
1717945238335 8885.8 125
1717945248361 8856.7 126
1717945258444 8808.4 127
1717945268474 8806.9 128
1717945278503 8791.7 129
1717945288523 8853.4 130
1717945298543 8828.0 131
1717945308561 8841.4 132
1717945318631 8844.1 133
1717945328651 8844.0 134
1717945338672 8842.5 135
1717945348699 8843.0 136
1717945358718 8838.4 137
1717945368737 9030.5 138
1717945378795 8835.5 139
1717945388816 8836.5 140
1717945398889 8894.0 141
1717945408911 8900.7 142
1717945418930 8810.7 143
1717945428958 8848.4 144
1717945438978 8850.2 145
1717945449005 8733.9 146
1717945459096 8733.5 147
1717945469117 8870.4 148
1717945479160 8854.1 149
1717945489178 8779.5 150
1717945499245 8852.4 151
1717945509271 8775.8 152
1717945519292 8839.7 153
1717945529313 8832.0 154
1717945539330 8834.8 155
1717945549353 8844.1 156
1717945559373 8821.0 157
1717945569388 8849.1 158
1717945579416 8836.9 159
1717945589495 8814.9 160
1717945599529 8797.7 161
1717945609555 8800.6 162
1717945619579 8796.2 163
1717945629602 8789.6 164
1717945639625 8783.2 165
1717945649697 8783.2 166
1717945659715 8783.2 167
1717945669737 8765.6 168
1717945679761 8765.6 169
1717945689783 8765.2 170
1717945699811 8765.2 171
1717945709834 8765.2 172
1717945719868 8662.6 173
1717945729949 8649.5 174
1717945740034 8655.3 175
1717945750065 8708.2 176
1717945760088 8737.1 177
1717945770116 8755.8 178
1717945780141 8746.4 179
1717945790159 8738.8 180
1717945800177 8677.9 181
1717945810196 8671.5 182
1717945820213 8679.5 183
1717945830233 8738.2 184
1717945840306 8686.2 185
1717945850336 8704.4 186
1717945860355 8698.9 187
1717945870373 8646.1 188
1717945880400 8634.3 189
1717945890418 8640.0 190
1717945900435 8632.1 191
1717945910521 8637.6 192
1717945920539 8632.2 193
1717945930562 8637.6 194
1717945940581 8631.8 195
1717945950599 8637.6 196
1717945960617 8641.1 197
1717945970635 8631.8 198
1717945980696 8631.8 199
1717945990712 8631.8 200
1717946000736 8631.8 201
1717946010755 8631.8 202
1717946020772 8606.3 203
1717946030821 8623.6 204
1717946040857 8634.6 205
1717946050882 8613.9 206
1717946060907 8613.9 207
1717946070925 8624.5 208
1717946080944 8622.7 209
1717946090963 8689.1 210
1717946101026 8658.8 211
1717946111045 8727.6 212
1717946121064 8751.6 213
1717946131090 8810.2 214
1717946141108 8726.5 215
1717946151137 8731.2 216
1717946161166 8771.4 217
1717946171184 8820.6 218
1717946181203 8763.8 219
1717946191278 8843.8 220
1717946201303 8772.4 221
1717946211322 8855.5 222
1717946221341 8774.8 223
1717946231359 8846.6 224
1717946241378 8792.5 225
1717946251396 8801.6 226
1717946261416 8878.7 227
1717946271486 8792.4 228
1717946281562 8792.1 229
1717946291580 8792.1 230
1717946301600 8819.4 231
1717946311619 8807.4 232
1717946321691 8766.6 233
1717946331762 8766.6 234
1717946341856 8766.6 235
1717946351881 8794.1 236
1717946361919 8875.1 237
1717946371940 8831.8 238
1717946381956 8829.7 239
1717946391973 8864.9 240
1717946401993 8836.3 241
1717946412018 8758.4 242
1717946422041 8772.8 243
1717946432062 8784.6 244
1717946442089 8755.7 245
1717946452113 8763.5 246
1717946462138 8806.2 247
1717946472159 8755.1 248
1717946482186 8806.7 249
1717946492263 8852.7 250
1717946502334 8785.4 251
1717946512408 8756.8 252
1717946522431 8756.8 253
1717946532451 8756.8 254
1717946542514 8756.8 255
1717946552591 8770.0 256
1717946562662 8753.8 257
1717946572689 8753.8 258
1717946582720 8753.8 259
1717946592748 8753.8 260
1717946602779 8753.8 261
1717946612857 8753.8 262
1717946622878 8714.0 263
1717946632903 8714.0 264
1717946642925 8784.2 265
1717946652946 8780.2 266
1717946663014 8741.3 267
1717946673040 8761.6 268
1717946683063 8983.6 269
1717946693082 8852.2 270
1717946703102 8830.1 271
1717946713125 8942.1 272
1717946723155 8942.6 273
1717946733184 8930.2 274
1717946743215 8967.5 275
1717946753242 9058.9 276
1717946763264 8950.1 277
1717946773285 8877.2 278
1717946783315 8867.3 279
1717946793407 8864.9 280
1717946803482 8930.9 281
1717946813519 8889.5 282
1717946823598 8931.7 283
1717946833623 8911.9 284
1717946843648 8859.4 285
1717946853674 8872.1 286
1717946863698 8938.3 287
1717946873720 8919.8 288
1717946883800 8911.1 289
1717946893818 8902.0 290
1717946903854 8949.2 291
1717946913879 8960.0 292
1717946923908 8931.2 293
1717946933935 8879.6 294
1717946944017 8964.6 295
1717946954040 8939.0 296
1717946964073 8958.2 297
1717946974106 8977.9 298
1717946984132 8869.8 299
1717946994159 8928.4 300
1717947004181 8949.1 301
1717947014213 8963.0 302
1717947024246 8964.7 303
1717947034275 8910.7 304
1717947044295 8910.7 305
1717947054321 8884.6 306
1717947064347 8841.8 307
1717947074372 8892.0 308
1717947084398 8891.5 309
1717947094418 8942.5 310
1717947104441 8967.3 311
1717947114464 8937.8 312
1717947124487 8891.4 313
1717947134516 8920.9 314
1717947144543 8913.7 315
1717947154569 8912.2 316
1717947164647 8888.1 317
1717947174677 8838.3 318
1717947184698 8858.8 319
1717947194716 8833.1 320
1717947204737 8833.1 321
1717947214758 8794.3 322
1717947224787 8690.1 323
1717947234815 8690.1 324
1717947244839 8690.1 325
1717947254860 8684.6 326
1717947264891 8684.6 327
1717947274913 8684.6 328
1717947284936 8684.6 329
1717947294959 8684.6 330
1717947305026 8684.6 331
1717947315118 8684.6 332
1717947325144 8684.6 333
1717947335168 8684.6 334
1717947345191 8739.4 335
1717947355214 8827.0 336
1717947365240 8750.9 337
1717947375279 8740.4 338
1717947385301 8745.8 339
1717947395326 8773.6 340
1717947405357 8712.2 341
1717947415442 8831.2 342
1717947425501 8736.1 343
1717947435576 8738.3 344
1717947445598 8727.8 345
1717947455634 8842.2 346
1717947465661 8799.4 347
