1717943985140 6.0 0
1717943995168 95.0 1
1717944005183 96.0 2
1717944015194 97.0 3
1717944025213 97.0 4
1717944035231 95.0 5
1717944045253 97.0 6
1717944055268 97.0 7
1717944065288 96.0 8
1717944075320 97.0 9
1717944085335 96.0 10
1717944095375 97.0 11
1717944105388 97.0 12
1717944115401 97.0 13
1717944125418 97.0 14
1717944135431 97.0 15
1717944145444 96.0 16
1717944155465 97.0 17
1717944165479 95.0 18
1717944175496 93.0 19
1717944185518 97.0 20
1717944195541 96.0 21
1717944205563 97.0 22
1717944215586 97.0 23
1717944225622 96.0 24
1717944235636 97.0 25
1717944245659 97.0 26
1717944255676 94.0 27
1717944265696 97.0 28
1717944275709 96.0 29
1717944285727 97.0 30
1717944295740 97.0 31
1717944305760 95.0 32
1717944315773 97.0 33
1717944325805 96.0 34
1717944335819 95.0 35
1717944345833 97.0 36
1717944355847 93.0 37
1717944365861 93.0 38
1717944375874 95.0 39
1717944385887 97.0 40
1717944395904 95.0 41
1717944405924 97.0 42
1717944415939 96.0 43
1717944425953 97.0 44
1717944435976 97.0 45
1717944445990 95.0 46
1717944456006 97.0 47
1717944466020 94.0 48
1717944476034 97.0 49
1717944486052 95.0 50
1717944496075 95.0 51
1717944506099 96.0 52
1717944516116 97.0 53
1717944526130 94.0 54
1717944536155 97.0 55
1717944546172 97.0 56
1717944556193 91.0 57
1717944566212 97.0 58
1717944576229 97.0 59
1717944586248 97.0 60
1717944596265 96.0 61
1717944606280 96.0 62
1717944616295 94.0 63
1717944626310 93.0 64
1717944636325 96.0 65
1717944646343 96.0 66
1717944656374 95.0 67
1717944666391 95.0 68
1717944676406 97.0 69
1717944686422 97.0 70
1717944696438 96.0 71
1717944706453 97.0 72
1717944716471 95.0 73
1717944726486 95.0 74
1717944736501 97.0 75
1717944746516 91.0 76
1717944756531 97.0 77
1717944766548 95.0 78
1717944776563 97.0 79
1717944786578 96.0 80
1717944796593 97.0 81
1717944806609 96.0 82
1717944816625 96.0 83
1717944826640 97.0 84
1717944836656 95.0 85
1717944846672 97.0 86
1717944856690 95.0 87
1717944866706 96.0 88
1717944876722 97.0 89
1717944886736 97.0 90
1717944896752 97.0 91
1717944906783 97.0 92
1717944916808 96.0 93
1717944926833 95.0 94
1717944936849 92.0 95
1717944946865 93.0 96
1717944956886 96.0 97
1717944966901 94.0 98
1717944976922 95.0 99
1717944986943 96.0 100
1717944996962 95.0 101
1717945006978 97.0 102
1717945016994 96.0 103
1717945027014 96.0 104
1717945037030 97.0 105
1717945047046 94.0 106
1717945057062 96.0 107
1717945067663 97.0 108
1717945077806 0.0 109
1717945087821 96.0 110
1717945097837 94.0 111
1717945107911 95.0 112
1717945117933 97.0 113
1717945127956 96.0 114
1717945137979 92.0 115
1717945148003 96.0 116
1717945158025 95.0 117
1717945168044 95.0 118
1717945178094 97.0 119
1717945188113 97.0 120
1717945198166 97.0 121
1717945208183 96.0 122
1717945218257 96.0 123
1717945228316 97.0 124
1717945238335 96.0 125
1717945248361 96.0 126
1717945258444 97.0 127
1717945268474 97.0 128
1717945278503 97.0 129
1717945288523 95.0 130
1717945298543 96.0 131
1717945308561 97.0 132
1717945318631 95.0 133
1717945328651 91.0 134
1717945338672 92.0 135
1717945348699 98.0 136
1717945358718 98.0 137
1717945368737 98.0 138
1717945378795 96.0 139
1717945388816 98.0 140
1717945398889 95.0 141
1717945408911 96.0 142
1717945418930 97.0 143
1717945428958 96.0 144
1717945438978 96.0 145
1717945449005 98.0 146
1717945459096 97.0 147
1717945469117 97.0 148
1717945479160 97.0 149
1717945489178 97.0 150
1717945499245 96.0 151
1717945509271 96.0 152
1717945519292 96.0 153
1717945529313 97.0 154
1717945539330 92.0 155
1717945549353 89.0 156
1717945559373 97.0 157
1717945569388 97.0 158
1717945579416 96.0 159
1717945589495 96.0 160
1717945599529 96.0 161
1717945609555 96.0 162
1717945619579 96.0 163
1717945629602 96.0 164
1717945639625 96.0 165
1717945649697 96.0 166
1717945659715 96.0 167
1717945669737 96.0 168
1717945679761 95.0 169
1717945689783 96.0 170
1717945699811 96.0 171
1717945709834 97.0 172
1717945719868 96.0 173
1717945729949 97.0 174
1717945740034 92.0 175
1717945750065 95.0 176
1717945760088 95.0 177
1717945770116 97.0 178
1717945780141 97.0 179
1717945790159 97.0 180
1717945800177 97.0 181
1717945810196 97.0 182
1717945820213 96.0 183
1717945830233 96.0 184
1717945840306 97.0 185
1717945850336 96.0 186
1717945860355 97.0 187
1717945870373 96.0 188
1717945880400 97.0 189
1717945890418 97.0 190
1717945900435 97.0 191
1717945910521 97.0 192
1717945920539 97.0 193
1717945930562 97.0 194
1717945940581 97.0 195
1717945950599 92.0 196
1717945960617 93.0 197
1717945970635 96.0 198
1717945980696 97.0 199
1717945990712 97.0 200
1717946000736 97.0 201
1717946010755 97.0 202
1717946020772 97.0 203
1717946030821 97.0 204
1717946040857 98.0 205
1717946050882 97.0 206
1717946060907 97.0 207
1717946070925 96.0 208
1717946080944 97.0 209
1717946090963 97.0 210
1717946101026 96.0 211
1717946111045 97.0 212
1717946121064 98.0 213
1717946131090 97.0 214
1717946141108 97.0 215
1717946151137 97.0 216
1717946161166 97.0 217
1717946171184 92.0 218
1717946181203 96.0 219
1717946191278 97.0 220
1717946201303 96.0 221
1717946211322 96.0 222
1717946221341 96.0 223
1717946231359 95.0 224
1717946241378 96.0 225
1717946251396 98.0 226
1717946261416 96.0 227
1717946271486 97.0 228
1717946281562 96.0 229
1717946291580 97.0 230
1717946301600 96.0 231
1717946311619 96.0 232
1717946321691 96.0 233
1717946331762 96.0 234
1717946341856 96.0 235
1717946351881 96.0 236
1717946361919 95.0 237
1717946371940 92.0 238
1717946381956 97.0 239
1717946391973 97.0 240
1717946401993 97.0 241
1717946412018 97.0 242
1717946422041 96.0 243
1717946432062 95.0 244
1717946442089 96.0 245
1717946452113 96.0 246
1717946462138 97.0 247
1717946472159 97.0 248
1717946482186 98.0 249
1717946492263 97.0 250
1717946502334 97.0 251
1717946512408 97.0 252
1717946522431 98.0 253
1717946532451 97.0 254
1717946542514 97.0 255
1717946552591 97.0 256
1717946562662 97.0 257
1717946572689 97.0 258
1717946582720 95.0 259
1717946592748 97.0 260
1717946602779 97.0 261
1717946612857 98.0 262
1717946622878 97.0 263
1717946632903 98.0 264
1717946642925 97.0 265
1717946652946 97.0 266
1717946663014 96.0 267
1717946673040 96.0 268
1717946683063 97.0 269
1717946693082 97.0 270
1717946703102 97.0 271
1717946713125 98.0 272
1717946723155 97.0 273
1717946733184 95.0 274
1717946743215 98.0 275
1717946753242 97.0 276
1717946763264 97.0 277
1717946773285 98.0 278
1717946783315 97.0 279
1717946793407 94.0 280
1717946803482 92.0 281
1717946813519 97.0 282
1717946823598 97.0 283
1717946833623 98.0 284
1717946843648 98.0 285
1717946853674 95.0 286
1717946863698 97.0 287
1717946873720 97.0 288
1717946883800 97.0 289
1717946893818 97.0 290
1717946903854 97.0 291
1717946913879 97.0 292
1717946923908 96.0 293
1717946933935 97.0 294
1717946944017 97.0 295
1717946954040 98.0 296
1717946964073 96.0 297
1717946974106 97.0 298
1717946984132 98.0 299
1717946994159 98.0 300
1717947004181 97.0 301
1717947014213 98.0 302
1717947024246 95.0 303
1717947034275 97.0 304
1717947044295 97.0 305
1717947054321 96.0 306
1717947064347 97.0 307
1717947074372 97.0 308
1717947084398 97.0 309
1717947094418 97.0 310
1717947104441 98.0 311
1717947114464 97.0 312
1717947124487 97.0 313
1717947134516 97.0 314
1717947144543 97.0 315
1717947154569 96.0 316
1717947164647 97.0 317
1717947174677 97.0 318
1717947184698 96.0 319
1717947194716 96.0 320
1717947204737 96.0 321
1717947214758 96.0 322
1717947224787 96.0 323
1717947234815 92.0 324
1717947244839 93.0 325
1717947254860 96.0 326
1717947264891 96.0 327
1717947274913 96.0 328
1717947284936 96.0 329
1717947294959 96.0 330
1717947305026 96.0 331
1717947315118 96.0 332
1717947325144 96.0 333
1717947335168 96.0 334
1717947345191 96.0 335
1717947355214 98.0 336
1717947365240 97.0 337
1717947375279 97.0 338
1717947385301 97.0 339
1717947395326 98.0 340
1717947405357 97.0 341
1717947415442 97.0 342
1717947425501 97.0 343
1717947435576 97.0 344
1717947445598 94.0 345
1717947455634 88.0 346
1717947465661 98.0 347
