1717943985140 15.9 0
1717943995168 68.1 1
1717944005183 68.1 2
1717944015194 68.1 3
1717944025213 68.1 4
1717944035231 68.1 5
1717944045253 68.1 6
1717944055268 68.1 7
1717944065288 67.9 8
1717944075320 67.9 9
1717944085335 67.9 10
1717944095375 67.9 11
1717944105388 67.9 12
1717944115401 68.0 13
1717944125418 67.9 14
1717944135431 68.0 15
1717944145444 67.9 16
1717944155465 67.9 17
1717944165479 67.9 18
1717944175496 67.9 19
1717944185518 67.9 20
1717944195541 67.3 21
1717944205563 67.3 22
1717944215586 67.4 23
1717944225622 67.3 24
1717944235636 67.4 25
1717944245659 67.3 26
1717944255676 67.3 27
1717944265696 67.3 28
1717944275709 67.3 29
1717944285727 67.4 30
1717944295740 67.3 31
1717944305760 67.4 32
1717944315773 67.3 33
1717944325805 67.3 34
1717944335819 67.3 35
1717944345833 67.3 36
1717944355847 67.4 37
1717944365861 67.0 38
1717944375874 67.0 39
1717944385887 67.0 40
1717944395904 67.0 41
1717944405924 66.8 42
1717944415939 66.7 43
1717944425953 66.7 44
1717944435976 66.7 45
1717944445990 66.7 46
1717944456006 66.8 47
1717944466020 66.7 48
1717944476034 67.6 49
1717944486052 67.6 50
1717944496075 67.1 51
1717944506099 66.9 52
1717944516116 66.9 53
1717944526130 66.9 54
1717944536155 67.1 55
1717944546172 67.2 56
1717944556193 66.7 57
1717944566212 67.1 58
1717944576229 67.1 59
1717944586248 66.9 60
1717944596265 67.0 61
1717944606280 67.6 62
1717944616295 67.7 63
1717944626310 67.5 64
1717944636325 67.6 65
1717944646343 67.6 66
1717944656374 67.5 67
1717944666391 67.4 68
1717944676406 67.3 69
1717944686422 67.2 70
1717944696438 67.2 71
1717944706453 67.3 72
1717944716471 67.3 73
1717944726486 67.5 74
1717944736501 67.3 75
1717944746516 67.2 76
1717944756531 67.2 77
1717944766548 67.1 78
1717944776563 67.2 79
1717944786578 67.1 80
1717944796593 67.1 81
1717944806609 67.1 82
1717944816625 67.0 83
1717944826640 68.4 84
1717944836656 67.4 85
1717944846672 67.9 86
1717944856690 67.2 87
1717944866706 67.2 88
1717944876722 67.0 89
1717944886736 67.1 90
1717944896752 67.4 91
1717944906783 67.3 92
1717944916808 68.9 93
1717944926833 68.3 94
1717944936849 67.8 95
1717944946865 67.4 96
1717944956886 67.4 97
1717944966901 67.8 98
1717944976922 67.9 99
1717944986943 67.9 100
1717944996962 67.9 101
1717945006978 67.9 102
1717945016994 67.8 103
1717945027014 68.1 104
1717945037030 68.1 105
1717945047046 68.1 106
1717945057062 68.1 107
1717945067663 68.0 108
1717945077806 68.2 109
1717945087821 69.6 110
1717945097837 68.8 111
1717945107911 68.1 112
1717945117933 68.1 113
1717945127956 67.9 114
1717945137979 67.9 115
1717945148003 67.9 116
1717945158025 67.8 117
1717945168044 67.8 118
1717945178094 67.7 119
1717945188113 67.7 120
1717945198166 67.7 121
1717945208183 67.7 122
1717945218257 67.8 123
1717945228316 68.5 124
1717945238335 69.0 125
1717945248361 68.7 126
1717945258444 68.4 127
1717945268474 68.4 128
1717945278503 68.2 129
1717945288523 68.7 130
1717945298543 68.5 131
1717945308561 68.6 132
1717945318631 68.6 133
1717945328651 68.6 134
1717945338672 68.6 135
1717945348699 68.6 136
1717945358718 68.6 137
1717945368737 70.1 138
1717945378795 68.6 139
1717945388816 68.6 140
1717945398889 69.0 141
1717945408911 69.1 142
1717945418930 68.4 143
1717945428958 68.7 144
1717945438978 68.7 145
1717945449005 67.8 146
1717945459096 67.8 147
1717945469117 68.8 148
1717945479160 68.7 149
1717945489178 68.1 150
1717945499245 68.7 151
1717945509271 68.1 152
1717945519292 68.6 153
1717945529313 68.5 154
1717945539330 68.6 155
1717945549353 68.6 156
1717945559373 68.5 157
1717945569388 68.7 158
1717945579416 68.6 159
1717945589495 68.4 160
1717945599529 68.3 161
1717945609555 68.3 162
1717945619579 68.3 163
1717945629602 68.2 164
1717945639625 68.2 165
1717945649697 68.2 166
1717945659715 68.2 167
1717945669737 68.0 168
1717945679761 68.0 169
1717945689783 68.0 170
1717945699811 68.0 171
1717945709834 68.0 172
1717945719868 67.2 173
1717945729949 67.1 174
1717945740034 67.2 175
1717945750065 67.6 176
1717945760088 67.8 177
1717945770116 68.0 178
1717945780141 67.9 179
1717945790159 67.8 180
1717945800177 67.3 181
1717945810196 67.3 182
1717945820213 67.4 183
1717945830233 67.8 184
1717945840306 67.4 185
1717945850336 67.6 186
1717945860355 67.5 187
1717945870373 67.1 188
1717945880400 67.0 189
1717945890418 67.1 190
1717945900435 67.0 191
1717945910521 67.0 192
1717945920539 67.0 193
1717945930562 67.0 194
1717945940581 67.0 195
1717945950599 67.0 196
1717945960617 67.1 197
1717945970635 67.0 198
1717945980696 67.0 199
1717945990712 67.0 200
1717946000736 67.0 201
1717946010755 67.0 202
1717946020772 66.8 203
1717946030821 66.9 204
1717946040857 67.0 205
1717946050882 66.9 206
1717946060907 66.9 207
1717946070925 66.9 208
1717946080944 66.9 209
1717946090963 67.4 210
1717946101026 67.2 211
1717946111045 67.7 212
1717946121064 67.9 213
1717946131090 68.4 214
1717946141108 67.7 215
1717946151137 67.8 216
1717946161166 68.1 217
1717946171184 68.5 218
1717946181203 68.0 219
1717946191278 68.6 220
1717946201303 68.1 221
1717946211322 68.7 222
1717946221341 68.1 223
1717946231359 68.7 224
1717946241378 68.2 225
1717946251396 68.3 226
1717946261416 68.9 227
1717946271486 68.2 228
1717946281562 68.2 229
1717946291580 68.2 230
1717946301600 68.4 231
1717946311619 68.4 232
1717946321691 68.0 233
1717946331762 68.0 234
1717946341856 68.0 235
1717946351881 68.3 236
1717946361919 68.9 237
1717946371940 68.5 238
1717946381956 68.5 239
1717946391973 68.8 240
1717946401993 68.6 241
1717946412018 68.0 242
1717946422041 68.1 243
1717946432062 68.2 244
1717946442089 68.0 245
1717946452113 68.0 246
1717946462138 68.3 247
1717946472159 67.9 248
1717946482186 68.3 249
1717946492263 68.7 250
1717946502334 68.2 251
1717946512408 68.0 252
1717946522431 68.0 253
1717946532451 68.0 254
1717946542514 68.0 255
1717946552591 68.1 256
1717946562662 67.9 257
1717946572689 67.9 258
1717946582720 67.9 259
1717946592748 67.9 260
1717946602779 67.9 261
1717946612857 67.9 262
1717946622878 67.6 263
1717946632903 67.6 264
1717946642925 68.2 265
1717946652946 68.1 266
1717946663014 67.8 267
1717946673040 68.0 268
1717946683063 69.7 269
1717946693082 68.7 270
1717946703102 68.5 271
1717946713125 69.4 272
1717946723155 69.4 273
1717946733184 69.3 274
1717946743215 69.6 275
1717946753242 70.3 276
1717946763264 69.5 277
1717946773285 68.9 278
1717946783315 68.8 279
1717946793407 68.8 280
1717946803482 69.3 281
1717946813519 69.0 282
1717946823598 69.3 283
1717946833623 69.2 284
1717946843648 68.8 285
1717946853674 68.9 286
1717946863698 69.4 287
1717946873720 69.2 288
1717946883800 69.2 289
1717946893818 69.1 290
1717946903854 69.5 291
1717946913879 69.5 292
1717946923908 69.3 293
1717946933935 68.9 294
1717946944017 69.6 295
1717946954040 69.4 296
1717946964073 69.5 297
1717946974106 69.7 298
1717946984132 68.8 299
1717946994159 69.3 300
1717947004181 69.5 301
1717947014213 69.6 302
1717947024246 69.6 303
1717947034275 69.2 304
1717947044295 69.2 305
1717947054321 69.0 306
1717947064347 68.6 307
1717947074372 69.0 308
1717947084398 69.0 309
1717947094418 69.4 310
1717947104441 69.6 311
1717947114464 69.4 312
1717947124487 69.0 313
1717947134516 69.2 314
1717947144543 69.2 315
1717947154569 69.2 316
1717947164647 69.0 317
1717947174677 68.6 318
1717947184698 68.8 319
1717947194716 68.6 320
1717947204737 68.6 321
1717947214758 68.3 322
1717947224787 67.4 323
1717947234815 67.4 324
1717947244839 67.4 325
1717947254860 67.4 326
1717947264891 67.4 327
1717947274913 67.4 328
1717947284936 67.4 329
1717947294959 67.4 330
1717947305026 67.4 331
1717947315118 67.4 332
1717947325144 67.4 333
1717947335168 67.4 334
1717947345191 67.8 335
1717947355214 68.5 336
1717947365240 67.9 337
1717947375279 67.8 338
1717947385301 67.9 339
1717947395326 68.1 340
1717947405357 67.6 341
1717947415442 68.5 342
1717947425501 67.8 343
1717947435576 67.8 344
1717947445598 67.7 345
1717947455634 68.6 346
1717947465661 68.3 347
