1717943985140 0.0 0
1717943995168 0.007461999999577529 1
1717944005183 0.013424999999188003 2
1717944015194 0.023714999999356223 3
1717944025213 0.038705999999365304 4
1717944035231 0.04029399999853922 5
1717944045253 0.10528599999997823 6
1717944055268 0.11642899999969814 7
1717944065288 0.11797899999874062 8
1717944075320 0.13756499999908556 9
1717944085335 0.1445659999990312 10
1717944095375 0.1808549999987008 11
1717944105388 0.19402599999921222 12
1717944115401 0.20185299999866402 13
1717944125418 0.20455299999957788 14
1717944135431 0.2102789999989909 15
1717944145444 0.22001199999976961 16
1717944155465 0.22176299999955518 17
1717944165479 0.22516199999881792 18
1717944175496 0.22617999999965832 19
1717944185518 0.2283339999994496 20
1717944195541 0.2625609999995504 21
1717944205563 0.2826889999996638 22
1717944215586 0.31707299999834504 23
1717944225622 0.32544699999925797 24
1717944235636 0.3300389999985782 25
1717944245659 0.33430999999836786 26
1717944255676 0.3405849999999191 27
1717944265696 0.3484179999995831 28
1717944275709 0.35606799999914074 29
1717944285727 0.3585869999988063 30
1717944295740 0.35974699999860604 31
1717944305760 0.36057899999832443 32
1717944315773 0.3721419999983482 33
1717944325805 0.37505699999928765 34
1717944335819 0.37646899999890593 35
1717944345833 0.3871469999994588 36
1717944355847 0.3879799999995157 37
1717944365861 0.38989199999923585 38
1717944375874 0.42912799999976414 39
1717944385887 0.4533679999985907 40
1717944395904 0.45634599999903 41
1717944405924 0.46006599999964237 42
1717944415939 0.46128399999906833 43
1717944425953 0.4636639999989711 44
1717944435976 0.469067999998515 45
1717944445990 0.47991000000001804 46
1717944456006 0.4811309999986406 47
1717944466020 0.489847999999256 48
1717944476034 3.442267999998876 49
1717944486052 3.4845299999997223 50
1717944496075 3.495510999999169 51
1717944506099 3.5188949999992474 52
1717944516116 3.5392049999991286 53
1717944526130 3.545522999998866 54
1717944536155 3.7453679999998712 55
1717944546172 6.698096000000078 56
1717944556193 6.703809999999066 57
1717944566212 6.713577999998961 58
1717944576229 6.718638999998802 59
1717944586248 6.729708999999275 60
1717944596265 6.735282999999981 61
1717944606280 11.114998999999443 62
1717944616295 15.269719999998415 63
1717944626310 15.511371999999028 64
1717944636325 16.012676999998803 65
1717944646343 16.26425399999971 66
1717944656374 16.26965299999938 67
1717944666391 16.271230999998807 68
1717944676406 16.282251999999062 69
1717944686422 16.34944799999903 70
1717944696438 16.411244999999326 71
1717944706453 16.473752999998396 72
1717944716471 16.48251799999889 73
1717944726486 16.51346299999932 74
1717944736501 16.5201079999988 75
1717944746516 16.57757799999854 76
1717944756531 16.57879899999898 77
1717944766548 16.581732999999076 78
1717944776563 16.590782999999647 79
1717944786578 16.618012999999337 80
1717944796593 16.625089999999545 81
1717944806609 16.638332999998966 82
1717944816625 16.646982999998727 83
1717944826640 16.69568199999958 84
1717944836656 16.70461299999988 85
1717944846672 16.71048299999893 86
1717944856690 16.74690599999849 87
1717944866706 16.759444999999687 88
1717944876722 16.767908999998326 89
1717944886736 16.77846899999895 90
1717944896752 16.789208999998664 91
1717944906783 16.791862000000037 92
1717944916808 16.798101999998835 93
1717944926833 16.810826999999335 94
1717944936849 16.84943999999996 95
1717944946865 16.883452000000034 96
1717944956886 16.898564999999508 97
1717944966901 16.922613999999157 98
1717944976922 16.929290999998557 99
1717944986943 17.041704999999638 100
1717944996962 17.060315999999148 101
1717945006978 17.089819999999236 102
1717945016994 17.160437999998976 103
1717945027014 17.188372999999046 104
1717945037030 17.20153599999867 105
1717945047046 17.213174999998955 106
1717945057062 17.217005999998946 107
1717945067663 17.22679699999935 108
1717945077806 17.450800999999046 109
1717945087821 17.49658399999862 110
1717945097837 17.505769999999757 111
1717945107911 17.728977999999188 112
1717945117933 17.91587199999958 113
1717945127956 17.92138100000011 114
1717945137979 17.93755599999895 115
1717945148003 17.941358999998556 116
1717945158025 17.947730999998385 117
1717945168044 17.963012999998682 118
1717945178094 17.966177999998763 119
1717945188113 17.97323999999935 120
1717945198166 17.976839999999356 121
1717945208183 17.98085799999899 122
1717945218257 17.98996399999851 123
1717945228316 18.04785499999889 124
1717945238335 18.053799999999683 125
1717945248361 18.05922399999872 126
1717945258444 18.88810199999898 127
1717945268474 18.907391999999163 128
1717945278503 18.94181899999967 129
1717945288523 19.043643999999404 130
1717945298543 19.045868999999584 131
1717945308561 19.0579719999987 132
1717945318631 19.175077999998393 133
1717945328651 19.32270900000003 134
1717945338672 19.397344999999405 135
1717945348699 19.432933000000048 136
1717945358718 23.954678000000058 137
1717945368737 32.619079999998576 138
1717945378795 38.63051799999994 139
1717945388816 38.72911199999908 140
1717945398889 38.7355209999987 141
1717945408911 38.76456599999983 142
1717945418930 38.77327100000002 143
1717945428958 38.775216 144
1717945438978 38.782177999999476 145
1717945449005 38.81214899999941 146
1717945459096 38.81857499999933 147
1717945469117 38.84612199999901 148
1717945479160 38.93184899999869 149
1717945489178 39.02329899999859 150
1717945499245 39.101511999999275 151
1717945509271 39.17985799999951 152
1717945519292 39.30168699999922 153
1717945529313 39.381648999999015 154
1717945539330 39.52654999999868 155
1717945549353 39.60342799999853 156
1717945559373 39.66451699999925 157
1717945569388 39.67982599999959 158
1717945579416 39.701208999998926 159
1717945589495 39.72006899999906 160
1717945599529 39.73098399999981 161
1717945609555 39.73441699999967 162
1717945619579 39.73559899999964 163
1717945629602 39.741720999998506 164
1717945639625 39.75527399999919 165
1717945649697 39.761833999999 166
1717945659715 39.76619599999867 167
1717945669737 39.806438999999955 168
1717945679761 39.812692999999854 169
1717945689783 39.818412999999055 170
1717945699811 39.8254909999996 171
1717945709834 39.82731599999897 172
1717945719868 39.834159 173
1717945729949 39.838229999999385 174
1717945740034 39.8502239999998 175
1717945750065 39.85137699999905 176
1717945760088 39.86670199999935 177
1717945770116 39.87297699999908 178
1717945780141 39.89090199999919 179
1717945790159 40.02544599999965 180
1717945800177 40.109183999999004 181
1717945810196 40.118955999998434 182
1717945820213 40.133812000000034 183
1717945830233 40.20728699999927 184
1717945840306 40.3741089999985 185
1717945850336 40.402016 186
1717945860355 40.55215700000008 187
1717945870373 40.73408799999925 188
1717945880400 40.81105699999898 189
1717945890418 40.83606199999849 190
1717945900435 40.87066400000003 191
1717945910521 40.87464899999941 192
1717945920539 40.89001499999904 193
1717945930562 40.89687199999935 194
1717945940581 40.94274499999847 195
1717945950599 40.9562909999986 196
1717945960617 40.997646999998324 197
1717945970635 41.00109199999861 198
1717945980696 41.00266999999985 199
1717945990712 41.00653599999896 200
1717946000736 41.014407999999094 201
1717946010755 41.01629799999864 202
1717946020772 41.028385999999955 203
1717946030821 41.03457999999955 204
1717946040857 41.059542999999394 205
1717946050882 41.063028999999005 206
1717946060907 41.073780999999144 207
1717946070925 41.07892399999946 208
1717946080944 41.19241399999919 209
1717946090963 41.34192599999915 210
1717946101026 41.351638000000094 211
1717946111045 41.389226999999664 212
1717946121064 41.40357799999947 213
1717946131090 41.60779899999943 214
1717946141108 41.61818399999902 215
1717946151137 41.619518999999855 216
1717946161166 41.63905899999918 217
1717946171184 41.72122799999852 218
1717946181203 41.816327999998975 219
1717946191278 41.838973999998416 220
1717946201303 41.92116299999907 221
1717946211322 41.965913 222
1717946221341 42.01693599999999 223
1717946231359 42.02668399999857 224
1717946241378 42.096356000000014 225
1717946251396 42.1296229999989 226
1717946261416 42.184533999999985 227
1717946271486 42.210894999998345 228
1717946281562 42.212414999999964 229
1717946291580 42.219953999998324 230
1717946301600 42.23965199999839 231
1717946311619 42.24318999999923 232
1717946321691 42.24536399999852 233
1717946331762 42.24697500000002 234
1717946341856 42.25820199999907 235
1717946351881 42.264209999999366 236
1717946361919 42.271050999999716 237
1717946371940 42.339420999998765 238
1717946381956 42.48645899999974 239
1717946391973 42.51516099999935 240
1717946401993 42.61815999999999 241
1717946412018 42.63168199999927 242
1717946422041 42.63601799999924 243
1717946432062 42.638300999999046 244
1717946442089 42.78704799999832 245
1717946452113 42.91196399999899 246
1717946462138 43.05718699999852 247
1717946472159 43.1564699999999 248
1717946482186 43.26472499999909 249
1717946492263 43.282593999998426 250
1717946502334 43.47203300000001 251
1717946512408 43.475023999999394 252
1717946522431 43.48255999999856 253
1717946532451 43.508105999999316 254
1717946542514 43.529012999999395 255
1717946552591 43.57076599999891 256
1717946562662 43.57247599999937 257
1717946572689 43.57412299999851 258
1717946582720 43.57516099999884 259
1717946592748 43.58090999999877 260
1717946602779 43.599945999998454 261
1717946612857 43.610006999999314 262
1717946622878 43.61964899999839 263
1717946632903 43.62156799999866 264
1717946642925 43.82727999999952 265
1717946652946 43.89594499999839 266
1717946663014 43.942479999999705 267
1717946673040 43.94611499999883 268
1717946683063 44.08084699999927 269
1717946693082 44.141897999999856 270
1717946703102 44.17110599999978 271
1717946713125 44.17839399999866 272
1717946723155 44.18188399999963 273
1717946733184 44.370788999998695 274
1717946743215 53.76094599999851 275
1717946753242 60.46976099999847 276
1717946763264 66.60630700000002 277
1717946773285 68.96020299999873 278
1717946783315 72.35916599999837 279
1717946793407 76.67047899999852 280
1717946803482 81.60309799999959 281
1717946813519 81.60972599999877 282
1717946823598 85.856178 283
1717946833623 85.88802399999986 284
1717946843648 90.43204499999956 285
1717946853674 90.47862899999927 286
1717946863698 94.93354699999873 287
1717946873720 94.98783599999842 288
1717946883800 98.54490299999998 289
1717946893818 98.67418699999871 290
1717946903854 102.69854899999882 291
1717946913879 102.8014779999994 292
1717946923908 106.45510699999977 293
1717946933935 106.53121199999987 294
1717946944017 111.00820799999929 295
1717946954040 111.01770199999919 296
1717946964073 114.3639379999986 297
1717946974106 115.39818299999934 298
1717946984132 116.82065199999852 299
1717946994159 120.28288399999838 300
1717947004181 120.29684199999974 301
1717947014213 123.6259229999996 302
1717947024246 123.64399400000002 303
1717947034275 127.1377309999989 304
1717947044295 127.14022699999987 305
1717947054321 131.17475299999933 306
1717947064347 131.17640299999948 307
1717947074372 135.78343700000005 308
1717947084398 135.79957899999863 309
1717947094418 140.56546499999968 310
1717947104441 140.56975199999943 311
1717947114464 144.6796889999987 312
1717947124487 144.69341799999893 313
1717947134516 148.9983889999985 314
1717947144543 149.133914 315
1717947154569 153.21889699999883 316
1717947164647 153.25434199999836 317
1717947174677 157.23619699999836 318
1717947184698 157.23928999999953 319
1717947194716 157.24834399999963 320
1717947204737 157.2584939999997 321
1717947214758 157.26507899999888 322
1717947224787 157.27653800000007 323
1717947234815 157.28417399999853 324
1717947244839 157.28762499999903 325
1717947254860 157.29274899999837 326
1717947264891 157.30119699999887 327
1717947274913 157.30754399999933 328
1717947284936 157.31389799999852 329
1717947294959 157.33128599999873 330
1717947305026 157.3343679999998 331
1717947315118 157.34082599999965 332
1717947325144 157.34955399999853 333
1717947335168 157.35119799999848 334
1717947345191 157.35599199999888 335
1717947355214 157.37022199999956 336
1717947365240 160.67597399999977 337
1717947375279 160.71628899999996 338
1717947385301 163.39210599999933 339
1717947395326 163.39938899999834 340
1717947405357 163.40371699999923 341
1717947415442 163.40824900000007 342
1717947425501 163.41443499999878 343
1717947435576 163.46829999999864 344
1717947445598 163.51653899999837 345
1717947455634 163.51912999999877 346
1717947465661 163.98450799999955 347
