1717943985140 0.0 0
1717943995168 0.00660699999997405 1
1717944005183 0.019607999999976755 2
1717944015194 0.031428999999974394 3
1717944025213 0.054349999999999454 4
1717944035231 0.05604899999997315 5
1717944045253 0.09238799999999969 6
1717944055268 0.10370099999997251 7
1717944065288 0.10559799999998631 8
1717944075320 0.12151799999998047 9
1717944085335 0.1368049999999812 10
1717944095375 0.15336899999999787 11
1717944105388 0.1674369999999783 12
1717944115401 0.17589699999999198 13
1717944125418 0.1786299999999983 14
1717944135431 0.18443599999997673 15
1717944145444 0.2028309999999749 16
1717944155465 0.2049169999999947 17
1717944165479 0.21582699999999022 18
1717944175496 0.21746899999999414 19
1717944185518 0.21908799999999928 20
1717944195541 0.26530599999998117 21
1717944205563 0.29032399999999825 22
1717944215586 0.3164379999999767 23
1717944225622 0.3281339999999773 24
1717944235636 0.33330299999997237 25
1717944245659 0.3362409999999727 26
1717944255676 0.34258199999999306 27
1717944265696 0.3579849999999851 28
1717944275709 0.3681489999999883 29
1717944285727 0.3764189999999985 30
1717944295740 0.37811999999999557 31
1717944305760 0.37916699999999537 32
1717944315773 0.388717999999983 33
1717944325805 0.39794599999999036 34
1717944335819 0.39958399999997596 35
1717944345833 0.4163899999999785 36
1717944355847 0.4172939999999983 37
1717944365861 0.41926599999999326 38
1717944375874 0.44821499999997627 39
1717944385887 0.480007999999998 40
1717944395904 0.48421499999997764 41
1717944405924 0.49428199999999833 42
1717944415939 0.4961099999999874 43
1717944425953 0.4985579999999743 44
1717944435976 0.5040809999999851 45
1717944445990 0.5235339999999837 46
1717944456006 0.5250749999999869 47
1717944466020 0.5397079999999903 48
1717944476034 0.6095589999999902 49
1717944486052 0.6524359999999945 50
1717944496075 0.6619759999999815 51
1717944506099 0.6923549999999921 52
1717944516116 0.7025689999999827 53
1717944526130 0.7231719999999768 54
1717944536155 0.7412009999999896 55
1717944546172 0.8030499999999847 56
1717944556193 0.808809999999994 57
1717944566212 0.8286519999999769 58
1717944576229 0.8366019999999992 59
1717944586248 0.8529149999999959 60
1717944596265 0.8606629999999882 61
1717944606280 5.2368849999999725 62
1717944616295 9.391617999999994 63
1717944626310 9.640586999999982 64
1717944636325 10.143743999999998 65
1717944646343 10.401365999999996 66
1717944656374 10.408814999999976 67
1717944666391 10.410581999999977 68
1717944676406 10.42068999999998 69
1717944686422 10.437264999999996 70
1717944696438 10.442553999999973 71
1717944706453 10.478912999999977 72
1717944716471 10.48884799999999 73
1717944726486 10.501167999999979 74
1717944736501 10.508013999999974 75
1717944746516 10.63065499999999 76
1717944756531 10.632021999999978 77
1717944766548 10.640770999999972 78
1717944776563 10.648807999999974 79
1717944786578 10.689245999999997 80
1717944796593 10.696329999999989 81
1717944806609 10.71859999999998 82
1717944816625 10.726700999999991 83
1717944826640 10.769552999999974 84
1717944836656 10.779526999999973 85
1717944846672 10.785315999999995 86
1717944856690 10.809394999999995 87
1717944866706 10.832206999999983 88
1717944876722 10.847994 89
1717944886736 10.861604999999997 90
1717944896752 10.875038999999987 91
1717944906783 10.878426999999988 92
1717944916808 10.884820999999988 93
1717944926833 10.908086999999995 94
1717944936849 10.93620199999998 95
1717944946865 10.967422 96
1717944956886 10.980627999999996 97
1717944966901 11.000518999999997 98
1717944976922 11.00766299999998 99
1717944986943 11.082414 100
1717944996962 11.097399999999993 101
1717945006978 11.14705699999999 102
1717945016994 11.190952999999979 103
1717945027014 11.210234999999983 104
1717945037030 11.221055999999976 105
1717945047046 11.242021999999992 106
1717945057062 11.246332999999993 107
1717945067663 11.262723999999992 108
1717945077806 11.321488999999985 109
1717945087821 11.339252999999985 110
1717945097837 11.34919099999999 111
1717945107911 11.382272999999998 112
1717945117933 11.392623999999984 113
1717945127956 11.403896999999972 114
1717945137979 11.413402999999988 115
1717945148003 11.417682999999982 116
1717945158025 11.424543 117
1717945168044 11.449195999999972 118
1717945178094 11.453141999999986 119
1717945188113 11.465681999999987 120
1717945198166 11.470067999999998 121
1717945208183 11.474255999999997 122
1717945218257 11.482766999999996 123
1717945228316 11.518621999999993 124
1717945238335 11.524428 125
1717945248361 11.537424999999985 126
1717945258444 11.590015999999991 127
1717945268474 11.609643999999975 128
1717945278503 11.640150999999975 129
1717945288523 11.72054799999998 130
1717945298543 11.723505999999986 131
1717945308561 11.740054999999984 132
1717945318631 11.775241999999992 133
1717945328651 11.795341999999977 134
1717945338672 11.817858999999999 135
1717945348699 11.854606999999987 136
1717945358718 11.983561999999978 137
1717945368737 12.139375999999999 138
1717945378795 12.299361999999974 139
1717945388816 12.310390999999981 140
1717945398889 12.318709999999982 141
1717945408911 12.350330999999983 142
1717945418930 12.359512999999993 143
1717945428958 12.367230999999975 144
1717945438978 12.373874999999998 145
1717945449005 12.395625999999993 146
1717945459096 12.408226999999982 147
1717945469117 12.434856999999994 148
1717945479160 12.491800999999981 149
1717945489178 12.54266899999999 150
1717945499245 12.594133999999997 151
1717945509271 12.641244999999998 152
1717945519292 12.730412999999999 153
1717945529313 12.784595999999993 154
1717945539330 12.879942 155
1717945549353 12.933233999999999 156
1717945559373 12.972890999999976 157
1717945569388 12.990116 158
1717945579416 13.023469999999975 159
1717945589495 13.037086999999985 160
1717945599529 13.050297 161
1717945609555 13.053675999999996 162
1717945619579 13.055384999999973 163
1717945629602 13.060906999999986 164
1717945639625 13.083222999999975 165
1717945649697 13.09402 166
1717945659715 13.103203999999977 167
1717945669737 13.145306999999974 168
1717945679761 13.151522 169
1717945689783 13.155402999999978 170
1717945699811 13.16811899999999 171
1717945709834 13.170116999999976 172
1717945719868 13.182609999999983 173
1717945729949 13.185998999999981 174
1717945740034 13.193017999999995 175
1717945750065 13.194018999999997 176
1717945760088 13.21630399999998 177
1717945770116 13.232725999999985 178
1717945780141 13.252051999999992 179
1717945790159 13.336885999999993 180
1717945800177 13.384336999999988 181
1717945810196 13.396002999999979 182
1717945820213 13.421782999999976 183
1717945830233 13.465548999999982 184
1717945840306 13.567260999999974 185
1717945850336 13.583675999999997 186
1717945860355 13.660815999999983 187
1717945870373 13.764216999999974 188
1717945880400 13.824092999999976 189
1717945890418 13.848204999999979 190
1717945900435 13.884169999999983 191
1717945910521 13.887768999999992 192
1717945920539 13.908236999999986 193
1717945930562 13.916005999999982 194
1717945940581 13.959689999999995 195
1717945950599 13.97113299999998 196
1717945960617 14.021053999999992 197
1717945970635 14.024114999999995 198
1717945980696 14.026358999999985 199
1717945990712 14.029810999999995 200
1717946000736 14.043956999999978 201
1717946010755 14.047614999999979 202
1717946020772 14.064282999999989 203
1717946030821 14.069228999999979 204
1717946040857 14.085553999999973 205
1717946050882 14.089035999999993 206
1717946060907 14.104611999999975 207
1717946070925 14.108156999999977 208
1717946080944 14.18137999999999 209
1717946090963 14.268080999999995 210
1717946101026 14.275022999999976 211
1717946111045 14.285347999999999 212
1717946121064 14.306931999999989 213
1717946131090 14.328555999999992 214
1717946141108 14.34111999999999 215
1717946151137 14.342911999999984 216
1717946161166 14.354324999999989 217
1717946171184 14.384989999999988 218
1717946181203 14.469000999999992 219
1717946191278 14.488699999999994 220
1717946201303 14.528204999999986 221
1717946211322 14.542061999999987 222
1717946221341 14.550888999999984 223
1717946231359 14.561394999999976 224
1717946241378 14.594015999999982 225
1717946251396 14.631604999999979 226
1717946261416 14.687529999999981 227
1717946271486 14.694830999999994 228
1717946281562 14.696232999999978 229
1717946291580 14.703430999999995 230
1717946301600 14.735752999999988 231
1717946311619 14.739488999999992 232
1717946321691 14.747000999999983 233
1717946331762 14.748897 234
1717946341856 14.754414999999995 235
1717946351881 14.760665999999986 236
1717946361919 14.77166699999998 237
1717946371940 14.815996999999982 238
1717946381956 14.906042999999983 239
1717946391973 14.924449999999979 240
1717946401993 14.980245999999994 241
1717946412018 14.993982999999986 242
1717946422041 15.004188999999997 243
1717946432062 15.006585999999999 244
1717946442089 15.099321999999972 245
1717946452113 15.172326999999996 246
1717946462138 15.256085999999982 247
1717946472159 15.320132999999998 248
1717946482186 15.404219999999981 249
1717946492263 15.422450999999995 250
1717946502334 15.448093999999998 251
1717946512408 15.454090999999977 252
1717946522431 15.463771999999977 253
1717946532451 15.481962999999979 254
1717946542514 15.508447999999987 255
1717946552591 15.643024999999994 256
1717946562662 15.651342999999997 257
1717946572689 15.653261999999984 258
1717946582720 15.65469299999998 259
1717946592748 15.660438 260
1717946602779 15.688209 261
1717946612857 15.698523999999992 262
1717946622878 15.711951999999997 263
1717946632903 15.714093999999989 264
1717946642925 15.919890999999978 265
1717946652946 15.988205999999991 266
1717946663014 16.041528 267
1717946673040 16.045524 268
1717946683063 16.097844999999978 269
1717946693082 16.13620899999998 270
1717946703102 16.154449999999997 271
1717946713125 16.161805999999984 272
1717946723155 16.170922999999988 273
1717946733184 16.201583 274
1717946743215 16.499300999999974 275
1717946753242 16.643696999999975 276
1717946763264 16.71925999999999 277
1717946773285 16.790534999999977 278
1717946783315 16.838644999999985 279
1717946793407 16.888446999999985 280
1717946803482 16.948844999999977 281
1717946813519 16.956240999999977 282
1717946823598 17.198289999999986 283
1717946833623 17.220724999999987 284
1717946843648 17.275746999999996 285
1717946853674 17.324405999999982 286
1717946863698 17.392142999999976 287
1717946873720 17.407669 288
1717946883800 17.51631899999998 289
1717946893818 17.553675999999996 290
1717946903854 17.62205899999998 291
1717946913879 17.66153299999999 292
1717946923908 17.742488999999978 293
1717946933935 17.76916 294
1717946944017 17.836186999999995 295
1717946954040 17.85758899999999 296
1717946964073 17.920856999999984 297
1717946974106 17.970865999999972 298
1717946984132 18.031791 299
1717946994159 18.069271999999984 300
1717947004181 18.081409999999977 301
1717947014213 18.257657999999992 302
1717947024246 18.292157999999972 303
1717947034275 18.348325999999986 304
1717947044295 18.357765999999998 305
1717947054321 18.395445999999993 306
1717947064347 18.397331999999977 307
1717947074372 18.496092999999973 308
1717947084398 18.509704 309
1717947094418 18.578778 310
1717947104441 18.58957699999999 311
1717947114464 18.642085999999978 312
1717947124487 18.658963 313
1717947134516 18.734139 314
1717947144543 18.840731999999974 315
1717947154569 18.914113999999984 316
1717947164647 18.935164999999984 317
1717947174677 18.970831999999973 318
1717947184698 18.974351999999982 319
1717947194716 18.986245999999994 320
1717947204737 19.003603999999996 321
1717947214758 19.011706999999973 322
1717947224787 19.027802999999977 323
1717947234815 19.03765999999999 324
1717947244839 19.040545999999978 325
1717947254860 19.045772999999997 326
1717947264891 19.06169299999999 327
1717947274913 19.067671999999988 328
1717947284936 19.082482999999996 329
1717947294959 19.097545999999994 330
1717947305026 19.101833 331
1717947315118 19.108033999999975 332
1717947325144 19.124482 333
1717947335168 19.126537999999982 334
1717947345191 19.14038199999999 335
1717947355214 19.153727999999973 336
1717947365240 19.202804999999984 337
1717947375279 19.233075999999983 338
1717947385301 19.309716999999978 339
1717947395326 19.317851999999988 340
1717947405357 19.327527999999973 341
1717947415442 19.334727999999984 342
1717947425501 19.34339699999998 343
1717947435576 19.539676999999983 344
1717947445598 19.592284999999976 345
1717947455634 19.595923 346
1717947465661 19.651106999999996 347
