1717943985140 9772.1 0
1717943995168 9956.1 1
1717944005183 9963.5 2
1717944015194 9966.1 3
1717944025213 9963.0 4
1717944035231 9959.5 5
1717944045253 9971.4 6
1717944055268 9959.7 7
1717944065288 9969.8 8
1717944075320 9995.0 9
1717944085335 9975.6 10
1717944095375 10025.6 11
1717944105388 9988.0 12
1717944115401 9983.5 13
1717944125418 9976.6 14
1717944135431 9972.4 15
1717944145444 9988.7 16
1717944155465 9990.4 17
1717944165479 9975.2 18
1717944175496 9973.9 19
1717944185518 9988.2 20
1717944195541 10016.2 21
1717944205563 10040.1 22
1717944215586 10094.5 23
1717944225622 10039.0 24
1717944235636 10025.0 25
1717944245659 10022.9 26
1717944255676 10029.1 27
1717944265696 10040.2 28
1717944275709 10030.5 29
1717944285727 10021.9 30
1717944295740 10028.7 31
1717944305760 10027.4 32
1717944315773 10027.2 33
1717944325805 10047.3 34
1717944335819 10033.6 35
1717944345833 10049.2 36
1717944355847 10038.2 37
1717944365861 10037.4 38
1717944375874 10057.9 39
1717944385887 10023.1 40
1717944395904 10034.7 41
1717944405924 10033.5 42
1717944415939 10013.3 43
1717944425953 10030.7 44
1717944435976 10019.3 45
1717944445990 10035.6 46
1717944456006 10029.5 47
1717944466020 10030.4 48
1717944476034 9994.3 49
1717944486052 10094.6 50
1717944496075 10135.1 51
1717944506099 10157.6 52
1717944516116 10126.8 53
1717944526130 10120.3 54
1717944536155 9962.7 55
1717944546172 10042.5 56
1717944556193 10031.2 57
1717944566212 10065.4 58
1717944576229 10049.4 59
1717944586248 10046.6 60
1717944596265 10049.8 61
1717944606280 10141.3 62
1717944616295 10265.0 63
1717944626310 10231.5 64
1717944636325 10249.6 65
1717944646343 10247.5 66
1717944656374 10251.6 67
1717944666391 10106.3 68
1717944676406 10142.6 69
1717944686422 10208.0 70
1717944696438 10028.1 71
1717944706453 10067.6 72
1717944716471 10011.2 73
1717944726486 10017.1 74
1717944736501 9986.0 75
1717944746516 10040.8 76
1717944756531 10018.8 77
1717944766548 10013.2 78
1717944776563 9985.2 79
1717944786578 9871.4 80
1717944796593 9870.7 81
1717944806609 9895.2 82
1717944816625 9939.8 83
1717944826640 9956.1 84
1717944836656 9910.9 85
1717944846672 9936.0 86
1717944856690 9906.6 87
1717944866706 9906.3 88
1717944876722 9898.4 89
1717944886736 9903.3 90
1717944896752 9911.5 91
1717944906783 9904.8 92
1717944916808 9939.8 93
1717944926833 9958.6 94
1717944936849 9902.8 95
1717944946865 9884.5 96
1717944956886 9879.9 97
1717944966901 9946.4 98
1717944976922 9937.5 99
1717944986943 9945.3 100
1717944996962 9967.6 101
1717945006978 9966.9 102
1717945016994 9937.4 103
1717945027014 9989.1 104
1717945037030 9981.3 105
1717945047046 9945.9 106
1717945057062 9992.5 107
1717945067663 9940.2 108
1717945077806 9922.6 109
1717945087821 9970.3 110
1717945097837 9943.8 111
1717945107911 9963.4 112
1717945117933 9944.7 113
1717945127956 9938.5 114
1717945137979 9927.4 115
1717945148003 9957.8 116
1717945158025 9966.5 117
1717945168044 9935.5 118
1717945178094 9938.6 119
1717945188113 9957.2 120
1717945198166 9940.8 121
1717945208183 9946.8 122
1717945218257 9962.1 123
1717945228316 9942.5 124
1717945238335 9957.9 125
1717945248361 9976.4 126
1717945258444 9939.1 127
1717945268474 9981.7 128
1717945278503 9955.1 129
1717945288523 9986.4 130
1717945298543 9916.9 131
1717945308561 9948.0 132
1717945318631 9942.8 133
1717945328651 9932.6 134
1717945338672 9930.8 135
1717945348699 9909.1 136
1717945358718 9930.3 137
1717945368737 10039.5 138
1717945378795 10044.3 139
1717945388816 10062.1 140
1717945398889 9991.0 141
1717945408911 9995.0 142
1717945418930 10066.8 143
1717945428958 10058.1 144
1717945438978 10062.7 145
1717945449005 10014.4 146
1717945459096 10016.8 147
1717945469117 9958.2 148
1717945479160 9973.6 149
1717945489178 9968.5 150
1717945499245 9966.1 151
1717945509271 9960.9 152
1717945519292 9989.9 153
1717945529313 10011.3 154
1717945539330 10015.1 155
1717945549353 10108.6 156
1717945559373 10003.1 157
1717945569388 10055.1 158
1717945579416 10046.5 159
1717945589495 10015.4 160
1717945599529 9992.5 161
1717945609555 9998.0 162
1717945619579 10006.2 163
1717945629602 9995.3 164
1717945639625 10005.1 165
1717945649697 10002.6 166
1717945659715 9987.3 167
1717945669737 9988.5 168
1717945679761 9988.5 169
1717945689783 10002.5 170
1717945699811 10001.9 171
1717945709834 10007.4 172
1717945719868 10063.8 173
1717945729949 10058.8 174
1717945740034 10070.7 175
1717945750065 10066.4 176
1717945760088 10107.5 177
1717945770116 10135.3 178
1717945780141 10114.8 179
1717945790159 10133.0 180
1717945800177 10097.8 181
1717945810196 10110.4 182
1717945820213 10123.0 183
1717945830233 10072.2 184
1717945840306 10082.1 185
1717945850336 10082.4 186
1717945860355 10084.0 187
1717945870373 10122.9 188
1717945880400 10072.7 189
1717945890418 10042.1 190
1717945900435 10018.6 191
1717945910521 10027.5 192
1717945920539 10043.6 193
1717945930562 10026.6 194
1717945940581 10158.6 195
1717945950599 10023.5 196
1717945960617 10030.1 197
1717945970635 10036.1 198
1717945980696 10028.4 199
1717945990712 10023.3 200
1717946000736 10036.5 201
1717946010755 10031.2 202
1717946020772 10038.1 203
1717946030821 10054.0 204
1717946040857 10059.6 205
1717946050882 10047.9 206
1717946060907 10078.1 207
1717946070925 10062.3 208
1717946080944 10080.6 209
1717946090963 10106.8 210
1717946101026 10113.2 211
1717946111045 10126.1 212
1717946121064 10134.2 213
1717946131090 10124.0 214
1717946141108 10084.3 215
1717946151137 10081.2 216
1717946161166 10093.3 217
1717946171184 10149.4 218
1717946181203 10224.8 219
1717946191278 10198.6 220
1717946201303 10182.4 221
1717946211322 10127.8 222
1717946221341 10126.2 223
1717946231359 10140.7 224
1717946241378 10153.5 225
1717946251396 10238.1 226
1717946261416 10258.0 227
1717946271486 10303.3 228
1717946281562 10171.3 229
1717946291580 10159.9 230
1717946301600 10172.3 231
1717946311619 10175.8 232
1717946321691 10154.9 233
1717946331762 10139.3 234
1717946341856 10150.3 235
1717946351881 10174.5 236
1717946361919 10192.0 237
1717946371940 10186.6 238
1717946381956 10207.8 239
1717946391973 10176.2 240
1717946401993 10191.9 241
1717946412018 10163.4 242
1717946422041 10206.7 243
1717946432062 10203.0 244
1717946442089 10228.6 245
1717946452113 10219.0 246
1717946462138 10216.4 247
1717946472159 10253.7 248
1717946482186 10241.2 249
1717946492263 10184.6 250
1717946502334 10184.8 251
1717946512408 10165.9 252
1717946522431 10157.8 253
1717946532451 10168.2 254
1717946542514 10236.6 255
1717946552591 10158.7 256
1717946562662 10163.7 257
1717946572689 10148.6 258
1717946582720 10145.4 259
1717946592748 10163.0 260
1717946602779 10214.0 261
1717946612857 10174.1 262
1717946622878 10161.5 263
1717946632903 10157.6 264
1717946642925 10234.2 265
1717946652946 10251.5 266
1717946663014 10212.6 267
1717946673040 10219.4 268
1717946683063 10205.9 269
1717946693082 10168.8 270
1717946703102 10108.7 271
1717946713125 10089.0 272
1717946723155 10108.9 273
1717946733184 10218.6 274
1717946743215 10549.4 275
1717946753242 10711.7 276
1717946763264 10654.6 277
1717946773285 10662.2 278
1717946783315 10632.1 279
1717946793407 10611.0 280
1717946803482 10581.8 281
1717946813519 10567.5 282
1717946823598 10559.4 283
1717946833623 10533.2 284
1717946843648 10549.7 285
1717946853674 10595.5 286
1717946863698 10555.4 287
1717946873720 10549.7 288
1717946883800 10585.2 289
1717946893818 10565.2 290
1717946903854 10568.8 291
1717946913879 10577.0 292
1717946923908 10573.5 293
1717946933935 10588.2 294
1717946944017 10590.7 295
1717946954040 10580.0 296
1717946964073 10591.7 297
1717946974106 10601.9 298
1717946984132 10550.6 299
1717946994159 10553.5 300
1717947004181 10566.2 301
1717947014213 10582.7 302
1717947024246 10602.0 303
1717947034275 10653.7 304
1717947044295 10657.9 305
1717947054321 10600.7 306
1717947064347 10604.7 307
1717947074372 10860.4 308
1717947084398 10768.8 309
1717947094418 10748.9 310
1717947104441 10848.2 311
1717947114464 10721.4 312
1717947124487 10732.8 313
1717947134516 10703.1 314
1717947144543 10700.1 315
1717947154569 10687.8 316
1717947164647 10705.2 317
1717947174677 10681.1 318
1717947184698 10653.2 319
1717947194716 10475.0 320
1717947204737 10452.8 321
1717947214758 10432.0 322
1717947224787 10488.1 323
1717947234815 10480.8 324
1717947244839 10491.3 325
1717947254860 10486.2 326
1717947264891 10474.8 327
1717947274913 10401.7 328
1717947284936 10411.7 329
1717947294959 10433.7 330
1717947305026 10431.1 331
1717947315118 10432.0 332
1717947325144 10424.0 333
1717947335168 10426.2 334
1717947345191 10586.2 335
1717947355214 10526.7 336
1717947365240 10540.3 337
1717947375279 10493.9 338
1717947385301 10522.7 339
1717947395326 10521.6 340
1717947405357 10477.9 341
1717947415442 10543.5 342
1717947425501 10531.0 343
1717947435576 10572.7 344
1717947445598 10522.4 345
1717947455634 10555.8 346
1717947465661 10549.8 347
