1717943985140 29.1 0
1717943995168 29.7 1
1717944005183 29.7 2
1717944015194 29.7 3
1717944025213 29.7 4
1717944035231 29.7 5
1717944045253 29.7 6
1717944055268 29.7 7
1717944065288 29.7 8
1717944075320 29.8 9
1717944085335 29.7 10
1717944095375 29.9 11
1717944105388 29.8 12
1717944115401 29.8 13
1717944125418 29.7 14
1717944135431 29.7 15
1717944145444 29.8 16
1717944155465 29.8 17
1717944165479 29.7 18
1717944175496 29.7 19
1717944185518 29.8 20
1717944195541 29.9 21
1717944205563 29.9 22
1717944215586 30.1 23
1717944225622 29.9 24
1717944235636 29.9 25
1717944245659 29.9 26
1717944255676 29.9 27
1717944265696 29.9 28
1717944275709 29.9 29
1717944285727 29.9 30
1717944295740 29.9 31
1717944305760 29.9 32
1717944315773 29.9 33
1717944325805 30.0 34
1717944335819 29.9 35
1717944345833 30.0 36
1717944355847 29.9 37
1717944365861 29.9 38
1717944375874 30.0 39
1717944385887 29.9 40
1717944395904 29.9 41
1717944405924 29.9 42
1717944415939 29.9 43
1717944425953 29.9 44
1717944435976 29.9 45
1717944445990 29.9 46
1717944456006 29.9 47
1717944466020 29.9 48
1717944476034 29.8 49
1717944486052 30.1 50
1717944496075 30.2 51
1717944506099 30.3 52
1717944516116 30.2 53
1717944526130 30.2 54
1717944536155 29.7 55
1717944546172 29.9 56
1717944556193 29.9 57
1717944566212 30.0 58
1717944576229 30.0 59
1717944586248 30.0 60
1717944596265 30.0 61
1717944606280 30.2 62
1717944616295 30.6 63
1717944626310 30.5 64
1717944636325 30.6 65
1717944646343 30.6 66
1717944656374 30.6 67
1717944666391 30.1 68
1717944676406 30.2 69
1717944686422 30.4 70
1717944696438 29.9 71
1717944706453 30.0 72
1717944716471 29.9 73
1717944726486 29.9 74
1717944736501 29.8 75
1717944746516 29.9 76
1717944756531 29.9 77
1717944766548 29.9 78
1717944776563 29.8 79
1717944786578 29.4 80
1717944796593 29.4 81
1717944806609 29.5 82
1717944816625 29.6 83
1717944826640 29.7 84
1717944836656 29.6 85
1717944846672 29.6 86
1717944856690 29.5 87
1717944866706 29.5 88
1717944876722 29.5 89
1717944886736 29.5 90
1717944896752 29.6 91
1717944906783 29.5 92
1717944916808 29.6 93
1717944926833 29.7 94
1717944936849 29.5 95
1717944946865 29.5 96
1717944956886 29.5 97
1717944966901 29.7 98
1717944976922 29.6 99
1717944986943 29.7 100
1717944996962 29.7 101
1717945006978 29.7 102
1717945016994 29.6 103
1717945027014 29.8 104
1717945037030 29.8 105
1717945047046 29.7 106
1717945057062 29.8 107
1717945067663 29.6 108
1717945077806 29.6 109
1717945087821 29.7 110
1717945097837 29.7 111
1717945107911 29.7 112
1717945117933 29.7 113
1717945127956 29.6 114
1717945137979 29.6 115
1717945148003 29.7 116
1717945158025 29.7 117
1717945168044 29.6 118
1717945178094 29.6 119
1717945188113 29.7 120
1717945198166 29.6 121
1717945208183 29.7 122
1717945218257 29.7 123
1717945228316 29.6 124
1717945238335 29.7 125
1717945248361 29.7 126
1717945258444 29.6 127
1717945268474 29.8 128
1717945278503 29.7 129
1717945288523 29.8 130
1717945298543 29.6 131
1717945308561 29.7 132
1717945318631 29.6 133
1717945328651 29.6 134
1717945338672 29.6 135
1717945348699 29.5 136
1717945358718 29.6 137
1717945368737 29.9 138
1717945378795 30.0 139
1717945388816 30.0 140
1717945398889 29.8 141
1717945408911 29.8 142
1717945418930 30.0 143
1717945428958 30.0 144
1717945438978 30.0 145
1717945449005 29.9 146
1717945459096 29.9 147
1717945469117 29.7 148
1717945479160 29.7 149
1717945489178 29.7 150
1717945499245 29.7 151
1717945509271 29.7 152
1717945519292 29.8 153
1717945529313 29.9 154
1717945539330 29.9 155
1717945549353 30.1 156
1717945559373 29.8 157
1717945569388 30.0 158
1717945579416 30.0 159
1717945589495 29.9 160
1717945599529 29.8 161
1717945609555 29.8 162
1717945619579 29.8 163
1717945629602 29.8 164
1717945639625 29.8 165
1717945649697 29.8 166
1717945659715 29.8 167
1717945669737 29.8 168
1717945679761 29.8 169
1717945689783 29.8 170
1717945699811 29.8 171
1717945709834 29.8 172
1717945719868 30.0 173
1717945729949 30.0 174
1717945740034 30.0 175
1717945750065 30.0 176
1717945760088 30.1 177
1717945770116 30.2 178
1717945780141 30.2 179
1717945790159 30.2 180
1717945800177 30.1 181
1717945810196 30.1 182
1717945820213 30.2 183
1717945830233 30.0 184
1717945840306 30.1 185
1717945850336 30.1 186
1717945860355 30.1 187
1717945870373 30.2 188
1717945880400 30.0 189
1717945890418 29.9 190
1717945900435 29.9 191
1717945910521 29.9 192
1717945920539 29.9 193
1717945930562 29.9 194
1717945940581 30.3 195
1717945950599 29.9 196
1717945960617 29.9 197
1717945970635 29.9 198
1717945980696 29.9 199
1717945990712 29.9 200
1717946000736 29.9 201
1717946010755 29.9 202
1717946020772 29.9 203
1717946030821 30.0 204
1717946040857 30.0 205
1717946050882 30.0 206
1717946060907 30.1 207
1717946070925 30.0 208
1717946080944 30.1 209
1717946090963 30.1 210
1717946101026 30.2 211
1717946111045 30.2 212
1717946121064 30.2 213
1717946131090 30.2 214
1717946141108 30.1 215
1717946151137 30.1 216
1717946161166 30.1 217
1717946171184 30.3 218
1717946181203 30.5 219
1717946191278 30.4 220
1717946201303 30.4 221
1717946211322 30.2 222
1717946221341 30.2 223
1717946231359 30.2 224
1717946241378 30.3 225
1717946251396 30.5 226
1717946261416 30.6 227
1717946271486 30.7 228
1717946281562 30.3 229
1717946291580 30.3 230
1717946301600 30.3 231
1717946311619 30.3 232
1717946321691 30.3 233
1717946331762 30.2 234
1717946341856 30.3 235
1717946351881 30.3 236
1717946361919 30.4 237
1717946371940 30.4 238
1717946381956 30.4 239
1717946391973 30.3 240
1717946401993 30.4 241
1717946412018 30.3 242
1717946422041 30.4 243
1717946432062 30.4 244
1717946442089 30.5 245
1717946452113 30.5 246
1717946462138 30.5 247
1717946472159 30.6 248
1717946482186 30.5 249
1717946492263 30.4 250
1717946502334 30.4 251
1717946512408 30.3 252
1717946522431 30.3 253
1717946532451 30.3 254
1717946542514 30.5 255
1717946552591 30.3 256
1717946562662 30.3 257
1717946572689 30.3 258
1717946582720 30.3 259
1717946592748 30.3 260
1717946602779 30.5 261
1717946612857 30.3 262
1717946622878 30.3 263
1717946632903 30.3 264
1717946642925 30.5 265
1717946652946 30.6 266
1717946663014 30.5 267
1717946673040 30.5 268
1717946683063 30.4 269
1717946693082 30.3 270
1717946703102 30.1 271
1717946713125 30.1 272
1717946723155 30.1 273
1717946733184 30.5 274
1717946743215 31.5 275
1717946753242 31.9 276
1717946763264 31.8 277
1717946773285 31.8 278
1717946783315 31.7 279
1717946793407 31.6 280
1717946803482 31.6 281
1717946813519 31.5 282
1717946823598 31.5 283
1717946833623 31.4 284
1717946843648 31.5 285
1717946853674 31.6 286
1717946863698 31.5 287
1717946873720 31.5 288
1717946883800 31.6 289
1717946893818 31.5 290
1717946903854 31.5 291
1717946913879 31.5 292
1717946923908 31.5 293
1717946933935 31.6 294
1717946944017 31.6 295
1717946954040 31.5 296
1717946964073 31.6 297
1717946974106 31.6 298
1717946984132 31.5 299
1717946994159 31.5 300
1717947004181 31.5 301
1717947014213 31.6 302
1717947024246 31.6 303
1717947034275 31.8 304
1717947044295 31.8 305
1717947054321 31.6 306
1717947064347 31.6 307
1717947074372 32.4 308
1717947084398 32.1 309
1717947094418 32.1 310
1717947104441 32.3 311
1717947114464 32.0 312
1717947124487 32.0 313
1717947134516 31.9 314
1717947144543 31.9 315
1717947154569 31.9 316
1717947164647 31.9 317
1717947174677 31.8 318
1717947184698 31.8 319
1717947194716 31.2 320
1717947204737 31.2 321
1717947214758 31.1 322
1717947224787 31.3 323
1717947234815 31.3 324
1717947244839 31.3 325
1717947254860 31.3 326
1717947264891 31.2 327
1717947274913 31.0 328
1717947284936 31.0 329
1717947294959 31.1 330
1717947305026 31.1 331
1717947315118 31.1 332
1717947325144 31.1 333
1717947335168 31.1 334
1717947345191 31.6 335
1717947355214 31.4 336
1717947365240 31.4 337
1717947375279 31.3 338
1717947385301 31.4 339
1717947395326 31.4 340
1717947405357 31.2 341
1717947415442 31.4 342
1717947425501 31.4 343
1717947435576 31.5 344
1717947445598 31.4 345
1717947455634 31.5 346
1717947465661 31.5 347
