1718413079084 0.0 0
1718413089103 6.5 1
1718413099128 5.1 2
1718413109150 5.2 3
1718413119171 5.0 4
1718413129222 5.3 5
1718413139244 5.0 6
1718413149275 5.2 7
1718413159319 5.1 8
1718413169339 5.1 9
1718413179419 5.1 10
1718413189445 5.0 11
1718413199472 5.0 12
1718413209499 5.1 13
1718413219530 5.1 14
1718413229558 5.1 15
1718413239583 5.0 16
1718413249614 5.2 17
1718413259648 5.1 18
1718413269675 5.1 19
1718413279708 5.1 20
1718413289735 5.1 21
1718413299763 5.0 22
1718413309792 5.1 23
1718413319820 5.1 24
1718413329848 5.1 25
1718413339875 5.1 26
1718413349898 5.3 27
1718413359917 5.0 28
1718413369936 5.1 29
1718413379957 5.0 30
1718413389983 5.1 31
1718413400015 4.9 32
1718413410045 5.1 33
1718413420073 4.9 34
1718413430096 5.1 35
1718413440114 5.0 36
1718413450141 5.2 37
1718413460171 5.1 38
1718413470194 5.3 39
1718413480223 5.1 40
1718413490253 5.1 41
1718413500330 5.0 42
1718413510362 5.1 43
1718413520384 5.0 44
1718413530408 5.0 45
1718413540439 5.0 46
1718413550472 5.2 47
1718413560498 5.1 48
1718413570526 5.2 49
1718413580549 5.0 50
1718413590567 5.0 51
1718413600586 4.9 52
1718413610608 5.1 53
1718413620630 5.0 54
1718413630660 5.1 55
1718413640683 5.1 56
1718413650712 5.1 57
1718413660742 5.1 58
1718413670767 5.2 59
1718413680792 5.1 60
1718413690822 5.3 61
1718413700848 5.2 62
1718413710872 5.5 63
1718413720900 5.4 64
1718413730926 5.3 65
1718413740948 5.5 66
1718413750968 5.4 67
1718413760989 5.3 68
1718413771010 5.5 69
1718413781031 5.4 70
1718413791055 5.4 71
1718413801075 5.4 72
1718413811105 5.4 73
1718413821133 5.6 74
1718413831159 5.4 75
1718413841186 5.4 76
1718413851216 5.5 77
1718413861247 5.5 78
1718413871278 5.4 79
1718413881305 5.6 80
1718413891333 8.5 81
1718413901376 9.1 82
1718413911403 9.3 83
1718413921425 9.2 84
1718413931449 9.3 85
1718413941473 9.1 86
1718413951498 9.3 87
1718413961571 9.1 88
1718413971592 5.2 89
1718413981621 5.0 90
1718413991651 5.0 91
1718414001680 4.9 92
1718414011710 5.0 93
1718414021742 5.0 94
1718414031772 5.1 95
1718414041798 5.1 96
1718414051829 5.1 97
1718414061851 5.1 98
1718414071879 5.2 99
1718414081911 5.1 100
1718414091940 5.0 101
1718414101972 5.1 102
1718414112004 5.1 103
1718414122038 5.0 104
1718414132068 5.1 105
1718414142099 5.0 106
1718414152130 5.1 107
1718414162157 5.1 108
1718414172188 5.2 109
1718414182221 5.1 110
1718414192254 5.2 111
1718414202286 4.9 112
1718414212367 5.2 113
1718414222400 5.0 114
1718414232482 5.0 115
1718414242515 5.0 116
1718414252549 5.2 117
1718414262581 5.1 118
1718414272649 5.2 119
1718414282679 5.1 120
1718414292753 5.0 121
1718414302786 5.0 122
1718414312867 5.1 123
1718414322901 5.1 124
1718414332981 5.1 125
1718414343013 5.0 126
1718414353091 5.2 127
1718414363126 5.1 128
1718414373152 5.2 129
1718414383181 5.0 130
1718414393252 5.1 131
1718414403278 5.0 132
1718414413347 5.2 133
1718414423372 5.0 134
1718414433451 5.1 135
1718414443487 5.0 136
1718414453569 5.1 137
1718414463595 5.1 138
1718414473664 5.2 139
1718414483742 5.2 140
1718414493807 5.3 141
1718414503843 5.3 142
1718414513910 5.3 143
1718414523977 5.3 144
1718414534038 5.4 145
1718414544107 5.5 146
1718414554180 5.4 147
1718414564243 5.3 148
1718414574313 5.6 149
1718414584335 5.4 150
1718414594409 5.2 151
1718414604476 5.5 152
1718414614548 5.4 153
1718414624619 5.3 154
1718414634685 5.5 155
1718414644763 5.6 156
1718414654832 5.4 157
1718414664909 5.4 158
1718414674999 5.5 159
1718414685022 6.5 160
1718414695087 9.1 161
1718414705113 9.2 162
1718414715137 9.3 163
1718414725204 9.4 164
1718414735239 9.1 165
1718414745262 9.2 166
1718414755293 9.2 167
1718414765372 6.9 168
1718414775461 5.2 169
1718414785538 5.1 170
1718414795623 5.0 171
1718414805721 5.0 172
1718414815807 5.0 173
1718414825885 5.0 174
1718414835972 5.0 175
1718414846053 5.2 176
1718414856137 5.0 177
1718414866210 5.2 178
1718414876289 5.0 179
1718414886369 5.2 180
1718414896458 4.9 181
1718414906539 5.0 182
1718414916614 5.0 183
1718414926638 5.1 184
1718414936716 5.1 185
1718414946786 5.1 186
1718414956863 5.1 187
1718414966929 5.2 188
1718414976961 5.1 189
1718414986987 5.3 190
1718414997009 5.0 191
1718415007032 5.4 192
1718415017104 5.1 193
1718415027133 5.2 194
1718415037212 5.0 195
1718415047289 5.2 196
1718415057317 5.0 197
1718415067393 5.2 198
1718415077469 5.0 199
1718415087550 5.2 200
1718415097622 5.0 201
1718415107684 5.0 202
1718415117759 5.0 203
1718415127823 5.1 204
1718415137898 5.0 205
1718415147977 5.2 206
1718415158054 5.0 207
1718415168126 5.1 208
1718415178209 5.1 209
1718415188282 5.2 210
1718415198349 5.0 211
1718415208419 5.1 212
1718415218493 5.0 213
1718415228559 5.1 214
1718415238622 5.0 215
1718415248699 5.2 216
1718415258773 5.1 217
1718415268844 5.2 218
1718415278914 5.1 219
1718415288991 5.2 220
1718415299071 5.3 221
1718415309095 5.4 222
1718415319169 5.5 223
1718415329237 5.3 224
1718415339323 5.4 225
1718415349358 5.6 226
1718415359445 5.2 227
1718415369518 5.4 228
1718415379590 5.5 229
1718415389659 5.4 230
1718415399743 5.3 231
1718415409828 5.4 232
1718415419908 5.3 233
1718415429981 5.2 234
1718415440050 5.6 235
1718415450132 5.4 236
1718415460204 5.5 237
1718415470942 5.5 238
1718415480976 5.5 239
1718415491007 9.1 240
1718415501048 8.7 241
1718415511075 9.0 242
1718415521127 9.1 243
1718415531155 9.1 244
1718415541179 9.2 245
1718415551255 9.2 246
1718415561334 8.3 247
1718415571430 5.3 248
1718415581470 5.0 249
1718415591500 5.1 250
1718415601543 5.1 251
1718415611620 5.3 252
1718415621657 5.0 253
1718415631747 5.1 254
1718415641826 5.1 255
1718415651906 5.1 256
1718415661997 5.0 257
1718415672054 5.2 258
1718415682154 5.2 259
1718415692248 5.0 260
1718415702330 5.0 261
1718415712366 4.9 262
1718415722446 5.0 263
1718415732481 5.0 264
1718415742567 5.1 265
1718415752607 5.0 266
1718415762687 5.2 267
1718415772712 5.1 268
1718415782782 5.1 269
1718415792819 5.0 270
1718415802896 5.1 271
1718415812924 5.0 272
1718415823001 5.1 273
1718415833029 4.9 274
1718415843101 5.1 275
1718415853135 5.1 276
1718415863215 5.2 277
1718415873253 5.1 278
1718415883349 5.2 279
1718415893378 5.0 280
1718415903415 5.0 281
1718415913454 5.0 282
1718415923539 5.1 283
1718415933580 5.0 284
1718415943658 5.1 285
1718415953694 5.1 286
1718415963767 5.2 287
1718415973803 5.1 288
1718415983893 5.3 289
1718415993921 4.9 290
1718416004007 5.2 291
1718416014036 5.0 292
1718416024103 5.2 293
1718416034139 5.1 294
1718416044223 5.2 295
1718416054253 5.1 296
1718416064329 5.4 297
1718416074360 5.2 298
1718416084433 5.2 299
1718416094504 5.3 300
1718416104580 5.3 301
1718416114654 5.3 302
1718416124733 5.3 303
1718416134778 5.4 304
1718416144861 5.4 305
1718416154934 5.3 306
1718416165003 5.4 307
1718416175082 5.6 308
1718416185159 5.6 309
1718416195230 5.4 310
1718416205303 5.5 311
1718416215330 5.5 312
1718416225405 5.2 313
1718416235477 5.4 314
1718416245559 5.4 315
1718416255641 5.4 316
1718416265729 5.4 317
1718416275771 5.6 318
1718416285802 8.3 319
1718416295832 9.3 320
1718416305857 9.1 321
1718416315900 9.2 322
1718416325928 9.1 323
1718416335958 9.1 324
1718416346007 9.2 325
1718416356035 9.1 326
1718416366105 5.2 327
