1718413079084 306346.6 0
1718413089103 306345.5 1
1718413099128 306345.5 2
1718413109150 306345.3 3
1718413119171 306345.3 4
1718413129222 306345.3 5
1718413139244 306345.3 6
1718413149275 306345.3 7
1718413159319 306345.3 8
1718413169339 306345.3 9
1718413179419 306345.3 10
1718413189445 306345.3 11
1718413199472 306345.3 12
1718413209499 306345.3 13
1718413219530 306345.3 14
1718413229558 306345.3 15
1718413239583 306345.3 16
1718413249614 306345.3 17
1718413259648 306345.3 18
1718413269675 306345.3 19
1718413279708 306345.3 20
1718413289735 306345.3 21
1718413299763 306345.3 22
1718413309792 306345.3 23
1718413319820 306345.3 24
1718413329848 306345.3 25
1718413339875 306345.3 26
1718413349898 306345.3 27
1718413359917 306345.3 28
1718413369936 306345.3 29
1718413379957 306345.3 30
1718413389983 306345.3 31
1718413400015 306345.3 32
1718413410045 306345.3 33
1718413420073 306345.3 34
1718413430096 306345.3 35
1718413440114 306345.3 36
1718413450141 306345.3 37
1718413460171 306345.3 38
1718413470194 306345.3 39
1718413480223 306345.3 40
1718413490253 306345.3 41
1718413500330 306345.3 42
1718413510362 306345.3 43
1718413520384 306345.3 44
1718413530408 306345.3 45
1718413540439 306345.3 46
1718413550472 306345.3 47
1718413560498 306345.3 48
1718413570526 306345.3 49
1718413580549 306345.3 50
1718413590567 306345.3 51
1718413600586 306345.3 52
1718413610608 306345.3 53
1718413620630 306345.3 54
1718413630660 306345.3 55
1718413640683 306345.3 56
1718413650712 306345.3 57
1718413660742 306345.3 58
1718413670767 306345.3 59
1718413680792 306345.3 60
1718413690822 306345.3 61
1718413700848 306345.3 62
1718413710872 306345.3 63
1718413720900 306345.3 64
1718413730926 306345.3 65
1718413740948 306345.3 66
1718413750968 306345.3 67
1718413760989 306345.3 68
1718413771010 306345.3 69
1718413781031 306345.3 70
1718413791055 306345.3 71
1718413801075 306345.3 72
1718413811105 306345.3 73
1718413821133 306345.3 74
1718413831159 306345.3 75
1718413841186 306345.3 76
1718413851216 306345.3 77
1718413861247 306345.3 78
1718413871278 306345.3 79
1718413881305 306345.3 80
1718413891333 305335.4 81
1718413901376 305335.4 82
1718413911403 305335.4 83
1718413921425 305335.4 84
1718413931449 305335.4 85
1718413941473 305335.4 86
1718413951498 305335.4 87
1718413961571 305335.4 88
1718413971592 305335.4 89
1718413981621 305335.4 90
1718413991651 305335.4 91
1718414001680 305335.4 92
1718414011710 305335.4 93
1718414021742 305335.4 94
1718414031772 305335.4 95
1718414041798 305335.4 96
1718414051829 305335.4 97
1718414061851 305335.4 98
1718414071879 305335.4 99
1718414081911 305335.4 100
1718414091940 305335.4 101
1718414101972 305335.4 102
1718414112004 305335.4 103
1718414122038 305335.4 104
1718414132068 305335.4 105
1718414142099 305335.4 106
1718414152130 305335.4 107
1718414162157 305335.4 108
1718414172188 305335.4 109
1718414182221 305335.4 110
1718414192254 305335.4 111
1718414202286 305335.3 112
1718414212367 305335.3 113
1718414222400 305335.3 114
1718414232482 305335.3 115
1718414242515 305335.3 116
1718414252549 305335.3 117
1718414262581 305335.3 118
1718414272649 305335.3 119
1718414282679 305335.3 120
1718414292753 305335.3 121
1718414302786 305335.3 122
1718414312867 305335.3 123
1718414322901 305335.3 124
1718414332981 305335.3 125
1718414343013 305335.3 126
1718414353091 305335.3 127
1718414363126 305335.3 128
1718414373152 305335.3 129
1718414383181 305335.3 130
1718414393252 305335.3 131
1718414403278 305335.3 132
1718414413347 305335.3 133
1718414423372 305335.3 134
1718414433451 305335.3 135
1718414443487 305335.3 136
1718414453569 305335.3 137
1718414463595 305335.3 138
1718414473664 305335.3 139
1718414483742 305335.3 140
1718414493807 305335.3 141
1718414503843 305335.3 142
1718414513910 305335.3 143
1718414523977 305335.3 144
1718414534038 305335.3 145
1718414544107 305335.3 146
1718414554180 305335.3 147
1718414564243 305335.3 148
1718414574313 305335.3 149
1718414584335 305335.3 150
1718414594409 305335.3 151
1718414604476 305335.3 152
1718414614548 305335.3 153
1718414624619 305335.3 154
1718414634685 305335.3 155
1718414644763 305335.3 156
1718414654832 305335.3 157
1718414664909 305335.3 158
1718414674999 305335.3 159
1718414685022 304325.5 160
1718414695087 304325.5 161
1718414705113 304325.5 162
1718414715137 304325.5 163
1718414725204 304325.4 164
1718414735239 304325.4 165
1718414745262 304325.4 166
1718414755293 304325.4 167
1718414765372 304325.4 168
1718414775461 304325.4 169
1718414785538 304325.4 170
1718414795623 304325.4 171
1718414805721 304325.4 172
1718414815807 304325.4 173
1718414825885 304325.4 174
1718414835972 304325.4 175
1718414846053 304325.4 176
1718414856137 304325.4 177
1718414866210 304325.4 178
1718414876289 304325.4 179
1718414886369 304325.4 180
1718414896458 304325.4 181
1718414906539 304325.4 182
1718414916614 304325.4 183
1718414926638 304325.4 184
1718414936716 304325.4 185
1718414946786 304325.4 186
1718414956863 304325.4 187
1718414966929 304325.4 188
1718414976961 304325.4 189
1718414986987 304325.4 190
1718414997009 304325.4 191
1718415007032 304325.4 192
1718415017104 304325.4 193
1718415027133 304325.4 194
1718415037212 304325.4 195
1718415047289 304325.4 196
1718415057317 304325.4 197
1718415067393 304325.4 198
1718415077469 304325.4 199
1718415087550 304325.4 200
1718415097622 304325.4 201
1718415107684 304325.4 202
1718415117759 304325.4 203
1718415127823 304325.4 204
1718415137898 304325.4 205
1718415147977 304325.4 206
1718415158054 304325.4 207
1718415168126 304325.4 208
1718415178209 304325.4 209
1718415188282 304325.4 210
1718415198349 304325.4 211
1718415208419 304325.4 212
1718415218493 304325.4 213
1718415228559 304325.4 214
1718415238622 304325.4 215
1718415248699 304325.4 216
1718415258773 304325.4 217
1718415268844 304325.4 218
1718415278914 304325.4 219
1718415288991 304325.4 220
1718415299071 304325.4 221
1718415309095 304325.4 222
1718415319169 304325.4 223
1718415329237 304325.4 224
1718415339323 304325.4 225
1718415349358 304325.4 226
1718415359445 304325.4 227
1718415369518 304325.4 228
1718415379590 304325.4 229
1718415389659 304325.4 230
1718415399743 304325.4 231
1718415409828 304325.4 232
1718415419908 304325.4 233
1718415429981 304325.4 234
1718415440050 304325.4 235
1718415450132 304325.4 236
1718415460204 304325.4 237
1718415470942 304325.4 238
1718415480976 303315.5 239
1718415491007 303315.5 240
1718415501048 303315.5 241
1718415511075 303315.5 242
1718415521127 303315.5 243
1718415531155 303315.5 244
1718415541179 303315.5 245
1718415551255 303315.5 246
1718415561334 303315.5 247
1718415571430 303315.5 248
1718415581470 303315.5 249
1718415591500 303315.5 250
1718415601543 303315.5 251
1718415611620 303315.5 252
1718415621657 303315.5 253
1718415631747 303315.5 254
1718415641826 303315.5 255
1718415651906 303315.5 256
1718415661997 303315.5 257
1718415672054 303315.5 258
1718415682154 303315.4 259
1718415692248 303315.2 260
1718415702330 303315.2 261
1718415712366 303315.2 262
1718415722446 303315.2 263
1718415732481 303315.2 264
1718415742567 303315.2 265
1718415752607 303315.2 266
1718415762687 303315.2 267
1718415772712 303315.2 268
1718415782782 303315.2 269
1718415792819 303315.2 270
1718415802896 303315.2 271
1718415812924 303315.2 272
1718415823001 303315.2 273
1718415833029 303315.2 274
1718415843101 303315.2 275
1718415853135 303315.2 276
1718415863215 303315.2 277
1718415873253 303315.2 278
1718415883349 303315.2 279
1718415893378 303315.2 280
1718415903415 303315.2 281
1718415913454 303315.2 282
1718415923539 303315.2 283
1718415933580 303315.2 284
1718415943658 303315.2 285
1718415953694 303315.2 286
1718415963767 303315.2 287
1718415973803 303315.2 288
1718415983893 303315.2 289
1718415993921 303315.2 290
1718416004007 303315.2 291
1718416014036 303315.2 292
1718416024103 303315.2 293
1718416034139 303315.2 294
1718416044223 303315.1 295
1718416054253 303315.1 296
1718416064329 303315.1 297
1718416074360 303315.1 298
1718416084433 303315.1 299
1718416094504 303315.1 300
1718416104580 303315.1 301
1718416114654 303315.1 302
1718416124733 303315.1 303
1718416134778 303315.1 304
1718416144861 303315.1 305
1718416154934 303315.1 306
1718416165003 303315.1 307
1718416175082 303315.1 308
1718416185159 303315.1 309
1718416195230 303315.1 310
1718416205303 303315.1 311
1718416215330 303315.1 312
1718416225405 303315.1 313
1718416235477 303315.1 314
1718416245559 303315.1 315
1718416255641 303315.1 316
1718416265729 303315.1 317
1718416275771 303315.1 318
1718416285802 302305.2 319
1718416295832 302305.2 320
1718416305857 302305.2 321
1718416315900 302305.2 322
1718416325928 302305.2 323
1718416335958 302305.2 324
1718416346007 302305.2 325
1718416356035 302305.2 326
1718416366105 302305.2 327
