1718413079084 626474.2 0
1718413089103 626475.3 1
1718413099128 626475.3 2
1718413109150 626475.5 3
1718413119171 626475.5 4
1718413129222 626475.5 5
1718413139244 626475.5 6
1718413149275 626475.5 7
1718413159319 626475.5 8
1718413169339 626475.5 9
1718413179419 626475.5 10
1718413189445 626475.5 11
1718413199472 626475.5 12
1718413209499 626475.5 13
1718413219530 626475.5 14
1718413229558 626475.5 15
1718413239583 626475.5 16
1718413249614 626475.5 17
1718413259648 626475.5 18
1718413269675 626475.5 19
1718413279708 626475.5 20
1718413289735 626475.5 21
1718413299763 626475.5 22
1718413309792 626475.5 23
1718413319820 626475.5 24
1718413329848 626475.5 25
1718413339875 626475.5 26
1718413349898 626475.5 27
1718413359917 626475.5 28
1718413369936 626475.5 29
1718413379957 626475.5 30
1718413389983 626475.5 31
1718413400015 626475.5 32
1718413410045 626475.5 33
1718413420073 626475.5 34
1718413430096 626475.5 35
1718413440114 626475.5 36
1718413450141 626475.5 37
1718413460171 626475.5 38
1718413470194 626475.5 39
1718413480223 626475.5 40
1718413490253 626475.5 41
1718413500330 626475.5 42
1718413510362 626475.5 43
1718413520384 626475.5 44
1718413530408 626475.5 45
1718413540439 626475.5 46
1718413550472 626475.5 47
1718413560498 626475.5 48
1718413570526 626475.5 49
1718413580549 626475.5 50
1718413590567 626475.5 51
1718413600586 626475.5 52
1718413610608 626475.5 53
1718413620630 626475.5 54
1718413630660 626475.5 55
1718413640683 626475.5 56
1718413650712 626475.5 57
1718413660742 626475.5 58
1718413670767 626475.5 59
1718413680792 626475.5 60
1718413690822 626475.5 61
1718413700848 626475.5 62
1718413710872 626475.5 63
1718413720900 626475.5 64
1718413730926 626475.5 65
1718413740948 626475.5 66
1718413750968 626475.5 67
1718413760989 626475.5 68
1718413771010 626475.5 69
1718413781031 626475.5 70
1718413791055 626475.5 71
1718413801075 626475.5 72
1718413811105 626475.5 73
1718413821133 626475.5 74
1718413831159 626475.5 75
1718413841186 626475.5 76
1718413851216 626475.5 77
1718413861247 626475.5 78
1718413871278 626475.5 79
1718413881305 626475.5 80
1718413891333 627485.4 81
1718413901376 627485.4 82
1718413911403 627485.4 83
1718413921425 627485.4 84
1718413931449 627485.5 85
1718413941473 627485.5 86
1718413951498 627485.5 87
1718413961571 627485.5 88
1718413971592 627485.5 89
1718413981621 627485.5 90
1718413991651 627485.5 91
1718414001680 627485.5 92
1718414011710 627485.5 93
1718414021742 627485.5 94
1718414031772 627485.5 95
1718414041798 627485.5 96
1718414051829 627485.5 97
1718414061851 627485.5 98
1718414071879 627485.5 99
1718414081911 627485.5 100
1718414091940 627485.5 101
1718414101972 627485.5 102
1718414112004 627485.5 103
1718414122038 627485.5 104
1718414132068 627485.5 105
1718414142099 627485.5 106
1718414152130 627485.5 107
1718414162157 627485.5 108
1718414172188 627485.5 109
1718414182221 627485.5 110
1718414192254 627485.5 111
1718414202286 627485.5 112
1718414212367 627485.5 113
1718414222400 627485.5 114
1718414232482 627485.5 115
1718414242515 627485.5 116
1718414252549 627485.5 117
1718414262581 627485.5 118
1718414272649 627485.5 119
1718414282679 627485.5 120
1718414292753 627485.5 121
1718414302786 627485.5 122
1718414312867 627485.5 123
1718414322901 627485.5 124
1718414332981 627485.5 125
1718414343013 627485.5 126
1718414353091 627485.5 127
1718414363126 627485.5 128
1718414373152 627485.5 129
1718414383181 627485.5 130
1718414393252 627485.5 131
1718414403278 627485.5 132
1718414413347 627485.5 133
1718414423372 627485.5 134
1718414433451 627485.5 135
1718414443487 627485.5 136
1718414453569 627485.5 137
1718414463595 627485.5 138
1718414473664 627485.5 139
1718414483742 627485.5 140
1718414493807 627485.5 141
1718414503843 627485.5 142
1718414513910 627485.5 143
1718414523977 627485.5 144
1718414534038 627485.5 145
1718414544107 627485.5 146
1718414554180 627485.5 147
1718414564243 627485.5 148
1718414574313 627485.5 149
1718414584335 627485.5 150
1718414594409 627485.5 151
1718414604476 627485.5 152
1718414614548 627485.5 153
1718414624619 627485.5 154
1718414634685 627485.5 155
1718414644763 627485.5 156
1718414654832 627485.5 157
1718414664909 627485.5 158
1718414674999 627485.5 159
1718414685022 628495.4 160
1718414695087 628495.4 161
1718414705113 628495.4 162
1718414715137 628495.4 163
1718414725204 628495.4 164
1718414735239 628495.4 165
1718414745262 628495.4 166
1718414755293 628495.4 167
1718414765372 628495.4 168
1718414775461 628495.4 169
1718414785538 628495.4 170
1718414795623 628495.4 171
1718414805721 628495.4 172
1718414815807 628495.4 173
1718414825885 628495.4 174
1718414835972 628495.4 175
1718414846053 628495.4 176
1718414856137 628495.4 177
1718414866210 628495.4 178
1718414876289 628495.4 179
1718414886369 628495.4 180
1718414896458 628495.4 181
1718414906539 628495.4 182
1718414916614 628495.4 183
1718414926638 628495.4 184
1718414936716 628495.4 185
1718414946786 628495.4 186
1718414956863 628495.4 187
1718414966929 628495.4 188
1718414976961 628495.4 189
1718414986987 628495.4 190
1718414997009 628495.4 191
1718415007032 628495.4 192
1718415017104 628495.4 193
1718415027133 628495.4 194
1718415037212 628495.4 195
1718415047289 628495.4 196
1718415057317 628495.4 197
1718415067393 628495.4 198
1718415077469 628495.4 199
1718415087550 628495.4 200
1718415097622 628495.4 201
1718415107684 628495.4 202
1718415117759 628495.4 203
1718415127823 628495.4 204
1718415137898 628495.4 205
1718415147977 628495.4 206
1718415158054 628495.4 207
1718415168126 628495.4 208
1718415178209 628495.4 209
1718415188282 628495.4 210
1718415198349 628495.4 211
1718415208419 628495.4 212
1718415218493 628495.4 213
1718415228559 628495.4 214
1718415238622 628495.4 215
1718415248699 628495.4 216
1718415258773 628495.4 217
1718415268844 628495.4 218
1718415278914 628495.4 219
1718415288991 628495.4 220
1718415299071 628495.4 221
1718415309095 628495.5 222
1718415319169 628495.5 223
1718415329237 628495.5 224
1718415339323 628495.5 225
1718415349358 628495.5 226
1718415359445 628495.5 227
1718415369518 628495.5 228
1718415379590 628495.5 229
1718415389659 628495.5 230
1718415399743 628495.5 231
1718415409828 628495.5 232
1718415419908 628495.5 233
1718415429981 628495.5 234
1718415440050 628495.5 235
1718415450132 628495.5 236
1718415460204 628495.5 237
1718415470942 628495.5 238
1718415480976 629505.3 239
1718415491007 629505.3 240
1718415501048 629505.3 241
1718415511075 629505.3 242
1718415521127 629505.3 243
1718415531155 629505.3 244
1718415541179 629505.3 245
1718415551255 629505.3 246
1718415561334 629505.3 247
1718415571430 629505.3 248
1718415581470 629505.3 249
1718415591500 629505.3 250
1718415601543 629505.3 251
1718415611620 629505.3 252
1718415621657 629505.3 253
1718415631747 629505.3 254
1718415641826 629505.3 255
1718415651906 629505.3 256
1718415661997 629505.3 257
1718415672054 629505.3 258
1718415682154 629505.4 259
1718415692248 629505.6 260
1718415702330 629505.6 261
1718415712366 629505.6 262
1718415722446 629505.6 263
1718415732481 629505.6 264
1718415742567 629505.6 265
1718415752607 629505.6 266
1718415762687 629505.6 267
1718415772712 629505.6 268
1718415782782 629505.6 269
1718415792819 629505.6 270
1718415802896 629505.6 271
1718415812924 629505.6 272
1718415823001 629505.6 273
1718415833029 629505.6 274
1718415843101 629505.6 275
1718415853135 629505.6 276
1718415863215 629505.6 277
1718415873253 629505.6 278
1718415883349 629505.6 279
1718415893378 629505.6 280
1718415903415 629505.6 281
1718415913454 629505.6 282
1718415923539 629505.6 283
1718415933580 629505.6 284
1718415943658 629505.6 285
1718415953694 629505.6 286
1718415963767 629505.6 287
1718415973803 629505.6 288
1718415983893 629505.6 289
1718415993921 629505.6 290
1718416004007 629505.6 291
1718416014036 629505.6 292
1718416024103 629505.6 293
1718416034139 629505.6 294
1718416044223 629505.7 295
1718416054253 629505.7 296
1718416064329 629505.7 297
1718416074360 629505.7 298
1718416084433 629505.7 299
1718416094504 629505.7 300
1718416104580 629505.7 301
1718416114654 629505.7 302
1718416124733 629505.7 303
1718416134778 629505.7 304
1718416144861 629505.7 305
1718416154934 629505.7 306
1718416165003 629505.7 307
1718416175082 629505.7 308
1718416185159 629505.7 309
1718416195230 629505.7 310
1718416205303 629505.7 311
1718416215330 629505.7 312
1718416225405 629505.7 313
1718416235477 629505.7 314
1718416245559 629505.7 315
1718416255641 629505.7 316
1718416265729 629505.7 317
1718416275771 629505.7 318
1718416285802 630515.6 319
1718416295832 630515.6 320
1718416305857 630515.6 321
1718416315900 630515.6 322
1718416325928 630515.6 323
1718416335958 630515.6 324
1718416346007 630515.6 325
1718416356035 630515.6 326
1718416366105 630515.6 327
