1718413079084 67.2 0
1718413089103 67.2 1
1718413099128 67.2 2
1718413109150 67.2 3
1718413119171 67.2 4
1718413129222 67.2 5
1718413139244 67.2 6
1718413149275 67.2 7
1718413159319 67.2 8
1718413169339 67.2 9
1718413179419 67.2 10
1718413189445 67.2 11
1718413199472 67.2 12
1718413209499 67.2 13
1718413219530 67.2 14
1718413229558 67.2 15
1718413239583 67.2 16
1718413249614 67.2 17
1718413259648 67.2 18
1718413269675 67.2 19
1718413279708 67.2 20
1718413289735 67.2 21
1718413299763 67.2 22
1718413309792 67.2 23
1718413319820 67.2 24
1718413329848 67.2 25
1718413339875 67.2 26
1718413349898 67.2 27
1718413359917 67.2 28
1718413369936 67.2 29
1718413379957 67.2 30
1718413389983 67.2 31
1718413400015 67.2 32
1718413410045 67.2 33
1718413420073 67.2 34
1718413430096 67.2 35
1718413440114 67.2 36
1718413450141 67.2 37
1718413460171 67.2 38
1718413470194 67.2 39
1718413480223 67.2 40
1718413490253 67.2 41
1718413500330 67.2 42
1718413510362 67.2 43
1718413520384 67.2 44
1718413530408 67.2 45
1718413540439 67.2 46
1718413550472 67.2 47
1718413560498 67.2 48
1718413570526 67.2 49
1718413580549 67.2 50
1718413590567 67.2 51
1718413600586 67.2 52
1718413610608 67.2 53
1718413620630 67.2 54
1718413630660 67.2 55
1718413640683 67.2 56
1718413650712 67.2 57
1718413660742 67.2 58
1718413670767 67.2 59
1718413680792 67.2 60
1718413690822 67.2 61
1718413700848 67.2 62
1718413710872 67.2 63
1718413720900 67.2 64
1718413730926 67.2 65
1718413740948 67.2 66
1718413750968 67.2 67
1718413760989 67.2 68
1718413771010 67.2 69
1718413781031 67.2 70
1718413791055 67.2 71
1718413801075 67.2 72
1718413811105 67.2 73
1718413821133 67.2 74
1718413831159 67.2 75
1718413841186 67.2 76
1718413851216 67.2 77
1718413861247 67.2 78
1718413871278 67.2 79
1718413881305 67.2 80
1718413891333 67.3 81
1718413901376 67.3 82
1718413911403 67.3 83
1718413921425 67.3 84
1718413931449 67.3 85
1718413941473 67.3 86
1718413951498 67.3 87
1718413961571 67.3 88
1718413971592 67.3 89
1718413981621 67.3 90
1718413991651 67.3 91
1718414001680 67.3 92
1718414011710 67.3 93
1718414021742 67.3 94
1718414031772 67.3 95
1718414041798 67.3 96
1718414051829 67.3 97
1718414061851 67.3 98
1718414071879 67.3 99
1718414081911 67.3 100
1718414091940 67.3 101
1718414101972 67.3 102
1718414112004 67.3 103
1718414122038 67.3 104
1718414132068 67.3 105
1718414142099 67.3 106
1718414152130 67.3 107
1718414162157 67.3 108
1718414172188 67.3 109
1718414182221 67.3 110
1718414192254 67.3 111
1718414202286 67.3 112
1718414212367 67.3 113
1718414222400 67.3 114
1718414232482 67.3 115
1718414242515 67.3 116
1718414252549 67.3 117
1718414262581 67.3 118
1718414272649 67.3 119
1718414282679 67.3 120
1718414292753 67.3 121
1718414302786 67.3 122
1718414312867 67.3 123
1718414322901 67.3 124
1718414332981 67.3 125
1718414343013 67.3 126
1718414353091 67.3 127
1718414363126 67.3 128
1718414373152 67.3 129
1718414383181 67.3 130
1718414393252 67.3 131
1718414403278 67.3 132
1718414413347 67.3 133
1718414423372 67.3 134
1718414433451 67.3 135
1718414443487 67.3 136
1718414453569 67.3 137
1718414463595 67.3 138
1718414473664 67.3 139
1718414483742 67.3 140
1718414493807 67.3 141
1718414503843 67.3 142
1718414513910 67.3 143
1718414523977 67.3 144
1718414534038 67.3 145
1718414544107 67.3 146
1718414554180 67.3 147
1718414564243 67.3 148
1718414574313 67.3 149
1718414584335 67.3 150
1718414594409 67.3 151
1718414604476 67.3 152
1718414614548 67.3 153
1718414624619 67.3 154
1718414634685 67.3 155
1718414644763 67.3 156
1718414654832 67.3 157
1718414664909 67.3 158
1718414674999 67.3 159
1718414685022 67.4 160
1718414695087 67.4 161
1718414705113 67.4 162
1718414715137 67.4 163
1718414725204 67.4 164
1718414735239 67.4 165
1718414745262 67.4 166
1718414755293 67.4 167
1718414765372 67.4 168
1718414775461 67.4 169
1718414785538 67.4 170
1718414795623 67.4 171
1718414805721 67.4 172
1718414815807 67.4 173
1718414825885 67.4 174
1718414835972 67.4 175
1718414846053 67.4 176
1718414856137 67.4 177
1718414866210 67.4 178
1718414876289 67.4 179
1718414886369 67.4 180
1718414896458 67.4 181
1718414906539 67.4 182
1718414916614 67.4 183
1718414926638 67.4 184
1718414936716 67.4 185
1718414946786 67.4 186
1718414956863 67.4 187
1718414966929 67.4 188
1718414976961 67.4 189
1718414986987 67.4 190
1718414997009 67.4 191
1718415007032 67.4 192
1718415017104 67.4 193
1718415027133 67.4 194
1718415037212 67.4 195
1718415047289 67.4 196
1718415057317 67.4 197
1718415067393 67.4 198
1718415077469 67.4 199
1718415087550 67.4 200
1718415097622 67.4 201
1718415107684 67.4 202
1718415117759 67.4 203
1718415127823 67.4 204
1718415137898 67.4 205
1718415147977 67.4 206
1718415158054 67.4 207
1718415168126 67.4 208
1718415178209 67.4 209
1718415188282 67.4 210
1718415198349 67.4 211
1718415208419 67.4 212
1718415218493 67.4 213
1718415228559 67.4 214
1718415238622 67.4 215
1718415248699 67.4 216
1718415258773 67.4 217
1718415268844 67.4 218
1718415278914 67.4 219
1718415288991 67.4 220
1718415299071 67.4 221
1718415309095 67.4 222
1718415319169 67.4 223
1718415329237 67.4 224
1718415339323 67.4 225
1718415349358 67.4 226
1718415359445 67.4 227
1718415369518 67.4 228
1718415379590 67.4 229
1718415389659 67.4 230
1718415399743 67.4 231
1718415409828 67.4 232
1718415419908 67.4 233
1718415429981 67.4 234
1718415440050 67.4 235
1718415450132 67.4 236
1718415460204 67.4 237
1718415470942 67.4 238
1718415480976 67.5 239
1718415491007 67.5 240
1718415501048 67.5 241
1718415511075 67.5 242
1718415521127 67.5 243
1718415531155 67.5 244
1718415541179 67.5 245
1718415551255 67.5 246
1718415561334 67.5 247
1718415571430 67.5 248
1718415581470 67.5 249
1718415591500 67.5 250
1718415601543 67.5 251
1718415611620 67.5 252
1718415621657 67.5 253
1718415631747 67.5 254
1718415641826 67.5 255
1718415651906 67.5 256
1718415661997 67.5 257
1718415672054 67.5 258
1718415682154 67.5 259
1718415692248 67.5 260
1718415702330 67.5 261
1718415712366 67.5 262
1718415722446 67.5 263
1718415732481 67.5 264
1718415742567 67.5 265
1718415752607 67.5 266
1718415762687 67.5 267
1718415772712 67.5 268
1718415782782 67.5 269
1718415792819 67.5 270
1718415802896 67.5 271
1718415812924 67.5 272
1718415823001 67.5 273
1718415833029 67.5 274
1718415843101 67.5 275
1718415853135 67.5 276
1718415863215 67.5 277
1718415873253 67.5 278
1718415883349 67.5 279
1718415893378 67.5 280
1718415903415 67.5 281
1718415913454 67.5 282
1718415923539 67.5 283
1718415933580 67.5 284
1718415943658 67.5 285
1718415953694 67.5 286
1718415963767 67.5 287
1718415973803 67.5 288
1718415983893 67.5 289
1718415993921 67.5 290
1718416004007 67.5 291
1718416014036 67.5 292
1718416024103 67.5 293
1718416034139 67.5 294
1718416044223 67.5 295
1718416054253 67.5 296
1718416064329 67.5 297
1718416074360 67.5 298
1718416084433 67.5 299
1718416094504 67.5 300
1718416104580 67.5 301
1718416114654 67.5 302
1718416124733 67.5 303
1718416134778 67.5 304
1718416144861 67.5 305
1718416154934 67.5 306
1718416165003 67.5 307
1718416175082 67.5 308
1718416185159 67.5 309
1718416195230 67.5 310
1718416205303 67.5 311
1718416215330 67.5 312
1718416225405 67.5 313
1718416235477 67.5 314
1718416245559 67.5 315
1718416255641 67.5 316
1718416265729 67.5 317
1718416275771 67.5 318
1718416285802 67.6 319
1718416295832 67.6 320
1718416305857 67.6 321
1718416315900 67.6 322
1718416325928 67.6 323
1718416335958 67.6 324
1718416346007 67.6 325
1718416356035 67.6 326
1718416366105 67.6 327
