1718413079084 0.0 0
1718413089103 87.0 1
1718413099128 87.0 2
1718413109150 87.0 3
1718413119171 94.0 4
1718413129222 93.0 5
1718413139244 94.0 6
1718413149275 93.0 7
1718413159319 90.0 8
1718413169339 88.0 9
1718413179419 93.0 10
1718413189445 93.0 11
1718413199472 88.0 12
1718413209499 88.0 13
1718413219530 88.0 14
1718413229558 88.0 15
1718413239583 87.0 16
1718413249614 86.0 17
1718413259648 87.0 18
1718413269675 87.0 19
1718413279708 88.0 20
1718413289735 94.0 21
1718413299763 93.0 22
1718413309792 90.0 23
1718413319820 88.0 24
1718413329848 87.0 25
1718413339875 88.0 26
1718413349898 87.0 27
1718413359917 86.0 28
1718413369936 92.0 29
1718413379957 93.0 30
1718413389983 89.0 31
1718413400015 94.0 32
1718413410045 94.0 33
1718413420073 94.0 34
1718413430096 89.0 35
1718413440114 94.0 36
1718413450141 94.0 37
1718413460171 94.0 38
1718413470194 94.0 39
1718413480223 94.0 40
1718413490253 88.0 41
1718413500330 88.0 42
1718413510362 94.0 43
1718413520384 93.0 44
1718413530408 94.0 45
1718413540439 89.0 46
1718413550472 93.0 47
1718413560498 92.0 48
1718413570526 92.0 49
1718413580549 85.0 50
1718413590567 93.0 51
1718413600586 93.0 52
1718413610608 86.0 53
1718413620630 94.0 54
1718413630660 88.0 55
1718413640683 94.0 56
1718413650712 94.0 57
1718413660742 94.0 58
1718413670767 94.0 59
1718413680792 87.0 60
1718413690822 92.0 61
1718413700848 92.0 62
1718413710872 92.0 63
1718413720900 92.0 64
1718413730926 92.0 65
1718413740948 92.0 66
1718413750968 92.0 67
1718413760989 92.0 68
1718413771010 92.0 69
1718413781031 92.0 70
1718413791055 92.0 71
1718413801075 92.0 72
1718413811105 92.0 73
1718413821133 92.0 74
1718413831159 93.0 75
1718413841186 93.0 76
1718413851216 92.0 77
1718413861247 93.0 78
1718413871278 93.0 79
1718413881305 93.0 80
1718413891333 93.0 81
1718413901376 94.0 82
1718413911403 94.0 83
1718413921425 93.0 84
1718413931449 85.0 85
1718413941473 90.0 86
1718413951498 94.0 87
1718413961571 69.0 88
1718413971592 70.0 89
1718413981621 72.0 90
1718413991651 88.0 91
1718414001680 72.0 92
1718414011710 93.0 93
1718414021742 93.0 94
1718414031772 90.0 95
1718414041798 73.0 96
1718414051829 71.0 97
1718414061851 91.0 98
1718414071879 73.0 99
1718414081911 72.0 100
1718414091940 93.0 101
1718414101972 91.0 102
1718414112004 72.0 103
1718414122038 73.0 104
1718414132068 73.0 105
1718414142099 93.0 106
1718414152130 77.0 107
1718414162157 76.0 108
1718414172188 85.0 109
1718414182221 93.0 110
1718414192254 88.0 111
1718414202286 93.0 112
1718414212367 94.0 113
1718414222400 94.0 114
1718414232482 94.0 115
1718414242515 88.0 116
1718414252549 94.0 117
1718414262581 94.0 118
1718414272649 86.0 119
1718414282679 92.0 120
1718414292753 94.0 121
1718414302786 93.0 122
1718414312867 87.0 123
1718414322901 94.0 124
1718414332981 93.0 125
1718414343013 92.0 126
1718414353091 94.0 127
1718414363126 94.0 128
1718414373152 93.0 129
1718414383181 87.0 130
1718414393252 93.0 131
1718414403278 87.0 132
1718414413347 89.0 133
1718414423372 86.0 134
1718414433451 88.0 135
1718414443487 94.0 136
1718414453569 94.0 137
1718414463595 87.0 138
1718414473664 86.0 139
1718414483742 87.0 140
1718414493807 91.0 141
1718414503843 92.0 142
1718414513910 92.0 143
1718414523977 93.0 144
1718414534038 92.0 145
1718414544107 92.0 146
1718414554180 92.0 147
1718414564243 93.0 148
1718414574313 92.0 149
1718414584335 93.0 150
1718414594409 92.0 151
1718414604476 92.0 152
1718414614548 92.0 153
1718414624619 92.0 154
1718414634685 92.0 155
1718414644763 92.0 156
1718414654832 92.0 157
1718414664909 92.0 158
1718414674999 92.0 159
1718414685022 92.0 160
1718414695087 87.0 161
1718414705113 87.0 162
1718414715137 94.0 163
1718414725204 92.0 164
1718414735239 92.0 165
1718414745262 93.0 166
1718414755293 71.0 167
1718414765372 70.0 168
1718414775461 70.0 169
1718414785538 95.0 170
1718414795623 93.0 171
1718414805721 94.0 172
1718414815807 94.0 173
1718414825885 94.0 174
1718414835972 94.0 175
1718414846053 93.0 176
1718414856137 87.0 177
1718414866210 88.0 178
1718414876289 88.0 179
1718414886369 94.0 180
1718414896458 87.0 181
1718414906539 93.0 182
1718414916614 93.0 183
1718414926638 86.0 184
1718414936716 93.0 185
1718414946786 86.0 186
1718414956863 93.0 187
1718414966929 92.0 188
1718414976961 90.0 189
1718414986987 88.0 190
1718414997009 94.0 191
1718415007032 92.0 192
1718415017104 87.0 193
1718415027133 88.0 194
1718415037212 87.0 195
1718415047289 87.0 196
1718415057317 94.0 197
1718415067393 94.0 198
1718415077469 86.0 199
1718415087550 93.0 200
1718415097622 94.0 201
1718415107684 93.0 202
1718415117759 89.0 203
1718415127823 94.0 204
1718415137898 93.0 205
1718415147977 93.0 206
1718415158054 94.0 207
1718415168126 94.0 208
1718415178209 88.0 209
1718415188282 93.0 210
1718415198349 86.0 211
1718415208419 86.0 212
1718415218493 88.0 213
1718415228559 92.0 214
1718415238622 87.0 215
1718415248699 87.0 216
1718415258773 93.0 217
1718415268844 93.0 218
1718415278914 93.0 219
1718415288991 93.0 220
1718415299071 92.0 221
1718415309095 92.0 222
1718415319169 92.0 223
1718415329237 92.0 224
1718415339323 92.0 225
1718415349358 92.0 226
1718415359445 92.0 227
1718415369518 92.0 228
1718415379590 92.0 229
1718415389659 93.0 230
1718415399743 92.0 231
1718415409828 92.0 232
1718415419908 91.0 233
1718415429981 92.0 234
1718415440050 90.0 235
1718415450132 92.0 236
1718415460204 92.0 237
1718415470942 93.0 238
1718415480976 4.0 239
1718415491007 93.0 240
1718415501048 86.0 241
1718415511075 87.0 242
1718415521127 94.0 243
1718415531155 93.0 244
1718415541179 85.0 245
1718415551255 87.0 246
1718415561334 86.0 247
1718415571430 93.0 248
1718415581470 87.0 249
1718415591500 94.0 250
1718415601543 93.0 251
1718415611620 93.0 252
1718415621657 95.0 253
1718415631747 94.0 254
1718415641826 94.0 255
1718415651906 88.0 256
1718415661997 88.0 257
1718415672054 93.0 258
1718415682154 93.0 259
1718415692248 94.0 260
1718415702330 95.0 261
1718415712366 94.0 262
1718415722446 94.0 263
1718415732481 83.0 264
1718415742567 94.0 265
1718415752607 73.0 266
1718415762687 71.0 267
1718415772712 72.0 268
1718415782782 86.0 269
1718415792819 94.0 270
1718415802896 94.0 271
1718415812924 94.0 272
1718415823001 93.0 273
1718415833029 94.0 274
1718415843101 94.0 275
1718415853135 87.0 276
1718415863215 87.0 277
1718415873253 87.0 278
1718415883349 94.0 279
1718415893378 93.0 280
1718415903415 85.0 281
1718415913454 87.0 282
1718415923539 93.0 283
1718415933580 87.0 284
1718415943658 87.0 285
1718415953694 93.0 286
1718415963767 92.0 287
1718415973803 93.0 288
1718415983893 89.0 289
1718415993921 88.0 290
1718416004007 94.0 291
1718416014036 87.0 292
1718416024103 94.0 293
1718416034139 93.0 294
1718416044223 88.0 295
1718416054253 93.0 296
1718416064329 92.0 297
1718416074360 92.0 298
1718416084433 92.0 299
1718416094504 92.0 300
1718416104580 92.0 301
1718416114654 93.0 302
1718416124733 92.0 303
1718416134778 92.0 304
1718416144861 92.0 305
1718416154934 92.0 306
1718416165003 92.0 307
1718416175082 92.0 308
1718416185159 92.0 309
1718416195230 92.0 310
1718416205303 91.0 311
1718416215330 93.0 312
1718416225405 93.0 313
1718416235477 92.0 314
1718416245559 92.0 315
1718416255641 91.0 316
1718416265729 92.0 317
1718416275771 93.0 318
1718416285802 94.0 319
1718416295832 93.0 320
1718416305857 73.0 321
1718416315900 71.0 322
1718416325928 69.0 323
1718416335958 71.0 324
1718416346007 94.0 325
1718416356035 94.0 326
1718416366105 93.0 327
