1718413079084 7065.8 0
1718413089103 9036.8 1
1718413099128 9454.1 2
1718413109150 9458.7 3
1718413119171 9454.1 4
1718413129222 9458.0 5
1718413139244 9454.1 6
1718413149275 9458.0 7
1718413159319 9454.1 8
1718413169339 9458.0 9
1718413179419 9454.1 10
1718413189445 9493.6 11
1718413199472 9489.7 12
1718413209499 9493.6 13
1718413219530 9489.7 14
1718413229558 9493.6 15
1718413239583 9489.7 16
1718413249614 9493.6 17
1718413259648 9489.7 18
1718413269675 9493.6 19
1718413279708 9489.7 20
1718413289735 9506.2 21
1718413299763 9502.3 22
1718413309792 9506.2 23
1718413319820 9502.3 24
1718413329848 9506.9 25
1718413339875 9502.3 26
1718413349898 9506.9 27
1718413359917 9502.3 28
1718413369936 9506.9 29
1718413379957 9502.3 30
1718413389983 9506.2 31
1718413400015 9502.3 32
1718413410045 9506.9 33
1718413420073 9502.3 34
1718413430096 9506.9 35
1718413440114 9502.3 36
1718413450141 9506.9 37
1718413460171 9502.3 38
1718413470194 9506.9 39
1718413480223 9502.3 40
1718413490253 9506.2 41
1718413500330 9502.3 42
1718413510362 9506.9 43
1718413520384 9502.3 44
1718413530408 9506.9 45
1718413540439 9502.3 46
1718413550472 9506.2 47
1718413560498 9502.3 48
1718413570526 9506.2 49
1718413580549 9502.3 50
1718413590567 9506.2 51
1718413600586 9502.3 52
1718413610608 9506.2 53
1718413620630 9502.3 54
1718413630660 9506.9 55
1718413640683 9502.3 56
1718413650712 9506.9 57
1718413660742 9502.3 58
1718413670767 9506.9 59
1718413680792 9502.3 60
1718413690822 9506.9 61
1718413700848 9502.3 62
1718413710872 9502.3 63
1718413720900 9502.3 64
1718413730926 9502.3 65
1718413740948 9502.3 66
1718413750968 9502.3 67
1718413760989 9502.3 68
1718413771010 9502.3 69
1718413781031 9502.3 70
1718413791055 9502.3 71
1718413801075 9502.3 72
1718413811105 9496.0 73
1718413821133 9496.0 74
1718413831159 9496.0 75
1718413841186 9496.0 76
1718413851216 9496.0 77
1718413861247 9496.0 78
1718413871278 9496.0 79
1718413881305 9496.0 80
1718413891333 9500.2 81
1718413901376 9500.2 82
1718413911403 9500.2 83
1718413921425 9500.2 84
1718413931449 9500.2 85
1718413941473 9500.2 86
1718413951498 9500.2 87
1718413961571 9500.2 88
1718413971592 9500.2 89
1718413981621 9500.2 90
1718413991651 9500.2 91
1718414001680 9500.2 92
1718414011710 9500.2 93
1718414021742 9500.2 94
1718414031772 9500.2 95
1718414041798 9500.2 96
1718414051829 9500.2 97
1718414061851 9500.2 98
1718414071879 9500.2 99
1718414081911 9500.2 100
1718414091940 9500.2 101
1718414101972 9500.2 102
1718414112004 9500.2 103
1718414122038 9500.2 104
1718414132068 9500.2 105
1718414142099 9500.2 106
1718414152130 9500.2 107
1718414162157 9500.2 108
1718414172188 9500.2 109
1718414182221 9500.2 110
1718414192254 9500.2 111
1718414202286 9500.2 112
1718414212367 9500.2 113
1718414222400 9500.2 114
1718414232482 9500.2 115
1718414242515 9500.2 116
1718414252549 9500.2 117
1718414262581 9500.2 118
1718414272649 9500.2 119
1718414282679 9500.2 120
1718414292753 9500.2 121
1718414302786 9500.2 122
1718414312867 9500.2 123
1718414322901 9500.2 124
1718414332981 9500.2 125
1718414343013 9500.2 126
1718414353091 9500.2 127
1718414363126 9500.2 128
1718414373152 9500.2 129
1718414383181 9500.2 130
1718414393252 9500.2 131
1718414403278 9500.2 132
1718414413347 9500.2 133
1718414423372 9500.2 134
1718414433451 9500.2 135
1718414443487 9500.2 136
1718414453569 9500.2 137
1718414463595 9500.2 138
1718414473664 9500.2 139
1718414483742 9500.2 140
1718414493807 9500.2 141
1718414503843 9500.2 142
1718414513910 9500.2 143
1718414523977 9500.2 144
1718414534038 9500.2 145
1718414544107 9500.2 146
1718414554180 9500.2 147
1718414564243 9500.2 148
1718414574313 9500.2 149
1718414584335 9500.2 150
1718414594409 9500.2 151
1718414604476 9500.2 152
1718414614548 9500.2 153
1718414624619 9500.2 154
1718414634685 9500.2 155
1718414644763 9500.2 156
1718414654832 9500.2 157
1718414664909 9500.2 158
1718414674999 9500.2 159
1718414685022 9503.4 160
1718414695087 9500.2 161
1718414705113 9504.8 162
1718414715137 9500.2 163
1718414725204 9504.1 164
1718414735239 9500.2 165
1718414745262 9504.1 166
1718414755293 9500.2 167
1718414765372 9504.8 168
1718414775461 9500.2 169
1718414785538 9504.1 170
1718414795623 9500.2 171
1718414805721 9504.8 172
1718414815807 9500.2 173
1718414825885 9504.8 174
1718414835972 9500.2 175
1718414846053 9504.8 176
1718414856137 9500.2 177
1718414866210 9504.8 178
1718414876289 9500.2 179
1718414886369 9504.8 180
1718414896458 9500.2 181
1718414906539 9504.1 182
1718414916614 9500.2 183
1718414926638 9504.1 184
1718414936716 9500.2 185
1718414946786 9504.1 186
1718414956863 9500.2 187
1718414966929 9504.8 188
1718414976961 9500.2 189
1718414986987 9504.1 190
1718414997009 9500.2 191
1718415007032 9504.8 192
1718415017104 9500.2 193
1718415027133 9504.8 194
1718415037212 9500.2 195
1718415047289 9504.1 196
1718415057317 9500.2 197
1718415067393 9504.1 198
1718415077469 9500.2 199
1718415087550 9504.1 200
1718415097622 9500.2 201
1718415107684 9504.1 202
1718415117759 9500.2 203
1718415127823 9504.1 204
1718415137898 9500.2 205
1718415147977 9504.1 206
1718415158054 9500.2 207
1718415168126 9504.8 208
1718415178209 9500.2 209
1718415188282 9504.1 210
1718415198349 9500.2 211
1718415208419 9504.8 212
1718415218493 9500.2 213
1718415228559 9504.8 214
1718415238622 9500.2 215
1718415248699 9504.8 216
1718415258773 9500.2 217
1718415268844 9504.8 218
1718415278914 9500.2 219
1718415288991 9504.8 220
1718415299071 9500.2 221
1718415309095 9496.0 222
1718415319169 9496.0 223
1718415329237 9496.0 224
1718415339323 9496.0 225
1718415349358 9496.0 226
1718415359445 9496.0 227
1718415369518 9496.0 228
1718415379590 9496.0 229
1718415389659 9496.0 230
1718415399743 9496.0 231
1718415409828 9496.0 232
1718415419908 9496.0 233
1718415429981 9496.0 234
1718415440050 9496.0 235
1718415450132 9496.0 236
1718415460204 9496.0 237
1718415470942 9496.0 238
1718415480976 9500.6 239
1718415491007 9496.0 240
1718415501048 9496.0 241
1718415511075 9496.0 242
1718415521127 9496.0 243
1718415531155 9500.2 244
1718415541179 9500.2 245
1718415551255 9500.2 246
1718415561334 9500.2 247
1718415571430 9500.2 248
1718415581470 9500.2 249
1718415591500 9500.2 250
1718415601543 9500.2 251
1718415611620 9500.2 252
1718415621657 9500.2 253
1718415631747 9500.2 254
1718415641826 9500.2 255
1718415651906 9500.2 256
1718415661997 9500.2 257
1718415672054 9500.2 258
1718415682154 9504.1 259
1718415692248 9500.2 260
1718415702330 9504.8 261
1718415712366 9500.2 262
1718415722446 9504.8 263
1718415732481 9500.2 264
1718415742567 9504.8 265
1718415752607 9500.2 266
1718415762687 9504.8 267
1718415772712 9500.2 268
1718415782782 9504.8 269
1718415792819 9500.2 270
1718415802896 9504.8 271
1718415812924 9500.2 272
1718415823001 9504.8 273
1718415833029 9500.2 274
1718415843101 9505.8 275
1718415853135 9500.2 276
1718415863215 9504.8 277
1718415873253 9500.2 278
1718415883349 9504.8 279
1718415893378 9500.2 280
1718415903415 9504.1 281
1718415913454 9500.2 282
1718415923539 9504.1 283
1718415933580 9500.2 284
1718415943658 9504.1 285
1718415953694 9500.2 286
1718415963767 9504.1 287
1718415973803 9500.2 288
1718415983893 9504.1 289
1718415993921 9500.2 290
1718416004007 9504.1 291
1718416014036 9500.2 292
1718416024103 9504.8 293
1718416034139 9500.2 294
1718416044223 9504.8 295
1718416054253 9500.2 296
1718416064329 9505.8 297
1718416074360 9500.2 298
1718416084433 9504.8 299
1718416094504 9500.2 300
1718416104580 9500.2 301
1718416114654 9500.2 302
1718416124733 9500.2 303
1718416134778 9500.2 304
1718416144861 9500.2 305
1718416154934 9500.2 306
1718416165003 9500.2 307
1718416175082 9500.2 308
1718416185159 9500.2 309
1718416195230 9500.2 310
1718416205303 9500.2 311
1718416215330 9496.0 312
1718416225405 9496.0 313
1718416235477 9496.0 314
1718416245559 9496.0 315
1718416255641 9496.0 316
1718416265729 9496.0 317
1718416275771 9496.0 318
1718416285802 9496.0 319
1718416295832 9496.0 320
1718416305857 9496.0 321
1718416315900 9496.0 322
1718416325928 9500.2 323
1718416335958 9500.2 324
1718416346007 9500.2 325
1718416356035 9500.2 326
1718416366105 9500.2 327
