1718413079084 54.8 0
1718413089103 70.1 1
1718413099128 73.4 2
1718413109150 73.4 3
1718413119171 73.4 4
1718413129222 73.4 5
1718413139244 73.4 6
1718413149275 73.4 7
1718413159319 73.4 8
1718413169339 73.4 9
1718413179419 73.4 10
1718413189445 73.7 11
1718413199472 73.7 12
1718413209499 73.7 13
1718413219530 73.7 14
1718413229558 73.7 15
1718413239583 73.7 16
1718413249614 73.7 17
1718413259648 73.7 18
1718413269675 73.7 19
1718413279708 73.7 20
1718413289735 73.8 21
1718413299763 73.7 22
1718413309792 73.8 23
1718413319820 73.7 24
1718413329848 73.8 25
1718413339875 73.7 26
1718413349898 73.8 27
1718413359917 73.7 28
1718413369936 73.8 29
1718413379957 73.7 30
1718413389983 73.8 31
1718413400015 73.7 32
1718413410045 73.8 33
1718413420073 73.7 34
1718413430096 73.8 35
1718413440114 73.7 36
1718413450141 73.8 37
1718413460171 73.7 38
1718413470194 73.8 39
1718413480223 73.7 40
1718413490253 73.8 41
1718413500330 73.7 42
1718413510362 73.8 43
1718413520384 73.7 44
1718413530408 73.8 45
1718413540439 73.7 46
1718413550472 73.8 47
1718413560498 73.7 48
1718413570526 73.8 49
1718413580549 73.7 50
1718413590567 73.8 51
1718413600586 73.7 52
1718413610608 73.8 53
1718413620630 73.7 54
1718413630660 73.8 55
1718413640683 73.7 56
1718413650712 73.8 57
1718413660742 73.7 58
1718413670767 73.8 59
1718413680792 73.7 60
1718413690822 73.8 61
1718413700848 73.7 62
1718413710872 73.7 63
1718413720900 73.7 64
1718413730926 73.7 65
1718413740948 73.7 66
1718413750968 73.7 67
1718413760989 73.7 68
1718413771010 73.7 69
1718413781031 73.7 70
1718413791055 73.7 71
1718413801075 73.7 72
1718413811105 73.7 73
1718413821133 73.7 74
1718413831159 73.7 75
1718413841186 73.7 76
1718413851216 73.7 77
1718413861247 73.7 78
1718413871278 73.7 79
1718413881305 73.7 80
1718413891333 73.7 81
1718413901376 73.7 82
1718413911403 73.7 83
1718413921425 73.7 84
1718413931449 73.7 85
1718413941473 73.7 86
1718413951498 73.7 87
1718413961571 73.7 88
1718413971592 73.7 89
1718413981621 73.7 90
1718413991651 73.7 91
1718414001680 73.7 92
1718414011710 73.7 93
1718414021742 73.7 94
1718414031772 73.7 95
1718414041798 73.7 96
1718414051829 73.7 97
1718414061851 73.7 98
1718414071879 73.7 99
1718414081911 73.7 100
1718414091940 73.7 101
1718414101972 73.7 102
1718414112004 73.7 103
1718414122038 73.7 104
1718414132068 73.7 105
1718414142099 73.7 106
1718414152130 73.7 107
1718414162157 73.7 108
1718414172188 73.7 109
1718414182221 73.7 110
1718414192254 73.7 111
1718414202286 73.7 112
1718414212367 73.7 113
1718414222400 73.7 114
1718414232482 73.7 115
1718414242515 73.7 116
1718414252549 73.7 117
1718414262581 73.7 118
1718414272649 73.7 119
1718414282679 73.7 120
1718414292753 73.7 121
1718414302786 73.7 122
1718414312867 73.7 123
1718414322901 73.7 124
1718414332981 73.7 125
1718414343013 73.7 126
1718414353091 73.7 127
1718414363126 73.7 128
1718414373152 73.7 129
1718414383181 73.7 130
1718414393252 73.7 131
1718414403278 73.7 132
1718414413347 73.7 133
1718414423372 73.7 134
1718414433451 73.7 135
1718414443487 73.7 136
1718414453569 73.7 137
1718414463595 73.7 138
1718414473664 73.7 139
1718414483742 73.7 140
1718414493807 73.7 141
1718414503843 73.7 142
1718414513910 73.7 143
1718414523977 73.7 144
1718414534038 73.7 145
1718414544107 73.7 146
1718414554180 73.7 147
1718414564243 73.7 148
1718414574313 73.7 149
1718414584335 73.7 150
1718414594409 73.7 151
1718414604476 73.7 152
1718414614548 73.7 153
1718414624619 73.7 154
1718414634685 73.7 155
1718414644763 73.7 156
1718414654832 73.7 157
1718414664909 73.7 158
1718414674999 73.7 159
1718414685022 73.8 160
1718414695087 73.7 161
1718414705113 73.8 162
1718414715137 73.7 163
1718414725204 73.8 164
1718414735239 73.7 165
1718414745262 73.8 166
1718414755293 73.7 167
1718414765372 73.8 168
1718414775461 73.7 169
1718414785538 73.8 170
1718414795623 73.7 171
1718414805721 73.8 172
1718414815807 73.7 173
1718414825885 73.8 174
1718414835972 73.7 175
1718414846053 73.8 176
1718414856137 73.7 177
1718414866210 73.8 178
1718414876289 73.7 179
1718414886369 73.8 180
1718414896458 73.7 181
1718414906539 73.8 182
1718414916614 73.7 183
1718414926638 73.8 184
1718414936716 73.7 185
1718414946786 73.8 186
1718414956863 73.7 187
1718414966929 73.8 188
1718414976961 73.7 189
1718414986987 73.8 190
1718414997009 73.7 191
1718415007032 73.8 192
1718415017104 73.7 193
1718415027133 73.8 194
1718415037212 73.7 195
1718415047289 73.8 196
1718415057317 73.7 197
1718415067393 73.8 198
1718415077469 73.7 199
1718415087550 73.8 200
1718415097622 73.7 201
1718415107684 73.8 202
1718415117759 73.7 203
1718415127823 73.8 204
1718415137898 73.7 205
1718415147977 73.8 206
1718415158054 73.7 207
1718415168126 73.8 208
1718415178209 73.7 209
1718415188282 73.8 210
1718415198349 73.7 211
1718415208419 73.8 212
1718415218493 73.7 213
1718415228559 73.8 214
1718415238622 73.7 215
1718415248699 73.8 216
1718415258773 73.7 217
1718415268844 73.8 218
1718415278914 73.7 219
1718415288991 73.8 220
1718415299071 73.7 221
1718415309095 73.7 222
1718415319169 73.7 223
1718415329237 73.7 224
1718415339323 73.7 225
1718415349358 73.7 226
1718415359445 73.7 227
1718415369518 73.7 228
1718415379590 73.7 229
1718415389659 73.7 230
1718415399743 73.7 231
1718415409828 73.7 232
1718415419908 73.7 233
1718415429981 73.7 234
1718415440050 73.7 235
1718415450132 73.7 236
1718415460204 73.7 237
1718415470942 73.7 238
1718415480976 73.7 239
1718415491007 73.7 240
1718415501048 73.7 241
1718415511075 73.7 242
1718415521127 73.7 243
1718415531155 73.7 244
1718415541179 73.7 245
1718415551255 73.7 246
1718415561334 73.7 247
1718415571430 73.7 248
1718415581470 73.7 249
1718415591500 73.7 250
1718415601543 73.7 251
1718415611620 73.7 252
1718415621657 73.7 253
1718415631747 73.7 254
1718415641826 73.7 255
1718415651906 73.7 256
1718415661997 73.7 257
1718415672054 73.7 258
1718415682154 73.8 259
1718415692248 73.7 260
1718415702330 73.8 261
1718415712366 73.7 262
1718415722446 73.8 263
1718415732481 73.7 264
1718415742567 73.8 265
1718415752607 73.7 266
1718415762687 73.8 267
1718415772712 73.7 268
1718415782782 73.8 269
1718415792819 73.7 270
1718415802896 73.8 271
1718415812924 73.7 272
1718415823001 73.8 273
1718415833029 73.7 274
1718415843101 73.8 275
1718415853135 73.7 276
1718415863215 73.8 277
1718415873253 73.7 278
1718415883349 73.8 279
1718415893378 73.7 280
1718415903415 73.8 281
1718415913454 73.7 282
1718415923539 73.8 283
1718415933580 73.7 284
1718415943658 73.8 285
1718415953694 73.7 286
1718415963767 73.8 287
1718415973803 73.7 288
1718415983893 73.8 289
1718415993921 73.7 290
1718416004007 73.8 291
1718416014036 73.7 292
1718416024103 73.8 293
1718416034139 73.7 294
1718416044223 73.8 295
1718416054253 73.7 296
1718416064329 73.8 297
1718416074360 73.7 298
1718416084433 73.8 299
1718416094504 73.7 300
1718416104580 73.7 301
1718416114654 73.7 302
1718416124733 73.7 303
1718416134778 73.7 304
1718416144861 73.7 305
1718416154934 73.7 306
1718416165003 73.7 307
1718416175082 73.7 308
1718416185159 73.7 309
1718416195230 73.7 310
1718416205303 73.7 311
1718416215330 73.7 312
1718416225405 73.7 313
1718416235477 73.7 314
1718416245559 73.7 315
1718416255641 73.7 316
1718416265729 73.7 317
1718416275771 73.7 318
1718416285802 73.7 319
1718416295832 73.7 320
1718416305857 73.7 321
1718416315900 73.7 322
1718416325928 73.7 323
1718416335958 73.7 324
1718416346007 73.7 325
1718416356035 73.7 326
1718416366105 73.7 327
