1718413079084 0.0 0
1718413089103 0.0004400000000011062 1
1718413099128 0.0013920000000027244 2
1718413109150 0.0022880000000000678 3
1718413119171 0.0029470000000024754 4
1718413129222 0.007404000000001076 5
1718413139244 0.007989000000002022 6
1718413149275 0.007989000000002022 7
1718413159319 0.007989000000002022 8
1718413169339 0.008529000000002895 9
1718413179419 0.008808000000001925 10
1718413189445 0.013598000000001775 11
1718413199472 0.01908300000000196 12
1718413209499 0.05194900000000047 13
1718413219530 0.05684800000000223 14
1718413229558 0.056934000000001816 15
1718413239583 0.05772699999999986 16
1718413249614 0.062332000000001386 17
1718413259648 0.06281000000000247 18
1718413269675 0.06301500000000004 19
1718413279708 0.06326400000000021 20
1718413289735 0.06751000000000218 21
1718413299763 0.06776800000000094 22
1718413309792 0.07284600000000196 23
1718413319820 0.07320500000000152 24
1718413329848 0.07393599999999978 25
1718413339875 0.074345000000001 26
1718413349898 0.07494900000000015 27
1718413359917 0.07494900000000015 28
1718413369936 0.07939999999999969 29
1718413379957 0.07967600000000274 30
1718413389983 0.07967600000000274 31
1718413400015 0.07986300000000313 32
1718413410045 0.08102600000000137 33
1718413420073 0.08111200000000096 34
1718413430096 0.08550100000000072 35
1718413440114 0.08588200000000157 36
1718413450141 0.08607600000000204 37
1718413460171 0.08651900000000268 38
1718413470194 0.08660500000000226 39
1718413480223 0.08660500000000226 40
1718413490253 0.09102100000000135 41
1718413500330 0.0968270000000011 42
1718413510362 0.1023750000000021 43
1718413520384 0.10246100000000169 44
1718413530408 0.10314400000000035 45
1718413540439 0.10320600000000013 46
1718413550472 0.107958 47
1718413560498 0.10880400000000279 48
1718413570526 0.10889000000000237 49
1718413580549 0.10914800000000113 50
1718413590567 0.10923400000000072 51
1718413600586 0.10940200000000289 52
1718413610608 0.1137820000000005 53
1718413620630 0.11384400000000028 54
1718413630660 0.11392999999999986 55
1718413640683 0.11392999999999986 56
1718413650712 0.11432900000000146 57
1718413660742 0.11480099999999993 58
1718413670767 0.11938400000000016 59
1718413680792 0.11967500000000086 60
1718413690822 0.11974900000000233 61
1718413700848 0.11974900000000233 62
1718413710872 0.12089399999999983 63
1718413720900 0.12098000000000297 64
1718413730926 0.1251640000000016 65
1718413740948 0.1251640000000016 66
1718413750968 0.1251640000000016 67
1718413760989 0.1251640000000016 68
1718413771010 0.12531200000000098 69
1718413781031 0.12531200000000098 70
1718413791055 0.129838000000003 71
1718413801075 0.13814700000000002 72
1718413811105 0.14087200000000166 73
1718413821133 0.1414439999999999 74
1718413831159 0.14194000000000173 75
1718413841186 0.1423140000000025 76
1718413851216 0.14691900000000047 77
1718413861247 0.14700500000000005 78
1718413871278 0.147590000000001 79
1718413881305 0.14796400000000176 80
1718413891333 0.1511640000000014 81
1718413901376 0.1516420000000025 82
1718413911403 0.15582600000000113 83
1718413921425 0.15582600000000113 84
1718413931449 0.15591200000000072 85
1718413941473 0.15666700000000233 86
1718413951498 0.15666700000000233 87
1718413961571 0.15729600000000232 88
1718413971592 0.16209500000000077 89
1718413981621 0.16224300000000014 90
1718413991651 0.16230499999999992 91
1718414001680 0.16249600000000086 92
1718414011710 0.16359700000000288 93
1718414021742 0.16368300000000247 94
1718414031772 0.1683160000000008 95
1718414041798 0.1683160000000008 96
1718414051829 0.16869800000000268 97
1718414061851 0.16890300000000025 98
1718414071879 0.1693300000000022 99
1718414081911 0.1693300000000022 100
1718414091940 0.17485500000000087 101
1718414101972 0.18603799999999993 102
1718414112004 0.1966940000000008 103
1718414122038 0.1967800000000004 104
1718414132068 0.19705000000000084 105
1718414142099 0.19725700000000046 106
1718414152130 0.20229100000000244 107
1718414162157 0.20237700000000203 108
1718414172188 0.20257900000000006 109
1718414182221 0.20257900000000006 110
1718414192254 0.20266499999999965 111
1718414202286 0.20297300000000007 112
1718414212367 0.20715700000000226 113
1718414222400 0.20715700000000226 114
1718414232482 0.20724300000000184 115
1718414242515 0.20730500000000163 116
1718414252549 0.20730500000000163 117
1718414262581 0.20730500000000163 118
1718414272649 0.21148900000000026 119
1718414282679 0.21163699999999963 120
1718414292753 0.21163699999999963 121
1718414302786 0.21253300000000053 122
1718414312867 0.21253300000000053 123
1718414322901 0.21269300000000158 124
1718414332981 0.216939 125
1718414343013 0.216939 126
1718414353091 0.216939 127
1718414363126 0.216939 128
1718414373152 0.21708700000000292 129
1718414383181 0.21708700000000292 130
1718414393252 0.22231999999999985 131
1718414403278 0.2321520000000028 132
1718414413347 0.2322380000000024 133
1718414423372 0.23232400000000197 134
1718414433451 0.23241000000000156 135
1718414443487 0.23247200000000134 136
1718414453569 0.2369020000000006 137
1718414463595 0.2369880000000002 138
1718414473664 0.2369880000000002 139
1718414483742 0.2369880000000002 140
1718414493807 0.23716000000000292 141
1718414503843 0.2372220000000027 142
1718414513910 0.24140600000000134 143
1718414523977 0.24140600000000134 144
1718414534038 0.24149200000000093 145
1718414544107 0.2415540000000007 146
1718414554180 0.2415540000000007 147
1718414564243 0.24162800000000217 148
1718414574313 0.2458120000000008 149
1718414584335 0.24596000000000018 150
1718414594409 0.24596000000000018 151
1718414604476 0.24685600000000107 152
1718414614548 0.24685600000000107 153
1718414624619 0.24694200000000066 154
1718414634685 0.25118800000000263 155
1718414644763 0.25118800000000263 156
1718414654832 0.25118800000000263 157
1718414664909 0.25118800000000263 158
1718414674999 0.251336000000002 159
1718414685022 0.25445000000000206 160
1718414695087 0.2595850000000013 161
1718414705113 0.2693310000000011 162
1718414715137 0.2732920000000014 163
1718414725204 0.2732920000000014 164
1718414735239 0.273378000000001 165
1718414745262 0.273378000000001 166
1718414755293 0.27773400000000237 167
1718414765372 0.27790600000000154 168
1718414775461 0.27790600000000154 169
1718414785538 0.27790600000000154 170
1718414795623 0.2780780000000007 171
1718414805721 0.2782260000000001 172
1718414815807 0.28252000000000166 173
1718414825885 0.2825940000000031 174
1718414835972 0.2827420000000025 175
1718414846053 0.2827420000000025 176
1718414856137 0.2828280000000021 177
1718414866210 0.2828280000000021 178
1718414876289 0.2870120000000007 179
1718414886369 0.2870980000000003 180
1718414896458 0.2875779999999999 181
1718414906539 0.2884740000000008 182
1718414916614 0.2884740000000008 183
1718414926638 0.2887440000000012 184
1718414936716 0.29292799999999986 185
1718414946786 0.29292799999999986 186
1718414956863 0.2930020000000013 187
1718414966929 0.2930020000000013 188
1718414976961 0.2931500000000007 189
1718414986987 0.29338200000000114 190
1718414997009 0.2983830000000012 191
1718415007032 0.31965800000000044 192
1718415017104 0.34130200000000244 193
1718415027133 0.341388000000002 194
1718415037212 0.3414740000000016 195
1718415047289 0.3415600000000012 196
1718415057317 0.34583000000000297 197
1718415067393 0.34583000000000297 198
1718415077469 0.34605200000000025 199
1718415087550 0.34605200000000025 200
1718415097622 0.34994999999999976 201
1718415107684 0.34994999999999976 202
1718415117759 0.35413400000000195 203
1718415127823 0.35413400000000195 204
1718415137898 0.35422000000000153 205
1718415147977 0.35422000000000153 206
1718415158054 0.35422000000000153 207
1718415168126 0.3542800000000028 208
1718415178209 0.35848999999999975 209
1718415188282 0.3585520000000031 210
1718415198349 0.358626000000001 211
1718415208419 0.3595220000000019 212
1718415218493 0.3595220000000019 213
1718415228559 0.3640129999999999 214
1718415238622 0.3640129999999999 215
1718415248699 0.3640129999999999 216
1718415258773 0.3640129999999999 217
1718415268844 0.36409900000000306 218
1718415278914 0.36416100000000284 219
1718415288991 0.36857700000000193 220
1718415299071 0.3693080000000002 221
1718415309095 0.3792410000000004 222
1718415319169 0.37932699999999997 223
1718415329237 0.37940100000000143 224
1718415339323 0.379487000000001 225
1718415349358 0.3838430000000024 226
1718415359445 0.38390500000000216 227
1718415369518 0.38399100000000175 228
1718415379590 0.38399100000000175 229
1718415389659 0.38399100000000175 230
1718415399743 0.3842250000000007 231
1718415409828 0.3884090000000029 232
1718415419908 0.3884090000000029 233
1718415429981 0.3884090000000029 234
1718415440050 0.38855700000000226 235
1718415450132 0.38855700000000226 236
1718415460204 0.38863100000000017 237
1718415470942 0.39281500000000236 238
1718415480976 0.396015000000002 239
1718415491007 0.3963220000000014 240
1718415501048 0.3963220000000014 241
1718415511075 0.3972180000000023 242
1718415521127 0.3972180000000023 243
1718415531155 0.4015500000000003 244
1718415541179 0.4015500000000003 245
1718415551255 0.4015500000000003 246
1718415561334 0.4015500000000003 247
1718415571430 0.4016359999999999 248
1718415581470 0.40177200000000113 249
1718415591500 0.4061880000000002 250
1718415601543 0.41152500000000103 251
1718415611620 0.4170259999999999 252
1718415621657 0.41711200000000304 253
1718415631747 0.4171980000000026 254
1718415641826 0.4171980000000026 255
1718415651906 0.42155400000000043 256
1718415661997 0.42164 257
1718415672054 0.4217019999999998 258
1718415682154 0.4217019999999998 259
1718415692248 0.42178800000000294 260
1718415702330 0.4220100000000002 261
1718415712366 0.4261940000000024 262
1718415722446 0.4263779999999997 263
1718415732481 0.42646400000000284 264
1718415742567 0.4265260000000026 265
1718415752607 0.4265260000000026 266
1718415762687 0.4265260000000026 267
1718415772712 0.43071000000000126 268
1718415782782 0.43079600000000084 269
1718415792819 0.43085800000000063 270
1718415802896 0.4317540000000015 271
1718415812924 0.4318160000000013 272
1718415823001 0.4318160000000013 273
1718415833029 0.436160000000001 274
1718415843101 0.436160000000001 275
1718415853135 0.436160000000001 276
1718415863215 0.436160000000001 277
1718415873253 0.4362460000000006 278
1718415883349 0.43639000000000294 279
1718415893378 0.4415370000000003 280
1718415903415 0.448399000000002 281
1718415913454 0.46330000000000027 282
1718415923539 0.46338599999999985 283
1718415933580 0.463472000000003 284
1718415943658 0.463472000000003 285
1718415953694 0.46798800000000185 286
1718415963767 0.46807400000000143 287
1718415973803 0.4681360000000012 288
1718415983893 0.4681360000000012 289
1718415993921 0.4682220000000008 290
1718416004007 0.468394 291
1718416014036 0.47257800000000216 292
1718416024103 0.47257800000000216 293
1718416034139 0.47266400000000175 294
1718416044223 0.47272600000000153 295
1718416054253 0.47272600000000153 296
1718416064329 0.47272600000000153 297
1718416074360 0.47691000000000017 298
1718416084433 0.4770700000000012 299
1718416094504 0.4770700000000012 300
1718416104580 0.4779660000000021 301
1718416114654 0.4780280000000019 302
1718416124733 0.4780280000000019 303
1718416134778 0.4822980000000001 304
1718416144861 0.4822980000000001 305
1718416154934 0.4822980000000001 306
1718416165003 0.4822980000000001 307
1718416175082 0.48244600000000304 308
1718416185159 0.48244600000000304 309
1718416195230 0.4875930000000004 310
1718416205303 0.49751400000000245 311
1718416215330 0.49760000000000204 312
1718416225405 0.4976860000000016 313
1718416235477 0.4977720000000012 314
1718416245559 0.4977720000000012 315
1718416255641 0.5021280000000026 316
1718416265729 0.5022140000000022 317
1718416275771 0.5022140000000022 318
1718416285802 0.5053280000000022 319
1718416295832 0.5055000000000014 320
1718416305857 0.5055000000000014 321
1718416315900 0.509684 322
1718416325928 0.509684 323
1718416335958 0.5098440000000011 324
1718416346007 0.5099060000000009 325
1718416356035 0.5099060000000009 326
1718416366105 0.5099060000000009 327
