1718413079084 0.0 0
1718413089103 0.0005820000000085201 1
1718413099128 0.001396999999997206 2
1718413109150 0.002425000000016553 3
1718413119171 0.003604999999993197 4
1718413129222 0.007927999999992608 5
1718413139244 0.008471999999983382 6
1718413149275 0.008471999999983382 7
1718413159319 0.008574999999950705 8
1718413169339 0.008930999999961386 9
1718413179419 0.009290999999961969 10
1718413189445 0.013984999999934189 11
1718413199472 0.02419499999996333 12
1718413209499 0.07045400000004065 13
1718413219530 0.08809799999994539 14
1718413229558 0.08809799999994539 15
1718413239583 0.08880199999998695 16
1718413249614 0.09337700000003224 17
1718413259648 0.09377599999993436 18
1718413269675 0.09393299999999272 19
1718413279708 0.09423500000002605 20
1718413289735 0.09827599999994163 21
1718413299763 0.09860100000003058 22
1718413309792 0.10357299999998304 23
1718413319820 0.10397100000000137 24
1718413329848 0.10459600000001501 25
1718413339875 0.10501199999998789 26
1718413349898 0.10547199999996337 27
1718413359917 0.10557500000004438 28
1718413369936 0.11003600000003644 29
1718413379957 0.1102809999999863 30
1718413389983 0.1102809999999863 31
1718413400015 0.11052299999994375 32
1718413410045 0.11176799999998366 33
1718413420073 0.11176799999998366 34
1718413430096 0.11626899999998841 35
1718413440114 0.11634200000003148 36
1718413450141 0.11648800000000392 37
1718413460171 0.11683300000004238 38
1718413470194 0.11683300000004238 39
1718413480223 0.11683300000004238 40
1718413490253 0.12124900000003436 41
1718413500330 0.13151300000004085 42
1718413510362 0.14113099999997303 43
1718413520384 0.14113099999997303 44
1718413530408 0.14158399999996618 45
1718413540439 0.14164400000004207 46
1718413550472 0.14625999999998385 47
1718413560498 0.14693999999997231 48
1718413570526 0.14693999999997231 49
1718413580549 0.1471480000000156 50
1718413590567 0.14721399999996265 51
1718413600586 0.1472800000000234 52
1718413610608 0.15161200000000008 53
1718413620630 0.15167199999996228 54
1718413630660 0.15179799999998522 55
1718413640683 0.15179799999998522 56
1718413650712 0.15210100000001603 57
1718413660742 0.15247499999998126 58
1718413670767 0.15696200000002136 59
1718413680792 0.15711899999996604 60
1718413690822 0.15721899999994093 61
1718413700848 0.15721899999994093 62
1718413710872 0.1584460000000263 63
1718413720900 0.1584460000000263 64
1718413730926 0.16263000000003558 65
1718413740948 0.16263000000003558 66
1718413750968 0.16263000000003558 67
1718413760989 0.16263000000003558 68
1718413771010 0.16268999999999778 69
1718413781031 0.16268999999999778 70
1718413791055 0.1671959999999899 71
1718413801075 0.1796040000000403 72
1718413811105 0.18745000000001255 73
1718413821133 0.18776600000001054 74
1718413831159 0.18808000000001357 75
1718413841186 0.1883579999999938 76
1718413851216 0.1928729999999632 77
1718413861247 0.1928729999999632 78
1718413871278 0.19331399999998666 79
1718413881305 0.1935919999999669 80
1718413891333 0.20280000000002474 81
1718413901376 0.20316200000002027 82
1718413911403 0.20734600000002956 83
1718413921425 0.20734600000002956 84
1718413931449 0.20747199999993882 85
1718413941473 0.2081070000000409 86
1718413951498 0.2081070000000409 87
1718413961571 0.20859199999995326 88
1718413971592 0.21324700000002395 89
1718413981621 0.21330699999998615 90
1718413991651 0.21354699999994864 91
1718414001680 0.21375000000000455 92
1718414011710 0.21493499999996857 93
1718414021742 0.21493499999996857 94
1718414031772 0.21947000000000116 95
1718414041798 0.21947000000000116 96
1718414051829 0.2197559999999612 97
1718414061851 0.22001299999999446 98
1718414071879 0.22023000000001502 99
1718414081911 0.22023000000001502 100
1718414091940 0.22567100000003393 101
1718414101972 0.2509820000000218 102
1718414112004 0.2729339999999638 103
1718414122038 0.2729339999999638 104
1718414132068 0.27315599999997175 105
1718414142099 0.27331500000002507 106
1718414152130 0.278144999999995 107
1718414162157 0.278144999999995 108
1718414172188 0.2782989999999472 109
1718414182221 0.2782989999999472 110
1718414192254 0.27846499999998287 111
1718414202286 0.27865699999995286 112
1718414212367 0.28284099999996215 113
1718414222400 0.28284099999996215 114
1718414232482 0.2830269999999473 115
1718414242515 0.2830870000000232 116
1718414252549 0.2830870000000232 117
1718414262581 0.2830870000000232 118
1718414272649 0.2872710000000325 119
1718414282679 0.2873309999999947 120
1718414292753 0.2873309999999947 121
1718414302786 0.288359000000014 122
1718414312867 0.2884589999999889 123
1718414322901 0.2884589999999889 124
1718414332981 0.2927029999999604 125
1718414343013 0.2927029999999604 126
1718414353091 0.2927029999999604 127
1718414363126 0.2927029999999604 128
1718414373152 0.2927630000000363 129
1718414383181 0.2927630000000363 130
1718414393252 0.29792799999995623 131
1718414403278 0.3166049999999814 132
1718414413347 0.3166049999999814 133
1718414423372 0.3166049999999814 134
1718414433451 0.3166049999999814 135
1718414443487 0.31676500000003216 136
1718414453569 0.32108099999993556 137
1718414463595 0.32108099999993556 138
1718414473664 0.3215850000000273 139
1718414483742 0.3215850000000273 140
1718414493807 0.3217170000000351 141
1718414503843 0.3217769999999973 142
1718414513910 0.3259610000000066 143
1718414523977 0.3259610000000066 144
1718414534038 0.32608700000002955 145
1718414544107 0.32614699999999175 146
1718414554180 0.32614699999999175 147
1718414564243 0.32624699999996665 148
1718414574313 0.33043099999997594 149
1718414584335 0.33049099999993814 150
1718414594409 0.33049099999993814 151
1718414604476 0.3315189999999575 152
1718414614548 0.3315189999999575 153
1718414624619 0.3315189999999575 154
1718414634685 0.33576300000004267 155
1718414644763 0.33576300000004267 156
1718414654832 0.33576300000004267 157
1718414664909 0.33576300000004267 158
1718414674999 0.33582300000000487 159
1718414685022 0.345030999999949 160
1718414695087 0.35029599999995753 161
1718414705113 0.3689729999999827 162
1718414715137 0.3784249999999929 163
1718414725204 0.3784249999999929 164
1718414735239 0.3784249999999929 165
1718414745262 0.3784249999999929 166
1718414755293 0.38274100000001 167
1718414765372 0.38280699999995704 168
1718414775461 0.38280699999995704 169
1718414785538 0.38280699999995704 170
1718414795623 0.38293899999996484 171
1718414805721 0.3830649999999878 172
1718414815807 0.3874389999999721 173
1718414825885 0.3874989999999343 174
1718414835972 0.38762499999995725 175
1718414846053 0.38762499999995725 176
1718414856137 0.387691000000018 177
1718414866210 0.387691000000018 178
1718414876289 0.3918750000000273 179
1718414886369 0.3918750000000273 180
1718414896458 0.3925859999999375 181
1718414906539 0.3936740000000327 182
1718414916614 0.3936740000000327 183
1718414926638 0.39389600000004066 184
1718414936716 0.39807999999993626 185
1718414946786 0.39818000000002485 186
1718414956863 0.39818000000002485 187
1718414966929 0.39818000000002485 188
1718414976961 0.39823999999998705 189
1718414986987 0.39847199999996974 190
1718414997009 0.40340900000001056 191
1718415007032 0.4411999999999807 192
1718415017104 0.48362999999994827 193
1718415027133 0.48362999999994827 194
1718415037212 0.48362999999994827 195
1718415047289 0.483696000000009 196
1718415057317 0.48794599999996535 197
1718415067393 0.48794599999996535 198
1718415077469 0.48810600000001614 199
1718415087550 0.48810600000001614 200
1718415097622 0.49640599999997903 201
1718415107684 0.49640599999997903 202
1718415117759 0.5005899999999883 203
1718415127823 0.5006499999999505 204
1718415137898 0.5007160000000113 205
1718415147977 0.5007160000000113 206
1718415158054 0.5012199999999893 207
1718415168126 0.5012799999999515 208
1718415178209 0.5054039999999986 209
1718415188282 0.5054639999999608 210
1718415198349 0.5055639999999357 211
1718415208419 0.5065919999999551 212
1718415218493 0.5065919999999551 213
1718415228559 0.5109469999999874 214
1718415238622 0.5109469999999874 215
1718415248699 0.5109469999999874 216
1718415258773 0.5109469999999874 217
1718415268844 0.5109469999999874 218
1718415278914 0.5110069999999496 219
1718415288991 0.5154229999999416 220
1718415299071 0.5161759999999731 221
1718415309095 0.5349410000000034 222
1718415319169 0.5349410000000034 223
1718415329237 0.5350409999999783 224
1718415339323 0.5350409999999783 225
1718415349358 0.5393569999999954 226
1718415359445 0.5394169999999576 227
1718415369518 0.5394169999999576 228
1718415379590 0.5394169999999576 229
1718415389659 0.5394169999999576 230
1718415399743 0.5396090000000413 231
1718415409828 0.5437929999999369 232
1718415419908 0.5437929999999369 233
1718415429981 0.5438530000000128 234
1718415440050 0.5439790000000357 235
1718415450132 0.5440790000000106 236
1718415460204 0.5440790000000106 237
1718415470942 0.5482630000000199 238
1718415480976 0.557405000000017 239
1718415491007 0.5574779999999464 240
1718415501048 0.5574779999999464 241
1718415511075 0.5585059999999658 242
1718415521127 0.5585059999999658 243
1718415531155 0.5627499999999372 244
1718415541179 0.5627499999999372 245
1718415551255 0.5627499999999372 246
1718415561334 0.5627499999999372 247
1718415571430 0.5627499999999372 248
1718415581470 0.562909999999988 249
1718415591500 0.56732599999998 250
1718415601543 0.5773729999999659 251
1718415611620 0.5869500000000016 252
1718415621657 0.5869500000000016 253
1718415631747 0.5869500000000016 254
1718415641826 0.5869500000000016 255
1718415651906 0.5912660000000187 256
1718415661997 0.5913859999999431 257
1718415672054 0.5916260000000193 258
1718415682154 0.5916260000000193 259
1718415692248 0.5916919999999664 260
1718415702330 0.5919179999999642 261
1718415712366 0.5961019999999735 262
1718415722446 0.5963239999999814 263
1718415732481 0.5964500000000044 264
1718415742567 0.5965099999999666 265
1718415752607 0.5965099999999666 266
1718415762687 0.5965099999999666 267
1718415772712 0.6006939999999759 268
1718415782782 0.6006939999999759 269
1718415792819 0.6007539999999381 270
1718415802896 0.6019019999999955 271
1718415812924 0.6020819999999958 272
1718415823001 0.6020819999999958 273
1718415833029 0.606869999999958 274
1718415843101 0.606869999999958 275
1718415853135 0.606869999999958 276
1718415863215 0.606869999999958 277
1718415873253 0.606869999999958 278
1718415883349 0.6069300000000339 279
1718415893378 0.612088999999969 280
1718415903415 0.6230020000000422 281
1718415913454 0.6591150000000425 282
1718415923539 0.6591150000000425 283
1718415933580 0.6591150000000425 284
1718415943658 0.6591150000000425 285
1718415953694 0.6635969999999816 286
1718415963767 0.6635969999999816 287
1718415973803 0.6636569999999438 288
1718415983893 0.6636569999999438 289
1718415993921 0.6637230000000045 290
1718416004007 0.6638550000000123 291
1718416014036 0.6680390000000216 292
1718416024103 0.6680390000000216 293
1718416034139 0.6682250000000067 294
1718416044223 0.6682849999999689 295
1718416054253 0.6682849999999689 296
1718416064329 0.6682849999999689 297
1718416074360 0.6724689999999782 298
1718416084433 0.6725689999999531 299
1718416094504 0.6725689999999531 300
1718416104580 0.6735969999999725 301
1718416114654 0.6736569999999347 302
1718416124733 0.6736569999999347 303
1718416134778 0.677840999999944 304
1718416144861 0.677840999999944 305
1718416154934 0.677840999999944 306
1718416165003 0.677840999999944 307
1718416175082 0.6779010000000198 308
1718416185159 0.6779010000000198 309
1718416195230 0.6830659999999398 310
1718416205303 0.7019299999999475 311
1718416215330 0.7019299999999475 312
1718416225405 0.7019299999999475 313
1718416235477 0.7019299999999475 314
1718416245559 0.7019299999999475 315
1718416255641 0.7062459999999646 316
1718416265729 0.7062459999999646 317
1718416275771 0.7062459999999646 318
1718416285802 0.7153879999999617 319
1718416295832 0.7155199999999695 320
1718416305857 0.7155199999999695 321
1718416315900 0.7197039999999788 322
1718416325928 0.7197039999999788 323
1718416335958 0.7199299999999766 324
1718416346007 0.7199899999999388 325
1718416356035 0.7199899999999388 326
1718416366105 0.7199899999999388 327
