1718413079084 6737.2 0
1718413089103 8063.1 1
1718413099128 8073.1 2
1718413109150 8056.4 3
1718413119171 8068.5 4
1718413129222 8066.4 5
1718413139244 8062.1 6
1718413149275 8055.0 7
1718413159319 8061.2 8
1718413169339 8060.0 9
1718413179419 8061.2 10
1718413189445 8064.5 11
1718413199472 8064.1 12
1718413209499 8067.2 13
1718413219530 8054.3 14
1718413229558 8059.4 15
1718413239583 8049.3 16
1718413249614 8050.2 17
1718413259648 8055.3 18
1718413269675 8050.9 19
1718413279708 8055.0 20
1718413289735 8056.3 21
1718413299763 8054.1 22
1718413309792 8063.3 23
1718413319820 8054.9 24
1718413329848 8055.2 25
1718413339875 8051.1 26
1718413349898 8061.3 27
1718413359917 8063.1 28
1718413369936 8062.4 29
1718413379957 8061.7 30
1718413389983 8062.4 31
1718413400015 8060.6 32
1718413410045 8058.9 33
1718413420073 8059.2 34
1718413430096 8062.0 35
1718413440114 8057.4 36
1718413450141 8060.0 37
1718413460171 8062.8 38
1718413470194 8052.7 39
1718413480223 8058.6 40
1718413490253 8057.8 41
1718413500330 8066.9 42
1718413510362 8072.6 43
1718413520384 8068.0 44
1718413530408 8066.8 45
1718413540439 8068.3 46
1718413550472 8067.1 47
1718413560498 8051.9 48
1718413570526 8061.4 49
1718413580549 8056.9 50
1718413590567 8059.6 51
1718413600586 8063.0 52
1718413610608 8062.2 53
1718413620630 8058.3 54
1718413630660 8068.4 55
1718413640683 8070.2 56
1718413650712 8071.3 57
1718413660742 8066.6 58
1718413670767 8071.6 59
1718413680792 8059.0 60
1718413690822 8145.8 61
1718413700848 8156.4 62
1718413710872 8145.6 63
1718413720900 8152.5 64
1718413730926 8162.2 65
1718413740948 8172.7 66
1718413750968 8178.1 67
1718413760989 8169.3 68
1718413771010 8165.4 69
1718413781031 8177.0 70
1718413791055 8168.4 71
1718413801075 8186.7 72
1718413811105 8200.6 73
1718413821133 8168.9 74
1718413831159 8169.1 75
1718413841186 8173.3 76
1718413851216 8169.7 77
1718413861247 8166.3 78
1718413871278 8175.8 79
1718413881305 8166.6 80
1718413891333 9196.1 81
1718413901376 9202.5 82
1718413911403 9207.0 83
1718413921425 9204.9 84
1718413931449 9207.9 85
1718413941473 9206.4 86
1718413951498 9209.4 87
1718413961571 9212.6 88
1718413971592 9215.5 89
1718413981621 9214.5 90
1718413991651 9189.5 91
1718414001680 9178.0 92
1718414011710 9183.8 93
1718414021742 9184.9 94
1718414031772 9191.8 95
1718414041798 9182.6 96
1718414051829 9190.4 97
1718414061851 9196.8 98
1718414071879 9189.1 99
1718414081911 9191.5 100
1718414091940 9192.0 101
1718414101972 9194.4 102
1718414112004 9192.0 103
1718414122038 9182.1 104
1718414132068 9175.6 105
1718414142099 9179.4 106
1718414152130 9176.6 107
1718414162157 9176.4 108
1718414172188 9181.4 109
1718414182221 9173.1 110
1718414192254 9179.0 111
1718414202286 9181.1 112
1718414212367 9180.2 113
1718414222400 9177.5 114
1718414232482 9175.3 115
1718414242515 9168.4 116
1718414252549 9178.1 117
1718414262581 9180.3 118
1718414272649 9171.8 119
1718414282679 9178.8 120
1718414292753 9178.7 121
1718414302786 9179.1 122
1718414312867 9185.1 123
1718414322901 9183.6 124
1718414332981 9180.1 125
1718414343013 9180.2 126
1718414353091 9187.5 127
1718414363126 9180.9 128
1718414373152 9185.3 129
1718414383181 9177.3 130
1718414393252 9185.4 131
1718414403278 9198.8 132
1718414413347 9200.0 133
1718414423372 9184.3 134
1718414433451 9188.6 135
1718414443487 9177.2 136
1718414453569 9191.5 137
1718414463595 9182.7 138
1718414473664 9189.0 139
1718414483742 9184.8 140
1718414493807 9200.0 141
1718414503843 9198.2 142
1718414513910 9188.3 143
1718414523977 9187.8 144
1718414534038 9196.2 145
1718414544107 9195.3 146
1718414554180 9198.8 147
1718414564243 9201.4 148
1718414574313 9189.9 149
1718414584335 9193.2 150
1718414594409 9190.2 151
1718414604476 9192.6 152
1718414614548 9189.9 153
1718414624619 9185.5 154
1718414634685 9186.0 155
1718414644763 9189.9 156
1718414654832 9196.4 157
1718414664909 9192.1 158
1718414674999 9190.0 159
1718414685022 9215.9 160
1718414695087 9217.8 161
1718414705113 9215.1 162
1718414715137 9216.2 163
1718414725204 9211.0 164
1718414735239 9201.6 165
1718414745262 9213.1 166
1718414755293 9216.4 167
1718414765372 9218.5 168
1718414775461 9224.8 169
1718414785538 9222.0 170
1718414795623 9181.2 171
1718414805721 9186.9 172
1718414815807 9186.7 173
1718414825885 9182.8 174
1718414835972 9184.6 175
1718414846053 9191.0 176
1718414856137 9182.6 177
1718414866210 9184.4 178
1718414876289 9185.8 179
1718414886369 9186.5 180
1718414896458 9191.7 181
1718414906539 9187.6 182
1718414916614 9177.9 183
1718414926638 9187.9 184
1718414936716 9188.6 185
1718414946786 9195.1 186
1718414956863 9190.6 187
1718414966929 9183.8 188
1718414976961 9174.0 189
1718414986987 9189.1 190
1718414997009 9185.1 191
1718415007032 9199.0 192
1718415017104 9191.6 193
1718415027133 9197.8 194
1718415037212 9190.9 195
1718415047289 9195.1 196
1718415057317 9185.8 197
1718415067393 9190.7 198
1718415077469 9192.0 199
1718415087550 9181.8 200
1718415097622 9189.9 201
1718415107684 9184.3 202
1718415117759 9191.3 203
1718415127823 9189.1 204
1718415137898 9195.3 205
1718415147977 9190.2 206
1718415158054 9177.0 207
1718415168126 9183.2 208
1718415178209 9184.1 209
1718415188282 9189.0 210
1718415198349 9176.4 211
1718415208419 9183.6 212
1718415218493 9180.9 213
1718415228559 9187.6 214
1718415238622 9175.7 215
1718415248699 9184.7 216
1718415258773 9179.2 217
1718415268844 9187.0 218
1718415278914 9181.8 219
1718415288991 9187.7 220
1718415299071 9184.7 221
1718415309095 9199.4 222
1718415319169 9199.6 223
1718415329237 9198.8 224
1718415339323 9201.0 225
1718415349358 9196.6 226
1718415359445 9192.6 227
1718415369518 9196.3 228
1718415379590 9188.5 229
1718415389659 9203.9 230
1718415399743 9200.4 231
1718415409828 9189.3 232
1718415419908 9196.2 233
1718415429981 9198.7 234
1718415440050 9196.9 235
1718415450132 9198.0 236
1718415460204 9195.5 237
1718415470942 9192.1 238
1718415480976 9195.1 239
1718415491007 9208.0 240
1718415501048 9199.1 241
1718415511075 9215.4 242
1718415521127 9214.6 243
1718415531155 9226.0 244
1718415541179 9221.1 245
1718415551255 9217.2 246
1718415561334 9220.2 247
1718415571430 9222.7 248
1718415581470 9221.3 249
1718415591500 9190.5 250
1718415601543 9205.3 251
1718415611620 9215.6 252
1718415621657 9199.0 253
1718415631747 9196.5 254
1718415641826 9196.2 255
1718415651906 9198.9 256
1718415661997 9194.2 257
1718415672054 9201.7 258
1718415682154 9207.0 259
1718415692248 9203.9 260
1718415702330 9203.9 261
1718415712366 9202.3 262
1718415722446 9198.6 263
1718415732481 9194.9 264
1718415742567 9198.2 265
1718415752607 9201.6 266
1718415762687 9208.8 267
1718415772712 9202.7 268
1718415782782 9196.5 269
1718415792819 9204.6 270
1718415802896 9208.2 271
1718415812924 9201.1 272
1718415823001 9200.8 273
1718415833029 9202.9 274
1718415843101 9206.1 275
1718415853135 9205.2 276
1718415863215 9198.8 277
1718415873253 9189.9 278
1718415883349 9194.0 279
1718415893378 9195.0 280
1718415903415 9200.4 281
1718415913454 9211.0 282
1718415923539 9205.3 283
1718415933580 9191.8 284
1718415943658 9203.3 285
1718415953694 9203.6 286
1718415963767 9203.4 287
1718415973803 9203.6 288
1718415983893 9212.6 289
1718415993921 9201.9 290
1718416004007 9196.6 291
1718416014036 9202.3 292
1718416024103 9204.3 293
1718416034139 9204.1 294
1718416044223 9205.4 295
1718416054253 9198.4 296
1718416064329 9203.4 297
1718416074360 9203.3 298
1718416084433 9206.0 299
1718416094504 9203.9 300
1718416104580 9205.2 301
1718416114654 9206.7 302
1718416124733 9207.1 303
1718416134778 9214.7 304
1718416144861 9210.4 305
1718416154934 9212.5 306
1718416165003 9206.0 307
1718416175082 9203.5 308
1718416185159 9217.3 309
1718416195230 9209.9 310
1718416205303 9202.0 311
1718416215330 9212.5 312
1718416225405 9190.4 313
1718416235477 9200.9 314
1718416245559 9202.2 315
1718416255641 9205.4 316
1718416265729 9213.2 317
1718416275771 9201.5 318
1718416285802 9191.5 319
1718416295832 9202.4 320
1718416305857 9205.5 321
1718416315900 9197.7 322
1718416325928 9206.5 323
1718416335958 9208.1 324
1718416346007 9210.8 325
1718416356035 9212.9 326
1718416366105 9216.5 327
