1718413079084 20.1 0
1718413089103 24.0 1
1718413099128 24.1 2
1718413109150 24.0 3
1718413119171 24.1 4
1718413129222 24.1 5
1718413139244 24.0 6
1718413149275 24.0 7
1718413159319 24.0 8
1718413169339 24.0 9
1718413179419 24.0 10
1718413189445 24.0 11
1718413199472 24.0 12
1718413209499 24.1 13
1718413219530 24.0 14
1718413229558 24.0 15
1718413239583 24.0 16
1718413249614 24.0 17
1718413259648 24.0 18
1718413269675 24.0 19
1718413279708 24.0 20
1718413289735 24.0 21
1718413299763 24.0 22
1718413309792 24.0 23
1718413319820 24.0 24
1718413329848 24.0 25
1718413339875 24.0 26
1718413349898 24.0 27
1718413359917 24.0 28
1718413369936 24.0 29
1718413379957 24.0 30
1718413389983 24.0 31
1718413400015 24.0 32
1718413410045 24.0 33
1718413420073 24.0 34
1718413430096 24.0 35
1718413440114 24.0 36
1718413450141 24.0 37
1718413460171 24.0 38
1718413470194 24.0 39
1718413480223 24.0 40
1718413490253 24.0 41
1718413500330 24.1 42
1718413510362 24.1 43
1718413520384 24.1 44
1718413530408 24.1 45
1718413540439 24.1 46
1718413550472 24.1 47
1718413560498 24.0 48
1718413570526 24.0 49
1718413580549 24.0 50
1718413590567 24.0 51
1718413600586 24.0 52
1718413610608 24.0 53
1718413620630 24.0 54
1718413630660 24.1 55
1718413640683 24.1 56
1718413650712 24.1 57
1718413660742 24.1 58
1718413670767 24.1 59
1718413680792 24.0 60
1718413690822 24.3 61
1718413700848 24.3 62
1718413710872 24.3 63
1718413720900 24.3 64
1718413730926 24.3 65
1718413740948 24.4 66
1718413750968 24.4 67
1718413760989 24.4 68
1718413771010 24.3 69
1718413781031 24.4 70
1718413791055 24.4 71
1718413801075 24.4 72
1718413811105 24.5 73
1718413821133 24.4 74
1718413831159 24.4 75
1718413841186 24.4 76
1718413851216 24.4 77
1718413861247 24.4 78
1718413871278 24.4 79
1718413881305 24.4 80
1718413891333 27.4 81
1718413901376 27.4 82
1718413911403 27.5 83
1718413921425 27.4 84
1718413931449 27.5 85
1718413941473 27.5 86
1718413951498 27.5 87
1718413961571 27.5 88
1718413971592 27.5 89
1718413981621 27.5 90
1718413991651 27.4 91
1718414001680 27.4 92
1718414011710 27.4 93
1718414021742 27.4 94
1718414031772 27.4 95
1718414041798 27.4 96
1718414051829 27.4 97
1718414061851 27.4 98
1718414071879 27.4 99
1718414081911 27.4 100
1718414091940 27.4 101
1718414101972 27.4 102
1718414112004 27.4 103
1718414122038 27.4 104
1718414132068 27.4 105
1718414142099 27.4 106
1718414152130 27.4 107
1718414162157 27.4 108
1718414172188 27.4 109
1718414182221 27.4 110
1718414192254 27.4 111
1718414202286 27.4 112
1718414212367 27.4 113
1718414222400 27.4 114
1718414232482 27.4 115
1718414242515 27.3 116
1718414252549 27.4 117
1718414262581 27.4 118
1718414272649 27.3 119
1718414282679 27.4 120
1718414292753 27.4 121
1718414302786 27.4 122
1718414312867 27.4 123
1718414322901 27.4 124
1718414332981 27.4 125
1718414343013 27.4 126
1718414353091 27.4 127
1718414363126 27.4 128
1718414373152 27.4 129
1718414383181 27.4 130
1718414393252 27.4 131
1718414403278 27.4 132
1718414413347 27.4 133
1718414423372 27.4 134
1718414433451 27.4 135
1718414443487 27.4 136
1718414453569 27.4 137
1718414463595 27.4 138
1718414473664 27.4 139
1718414483742 27.4 140
1718414493807 27.4 141
1718414503843 27.4 142
1718414513910 27.4 143
1718414523977 27.4 144
1718414534038 27.4 145
1718414544107 27.4 146
1718414554180 27.4 147
1718414564243 27.4 148
1718414574313 27.4 149
1718414584335 27.4 150
1718414594409 27.4 151
1718414604476 27.4 152
1718414614548 27.4 153
1718414624619 27.4 154
1718414634685 27.4 155
1718414644763 27.4 156
1718414654832 27.4 157
1718414664909 27.4 158
1718414674999 27.4 159
1718414685022 27.5 160
1718414695087 27.5 161
1718414705113 27.5 162
1718414715137 27.5 163
1718414725204 27.5 164
1718414735239 27.4 165
1718414745262 27.5 166
1718414755293 27.5 167
1718414765372 27.5 168
1718414775461 27.5 169
1718414785538 27.5 170
1718414795623 27.4 171
1718414805721 27.4 172
1718414815807 27.4 173
1718414825885 27.4 174
1718414835972 27.4 175
1718414846053 27.4 176
1718414856137 27.4 177
1718414866210 27.4 178
1718414876289 27.4 179
1718414886369 27.4 180
1718414896458 27.4 181
1718414906539 27.4 182
1718414916614 27.4 183
1718414926638 27.4 184
1718414936716 27.4 185
1718414946786 27.4 186
1718414956863 27.4 187
1718414966929 27.4 188
1718414976961 27.4 189
1718414986987 27.4 190
1718414997009 27.4 191
1718415007032 27.4 192
1718415017104 27.4 193
1718415027133 27.4 194
1718415037212 27.4 195
1718415047289 27.4 196
1718415057317 27.4 197
1718415067393 27.4 198
1718415077469 27.4 199
1718415087550 27.4 200
1718415097622 27.4 201
1718415107684 27.4 202
1718415117759 27.4 203
1718415127823 27.4 204
1718415137898 27.4 205
1718415147977 27.4 206
1718415158054 27.4 207
1718415168126 27.4 208
1718415178209 27.4 209
1718415188282 27.4 210
1718415198349 27.4 211
1718415208419 27.4 212
1718415218493 27.4 213
1718415228559 27.4 214
1718415238622 27.4 215
1718415248699 27.4 216
1718415258773 27.4 217
1718415268844 27.4 218
1718415278914 27.4 219
1718415288991 27.4 220
1718415299071 27.4 221
1718415309095 27.4 222
1718415319169 27.4 223
1718415329237 27.4 224
1718415339323 27.4 225
1718415349358 27.4 226
1718415359445 27.4 227
1718415369518 27.4 228
1718415379590 27.4 229
1718415389659 27.4 230
1718415399743 27.4 231
1718415409828 27.4 232
1718415419908 27.4 233
1718415429981 27.4 234
1718415440050 27.4 235
1718415450132 27.4 236
1718415460204 27.4 237
1718415470942 27.4 238
1718415480976 27.4 239
1718415491007 27.5 240
1718415501048 27.4 241
1718415511075 27.5 242
1718415521127 27.5 243
1718415531155 27.5 244
1718415541179 27.5 245
1718415551255 27.5 246
1718415561334 27.5 247
1718415571430 27.5 248
1718415581470 27.5 249
1718415591500 27.4 250
1718415601543 27.4 251
1718415611620 27.5 252
1718415621657 27.4 253
1718415631747 27.4 254
1718415641826 27.4 255
1718415651906 27.4 256
1718415661997 27.4 257
1718415672054 27.4 258
1718415682154 27.5 259
1718415692248 27.4 260
1718415702330 27.4 261
1718415712366 27.4 262
1718415722446 27.4 263
1718415732481 27.4 264
1718415742567 27.4 265
1718415752607 27.4 266
1718415762687 27.5 267
1718415772712 27.4 268
1718415782782 27.4 269
1718415792819 27.4 270
1718415802896 27.5 271
1718415812924 27.4 272
1718415823001 27.4 273
1718415833029 27.4 274
1718415843101 27.5 275
1718415853135 27.4 276
1718415863215 27.4 277
1718415873253 27.4 278
1718415883349 27.4 279
1718415893378 27.4 280
1718415903415 27.4 281
1718415913454 27.5 282
1718415923539 27.4 283
1718415933580 27.4 284
1718415943658 27.4 285
1718415953694 27.4 286
1718415963767 27.4 287
1718415973803 27.4 288
1718415983893 27.5 289
1718415993921 27.4 290
1718416004007 27.4 291
1718416014036 27.4 292
1718416024103 27.4 293
1718416034139 27.4 294
1718416044223 27.4 295
1718416054253 27.4 296
1718416064329 27.4 297
1718416074360 27.4 298
1718416084433 27.5 299
1718416094504 27.4 300
1718416104580 27.4 301
1718416114654 27.5 302
1718416124733 27.5 303
1718416134778 27.5 304
1718416144861 27.5 305
1718416154934 27.5 306
1718416165003 27.5 307
1718416175082 27.4 308
1718416185159 27.5 309
1718416195230 27.5 310
1718416205303 27.4 311
1718416215330 27.5 312
1718416225405 27.4 313
1718416235477 27.4 314
1718416245559 27.4 315
1718416255641 27.4 316
1718416265729 27.5 317
1718416275771 27.4 318
1718416285802 27.4 319
1718416295832 27.4 320
1718416305857 27.4 321
1718416315900 27.4 322
1718416325928 27.5 323
1718416335958 27.5 324
1718416346007 27.5 325
1718416356035 27.5 326
1718416366105 27.5 327
