1718440773319 0.01 10
1718440793407 0.02 20
1718440813501 0.02 30
1718440833598 0.03 40
1718440853378 0.04 50
1718440873682 0.05 60
1718440893958 0.06 70
1718440914222 0.06 80
1718440934329 0.07 90
1718440954193 0.08 100
1718440974527 0.09 110
1718440994721 0.1 120
1718441014935 0.1 130
1718441035047 0.11 140
1718441054769 0.12 150
1718441075129 0.13 160
1718441095358 0.14 170
1718441115492 0.14 180
1718441135615 0.15 190
1718441155510 0.16 200
1718441175892 0.17 210
1718441196151 0.18 220
1718441216297 0.18 230
1718441236427 0.19 240
1718441256351 0.2 250
1718441276778 0.21 260
1718441297019 0.22 270
1718441317235 0.22 280
1718441337349 0.23 290
1718441357117 0.24 300
1718441552693 0.24 300
1718441582648 0.25 310
1718441602852 0.26 320
1718441623122 0.26 330
1718441643370 0.27 340
1718441663196 0.28 350
1718441683679 0.29 360
1718441703903 0.3 370
1718441724263 0.3 380
1718441744538 0.31 390
1718441764675 0.32 400
1718441785137 0.33 410
1718441805309 0.34 420
1718441825472 0.34 430
1718441845556 0.35 440
1718441865333 0.36 450
1718441885706 0.37 460
1718441905916 0.38 470
1718441926168 0.38 480
1718441946385 0.39 490
1718441966220 0.4 500
1718441986509 0.41 510
1718442006710 0.42 520
1718442027035 0.42 530
1718442047268 0.43 540
1718442066959 0.44 550
1718442087337 0.45 560
1718442107572 0.46 570
1718442127796 0.46 580
1718442147928 0.47 590
1718442167631 0.48 600
1718442363090 0.48 600
1718442389135 0.49 610
1718442409419 0.5 620
1718442429705 0.5 630
1718442449929 0.51 640
1718442469838 0.52 650
1718442490182 0.53 660
1718442510369 0.54 670
1718442530665 0.54 680
1718442550888 0.55 690
1718442570772 0.56 700
1718442591158 0.57 710
1718442611360 0.58 720
1718442631579 0.58 730
1718442651742 0.59 740
1718442671698 0.6 750
1718442692049 0.61 760
1718442712229 0.62 770
1718442732395 0.62 780
1718442752502 0.63 790
1718442772333 0.64 800
1718442792674 0.65 810
1718442812842 0.66 820
1718442833022 0.66 830
1718442853121 0.67 840
1718442873049 0.68 850
1718442893526 0.69 860
1718442913863 0.7 870
1718442934158 0.7 880
1718442954394 0.71 890
1718442974166 0.72 900
1718443169785 0.72 900
1718443193518 0.73 910
1718443213725 0.74 920
1718443233902 0.74 930
1718443254010 0.75 940
1718443273850 0.76 950
1718443294177 0.77 960
1718443314320 0.78 970
1718443334498 0.78 980
1718443354626 0.79 990
1718443374585 0.8 1000
1718443395055 0.81 1010
1718443415312 0.82 1020
1718443435536 0.82 1030
1718443455695 0.83 1040
1718443475674 0.84 1050
1718443496310 0.85 1060
1718443517139 0.86 1070
1718443538323 0.86 1080
1718443559857 0.87 1090
1718443580747 0.88 1100
1718443601613 0.89 1110
1718443622604 0.9 1120
1718443643426 0.9 1130
1718443664216 0.91 1140
1718443684492 0.92 1150
1718443705859 0.93 1160
1718443726896 0.94 1170
1718443747607 0.94 1180
1718443768670 0.95 1190
1718443789334 0.96 1200
1718443990642 0.96 1200
1718444019874 0.97 1210
1718444041210 0.98 1220
1718444061813 0.98 1230
1718444082739 0.99 1240
1718444103616 1.0 1250
1718444103803 1.0 1250
