1718440773319 36.73203659057617 10
1718440793407 6.2668890953063965 20
1718440813501 4.359719753265381 30
1718440833598 1.3505579233169556 40
1718440853378 1.357383370399475 50
1718440873682 1.251719355583191 60
1718440893958 nan 70
1718440914222 1.8110270500183105 80
1718440934329 1.259843111038208 90
1718440954193 40.34759521484375 100
1718440974527 3.873656988143921 110
1718440994721 2.6913628578186035 120
1718441014935 2.1228034496307373 130
1718441035047 0.7812627553939819 140
1718441054769 nan 150
1718441075129 114.35525512695312 160
1718441095358 1.4972788095474243 170
1718441115492 415.0732421875 180
1718441135615 0.7679583430290222 190
1718441155510 1.0110483169555664 200
1718441175892 1.5497812032699585 210
1718441196151 2.0230677127838135 220
1718441216297 69.62279510498047 230
1718441236427 33.69657516479492 240
1718441256351 1.0133116245269775 250
1718441276778 0.9268519878387451 260
1718441297019 2.4871981143951416 270
1718441317235 65.55168151855469 280
1718441337349 7.975745677947998 290
1718441357117 71.9393310546875 300
1718441582648 8.3643159866333 310
1718441602852 120.08573913574219 320
1718441623122 44.1904411315918 330
1718441643370 14.112470626831055 340
1718441663196 10.729283332824707 350
1718441683679 10.525282859802246 360
1718441703903 305.4850158691406 370
1718441724263 1.4194698333740234 380
1718441744538 16.328611373901367 390
1718441764675 1.0371026992797852 400
1718441785137 0.6735907196998596 410
1718441805309 0.4210570752620697 420
1718441825472 0.41014814376831055 430
1718441845556 1.6744765043258667 440
1718441865333 1.4507492780685425 450
1718441885706 1.116400122642517 460
1718441905916 11.246504783630371 470
1718441926168 169.15638732910156 480
1718441946385 1.9397095441818237 490
1718441966220 1.8349207639694214 500
1718441986509 0.5443287491798401 510
1718442006710 11.290647506713867 520
1718442027035 1.3668937683105469 530
1718442047268 0.7907178401947021 540
1718442066959 0.6291901469230652 550
1718442087337 0.41530272364616394 560
1718442107572 1.3151779174804688 570
1718442127796 5.1691179275512695 580
1718442147928 0.971142053604126 590
1718442167631 0.7552745342254639 600
1718442389135 0.7333894371986389 610
1718442409419 0.7264278531074524 620
1718442429705 0.5995854139328003 630
1718442449929 0.4941786229610443 640
1718442469838 0.21582402288913727 650
1718442490182 0.3735222816467285 660
1718442510369 1.204016089439392 670
1718442530665 0.5240318775177002 680
1718442550888 0.15775281190872192 690
1718442570772 0.17369206249713898 700
1718442591158 0.5058985352516174 710
1718442611360 0.6492940187454224 720
1718442631579 0.7713382840156555 730
1718442651742 0.4029131531715393 740
1718442671698 0.4863400459289551 750
1718442692049 0.21725161373615265 760
1718442712229 0.4816708266735077 770
1718442732395 0.6307699084281921 780
1718442752502 0.9041600227355957 790
1718442772333 0.44275522232055664 800
1718442792674 1.1550384759902954 810
1718442812842 0.5332818627357483 820
1718442833022 0.8270928263664246 830
1718442853121 0.6719114184379578 840
1718442873049 0.5106775164604187 850
1718442893526 0.3307032585144043 860
1718442913863 0.3718596398830414 870
1718442934158 1.1467647552490234 880
1718442954394 0.20003215968608856 890
1718442974166 1.0780351161956787 900
1718443193518 0.9297550320625305 910
1718443213725 0.8321451544761658 920
1718443233902 1.0881733894348145 930
1718443254010 0.38869509100914 940
1718443273850 0.345458060503006 950
1718443294177 0.18323932588100433 960
1718443314320 0.3446047008037567 970
1718443334498 0.9277375340461731 980
1718443354626 0.7605162858963013 990
1718443374585 1.233496904373169 1000
1718443395055 0.18556669354438782 1010
1718443415312 0.274698942899704 1020
1718443435536 0.6762152910232544 1030
1718443455695 0.7643197774887085 1040
1718443475674 0.19772012531757355 1050
1718443496310 0.5832942724227905 1060
1718443517139 0.49753299355506897 1070
1718443538323 0.4638936221599579 1080
1718443559857 0.6735004186630249 1090
1718443580747 0.5552923083305359 1100
1718443601613 0.37563109397888184 1110
1718443622604 0.5651043057441711 1120
1718443643426 0.4787452816963196 1130
1718443664216 0.1853942573070526 1140
1718443684492 0.33113059401512146 1150
1718443705859 0.7884693145751953 1160
1718443726896 0.34613195061683655 1170
1718443747607 0.46585577726364136 1180
1718443768670 0.17811565101146698 1190
1718443789334 0.9834326505661011 1200
1718444019874 0.6710124015808105 1210
1718444041210 0.7800944447517395 1220
1718444061813 0.5004751682281494 1230
1718444082739 0.7424961924552917 1240
1718444103616 0.34250178933143616 1250
