1718440773319 4.210526315789474e-05 10
1718440793407 9.473684210526316e-05 20
1718440813501 0.00014736842105263158 30
1718440833598 0.0002 40
1718440853378 0.00019996640766492543 50
1718440873682 0.00019986565322860115 60
1718440893958 0.0001997176056546921 70
1718440914222 0.0001994894669738732 80
1718440934329 0.00019919448662283478 90
1718440954193 0.00019883286278315262 100
1718440974527 0.00019840483841061058 110
1718440994721 0.00019791070107197153 120
1718441014935 0.00019735078275177654 130
1718441035047 0.00019672545962930215 140
1718441054769 0.00019617839052578603 150
1718441075129 0.0001954364268144088 160
1718441095358 0.0001946303444544741 170
1718441115492 0.00019385049560415794 180
1718441135615 0.0001929241151313108 190
1718441155510 0.00019193530389822363 200
1718441175892 0.00019088472623446183 210
1718441196151 0.0001897730879671634 220
1718441216297 0.0001887210231428727 230
1718441236427 0.00018749546080389757 240
1718441256351 0.00018621111492818585 250
1718441276778 0.00018486884839927768 260
1718441297019 0.00018346956301451304 270
1718441317235 0.00018216223126204007 280
1718441337349 0.00018065723119410884 290
1718441357117 0.00017925636971337304 300
1718441582648 0.00017764930460576866 310
1718441602852 0.0001759900710689918 320
1718441623122 0.00017427978385362112 330
1718441643370 0.00017251959201048083 340
1718441663196 0.00017071067811865476 350
1718441683679 0.00016885425749097444 360
1718441703903 0.00016695157735751513 370
1718441724263 0.0001650039160276485 380
1718441744538 0.00016301258203121462 390
1718441764675 0.00016097891323939062 400
1718441785137 0.00015890427596584617 410
1718441805309 0.00015679006404879033 420
1718441825472 0.00015463769791452574 430
1718441845556 0.0001524486236231402 440
1718441865333 0.00015022431189697568 450
1718441885706 0.00014796625713252848 460
1718441905916 0.00014567597639644387 470
1718441926168 0.00014335500840627986 480
1718441946385 0.00014100491249672498 490
1718441966220 0.0001386272675719642 500
1718441986509 0.00013622367104489756 510
1718442006710 0.0001337957377639235 520
1718442027035 0.00013134509892800822 530
1718442047268 0.00012887340099077024 540
1718442066959 0.0001263823045543158 550
1718442087337 0.00012387348325356874 560
1718442107572 0.00012134862263184467 570
1718442127796 0.00011880941900842397 580
1718442147928 0.00011625757833888551 590
1718442167631 0.00011369481506896582 600
1718442389135 0.00011112285098271451 610
1718442409419 0.00010854341404571928 620
1718442429705 0.00010595823724417795 630
1718442449929 0.00010336905742059742 640
1718442469838 0.00010077761410690172 650
1718442490182 9.818564835573323e-05 660
1718442510369 9.559490157073236e-05 670
1718442530665 9.300711433658087e-05 680
1718442550888 9.04240252495963e-05 690
1718442570772 8.784736974966135e-05 700
1718442591158 8.527887895427454e-05 710
1718442611360 8.272027849550457e-05 720
1718442631579 8.017328736063006e-05 730
1718442651742 7.763961673724379e-05 740
1718442671698 7.512096886359664e-05 750
1718442692049 7.26190358849548e-05 760
1718442712229 7.013549871673736e-05 770
1718442732395 6.767202591519875e-05 780
1718442752502 6.523027255641493e-05 790
1718442772333 6.281187912432587e-05 800
1718442792674 6.0418470408581774e-05 810
1718442812842 5.80516544129337e-05 820
1718442833022 5.5713021274901335e-05 830
1718442853121 5.3404142197444506e-05 840
1718442873049 5.112656839335543e-05 850
1718442893526 4.88818300430819e-05 860
1718442913863 4.6671435266680216e-05 870
1718442934158 4.449686911058992e-05 880
1718442954394 4.2359592549910145e-05 890
1718442974166 4.026104150684835e-05 900
1718443193518 3.820262588600074e-05 910
1718443213725 3.618572862711247e-05 920
1718443233902 3.421170477595419e-05 930
1718443254010 3.228188057393895e-05 940
1718443273850 3.0397552567091337e-05 950
1718443294177 2.8559986734967282e-05 960
1718443314320 2.677041764010988e-05 970
1718443334498 2.503004759861258e-05 980
1718443354626 2.334004587234717e-05 990
1718443374585 2.1701547883398922e-05 1000
1718443395055 2.011565445123711e-05 1010
1718443415312 1.8583431053133127e-05 1020
1718443435536 1.7105907108322816e-05 1030
1718443455695 1.5684075286394985e-05 1040
1718443475674 1.4318890840369182e-05 1050
1718443496310 1.3011270964912459e-05 1060
1718443517139 1.176209418012495e-05 1070
1718443538323 1.057219974130903e-05 1080
1718443559857 9.44238707511862e-06 1090
1718443580747 8.37341524246672e-06 1100
1718443601613 7.366002428553153e-06 1110
1718443622604 6.420825460353974e-06 1120
1718443643426 5.538519351897575e-06 1130
1718443664216 4.719676877632639e-06 1140
1718443684492 3.964848174174541e-06 1150
1718443705859 3.2745403706978872e-06 1160
1718443726896 2.649217248223468e-06 1170
1718443747607 2.0892989280284823e-06 1180
1718443768670 1.595161589389449e-06 1190
1718443789334 1.1671372168474138e-06 1200
1718444019874 8.055133771652345e-07 1210
1718444041210 5.105330261267916e-07 1220
1718444061813 2.8239434530792365e-07 1230
1718444082739 1.2125060892881346e-07 1240
1718444103616 2.7210080877237976e-08 1250
