1718440773319 9.0959 10
1718440793407 0.5416 20
1718440813501 0.1972 30
1718440833598 0.1979 40
1718440853378 0.2035 50
1718440873682 0.1808 60
1718440893958 0.1886 70
1718440914222 0.3644 80
1718440934329 0.1693 90
1718440954193 0.5149 100
1718440974527 0.1699 110
1718440994721 0.137 120
1718441014935 0.108 130
1718441035047 0.1365 140
1718441054769 0.3319 150
1718441075129 0.2547 160
1718441095358 0.1606 170
1718441115492 0.1684 180
1718441135615 0.15 190
1718441155510 0.1451 200
1718441175892 0.3402 210
1718441196151 0.4632 220
1718441216297 0.7455 230
1718441236427 0.3834 240
1718441256351 0.1637 250
1718441276778 0.3369 260
1718441297019 0.3282 270
1718441317235 0.5008 280
1718441337349 0.9514 290
1718441357117 2.52 300
1718441582648 1.6382 310
1718441602852 1.1932 320
1718441623122 2.4574 330
1718441643370 1.8664 340
1718441663196 0.8404 350
1718441683679 0.1886 360
1718441703903 0.4038 370
1718441724263 0.2294 380
1718441744538 0.3233 390
1718441764675 0.1909 400
1718441785137 0.1222 410
1718441805309 0.1387 420
1718441825472 0.12 430
1718441845556 0.168 440
1718441865333 0.2691 450
1718441885706 0.1753 460
1718441905916 0.3196 470
1718441926168 0.7999 480
1718441946385 0.4006 490
1718441966220 0.3893 500
1718441986509 0.1206 510
1718442006710 0.3095 520
1718442027035 0.1449 530
1718442047268 0.1262 540
1718442066959 0.1212 550
1718442087337 0.1498 560
1718442107572 0.1368 570
1718442127796 0.1309 580
1718442147928 0.1405 590
1718442167631 0.2849 600
1718442389135 0.1947 610
1718442409419 0.1425 620
1718442429705 0.1061 630
1718442449929 0.1086 640
1718442469838 0.1192 650
1718442490182 0.1149 660
1718442510369 0.1193 670
1718442530665 0.1298 680
1718442550888 0.114 690
1718442570772 0.1419 700
1718442591158 0.1309 710
1718442611360 0.1094 720
1718442631579 0.1298 730
1718442651742 0.1128 740
1718442671698 0.1201 750
1718442692049 0.1173 760
1718442712229 0.115 770
1718442732395 0.1278 780
1718442752502 0.1195 790
1718442772333 0.1143 800
1718442792674 0.1229 810
1718442812842 0.1191 820
1718442833022 0.1075 830
1718442853121 0.1083 840
1718442873049 0.1084 850
1718442893526 0.0989 860
1718442913863 0.1294 870
1718442934158 0.1129 880
1718442954394 0.1166 890
1718442974166 0.1196 900
1718443193518 0.1366 910
1718443213725 0.1101 920
1718443233902 0.0989 930
1718443254010 0.1243 940
1718443273850 0.0872 950
1718443294177 0.1178 960
1718443314320 0.1313 970
1718443334498 0.1191 980
1718443354626 0.1307 990
1718443374585 0.12 1000
1718443395055 0.1115 1010
1718443415312 0.1154 1020
1718443435536 0.1264 1030
1718443455695 0.1115 1040
1718443475674 0.1165 1050
1718443496310 0.106 1060
1718443517139 0.1274 1070
1718443538323 0.1155 1080
1718443559857 0.1109 1090
1718443580747 0.1021 1100
1718443601613 0.1045 1110
1718443622604 0.0868 1120
1718443643426 0.1104 1130
1718443664216 0.1018 1140
1718443684492 0.1101 1150
1718443705859 0.1247 1160
1718443726896 0.1016 1170
1718443747607 0.0974 1180
1718443768670 0.0958 1190
1718443789334 0.1187 1200
1718444019874 0.1108 1210
1718444041210 0.0994 1220
1718444061813 0.1022 1230
1718444082739 0.1059 1240
1718444103616 0.0972 1250
