1718215130506 0.0 0
1718215140526 8.6 1
1718215150558 6.1 2
1718215160590 5.9 3
1718215170617 5.9 4
1718215180637 6.8 5
1718215190670 9.5 6
1718215200694 11.3 7
1718215210717 11.5 8
1718215220749 11.2 9
1718215230772 9.7 10
1718215240798 10.7 11
1718215250816 11.7 12
1718215260838 10.4 13
1718215270859 11.0 14
1718215280880 10.4 15
1718215290911 9.7 16
1718215300937 9.3 17
1718215310970 11.6 18
1718215321015 9.5 19
1718215331046 10.3 20
1718215341082 12.0 21
1718215351152 10.4 22
1718215361179 9.2 23
1718215371202 8.1 24
1718215381226 8.8 25
1718215391247 11.8 26
1718215401277 10.4 27
1718215411306 9.9 28
1718215421329 8.9 29
1718215431353 11.3 30
1718215441385 8.7 31
