1718215130506 349670.4 0
1718215140526 349669.3 1
1718215150558 349669.3 2
1718215160590 349669.3 3
1718215170617 349669.3 4
1718215180637 349669.3 5
1718215190670 349663.7 6
1718215200694 349661.5 7
1718215210717 349660.5 8
1718215220749 349657.9 9
1718215230772 349656.5 10
1718215240798 349654.8 11
1718215250816 349654.0 12
1718215260838 349651.9 13
1718215270859 349651.9 14
1718215280880 349651.9 15
1718215290911 349651.9 16
1718215300937 349651.9 17
1718215310970 349651.1 18
1718215321015 349651.1 19
1718215331046 349651.1 20
1718215341082 349651.1 21
1718215351152 349651.1 22
1718215361179 349651.1 23
1718215371202 349651.0 24
1718215381226 349651.0 25
1718215391247 349650.9 26
1718215401277 349650.4 27
1718215411306 349650.5 28
1718215421329 349650.5 29
1718215431353 349642.1 30
1718215441385 349650.4 31
