1718215130506 62.5 0
1718215140526 62.5 1
1718215150558 62.5 2
1718215160590 62.5 3
1718215170617 62.5 4
1718215180637 62.5 5
1718215190670 62.5 6
1718215200694 62.5 7
1718215210717 62.5 8
1718215220749 62.5 9
1718215230772 62.5 10
1718215240798 62.5 11
1718215250816 62.5 12
1718215260838 62.5 13
1718215270859 62.5 14
1718215280880 62.5 15
1718215290911 62.5 16
1718215300937 62.5 17
1718215310970 62.5 18
1718215321015 62.5 19
1718215331046 62.5 20
1718215341082 62.5 21
1718215351152 62.5 22
1718215361179 62.5 23
1718215371202 62.5 24
1718215381226 62.5 25
1718215391247 62.5 26
1718215401277 62.5 27
1718215411306 62.5 28
1718215421329 62.5 29
1718215431353 62.5 30
1718215441385 62.5 31
