1718215130506 583150.4 0
1718215140526 583151.5 1
1718215150558 583151.5 2
1718215160590 583151.5 3
1718215170617 583151.5 4
1718215180637 583151.5 5
1718215190670 583157.1 6
1718215200694 583159.3 7
1718215210717 583160.3 8
1718215220749 583162.9 9
1718215230772 583164.3 10
1718215240798 583166.0 11
1718215250816 583166.9 12
1718215260838 583168.9 13
1718215270859 583168.9 14
1718215280880 583168.9 15
1718215290911 583168.9 16
1718215300937 583168.9 17
1718215310970 583169.7 18
1718215321015 583169.7 19
1718215331046 583169.7 20
1718215341082 583169.7 21
1718215351152 583169.7 22
1718215361179 583169.7 23
1718215371202 583169.8 24
1718215381226 583169.9 25
1718215391247 583169.9 26
1718215401277 583170.4 27
1718215411306 583170.3 28
1718215421329 583170.3 29
1718215431353 583178.7 30
1718215441385 583170.4 31
