1718215130506 37.5 0
1718215140526 44.2 1
1718215150558 44.3 2
1718215160590 44.1 3
1718215170617 44.3 4
1718215180637 43.3 5
1718215190670 44.4 6
1718215200694 45.7 7
1718215210717 44.8 8
1718215220749 44.8 9
1718215230772 44.7 10
1718215240798 46.0 11
1718215250816 45.5 12
1718215260838 45.4 13
1718215270859 44.9 14
1718215280880 45.0 15
1718215290911 45.1 16
1718215300937 44.8 17
1718215310970 44.4 18
1718215321015 44.3 19
1718215331046 44.7 20
1718215341082 44.7 21
1718215351152 43.9 22
1718215361179 43.7 23
1718215371202 43.7 24
1718215381226 44.0 25
1718215391247 46.0 26
1718215401277 46.2 27
1718215411306 45.4 28
1718215421329 45.3 29
1718215431353 45.7 30
1718215441385 45.7 31
