1718215130506 11.0 0
1718215140526 88.0 1
1718215150558 84.0 2
1718215160590 88.0 3
1718215170617 84.0 4
1718215180637 82.0 5
1718215190670 85.0 6
1718215200694 89.0 7
1718215210717 87.0 8
1718215220749 83.0 9
1718215230772 88.0 10
1718215240798 84.0 11
1718215250816 83.0 12
1718215260838 82.0 13
1718215270859 86.0 14
1718215280880 84.0 15
1718215290911 89.0 16
1718215300937 85.0 17
1718215310970 74.0 18
1718215321015 86.0 19
1718215331046 82.0 20
1718215341082 86.0 21
1718215351152 87.0 22
1718215361179 89.0 23
1718215371202 82.0 24
1718215381226 85.0 25
1718215391247 83.0 26
1718215401277 87.0 27
1718215411306 85.0 28
1718215421329 83.0 29
1718215431353 83.0 30
1718215441385 88.0 31
