1718215130506 4825.4 0
1718215140526 5690.5 1
1718215150558 5708.2 2
1718215160590 5684.4 3
1718215170617 5711.7 4
1718215180637 5580.7 5
1718215190670 5717.4 6
1718215200694 5884.5 7
1718215210717 5776.4 8
1718215220749 5769.3 9
1718215230772 5753.7 10
1718215240798 5922.8 11
1718215250816 5867.5 12
1718215260838 5844.2 13
1718215270859 5784.7 14
1718215280880 5796.9 15
1718215290911 5805.2 16
1718215300937 5778.7 17
1718215310970 5721.9 18
1718215321015 5705.9 19
1718215331046 5759.4 20
1718215341082 5763.5 21
1718215351152 5656.5 22
1718215361179 5628.1 23
1718215371202 5632.3 24
1718215381226 5669.0 25
1718215391247 5921.4 26
1718215401277 5947.0 27
1718215411306 5854.3 28
1718215421329 5842.9 29
1718215431353 5887.0 30
1718215441385 5886.6 31
