1718215130506 0.0 0
1718215140526 0.03542099999998527 1
1718215150558 0.042091000000027634 2
1718215160590 0.05263600000000679 3
1718215170617 0.06724500000001399 4
1718215180637 0.09083399999997255 5
1718215190670 0.26954399999999623 6
1718215200694 0.5883919999999989 7
1718215210717 0.7676850000000286 8
1718215220749 1.0378220000000056 9
1718215230772 1.4845280000000116 10
1718215240798 1.6642699999999877 11
1718215250816 1.9245260000000144 12
1718215260838 2.2210000000000036 13
1718215270859 2.6069239999999922 14
1718215280880 2.7602899999999977 15
1718215290911 2.864684000000011 16
1718215300937 3.033777999999984 17
1718215310970 3.0676330000000007 18
1718215321015 3.2074329999999804 19
1718215331046 3.3041370000000256 20
1718215341082 3.510003999999981 21
1718215351152 3.626463000000001 22
1718215361179 3.8164039999999773 23
1718215371202 3.8617790000000127 24
1718215381226 3.948643000000004 25
1718215391247 4.094438000000025 26
1718215401277 4.147694999999999 27
1718215411306 4.265597000000014 28
1718215421329 4.277713000000006 29
1718215431353 4.401090000000011 30
1718215441385 4.483274999999992 31
