1718215130506 0.0 0
1718215140526 0.03416500000093947 1
1718215150558 0.03932400000121561 2
1718215160590 0.04841600000145263 3
1718215170617 0.06157300000086252 4
1718215180637 0.09025000000110595 5
1718215190670 2.2845740000011574 6
1718215200694 14.039187000000311 7
1718215210717 24.218278000000282 8
1718215220749 39.427779000001465 9
1718215230772 49.64702100000068 10
1718215240798 55.241063999999824 11
1718215250816 72.7522399999998 12
1718215260838 97.50212400000055 13
1718215270859 112.30143800000042 14
1718215280880 123.05623800000103 15
1718215290911 130.2576390000013 16
1718215300937 145.27552000000105 17
1718215310970 146.75525300000118 18
1718215321015 155.35100299999976 19
1718215331046 164.64645800000108 20
1718215341082 177.62979900000028 21
1718215351152 182.75824000000102 22
1718215361179 201.0836930000005 23
1718215371202 202.37885300000016 24
1718215381226 205.63159799999994 25
1718215391247 217.24261400000069 26
1718215401277 221.07629300000008 27
1718215411306 230.7665560000005 28
1718215421329 230.77528500000153 29
1718215431353 239.97558200000094 30
1718215441385 245.24232500000107 31
