1718215130506 9211.1 0
1718215140526 10492.9 1
1718215150558 10464.3 2
1718215160590 10455.7 3
1718215170617 10435.7 4
1718215180637 10272.2 5
1718215190670 10556.9 6
1718215200694 10773.2 7
1718215210717 10677.6 8
1718215220749 10726.1 9
1718215230772 10762.8 10
1718215240798 10948.1 11
1718215250816 10938.3 12
1718215260838 10976.9 13
1718215270859 11033.8 14
1718215280880 10905.6 15
1718215290911 10986.3 16
1718215300937 10928.8 17
1718215310970 10845.1 18
1718215321015 10823.5 19
1718215331046 10865.4 20
1718215341082 10980.0 21
1718215351152 11033.7 22
1718215361179 10975.1 23
1718215371202 10980.9 24
1718215381226 11000.6 25
1718215391247 11096.4 26
1718215401277 11134.3 27
1718215411306 11110.6 28
1718215421329 11116.9 29
1718215431353 11126.8 30
1718215441385 11076.8 31
