1718215130506 27.5 0
1718215140526 31.3 1
1718215150558 31.2 2
1718215160590 31.2 3
1718215170617 31.1 4
1718215180637 30.6 5
1718215190670 31.5 6
1718215200694 32.1 7
1718215210717 31.8 8
1718215220749 32.0 9
1718215230772 32.1 10
1718215240798 32.6 11
1718215250816 32.6 12
1718215260838 32.7 13
1718215270859 32.9 14
1718215280880 32.5 15
1718215290911 32.8 16
1718215300937 32.6 17
1718215310970 32.3 18
1718215321015 32.3 19
1718215331046 32.4 20
1718215341082 32.7 21
1718215351152 32.9 22
1718215361179 32.7 23
1718215371202 32.7 24
1718215381226 32.8 25
1718215391247 33.1 26
1718215401277 33.2 27
1718215411306 33.1 28
1718215421329 33.1 29
1718215431353 33.2 30
1718215441385 33.0 31
