1718308622862 0.0 0
1718308632881 11.6 1
1718308642900 8.8 2
1718308652929 6.6 3
1718308663000 6.7 4
1718308673039 8.6 5
1718308683058 8.7 6
1718308693095 7.2 7
1718308703119 7.8 8
1718308713149 7.1 9
1718308723234 6.0 10
1718308733255 6.0 11
1718308743275 6.5 12
1718308753310 5.9 13
1718308763343 7.1 14
1718308773369 7.3 15
1718308783401 6.7 16
1718308793427 6.7 17
1718308803446 8.3 18
1718308813468 10.2 19
1718308823489 8.4 20
1718308833510 8.5 21
1718308843529 10.1 22
1718308853549 6.9 23
1718308863567 8.3 24
1718308873594 8.3 25
1718308883615 6.1 26
1718308893649 6.7 27
1718308903682 6.5 28
1718308913705 6.6 29
1718308923727 6.3 30
1718308933745 6.8 31
1718308943769 6.2 32
1718308953791 6.2 33
1718308963812 6.5 34
1718308973839 7.7 35
1718308983865 7.6 36
1718308993891 6.3 37
1718309003917 6.0 38
1718309013938 5.8 39
1718309023960 5.7 40
1718309033987 7.9 41
1718309044023 8.6 42
1718309054053 12.0 43
1718309064083 6.4 44
1718309074111 7.9 45
1718309084136 7.4 46
1718309094159 7.0 47
1718309104178 6.2 48
1718309114200 6.3 49
1718309124227 6.3 50
1718309134261 6.4 51
