1718308622862 66.6 0
1718308632881 66.6 1
1718308642900 66.6 2
1718308652929 66.6 3
1718308663000 66.6 4
1718308673039 66.6 5
1718308683058 66.6 6
1718308693095 66.6 7
1718308703119 66.6 8
1718308713149 66.6 9
1718308723234 66.6 10
1718308733255 66.6 11
1718308743275 66.6 12
1718308753310 66.6 13
1718308763343 66.6 14
1718308773369 66.6 15
1718308783401 66.6 16
1718308793427 66.6 17
1718308803446 66.6 18
1718308813468 66.6 19
1718308823489 66.6 20
1718308833510 66.6 21
1718308843529 66.6 22
1718308853549 66.6 23
1718308863567 66.6 24
1718308873594 66.6 25
1718308883615 66.6 26
1718308893649 66.6 27
1718308903682 66.6 28
1718308913705 66.6 29
1718308923727 66.6 30
1718308933745 66.6 31
1718308943769 66.6 32
1718308953791 66.6 33
1718308963812 66.6 34
1718308973839 66.6 35
1718308983865 66.6 36
1718308993891 66.6 37
1718309003917 66.6 38
1718309013938 66.6 39
1718309023960 66.6 40
1718309033987 66.6 41
1718309044023 66.6 42
1718309054053 66.6 43
1718309064083 66.6 44
1718309074111 66.6 45
1718309084136 66.6 46
1718309094159 66.6 47
1718309104178 66.6 48
1718309114200 66.6 49
1718309124227 66.6 50
1718309134261 66.6 51
