1718308622862 621260.7 0
1718308632881 621266.1 1
1718308642900 621268.2 2
1718308652929 621268.9 3
1718308663000 621269.8 4
1718308673039 621270.3 5
1718308683058 621270.8 6
1718308693095 621270.8 7
1718308703119 621270.8 8
1718308713149 621270.8 9
1718308723234 621270.8 10
1718308733255 621271.0 11
1718308743275 621271.0 12
1718308753310 621271.1 13
1718308763343 621271.1 14
1718308773369 621271.1 15
1718308783401 621271.1 16
1718308793427 621271.1 17
1718308803446 621272.2 18
1718308813468 621272.2 19
1718308823489 621272.3 20
1718308833510 621272.3 21
1718308843529 621272.3 22
1718308853549 621272.3 23
1718308863567 621272.3 24
1718308873594 621272.3 25
1718308883615 621272.3 26
1718308893649 621272.3 27
1718308903682 621272.5 28
1718308913705 621272.4 29
1718308923727 621272.5 30
1718308933745 621272.4 31
1718308943769 621272.4 32
1718308953791 621272.4 33
1718308963812 621272.4 34
1718308973839 621272.5 35
1718308983865 621272.6 36
1718308993891 621272.6 37
1718309003917 621272.6 38
1718309013938 621272.6 39
1718309023960 621272.6 40
1718309033987 621272.6 41
1718309044023 621272.6 42
1718309054053 621272.6 43
1718309064083 621272.6 44
1718309074111 621272.6 45
1718309084136 621272.6 46
1718309094159 621272.7 47
1718309104178 621272.7 48
1718309114200 621272.7 49
1718309124227 621272.7 50
1718309134261 621272.7 51
