1718308622862 311560.1 0
1718308632881 311554.8 1
1718308642900 311552.6 2
1718308652929 311551.9 3
1718308663000 311551.0 4
1718308673039 311550.5 5
1718308683058 311550.0 6
1718308693095 311550.0 7
1718308703119 311550.0 8
1718308713149 311550.0 9
1718308723234 311550.0 10
1718308733255 311549.8 11
1718308743275 311549.8 12
1718308753310 311549.7 13
1718308763343 311549.7 14
1718308773369 311549.7 15
1718308783401 311549.7 16
1718308793427 311549.8 17
1718308803446 311548.6 18
1718308813468 311548.6 19
1718308823489 311548.6 20
1718308833510 311548.6 21
1718308843529 311548.5 22
1718308853549 311548.5 23
1718308863567 311548.6 24
1718308873594 311548.5 25
1718308883615 311548.5 26
1718308893649 311548.5 27
1718308903682 311548.4 28
1718308913705 311548.4 29
1718308923727 311548.3 30
1718308933745 311548.4 31
1718308943769 311548.4 32
1718308953791 311548.4 33
1718308963812 311548.4 34
1718308973839 311548.3 35
1718308983865 311548.2 36
1718308993891 311548.3 37
1718309003917 311548.2 38
1718309013938 311548.2 39
1718309023960 311548.2 40
1718309033987 311548.2 41
1718309044023 311548.2 42
1718309054053 311548.2 43
1718309064083 311548.2 44
1718309074111 311548.2 45
1718309084136 311548.2 46
1718309094159 311548.1 47
1718309104178 311548.1 48
1718309114200 311548.1 49
1718309124227 311548.1 50
1718309134261 311548.1 51
