1718308622862 59.2 0
1718308632881 69.0 1
1718308642900 70.0 2
1718308652929 69.4 3
1718308663000 70.4 4
1718308673039 70.5 5
1718308683058 69.9 6
1718308693095 70.1 7
1718308703119 70.5 8
1718308713149 69.7 9
1718308723234 69.5 10
1718308733255 69.5 11
1718308743275 69.7 12
1718308753310 69.7 13
1718308763343 70.9 14
1718308773369 70.3 15
1718308783401 70.2 16
1718308793427 69.7 17
1718308803446 70.4 18
1718308813468 70.4 19
1718308823489 70.7 20
1718308833510 70.6 21
1718308843529 71.3 22
1718308853549 70.6 23
1718308863567 70.6 24
1718308873594 70.3 25
1718308883615 70.3 26
1718308893649 71.2 27
1718308903682 70.0 28
1718308913705 70.5 29
1718308923727 69.9 30
1718308933745 69.9 31
1718308943769 68.3 32
1718308953791 69.2 33
1718308963812 69.0 34
1718308973839 69.3 35
1718308983865 68.7 36
1718308993891 68.6 37
1718309003917 68.6 38
1718309013938 68.6 39
1718309023960 68.6 40
1718309033987 69.3 41
1718309044023 69.4 42
1718309054053 69.4 43
1718309064083 68.4 44
1718309074111 69.2 45
1718309084136 68.9 46
1718309094159 69.0 47
1718309104178 68.7 48
1718309114200 68.7 49
1718309124227 68.7 50
1718309134261 68.7 51
