1718308622862 0.0 0
1718308632881 9.0 1
1718308642900 95.0 2
1718308652929 87.0 3
1718308663000 95.0 4
1718308673039 95.0 5
1718308683058 87.0 6
1718308693095 88.0 7
1718308703119 86.0 8
1718308713149 86.0 9
1718308723234 72.0 10
1718308733255 94.0 11
1718308743275 74.0 12
1718308753310 94.0 13
1718308763343 93.0 14
1718308773369 96.0 15
1718308783401 93.0 16
1718308793427 87.0 17
1718308803446 93.0 18
1718308813468 93.0 19
1718308823489 94.0 20
1718308833510 91.0 21
1718308843529 95.0 22
1718308853549 94.0 23
1718308863567 96.0 24
1718308873594 92.0 25
1718308883615 94.0 26
1718308893649 87.0 27
1718308903682 94.0 28
1718308913705 73.0 29
1718308923727 92.0 30
1718308933745 94.0 31
1718308943769 85.0 32
1718308953791 95.0 33
1718308963812 95.0 34
1718308973839 72.0 35
1718308983865 87.0 36
1718308993891 94.0 37
1718309003917 91.0 38
1718309013938 87.0 39
1718309023960 94.0 40
1718309033987 92.0 41
1718309044023 94.0 42
1718309054053 95.0 43
1718309064083 87.0 44
1718309074111 87.0 45
1718309084136 83.0 46
1718309094159 94.0 47
1718309104178 93.0 48
1718309114200 87.0 49
1718309124227 94.0 50
1718309134261 90.0 51
