1718308622862 7622.6 0
1718308632881 8885.2 1
1718308642900 9017.8 2
1718308652929 8938.5 3
1718308663000 9073.5 4
1718308673039 9081.6 5
1718308683058 9007.0 6
1718308693095 9029.4 7
1718308703119 9079.2 8
1718308713149 8974.6 9
1718308723234 8958.2 10
1718308733255 8960.1 11
1718308743275 8982.2 12
1718308753310 8981.1 13
1718308763343 9139.3 14
1718308773369 9060.2 15
1718308783401 9045.1 16
1718308793427 8983.2 17
1718308803446 9067.2 18
1718308813468 9077.1 19
1718308823489 9109.8 20
1718308833510 9101.2 21
1718308843529 9185.5 22
1718308853549 9101.5 23
1718308863567 9100.3 24
1718308873594 9061.5 25
1718308883615 9056.7 26
1718308893649 9167.8 27
1718308903682 9022.9 28
1718308913705 9087.0 29
1718308923727 9006.2 30
1718308933745 9011.6 31
1718308943769 8798.3 32
1718308953791 8919.8 33
1718308963812 8888.8 34
1718308973839 8923.2 35
1718308983865 8854.6 36
1718308993891 8833.7 37
1718309003917 8833.7 38
1718309013938 8833.4 39
1718309023960 8833.4 40
1718309033987 8935.0 41
1718309044023 8938.2 42
1718309054053 8943.7 43
1718309064083 8817.8 44
1718309074111 8912.8 45
1718309084136 8879.6 46
1718309094159 8885.5 47
1718309104178 8847.9 48
1718309114200 8856.3 49
1718309124227 8847.9 50
1718309134261 8856.3 51
