1718308622862 0.0 0
1718308632881 0.07167799999979252 1
1718308642900 0.07837899999981346 2
1718308652929 0.1007169999998041 3
1718308663000 0.10580799999979718 4
1718308673039 4.0832849999999326 5
1718308683058 4.08562599999982 6
1718308693095 4.1007969999998295 7
1718308703119 4.107269999999971 8
1718308713149 4.117003999999952 9
1718308723234 4.118832999999995 10
1718308733255 4.1369499999998425 11
1718308743275 4.144169999999804 12
1718308753310 4.161474999999882 13
1718308763343 4.163789999999835 14
1718308773369 4.169221999999991 15
1718308783401 4.17197699999997 16
1718308793427 4.173417999999856 17
1718308803446 4.191014999999879 18
1718308813468 4.284154999999828 19
1718308823489 4.4355229999998755 20
1718308833510 4.498282999999901 21
1718308843529 4.507478999999876 22
1718308853549 4.533262999999806 23
1718308863567 4.727406999999857 24
1718308873594 4.9518739999998616 25
1718308883615 4.956718999999794 26
1718308893649 4.962495999999874 27
1718308903682 4.969281999999794 28
1718308913705 4.981805999999779 29
1718308923727 4.9839499999998225 30
1718308933745 5.009837999999945 31
1718308943769 5.014792999999827 32
1718308953791 5.042926999999963 33
1718308963812 5.044804999999997 34
1718308973839 5.045957999999928 35
1718308983865 5.0517489999999725 36
1718308993891 5.078017999999929 37
1718309003917 5.083878999999797 38
1718309013938 5.094626999999946 39
1718309023960 5.0980809999998655 40
1718309033987 5.1268579999998565 41
1718309044023 5.152707999999848 42
1718309054053 5.3304769999999735 43
1718309064083 5.432726999999886 44
1718309074111 5.65782299999978 45
1718309084136 5.660497999999961 46
1718309094159 5.662116999999853 47
1718309104178 5.672837999999956 48
1718309114200 5.701049999999896 49
1718309124227 5.70417499999985 50
1718309134261 5.710514999999987 51
