1718308622862 0.0 0
1718308632881 0.09475499999999215 1
1718308642900 0.17216499999999257 2
1718308652929 0.1947449999999975 3
1718308663000 0.20129999999998915 4
1718308673039 0.25463200000000086 5
1718308683058 0.2638249999999971 6
1718308693095 0.2828699999999884 7
1718308703119 0.29162099999999214 8
1718308713149 0.30658299999998917 9
1718308723234 0.30901499999998805 10
1718308733255 0.37071299999999496 11
1718308743275 0.38406999999999414 12
1718308753310 0.4052979999999877 13
1718308763343 0.40784999999999627 14
1718308773369 0.4135619999999989 15
1718308783401 0.41703299999998933 16
1718308793427 0.41885499999999354 17
1718308803446 0.501300999999998 18
1718308813468 0.6364200000000011 19
1718308823489 0.7666469999999919 20
1718308833510 0.8061019999999957 21
1718308843529 0.8166529999999881 22
1718308853549 0.8469989999999967 23
1718308863567 1.0588459999999884 24
1718308873594 1.2939989999999995 25
1718308883615 1.3113269999999915 26
1718308893649 1.317471999999995 27
1718308903682 1.3916029999999893 28
1718308913705 1.4059529999999967 29
1718308923727 1.4149499999999904 30
1718308933745 1.4652989999999875 31
1718308943769 1.468121999999994 32
1718308953791 1.4858459999999951 33
1718308963812 1.4880719999999883 34
1718308973839 1.4895299999999878 35
1718308983865 1.5009669999999886 36
1718308993891 1.5248220000000003 37
1718309003917 1.5306099999999958 38
1718309013938 1.5487899999999968 39
1718309023960 1.5521889999999985 40
1718309033987 1.574448999999987 41
1718309044023 1.6004699999999872 42
1718309054053 1.7865949999999913 43
1718309064083 1.821918999999994 44
1718309074111 2.0500539999999887 45
1718309084136 2.056170999999992 46
1718309094159 2.0583639999999974 47
1718309104178 2.0787289999999956 48
1718309114200 2.131902999999994 49
1718309124227 2.1349929999999944 50
1718309134261 2.141434999999987 51
