1718308622862 39.9 0
1718308632881 43.4 1
1718308642900 44.4 2
1718308652929 44.4 3
1718308663000 44.5 4
1718308673039 44.6 5
1718308683058 44.6 6
1718308693095 44.6 7
1718308703119 44.7 8
1718308713149 44.5 9
1718308723234 44.4 10
1718308733255 44.5 11
1718308743275 44.3 12
1718308753310 44.3 13
1718308763343 44.5 14
1718308773369 44.4 15
1718308783401 44.4 16
1718308793427 44.3 17
1718308803446 44.5 18
1718308813468 44.4 19
1718308823489 44.5 20
1718308833510 44.5 21
1718308843529 44.4 22
1718308853549 44.2 23
1718308863567 44.3 24
1718308873594 44.4 25
1718308883615 44.3 26
1718308893649 44.3 27
1718308903682 44.3 28
1718308913705 44.3 29
1718308923727 44.3 30
1718308933745 44.3 31
1718308943769 44.6 32
1718308953791 44.6 33
1718308963812 44.5 34
1718308973839 44.6 35
1718308983865 44.7 36
1718308993891 44.6 37
1718309003917 44.6 38
1718309013938 44.6 39
1718309023960 44.7 40
1718309033987 44.6 41
1718309044023 44.6 42
1718309054053 44.6 43
1718309064083 44.5 44
1718309074111 44.6 45
1718309084136 44.5 46
1718309094159 44.5 47
1718309104178 44.5 48
1718309114200 44.6 49
1718309124227 44.6 50
1718309134261 44.6 51
