1718308622862 13389.4 0
1718308632881 14559.5 1
1718308642900 14885.7 2
1718308652929 14901.8 3
1718308663000 14913.3 4
1718308673039 14971.7 5
1718308683058 14953.5 6
1718308693095 14959.8 7
1718308703119 14980.4 8
1718308713149 14921.1 9
1718308723234 14892.7 10
1718308733255 14923.7 11
1718308743275 14865.2 12
1718308753310 14851.4 13
1718308763343 14922.1 14
1718308773369 14906.4 15
1718308783401 14881.3 16
1718308793427 14863.1 17
1718308803446 14910.2 18
1718308813468 14894.6 19
1718308823489 14937.8 20
1718308833510 14920.5 21
1718308843529 14905.7 22
1718308853549 14826.8 23
1718308863567 14848.2 24
1718308873594 14893.5 25
1718308883615 14860.1 26
1718308893649 14855.3 27
1718308903682 14846.1 28
1718308913705 14848.7 29
1718308923727 14851.2 30
1718308933745 14850.3 31
1718308943769 14948.6 32
1718308953791 14958.4 33
1718308963812 14940.4 34
1718308973839 14945.9 35
1718308983865 14977.6 36
1718308993891 14968.6 37
1718309003917 14956.9 38
1718309013938 14943.7 39
1718309023960 14974.9 40
1718309033987 14945.3 41
1718309044023 14958.9 42
1718309054053 14947.9 43
1718309064083 14922.7 44
1718309074111 14957.1 45
1718309084136 14931.3 46
1718309094159 14940.3 47
1718309104178 14929.8 48
1718309114200 14952.4 49
1718309124227 14944.9 50
1718309134261 14961.4 51
