1718218583954 0.0 0
1718218593974 11.3 1
1718218603995 9.1 2
1718218614019 9.7 3
1718218624039 9.3 4
1718218634060 10.1 5
1718218644090 8.1 6
1718218654114 7.5 7
1718218664140 7.7 8
1718218674166 7.8 9
1718218684189 7.8 10
1718218694209 10.0 11
1718218704235 9.2 12
1718218714255 7.4 13
1718218724275 8.9 14
1718218734296 9.6 15
1718218744319 8.0 16
1718218754339 9.3 17
1718218764359 7.9 18
1718218774384 8.1 19
1718218784403 7.5 20
1718218794422 7.3 21
1718218804442 8.6 22
1718218814462 10.1 23
1718218824489 7.9 24
1718218834511 8.1 25
1718218844532 8.4 26
1718218854554 7.3 27
1718218864574 12.6 28
1718218874596 9.4 29
1718218884615 9.8 30
1718218894634 10.1 31
