1718218583954 63.5 0
1718218593974 63.5 1
1718218603995 63.5 2
1718218614019 63.5 3
1718218624039 63.5 4
1718218634060 63.5 5
1718218644090 63.5 6
1718218654114 63.5 7
1718218664140 63.5 8
1718218674166 63.5 9
1718218684189 63.5 10
1718218694209 63.5 11
1718218704235 63.5 12
1718218714255 63.5 13
1718218724275 63.5 14
1718218734296 63.5 15
1718218744319 63.5 16
1718218754339 63.5 17
1718218764359 63.5 18
1718218774384 63.5 19
1718218784403 63.5 20
1718218794422 63.5 21
1718218804442 63.5 22
1718218814462 63.5 23
1718218824489 63.5 24
1718218834511 63.5 25
1718218844532 63.5 26
1718218854554 63.5 27
1718218864574 63.5 28
1718218874596 63.5 29
1718218884615 63.5 30
1718218894634 63.5 31
