1718218583954 340114.5 0
1718218593974 340113.6 1
1718218603995 340113.6 2
1718218614019 340113.6 3
1718218624039 340113.5 4
1718218634060 340113.8 5
1718218644090 340116.7 6
1718218654114 340116.7 7
1718218664140 340116.7 8
1718218674166 340116.6 9
1718218684189 340116.6 10
1718218694209 340116.6 11
1718218704235 340116.6 12
1718218714255 340116.6 13
1718218724275 340116.6 14
1718218734296 340116.5 15
1718218744319 340116.5 16
1718218754339 340116.5 17
1718218764359 340116.5 18
1718218774384 340116.5 19
1718218784403 340116.5 20
1718218794422 340116.5 21
1718218804442 340116.5 22
1718218814462 340116.5 23
1718218824489 340116.5 24
1718218834511 340116.5 25
1718218844532 340116.5 26
1718218854554 340116.2 27
1718218864574 340115.7 28
1718218874596 340115.3 29
1718218884615 340115.2 30
1718218894634 340115.0 31
