1718218583954 592706.4 0
1718218593974 592707.2 1
1718218603995 592707.2 2
1718218614019 592707.3 3
1718218624039 592707.3 4
1718218634060 592707.1 5
1718218644090 592704.1 6
1718218654114 592704.1 7
1718218664140 592704.1 8
1718218674166 592704.2 9
1718218684189 592704.2 10
1718218694209 592704.2 11
1718218704235 592704.2 12
1718218714255 592704.2 13
1718218724275 592704.2 14
1718218734296 592704.3 15
1718218744319 592704.3 16
1718218754339 592704.3 17
1718218764359 592704.3 18
1718218774384 592704.3 19
1718218784403 592704.3 20
1718218794422 592704.3 21
1718218804442 592704.3 22
1718218814462 592704.3 23
1718218824489 592704.3 24
1718218834511 592704.3 25
1718218844532 592704.3 26
1718218854554 592704.6 27
1718218864574 592705.1 28
1718218874596 592705.5 29
1718218884615 592705.6 30
1718218894634 592705.8 31
