1718218583954 5118.0 0
1718218593974 6353.0 1
1718218603995 6351.1 2
1718218614019 6351.1 3
1718218624039 6401.0 4
1718218634060 6433.4 5
1718218644090 6392.4 6
1718218654114 6380.7 7
1718218664140 6380.9 8
1718218674166 6302.9 9
1718218684189 6320.5 10
1718218694209 6318.0 11
1718218704235 6307.1 12
1718218714255 6286.2 13
1718218724275 6387.7 14
1718218734296 6346.6 15
1718218744319 6341.4 16
1718218754339 6368.3 17
1718218764359 6375.8 18
1718218774384 6382.9 19
1718218784403 6398.1 20
1718218794422 6353.8 21
1718218804442 6378.7 22
1718218814462 6404.3 23
1718218824489 6355.8 24
1718218834511 6345.7 25
1718218844532 6374.8 26
1718218854554 6391.5 27
1718218864574 6491.8 28
1718218874596 6512.6 29
1718218884615 6502.3 30
1718218894634 6513.6 31
