1718218583954 8.0 0
1718218593974 81.0 1
1718218603995 90.0 2
1718218614019 90.0 3
1718218624039 87.0 4
1718218634060 80.0 5
1718218644090 86.0 6
1718218654114 84.0 7
1718218664140 89.0 8
1718218674166 84.0 9
1718218684189 84.0 10
1718218694209 74.0 11
1718218704235 73.0 12
1718218714255 75.0 13
1718218724275 84.0 14
1718218734296 86.0 15
1718218744319 83.0 16
1718218754339 72.0 17
1718218764359 84.0 18
1718218774384 83.0 19
1718218784403 88.0 20
1718218794422 84.0 21
1718218804442 83.0 22
1718218814462 89.0 23
1718218824489 80.0 24
1718218834511 71.0 25
1718218844532 88.0 26
1718218854554 86.0 27
1718218864574 85.0 28
1718218874596 75.0 29
1718218884615 83.0 30
1718218894634 83.0 31
