1718218583954 39.7 0
1718218593974 49.3 1
1718218603995 49.3 2
1718218614019 49.3 3
1718218624039 49.7 4
1718218634060 49.9 5
1718218644090 49.6 6
1718218654114 49.5 7
1718218664140 49.5 8
1718218674166 48.9 9
1718218684189 49.1 10
1718218694209 49.0 11
1718218704235 48.9 12
1718218714255 48.8 13
1718218724275 49.6 14
1718218734296 49.3 15
1718218744319 49.2 16
1718218754339 49.4 17
1718218764359 49.5 18
1718218774384 49.5 19
1718218784403 49.7 20
1718218794422 49.3 21
1718218804442 49.5 22
1718218814462 49.7 23
1718218824489 49.3 24
1718218834511 49.2 25
1718218844532 49.5 26
1718218854554 49.6 27
1718218864574 50.4 28
1718218874596 50.5 29
1718218884615 50.5 30
1718218894634 50.6 31
