1718218583954 0.0 0
1718218593974 0.023762000000033368 1
1718218603995 0.032060999999998785 2
1718218614019 0.03491600000000972 3
1718218624039 0.04903800000005276 4
1718218634060 0.1276640000000384 5
1718218644090 0.15969200000000683 6
1718218654114 0.18825600000002396 7
1718218664140 0.21246600000000626 8
1718218674166 0.2311130000000503 9
1718218684189 0.2952910000000202 10
1718218694209 0.34745400000002746 11
1718218704235 0.42652500000002647 12
1718218714255 0.4749050000000352 13
1718218724275 0.5828130000000442 14
1718218734296 0.8055300000000329 15
1718218744319 0.881964000000039 16
1718218754339 0.9042830000000208 17
1718218764359 0.9146420000000148 18
1718218774384 0.9210960000000341 19
1718218784403 0.9345270000000028 20
1718218794422 0.9482930000000351 21
1718218804442 0.9850250000000074 22
1718218814462 1.0018030000000522 23
1718218824489 1.0520690000000172 24
1718218834511 1.073126000000002 25
1718218844532 1.0883960000000457 26
1718218854554 1.133465000000001 27
1718218864574 1.2514510000000314 28
1718218874596 1.3112010000000396 29
1718218884615 1.3885980000000018 30
1718218894634 1.4458270000000084 31
