1718218583954 0.0 0
1718218593974 0.03383899999971618 1
1718218603995 0.04171399999904679 2
1718218614019 0.04372499999954016 3
1718218624039 0.05172599999968952 4
1718218634060 1.3720219999995606 5
1718218644090 2.3938390000002983 6
1718218654114 3.235896000000139 7
1718218664140 4.066867999999886 8
1718218674166 4.890470999998797 9
1718218684189 5.788344999999026 10
1718218694209 7.437968000000183 11
1718218704235 9.401498999999603 12
1718218714255 9.839977999999974 13
1718218724275 11.977484999999433 14
1718218734296 16.011913999998796 15
1718218744319 16.66798899999958 16
1718218754339 16.957179999999425 17
1718218764359 16.965909999998985 18
1718218774384 16.972066000000268 19
1718218784403 16.991533000000345 20
1718218794422 17.000599999999395 21
1718218804442 17.02075800000057 22
1718218814462 17.057552000000214 23
1718218824489 17.616394999999102 24
1718218834511 17.706593999999313 25
1718218844532 17.928578999999445 26
1718218854554 18.23501699999906 27
1718218864574 21.12693699999909 28
1718218874596 23.155815000000075 29
1718218884615 24.668868999999177 30
1718218894634 26.1782549999989 31
