1718218583954 32.5 0
1718218593974 36.2 1
1718218603995 36.2 2
1718218614019 36.0 3
1718218624039 36.1 4
1718218634060 35.7 5
1718218644090 35.6 6
1718218654114 35.6 7
1718218664140 35.5 8
1718218674166 35.6 9
1718218684189 35.7 10
1718218694209 35.7 11
1718218704235 35.7 12
1718218714255 35.6 13
1718218724275 36.0 14
1718218734296 36.4 15
1718218744319 36.4 16
1718218754339 36.6 17
1718218764359 36.5 18
1718218774384 36.4 19
1718218784403 36.4 20
1718218794422 36.3 21
1718218804442 36.4 22
1718218814462 36.4 23
1718218824489 36.4 24
1718218834511 36.5 25
1718218844532 36.7 26
1718218854554 36.8 27
1718218864574 37.3 28
1718218874596 37.2 29
1718218884615 37.2 30
1718218894634 37.1 31
