1718218583954 10909.7 0
1718218593974 12133.6 1
1718218603995 12129.6 2
1718218614019 12063.3 3
1718218624039 12090.2 4
1718218634060 11959.6 5
1718218644090 11940.4 6
1718218654114 11932.3 7
1718218664140 11911.3 8
1718218674166 11943.9 9
1718218684189 11969.6 10
1718218694209 11969.9 11
1718218704235 11985.5 12
1718218714255 11945.8 13
1718218724275 12066.1 14
1718218734296 12192.5 15
1718218744319 12193.2 16
1718218754339 12259.6 17
1718218764359 12247.7 18
1718218774384 12219.4 19
1718218784403 12198.2 20
1718218794422 12182.5 21
1718218804442 12192.2 22
1718218814462 12205.2 23
1718218824489 12223.0 24
1718218834511 12248.8 25
1718218844532 12311.2 26
1718218854554 12336.2 27
1718218864574 12495.9 28
1718218874596 12471.6 29
1718218884615 12487.9 30
1718218894634 12456.1 31
