1718195283467 0.01 10
1718195306335 0.02 20
1718195329361 0.02 30
1718195352185 0.03 40
1718195374624 0.04 50
1718195397799 0.05 60
1718195420745 0.06 70
1718195443759 0.06 80
1718195466488 0.07 90
1718195488990 0.08 100
1718195512097 0.09 110
1718195535079 0.1 120
1718195558034 0.1 130
1718195580816 0.11 140
1718195603203 0.12 150
1718195626390 0.13 160
1718195649343 0.14 170
1718195672272 0.14 180
1718195695104 0.15 190
1718195717724 0.16 200
1718195741032 0.17 210
1718195763936 0.18 220
1718195786962 0.18 230
1718195809816 0.19 240
1718195832443 0.2 250
1718195855638 0.21 260
1718195878599 0.22 270
1718195901624 0.22 280
1718195924524 0.23 290
1718195946969 0.24 300
1718196166742 0.24 300
1718196191995 0.25 310
1718196215030 0.26 320
1718196238050 0.26 330
1718196260856 0.27 340
1718196283245 0.28 350
1718196306509 0.29 360
1718196329492 0.3 370
1718196352350 0.3 380
1718196375214 0.31 390
1718196397920 0.32 400
1718196421086 0.33 410
1718196444056 0.34 420
1718196466956 0.34 430
1718196489846 0.35 440
1718196512336 0.36 450
1718196535610 0.37 460
1718196558654 0.38 470
1718196581631 0.38 480
1718196604468 0.39 490
1718196627023 0.4 500
1718196650138 0.41 510
1718196672981 0.42 520
1718196695926 0.42 530
1718196718825 0.43 540
1718196741082 0.44 550
1718196764220 0.45 560
1718196787236 0.46 570
1718196810183 0.46 580
1718196833073 0.47 590
1718196855246 0.48 600
1718197074635 0.48 600
1718197099078 0.49 610
1718197122085 0.5 620
1718197145044 0.5 630
1718197167905 0.51 640
1718197190393 0.52 650
1718197213553 0.53 660
1718197236462 0.54 670
1718197259411 0.54 680
1718197282281 0.55 690
1718197304803 0.56 700
1718197328123 0.57 710
1718197351188 0.58 720
1718197374120 0.58 730
1718197396994 0.59 740
1718197419506 0.6 750
1718197442709 0.61 760
1718197465640 0.62 770
1718197488506 0.62 780
1718197511411 0.63 790
1718197533971 0.64 800
1718197557166 0.65 810
1718197580154 0.66 820
1718197603150 0.66 830
1718197626065 0.67 840
1718197648614 0.68 850
1718197671814 0.69 860
1718197694820 0.7 870
1718197717783 0.7 880
1718197740682 0.71 890
1718197762867 0.72 900
1718197982557 0.72 900
1718198007001 0.73 910
1718198030006 0.74 920
1718198053052 0.74 930
1718198075923 0.75 940
1718198098419 0.76 950
1718198121598 0.77 960
1718198144548 0.78 970
1718198167455 0.78 980
1718198190415 0.79 990
1718198212976 0.8 1000
1718198236241 0.81 1010
1718198259109 0.82 1020
1718198282075 0.82 1030
1718198304909 0.83 1040
1718198327409 0.84 1050
1718198350607 0.85 1060
1718198373509 0.86 1070
1718198396449 0.86 1080
1718198419264 0.87 1090
1718198441854 0.88 1100
1718198465047 0.89 1110
1718198488050 0.9 1120
1718198511011 0.9 1130
1718198533912 0.91 1140
1718198556280 0.92 1150
1718198579417 0.93 1160
1718198602367 0.94 1170
1718198625346 0.94 1180
1718198648196 0.95 1190
1718198670618 0.96 1200
1718198890294 0.96 1200
1718198914777 0.97 1210
1718198937814 0.98 1220
1718198960790 0.98 1230
1718198983701 0.99 1240
1718199006164 1.0 1250
1718199006280 1.0 1250
