1718195283467 36.23945236206055 10
1718195306335 5.268192768096924 20
1718195329361 3.523653268814087 30
1718195352185 1.9360110759735107 40
1718195374624 1.087147831916809 50
1718195397799 1.2087291479110718 60
1718195420745 1.4920916557312012 70
1718195443759 1.0904124975204468 80
1718195466488 3.0346269607543945 90
1718195488990 0.8423845767974854 100
1718195512097 18.24386978149414 110
1718195535079 1.832878828048706 120
1718195558034 1.163106918334961 130
1718195580816 0.350043922662735 140
1718195603203 0.586517870426178 150
1718195626390 11.545286178588867 160
1718195649343 0.4779229760169983 170
1718195672272 13.735849380493164 180
1718195695104 0.571534276008606 190
1718195717724 0.17040878534317017 200
1718195741032 1.3286211490631104 210
1718195763936 4.997778415679932 220
1718195786962 3.0613503456115723 230
1718195809816 42.84709930419922 240
1718195832443 0.4667445421218872 250
1718195855638 0.4186724126338959 260
1718195878599 0.5655755996704102 270
1718195901624 2.024869203567505 280
1718195924524 0.4819965660572052 290
1718195946969 2.0243308544158936 300
1718196191995 1.1305880546569824 310
1718196215030 4.283268451690674 320
1718196238050 10.500975608825684 330
1718196260856 0.7490912079811096 340
1718196283245 1.4436068534851074 350
1718196306509 0.6285226941108704 360
1718196329492 2.2086310386657715 370
1718196352350 1.3123315572738647 380
1718196375214 0.9410403370857239 390
1718196397920 1.3755797147750854 400
1718196421086 1.4888150691986084 410
1718196444056 1.2981232404708862 420
1718196466956 2.3870911598205566 430
1718196489846 5.278069972991943 440
1718196512336 2.382288694381714 450
1718196535610 0.831805944442749 460
1718196558654 2.323518991470337 470
1718196581631 0.569417417049408 480
1718196604468 1.5072193145751953 490
1718196627023 1.0033994913101196 500
1718196650138 1.120150089263916 510
1718196672981 2.266885280609131 520
1718196695926 2.880755662918091 530
1718196718825 1.2082723379135132 540
1718196741082 0.1444639414548874 550
1718196764220 2.9720261096954346 560
1718196787236 1.2032204866409302 570
1718196810183 0.9768180847167969 580
1718196833073 2.114041805267334 590
1718196855246 107.23110961914062 600
1718197099078 1.5561288595199585 610
1718197122085 0.2603914141654968 620
1718197145044 1.5140109062194824 630
1718197167905 3.8566269874572754 640
1718197190393 2.563941478729248 650
1718197213553 1.0844208002090454 660
1718197236462 0.6569115519523621 670
1718197259411 0.6213669776916504 680
1718197282281 0.28647810220718384 690
1718197304803 0.41585102677345276 700
1718197328123 1.3190674781799316 710
1718197351188 2.4533040523529053 720
1718197374120 1.1368577480316162 730
1718197396994 0.7965764403343201 740
1718197419506 0.18826209008693695 750
1718197442709 0.4424498379230499 760
1718197465640 1.792104721069336 770
1718197488506 3.7807631492614746 780
1718197511411 1.4509226083755493 790
1718197533971 0.698634922504425 800
1718197557166 2.3433079719543457 810
1718197580154 1.2825695276260376 820
1718197603150 0.6209549903869629 830
1718197626065 1.325312614440918 840
1718197648614 0.9352602362632751 850
1718197671814 0.9429453611373901 860
1718197694820 0.6960076093673706 870
1718197717783 1.6520768404006958 880
1718197740682 0.24782796204090118 890
1718197762867 1.531691074371338 900
1718198007001 1.8438425064086914 910
1718198030006 1.5786572694778442 920
1718198053052 0.8751220703125 930
1718198075923 4.039384841918945 940
1718198098419 0.596400797367096 950
1718198121598 1.3894288539886475 960
1718198144548 0.7544965147972107 970
1718198167455 0.19672517478466034 980
1718198190415 1.140347957611084 990
1718198212976 1.5229696035385132 1000
1718198236241 2.8636133670806885 1010
1718198259109 0.4632982313632965 1020
1718198282075 0.8525115251541138 1030
1718198304909 0.4281432628631592 1040
1718198327409 0.9300147891044617 1050
1718198350607 1.1614480018615723 1060
1718198373509 0.2932465672492981 1070
1718198396449 1.5250630378723145 1080
1718198419264 2.629956007003784 1090
1718198441854 1.1310887336730957 1100
1718198465047 0.610004186630249 1110
1718198488050 1.0207315683364868 1120
1718198511011 0.771135687828064 1130
1718198533912 1.147497296333313 1140
1718198556280 0.41462454199790955 1150
1718198579417 1.399531364440918 1160
1718198602367 1.2406235933303833 1170
1718198625346 1.278218150138855 1180
1718198648196 0.5099441409111023 1190
1718198670618 1.3189765214920044 1200
1718198914777 2.1700408458709717 1210
1718198937814 0.43356460332870483 1220
1718198960790 0.5039111971855164 1230
1718198983701 0.30490604043006897 1240
1718199006164 0.3161649703979492 1250
