1718195283467 4.210526315789474e-05 10
1718195306335 9.473684210526316e-05 20
1718195329361 0.00014736842105263158 30
1718195352185 0.0002 40
1718195374624 0.00019996640766492543 50
1718195397799 0.00019986565322860115 60
1718195420745 0.00019969780438256293 70
1718195443759 0.00019946297389550433 80
1718195466488 0.00019916131953751342 90
1718195488990 0.0001987930439740757 100
1718195512097 0.00019840483841061058 110
1718195535079 0.00019791070107197153 120
1718195558034 0.00019735078275177654 130
1718195580816 0.00019672545962930215 140
1718195603203 0.0001960351518258255 150
1718195626390 0.00019528032312236736 160
1718195649343 0.00019446148064810242 170
1718195672272 0.000193579174539646 180
1718195695104 0.00019263399757144683 190
1718195717724 0.00019162658475753327 200
1718195741032 0.00019055761292488142 210
1718195763936 0.00018942780025869098 220
1718195786962 0.0001882379058198751 230
1718195809816 0.00018711629080999504 240
1718195832443 0.0001858144763535302 250
1718195855638 0.00018445500772418697 260
1718195878599 0.00018303879827647975 270
1718195901624 0.00018156679948605467 280
1718195924524 0.0001800400003104436 290
1718195946969 0.0001784594265246366 300
1718196191995 0.00017682614003191807 310
1718196215030 0.00017514123815043074 320
1718196238050 0.00017358163018986282 330
1718196260856 0.00017180180576663228 340
1718196283245 0.00016997374153703625 350
1718196306509 0.0001680986656799975 360
1718196329492 0.00016617783795904565 370
1718196352350 0.00016421254887594917 380
1718196375214 0.00016240686492182804 390
1718196397920 0.00016036076085226814 400
1718196421086 0.0001582741036046301 410
1718196444056 0.0001561482950927029 420
1718196466956 0.00015398476353392323 430
1718196489846 0.00015178496248983254 440
1718196512336 0.00014955036988950618 450
1718196535610 0.00014728248703661182 460
1718196558654 0.0001449828376007636 470
1718196581631 0.00014265296659384956 480
1718196604468 0.0001402944393320206 490
1718196627023 0.00013790884038403795 500
1718196650138 0.0001354977725066859 510
1718196672981 0.00013306285556796495 520
1718196695926 0.00013060572545878875 530
1718196718825 0.00012812803299391628 540
1718196741082 0.00012563144280285741 550
1718196764220 0.000123117632211497 560
1718196787236 0.00012058829011518896 570
1718196810183 0.00011804511584407763 580
1718196833073 0.00011548981802140848 590
1718196855246 0.0001129241134155949 600
1718197099078 0.00011034972578681338 610
1718197122085 0.00010776838472890065 620
1718197145044 0.00010518182450733186 630
1718197167905 0.00010259178289406011 640
1718197190393 0.0001 650
1718197213553 9.740821710593989e-05 660
1718197236462 9.481817549266817e-05 670
1718197259411 9.223161527109937e-05 680
1718197282281 8.965027421318665e-05 690
1718197304803 8.707588658440511e-05 700
1718197328123 8.451018197859153e-05 710
1718197351188 8.195488415592238e-05 720
1718197374120 7.941170988481108e-05 730
1718197396994 7.688236778850306e-05 740
1718197419506 7.43685571971426e-05 750
1718197442709 7.187196700608373e-05 760
1718197465640 6.939427454121128e-05 770
1718197488506 6.693714443203507e-05 780
1718197511411 6.450222749331414e-05 790
1718197533971 6.209115961596208e-05 800
1718197557166 5.970556066797941e-05 810
1718197580154 5.73470334061505e-05 820
1718197603150 5.501716239923642e-05 830
1718197626065 5.271751296338823e-05 840
1718197648614 5.0449630110493836e-05 850
1718197671814 4.821503751016746e-05 860
1718197694820 4.6015236466076747e-05 870
1718197717783 4.385170490729712e-05 880
1718197740682 4.172589639536991e-05 890
1718197762867 3.963923914773187e-05 900
1718198007001 3.759313507817196e-05 910
1718198030006 3.558895885496023e-05 920
1718198053052 3.362805697728145e-05 930
1718198075923 3.1711746870594086e-05 940
1718198098419 2.9841316001522347e-05 950
1718198121598 2.8018021012875994e-05 960
1718198144548 2.6243086879379e-05 970
1718198167455 2.451770608467432e-05 980
1718198190415 2.2843037820157675e-05 990
1718198212976 2.1220207206178688e-05 1000
1718198236241 1.9650304536132426e-05 1010
1718198259109 1.8134384543949478e-05 1020
1718198282075 1.6673465695476232e-05 1030
1718198304909 1.526852950422226e-05 1040
1718198327409 1.3920519871933424e-05 1050
1718198350607 1.263034245443473e-05 1060
1718198373509 1.1398864053168534e-05 1070
1718198396449 1.0226912032836611e-05 1080
1718198419264 9.115273765538202e-06 1090
1718198441854 8.064696101776358e-06 1100
1718198465047 7.07588486868922e-06 1110
1718198488050 6.149504395842087e-06 1120
1718198511011 5.286177068899989e-06 1130
1718198533912 4.486482911479839e-06 1140
1718198556280 3.750959195463466e-06 1150
1718198579417 3.0801000800333877e-06 1160
1718198602367 2.4743562796734622e-06 1170
1718198625346 1.9341347613579087e-06 1180
1718198648196 1.459798471131868e-06 1190
1718198670618 1.0516660902673448e-06 1200
1718198914777 7.100118211581852e-07 1210
1718198937814 4.3506520309813947e-07 1220
1718198960790 2.2701095806565432e-07 1230
1718198983701 8.598886661895788e-08 1240
1718199006164 1.209367398504746e-08 1250
