1718195283467 10.0492 10
1718195306335 1.3809 20
1718195329361 0.2339 30
1718195352185 0.1735 40
1718195374624 0.1364 50
1718195397799 0.1879 60
1718195420745 0.1537 70
1718195443759 0.1428 80
1718195466488 0.151 90
1718195488990 0.1274 100
1718195512097 0.5855 110
1718195535079 0.1616 120
1718195558034 0.1337 130
1718195580816 0.0939 140
1718195603203 0.1644 150
1718195626390 0.1794 160
1718195649343 0.1031 170
1718195672272 0.1389 180
1718195695104 0.1328 190
1718195717724 0.1078 200
1718195741032 0.1345 210
1718195763936 0.0852 220
1718195786962 0.1219 230
1718195809816 0.6638 240
1718195832443 0.2551 250
1718195855638 0.0841 260
1718195878599 0.1205 270
1718195901624 0.1222 280
1718195924524 0.0856 290
1718195946969 0.1199 300
1718196191995 0.1122 310
1718196215030 0.1154 320
1718196238050 0.793 330
1718196260856 0.0822 340
1718196283245 0.1179 350
1718196306509 0.2758 360
1718196329492 0.235 370
1718196352350 0.1699 380
1718196375214 0.2591 390
1718196397920 0.1366 400
1718196421086 0.104 410
1718196444056 0.1239 420
1718196466956 0.1745 430
1718196489846 0.3655 440
1718196512336 0.1722 450
1718196535610 0.1749 460
1718196558654 0.164 470
1718196581631 0.1123 480
1718196604468 0.1214 490
1718196627023 0.1476 500
1718196650138 0.0967 510
1718196672981 0.4987 520
1718196695926 0.4968 530
1718196718825 0.0932 540
1718196741082 0.0854 550
1718196764220 0.1113 560
1718196787236 0.1184 570
1718196810183 0.0983 580
1718196833073 0.1008 590
1718196855246 0.1588 600
1718197099078 0.0915 610
1718197122085 0.1342 620
1718197145044 0.0959 630
1718197167905 0.1014 640
1718197190393 0.0865 650
1718197213553 0.1275 660
1718197236462 0.1188 670
1718197259411 0.1269 680
1718197282281 0.1116 690
1718197304803 0.1347 700
1718197328123 0.1203 710
1718197351188 0.1014 720
1718197374120 0.0989 730
1718197396994 0.0867 740
1718197419506 0.0786 750
1718197442709 0.1479 760
1718197465640 0.0851 770
1718197488506 0.0974 780
1718197511411 0.0683 790
1718197533971 0.0831 800
1718197557166 0.0894 810
1718197580154 0.0935 820
1718197603150 0.0983 830
1718197626065 0.07 840
1718197648614 0.0767 850
1718197671814 0.1037 860
1718197694820 0.1087 870
1718197717783 0.0859 880
1718197740682 0.0698 890
1718197762867 0.0663 900
1718198007001 0.0957 910
1718198030006 0.0852 920
1718198053052 0.089 930
1718198075923 0.0656 940
1718198098419 0.0625 950
1718198121598 0.0724 960
1718198144548 0.0852 970
1718198167455 0.0779 980
1718198190415 0.0761 990
1718198212976 0.0842 1000
1718198236241 0.0939 1010
1718198259109 0.0641 1020
1718198282075 0.0801 1030
1718198304909 0.0583 1040
1718198327409 0.0801 1050
1718198350607 0.0642 1060
1718198373509 0.0743 1070
1718198396449 0.079 1080
1718198419264 0.0742 1090
1718198441854 0.0725 1100
1718198465047 0.0979 1110
1718198488050 0.0733 1120
1718198511011 0.0502 1130
1718198533912 0.0768 1140
1718198556280 0.0657 1150
1718198579417 0.0746 1160
1718198602367 0.062 1170
1718198625346 0.0537 1180
1718198648196 0.0485 1190
1718198670618 0.082 1200
1718198914777 0.0977 1210
1718198937814 0.0807 1220
1718198960790 0.0411 1230
1718198983701 0.0535 1240
1718199006164 0.0732 1250
