1718215505732 0.02 10
1718215518609 0.03 20
1718215531445 0.05 30
1718215544061 0.06 40
1718215556489 0.08 50
1718215569669 0.1 60
1718215582651 0.11 70
1718215595179 0.13 80
1718215607658 0.14 90
1718215619998 0.16 100
1718215632728 0.18 110
1718215645187 0.19 120
1718215657536 0.21 130
1718215670324 0.22 140
1718215683182 0.24 150
1718215696018 0.26 160
1718215708820 0.27 170
1718215721639 0.29 180
1718215734324 0.3 190
1718215747021 0.32 200
1718215759973 0.34 210
1718215772834 0.35 220
1718215785954 0.37 230
1718215798907 0.38 240
1718215811666 0.4 250
1718215824834 0.42 260
1718215838323 0.43 270
1718215851389 0.45 280
1718215864395 0.46 290
1718215876980 0.48 300
1718215939052 0.48 300
1718215955062 0.5 310
1718215968907 0.51 320
1718215981951 0.53 330
1718215995150 0.54 340
1718216008120 0.56 350
1718216021434 0.58 360
1718216034836 0.59 370
1718216047873 0.61 380
1718216060858 0.62 390
1718216073863 0.64 400
1718216087013 0.66 410
1718216099828 0.67 420
1718216112619 0.69 430
1718216125091 0.7 440
1718216137280 0.72 450
1718216149765 0.74 460
1718216162138 0.75 470
1718216174710 0.77 480
1718216187471 0.78 490
1718216199483 0.8 500
1718216212272 0.82 510
1718216224845 0.83 520
1718216238398 0.85 530
1718216251846 0.86 540
1718216265090 0.88 550
1718216278975 0.9 560
1718216292789 0.91 570
1718216306067 0.93 580
1718216318467 0.94 590
1718216330712 0.96 600
1718216390919 0.96 600
1718216405885 0.98 610
1718216418076 0.99 620
1718216424261 1.0 625
