1718215505732 2.206289529800415 10
1718215518609 1.807917594909668 20
1718215531445 2.1292479038238525 30
1718215544061 0.39653536677360535 40
1718215556489 0.8072295188903809 50
1718215569669 0.6249873042106628 60
1718215582651 0.36682504415512085 70
1718215595179 0.6184620261192322 80
1718215607658 0.7828426361083984 90
1718215619998 0.0838007926940918 100
1718215632728 1.0626720190048218 110
1718215645187 0.24807286262512207 120
1718215657536 0.24947699904441833 130
1718215670324 1.160683035850525 140
1718215683182 0.5420336127281189 150
1718215696018 0.34080255031585693 160
1718215708820 2.155427932739258 170
1718215721639 0.7759747505187988 180
1718215734324 0.5658653378486633 190
1718215747021 0.28357940912246704 200
1718215759973 0.3734457790851593 210
1718215772834 0.960026741027832 220
1718215785954 0.5882420539855957 230
1718215798907 1.363236427307129 240
1718215811666 0.14581748843193054 250
1718215824834 0.2884402275085449 260
1718215838323 0.27257898449897766 270
1718215851389 0.234894797205925 280
1718215864395 0.1074923574924469 290
1718215876980 0.24156278371810913 300
1718215955062 0.34235504269599915 310
1718215968907 0.5950703024864197 320
1718215981951 0.7499714493751526 330
1718215995150 0.24574442207813263 340
1718216008120 0.8054500222206116 350
1718216021434 0.38324716687202454 360
1718216034836 0.09575361758470535 370
1718216047873 0.5747995376586914 380
1718216060858 0.3273812532424927 390
1718216073863 0.15331101417541504 400
1718216087013 0.6778901815414429 410
1718216099828 0.20677177608013153 420
1718216112619 0.10446388274431229 430
1718216125091 0.471096932888031 440
1718216137280 0.48594486713409424 450
1718216149765 0.06385748833417892 460
1718216162138 1.0630472898483276 470
1718216174710 0.5422753691673279 480
1718216187471 0.716797947883606 490
1718216199483 0.47711053490638733 500
1718216212272 0.18715687096118927 510
1718216224845 0.3564433157444 520
1718216238398 0.6943219900131226 530
1718216251846 0.43631038069725037 540
1718216265090 0.09723221510648727 550
1718216278975 0.2296285629272461 560
1718216292789 0.18993283808231354 570
1718216306067 0.19868645071983337 580
1718216318467 0.40768274664878845 590
1718216330712 0.1748439371585846 600
1718216405885 0.28130945563316345 610
1718216418076 0.3806043565273285 620
