1718215505732 9.473684210526316e-05 10
1718215518609 0.0002 20
1718215531445 0.00019986565322860115 30
1718215544061 0.00019946297389550433 40
1718215556489 0.0001987930439740757 50
1718215569669 0.00019785766352275542 60
1718215582651 0.00019665934584841682 70
1718215595179 0.00019520131075327298 80
1718215607658 0.00019348747588347637 90
1718215619998 0.0001915224462026563 100
1718215632728 0.00018931150161867916 110
1718215645187 0.00018686058279687698 120
1718215657536 0.00018417627519786315 130
1718215670324 0.00018126579138282503 140
1718215683182 0.0001781369516338378 150
1718215696018 0.00017479816294127152 160
1718215708820 0.00017125839641475072 170
1718215721639 0.00016752716317836229 180
1718215734324 0.00016361448881487914 190
1718215747021 0.0001595308864276666 200
1718215759973 0.00015528732839265272 210
1718215772834 0.00015089521687626243 220
1718215785954 0.00014636635319853275 230
1718215798907 0.0001417129061237278 240
1718215811666 0.00013694737916365517 250
1718215824834 0.00013208257698153677 260
1718215838323 0.0001271315709867059 270
1718215851389 0.0001221076642125742 280
1718215864395 0.00011702435557223987 290
1718215876980 0.00011189530358778005 300
1718215955062 0.00010673428969068364 310
1718215968907 0.0001015551811920351 320
1718215981951 9.637189402194476e-05 330
1718215995150 9.119835533834331e-05 340
1718216008120 8.604846610560771e-05 350
1718216021434 8.093606374356759e-05 360
1718216034836 7.587488494725157e-05 370
1718216047873 7.087852877727481e-05 380
1718216060858 6.59604201200412e-05 390
1718216073863 6.113377361594049e-05 400
1718216087013 5.6411558152462894e-05 410
1718216099828 5.180646201763577e-05 420
1718216112619 4.733085880741301e-05 430
1718216125091 4.2996774178621736e-05 440
1718216137280 3.8815853536798904e-05 450
1718216149765 3.479933074573858e-05 460
1718216162138 3.0957997942825336e-05 470
1718216174710 2.7302176541257986e-05 480
1718216187471 2.3841689497078746e-05 490
1718216199483 2.058583491552465e-05 500
1718216212272 1.754336106761927e-05 510
1718216224845 1.4722442884133214e-05 520
1718216238398 1.2130659990073146e-05 530
1718216251846 9.774976338718677e-06 540
1718216265090 7.661721499929753e-06 550
1718216278975 5.7965736530010916e-06 560
1718216292789 4.184544329761009e-06 570
1718216306067 2.8299649489090475e-06 580
1718216318467 1.7364751777736332e-06 590
1718216330712 9.070131527609604e-07 600
1718216405885 3.4380758477219333e-07 610
1718216418076 4.837177080119215e-08 620
