1718215505732 1.8744 10
1718215518609 0.2444 20
1718215531445 0.1818 30
1718215544061 0.1544 40
1718215556489 0.155 50
1718215569669 0.2488 60
1718215582651 0.1382 70
1718215595179 0.175 80
1718215607658 0.1435 90
1718215619998 0.1013 100
1718215632728 0.1415 110
1718215645187 0.1333 120
1718215657536 0.1591 130
1718215670324 0.1867 140
1718215683182 0.1339 150
1718215696018 0.1556 160
1718215708820 0.1477 170
1718215721639 0.1609 180
1718215734324 0.1505 190
1718215747021 0.1399 200
1718215759973 0.147 210
1718215772834 0.1121 220
1718215785954 0.0985 230
1718215798907 0.1499 240
1718215811666 0.2054 250
1718215824834 0.1401 260
1718215838323 0.1228 270
1718215851389 0.105 280
1718215864395 0.102 290
1718215876980 0.0969 300
1718215955062 0.1101 310
1718215968907 0.1048 320
1718215981951 0.1329 330
1718215995150 0.0904 340
1718216008120 0.1231 350
1718216021434 0.1085 360
1718216034836 0.1006 370
1718216047873 0.1261 380
1718216060858 0.1622 390
1718216073863 0.1085 400
1718216087013 0.1639 410
1718216099828 0.1215 420
1718216112619 0.0974 430
1718216125091 0.0782 440
1718216137280 0.1037 450
1718216149765 0.069 460
1718216162138 0.0986 470
1718216174710 0.1654 480
1718216187471 0.1099 490
1718216199483 0.1045 500
1718216212272 0.1183 510
1718216224845 0.1165 520
1718216238398 0.1189 530
1718216251846 0.0935 540
1718216265090 0.0888 550
1718216278975 0.1248 560
1718216292789 0.0946 570
1718216306067 0.0897 580
1718216318467 0.0906 590
1718216330712 0.0962 600
1718216405885 0.1036 610
1718216418076 0.0976 620
