1717943997081 0.02 100
1717944014725 0.04 200
1717944032374 0.05 300
1717944050042 0.07 400
1717944067696 0.09 500
1717944085353 0.11 600
1717944103010 0.12 700
1717944120664 0.14 800
1717944138328 0.16 900
1717944155982 0.18 1000
1717944167746 0.18 1000
1717944185510 0.19 1100
1717944203257 0.21 1200
1717944220991 0.23 1300
1717944238727 0.25 1400
1717944256435 0.26 1500
1717944274167 0.28 1600
1717944291902 0.3 1700
1717944309641 0.32 1800
1717944327384 0.33 1900
1717944345119 0.35 2000
1717944356904 0.35 2000
1717944374636 0.37 2100
1717944392353 0.39 2200
1717944410083 0.4 2300
1717944427804 0.42 2400
1717944445520 0.44 2500
1717944463475 0.46 2600
1717944481652 0.47 2700
1717944499654 0.49 2800
1717944517814 0.51 2900
1717944536244 0.53 3000
1717944548360 0.53 3000
1717944568814 0.54 3100
1717944586884 0.56 3200
1717944605285 0.58 3300
1717944623626 0.6 3400
1717944641764 0.61 3500
1717944659786 0.63 3600
1717944677853 0.65 3700
1717944695771 0.67 3800
1717944713736 0.68 3900
1717944731710 0.7 4000
1717944743506 0.7 4000
1717944761241 0.72 4100
1717944778976 0.74 4200
1717944796688 0.75 4300
1717944814859 0.77 4400
1717944833347 0.79 4500
1717944851694 0.81 4600
1717944869880 0.82 4700
1717944888352 0.84 4800
1717944906943 0.86 4900
1717944925174 0.88 5000
1717944937217 0.88 5000
1717944955347 0.89 5100
1717944973473 0.91 5200
1717944991765 0.93 5300
1717945010290 0.95 5400
1717945028469 0.96 5500
1717945046456 0.98 5600
1717945064949 1.0 5700
1717945085711 1.02 5800
1717945104097 1.03 5900
1717945121872 1.05 6000
1717945133692 1.05 6000
1717945153640 1.07 6100
1717945171457 1.09 6200
1717945189259 1.1 6300
1717945207058 1.12 6400
1717945225133 1.14 6500
1717945243592 1.16 6600
1717945261637 1.18 6700
1717945279739 1.19 6800
1717945297839 1.21 6900
1717945316334 1.23 7000
1717945328772 1.23 7000
1717945349103 1.25 7100
1717945369182 1.26 7200
1717945388576 1.28 7300
1717945407922 1.3 7400
1717945427406 1.32 7500
1717945446870 1.33 7600
1717945466665 1.35 7700
1717945486465 1.37 7800
1717945506303 1.39 7900
1717945526019 1.4 8000
1717945539083 1.4 8000
1717945558891 1.42 8100
1717945578099 1.44 8200
1717945596763 1.46 8300
1717945615423 1.47 8400
1717945634077 1.49 8500
1717945652775 1.51 8600
1717945671488 1.53 8700
1717945690159 1.54 8800
1717945708836 1.56 8900
1717945727479 1.58 9000
1717945740029 1.58 9000
1717945761889 1.6 9100
1717945781525 1.61 9200
1717945801254 1.63 9300
1717945820652 1.65 9400
1717945840340 1.67 9500
1717945860097 1.68 9600
1717945879982 1.7 9700
1717945899838 1.72 9800
1717945919693 1.74 9900
1717945939502 1.75 10000
1717945952625 1.75 10000
1717945972423 1.77 10100
1717945992212 1.79 10200
1717946012007 1.81 10300
1717946031722 1.82 10400
1717946051545 1.84 10500
1717946071293 1.86 10600
1717946090982 1.88 10700
1717946111388 1.89 10800
1717946131465 1.91 10900
1717946151093 1.93 11000
1717946163806 1.93 11000
1717946182724 1.95 11100
1717946201934 1.96 11200
1717946221233 1.98 11300
1717946240538 2.0 11400
1717946259474 2.02 11500
1717946278232 2.03 11600
1717946297452 2.05 11700
1717946316355 2.07 11800
1717946335046 2.09 11900
1717946354775 2.1 12000
1717946367875 2.1 12000
1717946389809 2.12 12100
1717946409837 2.14 12200
1717946429562 2.16 12300
1717946449356 2.17 12400
1717946468958 2.19 12500
1717946488812 2.21 12600
1717946508542 2.23 12700
1717946528342 2.24 12800
1717946548178 2.26 12900
1717946567980 2.28 13000
1717946581088 2.28 13000
1717946600901 2.3 13100
1717946620704 2.31 13200
1717946640486 2.33 13300
1717946659238 2.35 13400
1717946678800 2.37 13500
1717946698820 2.39 13600
1717946718487 2.4 13700
1717946738888 2.42 13800
1717946759769 2.44 13900
1717946780682 2.46 14000
1717946794600 2.46 14000
1717946815602 2.47 14100
1717946836527 2.49 14200
1717946857631 2.51 14300
1717946878617 2.53 14400
1717946899625 2.54 14500
1717946920659 2.56 14600
1717946941691 2.58 14700
1717946962786 2.6 14800
1717946983684 2.61 14900
1717947004689 2.63 15000
1717947018645 2.63 15000
1717947041829 2.65 15100
1717947062739 2.67 15200
1717947083731 2.68 15300
1717947104707 2.7 15400
1717947125743 2.72 15500
1717947146688 2.74 15600
1717947167613 2.75 15700
1717947186566 2.77 15800
1717947205175 2.79 15900
1717947223772 2.81 16000
1717947236170 2.81 16000
1717947254810 2.82 16100
1717947273422 2.84 16200
1717947292038 2.86 16300
1717947310629 2.88 16400
1717947329270 2.89 16500
1717947349682 2.91 16600
1717947370630 2.93 16700
1717947390605 2.95 16800
1717947410603 2.96 16900
1717947431540 2.98 17000
1717947445430 2.98 17000
1717947465882 3.0 17100
1717947467206 3.0 17106
