1717943997081 2.049795150756836 100
1717944014725 4.408173561096191 200
1717944032374 15.198798179626465 300
1717944050042 19.65144920349121 400
1717944067696 42.941741943359375 500
1717944085353 14.870221138000488 600
1717944103010 17.346710205078125 700
1717944120664 23.53074073791504 800
1717944138328 25.50470733642578 900
1717944155982 31.497066497802734 1000
1717944185510 47.01160430908203 1100
1717944203257 27.05935287475586 1200
1717944220991 31.28957176208496 1300
1717944238727 21.522504806518555 1400
1717944256435 12.257095336914062 1500
1717944274167 33.616600036621094 1600
1717944291902 11.062155723571777 1700
1717944309641 16.826114654541016 1800
1717944327384 10.326741218566895 1900
1717944345119 12.998891830444336 2000
1717944374636 13.490885734558105 2100
1717944392353 25.981809616088867 2200
1717944410083 16.648353576660156 2300
1717944427804 59.020320892333984 2400
1717944445520 6.599206924438477 2500
1717944463475 19.050172805786133 2600
1717944481652 7.260079383850098 2700
1717944499654 5.224358558654785 2800
1717944517814 11.226415634155273 2900
1717944536244 11.912389755249023 3000
1717944568814 8.510246276855469 3100
1717944586884 6.846855640411377 3200
1717944605285 18.986982345581055 3300
1717944623626 18.960901260375977 3400
1717944641764 29.123428344726562 3500
1717944659786 15.114935874938965 3600
1717944677853 19.355695724487305 3700
1717944695771 14.010397911071777 3800
1717944713736 9.404373168945312 3900
1717944731710 21.795948028564453 4000
1717944761241 14.847895622253418 4100
1717944778976 7.611258506774902 4200
1717944796688 23.035730361938477 4300
1717944814859 11.317872047424316 4400
1717944833347 13.040398597717285 4500
1717944851694 17.848731994628906 4600
1717944869880 17.83917999267578 4700
1717944888352 22.960369110107422 4800
1717944906943 9.898530006408691 4900
1717944925174 22.614330291748047 5000
1717944955347 12.310070991516113 5100
1717944973473 6.267343044281006 5200
1717944991765 15.873957633972168 5300
1717945010290 10.096160888671875 5400
1717945028469 10.914897918701172 5500
1717945046456 12.498811721801758 5600
1717945064949 14.41299057006836 5700
1717945085711 5.245909690856934 5800
1717945104097 16.139612197875977 5900
1717945121872 17.712024688720703 6000
1717945153640 11.426569938659668 6100
1717945171457 15.165216445922852 6200
1717945189259 6.912728309631348 6300
1717945207058 3.944396734237671 6400
1717945225133 20.996253967285156 6500
1717945243592 29.852872848510742 6600
1717945261637 9.743124961853027 6700
1717945279739 22.454320907592773 6800
1717945297839 19.548385620117188 6900
1717945316334 11.000351905822754 7000
1717945349103 12.622547149658203 7100
1717945369182 13.439701080322266 7200
1717945388576 8.311165809631348 7300
1717945407922 22.86892318725586 7400
1717945427406 11.74446964263916 7500
1717945446870 9.718092918395996 7600
1717945466665 10.029983520507812 7700
1717945486465 10.224512100219727 7800
1717945506303 31.632415771484375 7900
1717945526019 14.871160507202148 8000
1717945558891 7.349269866943359 8100
1717945578099 11.450767517089844 8200
1717945596763 20.880123138427734 8300
1717945615423 18.369510650634766 8400
1717945634077 24.38082504272461 8500
1717945652775 38.784725189208984 8600
1717945671488 12.562771797180176 8700
1717945690159 17.31812858581543 8800
1717945708836 12.53697395324707 8900
1717945727479 9.21593952178955 9000
1717945761889 8.516019821166992 9100
1717945781525 9.972248077392578 9200
1717945801254 3.769477605819702 9300
1717945820652 11.162052154541016 9400
1717945840340 49.741729736328125 9500
1717945860097 9.600123405456543 9600
1717945879982 13.743152618408203 9700
1717945899838 20.525882720947266 9800
1717945919693 19.25624656677246 9900
1717945939502 18.4365234375 10000
1717945972423 23.827037811279297 10100
1717945992212 9.576323509216309 10200
1717946012007 6.8993449211120605 10300
1717946031722 11.356263160705566 10400
1717946051545 10.950998306274414 10500
1717946071293 18.617252349853516 10600
1717946090982 11.40474796295166 10700
1717946111388 13.606491088867188 10800
1717946131465 29.33083724975586 10900
1717946151093 14.72974967956543 11000
1717946182724 5.823650360107422 11100
1717946201934 29.593101501464844 11200
1717946221233 15.315927505493164 11300
1717946240538 16.8062801361084 11400
1717946259474 25.6090030670166 11500
1717946278232 22.28093910217285 11600
1717946297452 13.432074546813965 11700
1717946316355 8.33063793182373 11800
1717946335046 24.97650909423828 11900
1717946354775 27.68268394470215 12000
1717946389809 12.556199073791504 12100
1717946409837 11.066414833068848 12200
1717946429562 36.50691223144531 12300
1717946449356 3.004343271255493 12400
1717946468958 21.78270721435547 12500
1717946488812 22.54257583618164 12600
1717946508542 7.009304523468018 12700
1717946528342 25.891691207885742 12800
1717946548178 18.103116989135742 12900
1717946567980 42.04850769042969 13000
1717946600901 23.432619094848633 13100
1717946620704 15.85930347442627 13200
1717946640486 11.314506530761719 13300
1717946659238 14.121918678283691 13400
1717946678800 25.77077865600586 13500
1717946698820 23.02517318725586 13600
1717946718487 22.994197845458984 13700
1717946738888 24.1955623626709 13800
1717946759769 24.55275535583496 13900
1717946780682 39.90418243408203 14000
1717946815602 8.632580757141113 14100
1717946836527 1.5047203302383423 14200
1717946857631 24.1524658203125 14300
1717946878617 14.171006202697754 14400
1717946899625 3.9804129600524902 14500
1717946920659 6.3003644943237305 14600
1717946941691 34.243228912353516 14700
1717946962786 43.013633728027344 14800
1717946983684 35.006195068359375 14900
1717947004689 59.14895248413086 15000
1717947041829 14.497368812561035 15100
1717947062739 42.074180603027344 15200
1717947083731 2.2263309955596924 15300
1717947104707 27.255321502685547 15400
1717947125743 20.973859786987305 15500
1717947146688 1.3761497735977173 15600
1717947167613 23.47410774230957 15700
1717947186566 3.0323543548583984 15800
1717947205175 19.093734741210938 15900
1717947223772 15.370936393737793 16000
1717947254810 34.090919494628906 16100
1717947273422 15.897889137268066 16200
1717947292038 13.02077865600586 16300
1717947310629 26.962514877319336 16400
1717947329270 41.37139129638672 16500
1717947349682 24.225597381591797 16600
1717947370630 18.426727294921875 16700
1717947390605 15.186065673828125 16800
1717947410603 45.040191650390625 16900
1717947431540 19.604379653930664 17000
1717947465882 14.777926445007324 17100
