1717943997081 1.0805 100
1717944014725 1.0287 200
1717944032374 0.9625 300
1717944050042 0.8191 400
1717944067696 0.7588 500
1717944085353 0.7464 600
1717944103010 0.7816 700
1717944120664 0.7611 800
1717944138328 0.7129 900
1717944155982 0.7655 1000
1717944185510 0.7654 1100
1717944203257 0.7441 1200
1717944220991 0.7699 1300
1717944238727 0.74 1400
1717944256435 0.7423 1500
1717944274167 0.7634 1600
1717944291902 0.7294 1700
1717944309641 0.7926 1800
1717944327384 0.6932 1900
1717944345119 0.7513 2000
1717944374636 0.7608 2100
1717944392353 0.7151 2200
1717944410083 0.7291 2300
1717944427804 0.734 2400
1717944445520 0.7361 2500
1717944463475 0.7285 2600
1717944481652 0.7649 2700
1717944499654 0.7546 2800
1717944517814 0.7454 2900
1717944536244 0.7234 3000
1717944568814 0.7229 3100
1717944586884 0.7224 3200
1717944605285 0.6786 3300
1717944623626 0.7147 3400
1717944641764 0.7086 3500
1717944659786 0.7382 3600
1717944677853 0.6744 3700
1717944695771 0.7556 3800
1717944713736 0.7232 3900
1717944731710 0.7431 4000
1717944761241 0.6644 4100
1717944778976 0.7213 4200
1717944796688 0.6956 4300
1717944814859 0.702 4400
1717944833347 0.6992 4500
1717944851694 0.713 4600
1717944869880 0.6512 4700
1717944888352 0.7006 4800
1717944906943 0.6458 4900
1717944925174 0.7065 5000
1717944955347 0.7326 5100
1717944973473 0.7124 5200
1717944991765 0.6913 5300
1717945010290 0.6626 5400
1717945028469 0.6698 5500
1717945046456 0.7032 5600
1717945064949 0.6973 5700
1717945085711 0.5901 5800
1717945104097 0.6319 5900
1717945121872 0.5604 6000
1717945153640 0.5772 6100
1717945171457 0.641 6200
1717945189259 0.5491 6300
1717945207058 0.5978 6400
1717945225133 0.6168 6500
1717945243592 0.601 6600
1717945261637 0.6294 6700
1717945279739 0.6463 6800
1717945297839 0.6297 6900
1717945316334 0.6212 7000
1717945349103 0.6409 7100
1717945369182 0.5805 7200
1717945388576 0.5899 7300
1717945407922 0.6106 7400
1717945427406 0.5251 7500
1717945446870 0.5906 7600
1717945466665 0.6153 7700
1717945486465 0.5239 7800
1717945506303 0.59 7900
1717945526019 0.596 8000
1717945558891 0.5438 8100
1717945578099 0.5861 8200
1717945596763 0.5222 8300
1717945615423 0.5579 8400
1717945634077 0.5814 8500
1717945652775 0.5669 8600
1717945671488 0.5586 8700
1717945690159 0.6187 8800
1717945708836 0.5753 8900
1717945727479 0.5363 9000
1717945761889 0.5772 9100
1717945781525 0.5626 9200
1717945801254 0.6046 9300
1717945820652 0.5852 9400
1717945840340 0.563 9500
1717945860097 0.5694 9600
1717945879982 0.522 9700
1717945899838 0.5909 9800
1717945919693 0.5561 9900
1717945939502 0.5552 10000
1717945972423 0.5297 10100
1717945992212 0.6048 10200
1717946012007 0.5415 10300
1717946031722 0.5324 10400
1717946051545 0.5564 10500
1717946071293 0.5408 10600
1717946090982 0.5701 10700
1717946111388 0.5564 10800
1717946131465 0.526 10900
1717946151093 0.555 11000
1717946182724 0.5351 11100
1717946201934 0.5444 11200
1717946221233 0.6066 11300
1717946240538 0.5624 11400
1717946259474 0.4767 11500
1717946278232 0.415 11600
1717946297452 0.4599 11700
1717946316355 0.4002 11800
1717946335046 0.4606 11900
1717946354775 0.4143 12000
1717946389809 0.4259 12100
1717946409837 0.368 12200
1717946429562 0.4161 12300
1717946449356 0.4144 12400
1717946468958 0.4487 12500
1717946488812 0.4536 12600
1717946508542 0.4117 12700
1717946528342 0.403 12800
1717946548178 0.4504 12900
1717946567980 0.3951 13000
1717946600901 0.4169 13100
1717946620704 0.4764 13200
1717946640486 0.3963 13300
1717946659238 0.415 13400
1717946678800 0.4121 13500
1717946698820 0.421 13600
1717946718487 0.4095 13700
1717946738888 0.411 13800
1717946759769 0.429 13900
1717946780682 0.4215 14000
1717946815602 0.4257 14100
1717946836527 0.4039 14200
1717946857631 0.4572 14300
1717946878617 0.406 14400
1717946899625 0.44 14500
1717946920659 0.4294 14600
1717946941691 0.3966 14700
1717946962786 0.4305 14800
1717946983684 0.4109 14900
1717947004689 0.4193 15000
1717947041829 0.46 15100
1717947062739 0.4654 15200
1717947083731 0.4162 15300
1717947104707 0.4552 15400
1717947125743 0.4279 15500
1717947146688 0.4704 15600
1717947167613 0.4482 15700
1717947186566 0.3463 15800
1717947205175 0.4354 15900
1717947223772 0.4244 16000
1717947254810 0.4081 16100
1717947273422 0.4359 16200
1717947292038 0.4041 16300
1717947310629 0.4818 16400
1717947329270 0.3951 16500
1717947349682 0.4321 16600
1717947370630 0.3701 16700
1717947390605 0.4063 16800
1717947410603 0.4146 16900
1717947431540 0.3877 17000
1717947465882 0.4112 17100
