1718222418879 0.02 10
1718222431706 0.03 20
1718222444452 0.05 30
1718222457059 0.06 40
1718222469588 0.08 50
1718222482447 0.1 60
1718222495272 0.11 70
1718222507951 0.13 80
1718222520621 0.14 90
1718222533106 0.16 100
1718222545828 0.18 110
1718222558398 0.19 120
1718222571034 0.21 130
1718222583633 0.22 140
1718222596151 0.24 150
1718222608858 0.26 160
1718222621515 0.27 170
1718222634175 0.29 180
1718222646775 0.3 190
1718222659336 0.32 200
1718222672042 0.34 210
1718222685037 0.35 220
1718222698136 0.37 230
1718222711224 0.38 240
1718222724134 0.4 250
1718222737252 0.42 260
1718222750440 0.43 270
1718222763576 0.45 280
1718222776567 0.46 290
1718222789486 0.48 300
1718222851070 0.48 300
1718222868324 0.5 310
1718222881460 0.51 320
1718222894590 0.53 330
1718222907637 0.54 340
1718222920823 0.56 350
1718222934495 0.58 360
1718222947628 0.59 370
1718222961561 0.61 380
1718222975513 0.62 390
1718222989518 0.64 400
1718223003561 0.66 410
1718223017522 0.67 420
1718223031520 0.69 430
1718223045437 0.7 440
1718223059140 0.72 450
1718223072454 0.74 460
1718223085710 0.75 470
1718223099817 0.77 480
1718223113865 0.78 490
1718223127594 0.8 500
1718223141928 0.82 510
1718223156373 0.83 520
1718223170558 0.85 530
1718223184641 0.86 540
1718223198577 0.88 550
1718223212825 0.9 560
1718223227521 0.91 570
1718223241931 0.93 580
1718223255866 0.94 590
1718223269650 0.96 600
1718223334432 0.96 600
1718223352301 0.98 610
1718223366418 0.99 620
1718223373735 1.0 625
