1718222418879 1.9955862760543823 10
1718222431706 1.0667461156845093 20
1718222444452 4.2148332595825195 30
1718222457059 0.32222291827201843 40
1718222469588 0.5909102559089661 50
1718222482447 1.4573822021484375 60
1718222495272 0.3684751093387604 70
1718222507951 0.7129847407341003 80
1718222520621 1.230848789215088 90
1718222533106 0.4956539273262024 100
1718222545828 1.3075553178787231 110
1718222558398 0.4328543543815613 120
1718222571034 0.48085281252861023 130
1718222583633 0.6357076168060303 140
1718222596151 1.0755014419555664 150
1718222608858 0.20828783512115479 160
1718222621515 0.5848801732063293 170
1718222634175 0.7212924957275391 180
1718222646775 3.657573938369751 190
1718222659336 1.921507477760315 200
1718222672042 0.2516745626926422 210
1718222685037 2.6968371868133545 220
1718222698136 0.14403687417507172 230
1718222711224 0.8029420971870422 240
1718222724134 0.2039463371038437 250
1718222737252 0.6745954155921936 260
1718222750440 0.4557882845401764 270
1718222763576 0.26748910546302795 280
1718222776567 0.22238317131996155 290
1718222789486 0.34845277667045593 300
1718222868324 0.8002448678016663 310
1718222881460 1.294782280921936 320
1718222894590 1.3779747486114502 330
1718222907637 0.4052942097187042 340
1718222920823 2.4699666500091553 350
1718222934495 0.4392014443874359 360
1718222947628 0.15952569246292114 370
1718222961561 0.3492737412452698 380
1718222975513 0.718964695930481 390
1718222989518 0.25683119893074036 400
1718223003561 1.3397990465164185 410
1718223017522 0.5663353800773621 420
1718223031520 0.126529723405838 430
1718223045437 1.3001742362976074 440
1718223059140 0.3557313084602356 450
1718223072454 0.2529827952384949 460
1718223085710 0.6923666000366211 470
1718223099817 0.3304331600666046 480
1718223113865 0.32096362113952637 490
1718223127594 0.22583191096782684 500
1718223141928 0.3564223647117615 510
1718223156373 0.10645973682403564 520
1718223170558 0.48791372776031494 530
1718223184641 0.28771522641181946 540
1718223198577 0.16186894476413727 550
1718223212825 0.42586418986320496 560
1718223227521 0.14434297382831573 570
1718223241931 0.12710034847259521 580
1718223255866 0.6830871105194092 590
1718223269650 0.12226132303476334 600
1718223352301 0.566845178604126 610
1718223366418 0.6201398968696594 620
