1718222418879 9.473684210526316e-05 10
1718222431706 0.0002 20
1718222444452 0.00019986565322860115 30
1718222457059 0.00019946297389550433 40
1718222469588 0.0001987930439740757 50
1718222482447 0.00019785766352275542 60
1718222495272 0.00019665934584841682 70
1718222507951 0.00019520131075327298 80
1718222520621 0.00019348747588347637 90
1718222533106 0.0001915224462026563 100
1718222545828 0.00018931150161867916 110
1718222558398 0.00018686058279687698 120
1718222571034 0.00018417627519786315 130
1718222583633 0.00018126579138282503 140
1718222596151 0.0001781369516338378 150
1718222608858 0.00017479816294127152 160
1718222621515 0.00017125839641475072 170
1718222634175 0.00016752716317836229 180
1718222646775 0.00016361448881487914 190
1718222659336 0.0001595308864276666 200
1718222672042 0.00015528732839265272 210
1718222685037 0.00015089521687626243 220
1718222698136 0.00014636635319853275 230
1718222711224 0.0001417129061237278 240
1718222724134 0.00013694737916365517 250
1718222737252 0.00013208257698153677 260
1718222750440 0.0001271315709867059 270
1718222763576 0.0001221076642125742 280
1718222776567 0.00011702435557223987 290
1718222789486 0.00011189530358778005 300
1718222868324 0.00010673428969068364 310
1718222881460 0.0001015551811920351 320
1718222894590 9.637189402194476e-05 330
1718222907637 9.119835533834331e-05 340
1718222920823 8.604846610560771e-05 350
1718222934495 8.093606374356759e-05 360
1718222947628 7.587488494725157e-05 370
1718222961561 7.087852877727481e-05 380
1718222975513 6.59604201200412e-05 390
1718222989518 6.113377361594049e-05 400
1718223003561 5.6411558152462894e-05 410
1718223017522 5.180646201763577e-05 420
1718223031520 4.733085880741301e-05 430
1718223045437 4.2996774178621736e-05 440
1718223059140 3.8815853536798904e-05 450
1718223072454 3.479933074573858e-05 460
1718223085710 3.0957997942825336e-05 470
1718223099817 2.7302176541257986e-05 480
1718223113865 2.3841689497078746e-05 490
1718223127594 2.058583491552465e-05 500
1718223141928 1.754336106761927e-05 510
1718223156373 1.4722442884133214e-05 520
1718223170558 1.2130659990073146e-05 530
1718223184641 9.774976338718677e-06 540
1718223198577 7.661721499929753e-06 550
1718223212825 5.7965736530010916e-06 560
1718223227521 4.184544329761009e-06 570
1718223241931 2.8299649489090475e-06 580
1718223255866 1.7364751777736332e-06 590
1718223269650 9.070131527609604e-07 600
1718223352301 3.4380758477219333e-07 610
1718223366418 4.837177080119215e-08 620
