1718222418879 1.4188 10
1718222431706 0.2481 20
1718222444452 0.172 30
1718222457059 0.2138 40
1718222469588 0.2224 50
1718222482447 0.4622 60
1718222495272 0.1602 70
1718222507951 0.19 80
1718222520621 0.198 90
1718222533106 0.1481 100
1718222545828 0.1879 110
1718222558398 0.1592 120
1718222571034 0.2024 130
1718222583633 0.1785 140
1718222596151 0.1398 150
1718222608858 0.1801 160
1718222621515 0.1915 170
1718222634175 0.1671 180
1718222646775 0.193 190
1718222659336 0.1638 200
1718222672042 0.1465 210
1718222685037 0.1555 220
1718222698136 0.1297 230
1718222711224 0.172 240
1718222724134 0.2265 250
1718222737252 0.1404 260
1718222750440 0.1264 270
1718222763576 0.1579 280
1718222776567 0.115 290
1718222789486 0.1124 300
1718222868324 0.1339 310
1718222881460 0.1185 320
1718222894590 0.1324 330
1718222907637 0.1186 340
1718222920823 0.1746 350
1718222934495 0.1335 360
1718222947628 0.1148 370
1718222961561 0.1214 380
1718222975513 0.1553 390
1718222989518 0.1205 400
1718223003561 0.1598 410
1718223017522 0.1599 420
1718223031520 0.1186 430
1718223045437 0.1055 440
1718223059140 0.1137 450
1718223072454 0.0928 460
1718223085710 0.0996 470
1718223099817 0.1743 480
1718223113865 0.1186 490
1718223127594 0.0938 500
1718223141928 0.1199 510
1718223156373 0.1226 520
1718223170558 0.1146 530
1718223184641 0.1151 540
1718223198577 0.115 550
1718223212825 0.131 560
1718223227521 0.1023 570
1718223241931 0.094 580
1718223255866 0.0883 590
1718223269650 0.1 600
1718223352301 0.1065 610
1718223366418 0.0942 620
