1718416416308 0.0 0
1718416426328 6.3 1
1718416436352 5.2 2
1718416446380 5.1 3
1718416456404 5.1 4
1718416466428 5.1 5
1718416476449 5.1 6
1718416486476 5.2 7
1718416496495 5.0 8
1718416506521 5.1 9
1718416516547 5.2 10
1718416526626 5.1 11
1718416536653 5.0 12
1718416546680 5.1 13
1718416556703 5.3 14
1718416566721 5.1 15
1718416576749 5.1 16
1718416586822 5.1 17
1718416596841 5.0 18
1718416606920 5.0 19
1718416616942 5.0 20
1718416626966 5.0 21
1718416636991 5.1 22
1718416647022 5.0 23
1718416657052 5.1 24
1718416667080 5.1 25
1718416677107 5.2 26
1718416687137 5.0 27
1718416697165 5.2 28
1718416707210 4.9 29
1718416717231 5.1 30
1718416727254 5.0 31
1718416737325 5.2 32
1718416747397 5.0 33
1718416757427 5.1 34
1718416767455 5.1 35
1718416777485 5.2 36
1718416787514 5.0 37
1718416797537 5.1 38
1718416807557 5.2 39
1718416817629 5.3 40
1718416827655 5.0 41
1718416837683 5.1 42
1718416847708 5.0 43
1718416857735 5.1 44
1718416867763 5.0 45
1718416877793 5.3 46
1718416887820 5.0 47
1718416897845 5.1 48
1718416907867 4.8 49
1718416917895 5.0 50
1718416927918 5.0 51
1718416937945 5.1 52
1718416947973 5.0 53
1718416957997 5.0 54
1718416968029 5.2 55
1718416978061 5.1 56
1718416988093 5.2 57
1718416998123 4.9 58
1718417008155 5.1 59
1718417018183 4.9 60
1718417028211 5.1 61
1718417038243 5.0 62
1718417048273 5.5 63
1718417058301 5.5 64
1718417068332 5.4 65
1718417078355 5.5 66
1718417088377 5.3 67
1718417098405 5.4 68
1718417108432 5.4 69
1718417118452 5.6 70
1718417128481 5.5 71
1718417138508 5.3 72
1718417148529 8.1 73
1718417158565 9.2 74
1718417168595 9.4 75
1718417178618 9.4 76
1718417188641 9.2 77
1718417198669 9.2 78
1718417208691 9.3 79
1718417218719 9.3 80
1718417228750 6.2 81
1718417238774 5.1 82
1718417248805 5.1 83
1718417258827 5.1 84
1718417268854 5.1 85
1718417278884 5.1 86
1718417288907 5.1 87
1718417298933 4.9 88
1718417308953 5.0 89
1718417318978 5.0 90
1718417329002 4.9 91
1718417339031 5.3 92
1718417349063 5.1 93
1718417359095 5.1 94
1718417369120 5.1 95
1718417379158 5.2 96
1718417389178 5.1 97
1718417399201 5.1 98
1718417409225 5.2 99
1718417419249 5.2 100
1718417429273 5.0 101
1718417439303 5.2 102
1718417449328 5.0 103
1718417459352 5.1 104
1718417469377 5.1 105
1718417479405 5.2 106
1718417489469 5.0 107
1718417499503 5.1 108
1718417509534 4.8 109
1718417519567 5.1 110
1718417529598 4.9 111
1718417539662 5.1 112
1718417549741 5.0 113
1718417559830 5.1 114
1718417569910 5.1 115
1718417579980 5.2 116
1718417590060 5.0 117
1718417600132 5.1 118
1718417610208 5.0 119
1718417620293 5.0 120
1718417630332 5.0 121
1718417640404 5.2 122
1718417650454 5.0 123
1718417660477 5.2 124
1718417670507 5.1 125
1718417680584 5.2 126
1718417690616 5.0 127
1718417700693 5.1 128
1718417710718 5.1 129
1718417720748 5.3 130
1718417730828 4.9 131
1718417740896 4.9 132
1718417750921 5.2 133
1718417760990 5.1 134
1718417771071 5.6 135
1718417781151 5.4 136
1718417791231 5.4 137
1718417801303 5.3 138
1718417811329 5.3 139
1718417821407 5.3 140
1718417831482 5.4 141
1718417841562 5.3 142
1718417852507 5.4 143
1718417862531 5.7 144
1718417872556 9.2 145
1718417882592 9.2 146
1718417892617 9.1 147
1718417902641 9.3 148
