1718416416308 67.7 0
1718416426328 67.7 1
1718416436352 67.7 2
1718416446380 67.7 3
1718416456404 67.7 4
1718416466428 67.7 5
1718416476449 67.7 6
1718416486476 67.7 7
1718416496495 67.7 8
1718416506521 67.7 9
1718416516547 67.7 10
1718416526626 67.7 11
1718416536653 67.7 12
1718416546680 67.7 13
1718416556703 67.7 14
1718416566721 67.7 15
1718416576749 67.7 16
1718416586822 67.7 17
1718416596841 67.7 18
1718416606920 67.7 19
1718416616942 67.7 20
1718416626966 67.7 21
1718416636991 67.7 22
1718416647022 67.7 23
1718416657052 67.7 24
1718416667080 67.7 25
1718416677107 67.7 26
1718416687137 67.7 27
1718416697165 67.7 28
1718416707210 67.7 29
1718416717231 67.7 30
1718416727254 67.7 31
1718416737325 67.7 32
1718416747397 67.7 33
1718416757427 67.7 34
1718416767455 67.7 35
1718416777485 67.7 36
1718416787514 67.7 37
1718416797537 67.7 38
1718416807557 67.7 39
1718416817629 67.7 40
1718416827655 67.7 41
1718416837683 67.7 42
1718416847708 67.7 43
1718416857735 67.7 44
1718416867763 67.7 45
1718416877793 67.7 46
1718416887820 67.7 47
1718416897845 67.7 48
1718416907867 67.7 49
1718416917895 67.7 50
1718416927918 67.7 51
1718416937945 67.7 52
1718416947973 67.7 53
1718416957997 67.7 54
1718416968029 67.7 55
1718416978061 67.7 56
1718416988093 67.7 57
1718416998123 67.7 58
1718417008155 67.7 59
1718417018183 67.7 60
1718417028211 67.7 61
1718417038243 67.7 62
1718417048273 67.7 63
1718417058301 67.7 64
1718417068332 67.7 65
1718417078355 67.7 66
1718417088377 67.7 67
1718417098405 67.7 68
1718417108432 67.7 69
1718417118452 67.7 70
1718417128481 67.7 71
1718417138508 67.7 72
1718417148529 67.9 73
1718417158565 67.9 74
1718417168595 67.9 75
1718417178618 67.9 76
1718417188641 67.9 77
1718417198669 67.9 78
1718417208691 67.9 79
1718417218719 67.9 80
1718417228750 67.9 81
1718417238774 67.9 82
1718417248805 67.9 83
1718417258827 67.9 84
1718417268854 67.9 85
1718417278884 67.9 86
1718417288907 67.9 87
1718417298933 67.9 88
1718417308953 67.9 89
1718417318978 67.9 90
1718417329002 67.9 91
1718417339031 67.9 92
1718417349063 67.9 93
1718417359095 67.9 94
1718417369120 67.9 95
1718417379158 67.9 96
1718417389178 67.9 97
1718417399201 67.9 98
1718417409225 67.9 99
1718417419249 67.9 100
1718417429273 67.9 101
1718417439303 67.9 102
1718417449328 67.9 103
1718417459352 67.9 104
1718417469377 67.9 105
1718417479405 67.9 106
1718417489469 67.9 107
1718417499503 67.9 108
1718417509534 67.9 109
1718417519567 67.9 110
1718417529598 67.9 111
1718417539662 67.9 112
1718417549741 67.9 113
1718417559830 67.9 114
1718417569910 67.9 115
1718417579980 67.9 116
1718417590060 67.9 117
1718417600132 67.9 118
1718417610208 67.9 119
1718417620293 67.9 120
1718417630332 67.9 121
1718417640404 67.9 122
1718417650454 67.9 123
1718417660477 67.9 124
1718417670507 67.9 125
1718417680584 67.9 126
1718417690616 67.9 127
1718417700693 67.9 128
1718417710718 67.9 129
1718417720748 67.9 130
1718417730828 67.9 131
1718417740896 67.9 132
1718417750921 67.9 133
1718417760990 67.9 134
1718417771071 67.9 135
1718417781151 67.9 136
1718417791231 67.9 137
1718417801303 67.9 138
1718417811329 67.9 139
1718417821407 67.9 140
1718417831482 67.9 141
1718417841562 67.9 142
1718417852507 67.9 143
1718417862531 68.1 144
1718417872556 68.1 145
1718417882592 68.1 146
1718417892617 68.1 147
1718417902641 68.1 148
