1718416416308 631188.8 0
1718416426328 631189.8 1
1718416436352 631189.9 2
1718416446380 631190.0 3
1718416456404 631190.0 4
1718416466428 631190.0 5
1718416476449 631190.0 6
1718416486476 631190.0 7
1718416496495 631190.0 8
1718416506521 631190.0 9
1718416516547 631190.0 10
1718416526626 631190.0 11
1718416536653 631190.0 12
1718416546680 631190.0 13
1718416556703 631190.0 14
1718416566721 631190.0 15
1718416576749 631190.0 16
1718416586822 631190.0 17
1718416596841 631190.0 18
1718416606920 631190.0 19
1718416616942 631190.0 20
1718416626966 631190.0 21
1718416636991 631190.0 22
1718416647022 631190.0 23
1718416657052 631190.0 24
1718416667080 631190.0 25
1718416677107 631190.0 26
1718416687137 631190.0 27
1718416697165 631190.0 28
1718416707210 631190.0 29
1718416717231 631190.0 30
1718416727254 631190.0 31
1718416737325 631190.0 32
1718416747397 631190.0 33
1718416757427 631190.0 34
1718416767455 631190.0 35
1718416777485 631190.0 36
1718416787514 631190.0 37
1718416797537 631190.0 38
1718416807557 631190.0 39
1718416817629 631190.0 40
1718416827655 631190.0 41
1718416837683 631190.0 42
1718416847708 631190.0 43
1718416857735 631190.0 44
1718416867763 631190.0 45
1718416877793 631190.0 46
1718416887820 631190.0 47
1718416897845 631190.0 48
1718416907867 631190.0 49
1718416917895 631190.0 50
1718416927918 631190.0 51
1718416937945 631190.0 52
1718416947973 631190.0 53
1718416957997 631190.0 54
1718416968029 631190.0 55
1718416978061 631190.0 56
1718416988093 631190.0 57
1718416998123 631190.0 58
1718417008155 631190.0 59
1718417018183 631190.0 60
1718417028211 631190.0 61
1718417038243 631190.0 62
1718417048273 631190.0 63
1718417058301 631190.0 64
1718417068332 631190.0 65
1718417078355 631190.0 66
1718417088377 631190.0 67
1718417098405 631190.0 68
1718417108432 631190.0 69
1718417118452 631190.0 70
1718417128481 631190.0 71
1718417138508 631190.0 72
1718417148529 633207.2 73
1718417158565 633207.2 74
1718417168595 633207.2 75
1718417178618 633207.2 76
1718417188641 633207.2 77
1718417198669 633207.2 78
1718417208691 633207.2 79
1718417218719 633207.2 80
1718417228750 633207.2 81
1718417238774 633207.2 82
1718417248805 633207.2 83
1718417258827 633207.2 84
1718417268854 633207.2 85
1718417278884 633207.2 86
1718417288907 633207.2 87
1718417298933 633207.2 88
1718417308953 633207.2 89
1718417318978 633207.3 90
1718417329002 633207.3 91
1718417339031 633207.3 92
1718417349063 633207.3 93
1718417359095 633207.3 94
1718417369120 633207.3 95
1718417379158 633207.3 96
1718417389178 633207.3 97
1718417399201 633207.3 98
1718417409225 633207.3 99
1718417419249 633207.3 100
1718417429273 633207.3 101
1718417439303 633207.3 102
1718417449328 633207.3 103
1718417459352 633207.3 104
1718417469377 633207.3 105
1718417479405 633207.3 106
1718417489469 633207.3 107
1718417499503 633207.3 108
1718417509534 633207.3 109
1718417519567 633207.3 110
1718417529598 633207.3 111
1718417539662 633207.3 112
1718417549741 633207.3 113
1718417559830 633208.9 114
1718417569910 633208.9 115
1718417579980 633209.1 116
1718417590060 633209.1 117
1718417600132 633209.1 118
1718417610208 633209.1 119
1718417620293 633209.1 120
1718417630332 633209.1 121
1718417640404 633209.1 122
1718417650454 633209.1 123
1718417660477 633209.1 124
1718417670507 633209.1 125
1718417680584 633209.1 126
1718417690616 633209.1 127
1718417700693 633209.1 128
1718417710718 633209.1 129
1718417720748 633209.1 130
1718417730828 633209.1 131
1718417740896 633209.1 132
1718417750921 633209.1 133
1718417760990 633209.1 134
1718417771071 633209.1 135
1718417781151 633209.1 136
1718417791231 633209.1 137
1718417801303 633209.1 138
1718417811329 633209.1 139
1718417821407 633209.1 140
1718417831482 633209.1 141
1718417841562 633209.1 142
1718417852507 633209.1 143
1718417862531 635226.3 144
1718417872556 635226.3 145
1718417882592 635226.3 146
1718417892617 635226.3 147
1718417902641 635226.3 148
