1718416416308 301632.0 0
1718416426328 301631.0 1
1718416436352 301630.9 2
1718416446380 301630.8 3
1718416456404 301630.8 4
1718416466428 301630.8 5
1718416476449 301630.8 6
1718416486476 301630.8 7
1718416496495 301630.8 8
1718416506521 301630.8 9
1718416516547 301630.8 10
1718416526626 301630.8 11
1718416536653 301630.8 12
1718416546680 301630.8 13
1718416556703 301630.8 14
1718416566721 301630.8 15
1718416576749 301630.8 16
1718416586822 301630.8 17
1718416596841 301630.8 18
1718416606920 301630.8 19
1718416616942 301630.8 20
1718416626966 301630.8 21
1718416636991 301630.8 22
1718416647022 301630.8 23
1718416657052 301630.8 24
1718416667080 301630.8 25
1718416677107 301630.8 26
1718416687137 301630.8 27
1718416697165 301630.8 28
1718416707210 301630.8 29
1718416717231 301630.8 30
1718416727254 301630.8 31
1718416737325 301630.8 32
1718416747397 301630.8 33
1718416757427 301630.8 34
1718416767455 301630.8 35
1718416777485 301630.8 36
1718416787514 301630.8 37
1718416797537 301630.8 38
1718416807557 301630.8 39
1718416817629 301630.8 40
1718416827655 301630.8 41
1718416837683 301630.8 42
1718416847708 301630.8 43
1718416857735 301630.8 44
1718416867763 301630.8 45
1718416877793 301630.8 46
1718416887820 301630.8 47
1718416897845 301630.8 48
1718416907867 301630.8 49
1718416917895 301630.8 50
1718416927918 301630.8 51
1718416937945 301630.8 52
1718416947973 301630.8 53
1718416957997 301630.8 54
1718416968029 301630.8 55
1718416978061 301630.8 56
1718416988093 301630.8 57
1718416998123 301630.8 58
1718417008155 301630.8 59
1718417018183 301630.8 60
1718417028211 301630.8 61
1718417038243 301630.8 62
1718417048273 301630.8 63
1718417058301 301630.8 64
1718417068332 301630.8 65
1718417078355 301630.8 66
1718417088377 301630.8 67
1718417098405 301630.8 68
1718417108432 301630.8 69
1718417118452 301630.8 70
1718417128481 301630.8 71
1718417138508 301630.8 72
1718417148529 299613.6 73
1718417158565 299613.6 74
1718417168595 299613.6 75
1718417178618 299613.6 76
1718417188641 299613.6 77
1718417198669 299613.6 78
1718417208691 299613.6 79
1718417218719 299613.6 80
1718417228750 299613.6 81
1718417238774 299613.6 82
1718417248805 299613.6 83
1718417258827 299613.6 84
1718417268854 299613.6 85
1718417278884 299613.6 86
1718417288907 299613.6 87
1718417298933 299613.6 88
1718417308953 299613.6 89
1718417318978 299613.6 90
1718417329002 299613.6 91
1718417339031 299613.6 92
1718417349063 299613.6 93
1718417359095 299613.6 94
1718417369120 299613.6 95
1718417379158 299613.6 96
1718417389178 299613.6 97
1718417399201 299613.6 98
1718417409225 299613.6 99
1718417419249 299613.6 100
1718417429273 299613.6 101
1718417439303 299613.6 102
1718417449328 299613.6 103
1718417459352 299613.6 104
1718417469377 299613.6 105
1718417479405 299613.6 106
1718417489469 299613.6 107
1718417499503 299613.6 108
1718417509534 299613.6 109
1718417519567 299613.6 110
1718417529598 299613.5 111
1718417539662 299613.5 112
1718417549741 299613.5 113
1718417559830 299611.9 114
1718417569910 299611.9 115
1718417579980 299611.7 116
1718417590060 299611.7 117
1718417600132 299611.7 118
1718417610208 299611.7 119
1718417620293 299611.7 120
1718417630332 299611.7 121
1718417640404 299611.7 122
1718417650454 299611.7 123
1718417660477 299611.7 124
1718417670507 299611.7 125
1718417680584 299611.7 126
1718417690616 299611.7 127
1718417700693 299611.7 128
1718417710718 299611.7 129
1718417720748 299611.7 130
1718417730828 299611.7 131
1718417740896 299611.7 132
1718417750921 299611.7 133
1718417760990 299611.7 134
1718417771071 299611.7 135
1718417781151 299611.7 136
1718417791231 299611.7 137
1718417801303 299611.7 138
1718417811329 299611.7 139
1718417821407 299611.7 140
1718417831482 299611.7 141
1718417841562 299611.7 142
1718417852507 299611.7 143
1718417862531 297594.5 144
1718417872556 297594.5 145
1718417882592 297594.5 146
1718417892617 297594.5 147
1718417902641 297594.5 148
