1718416416308 0.0 0
1718416426328 87.0 1
1718416436352 87.0 2
1718416446380 90.0 3
1718416456404 95.0 4
1718416466428 86.0 5
1718416476449 87.0 6
1718416486476 87.0 7
1718416496495 93.0 8
1718416506521 85.0 9
1718416516547 94.0 10
1718416526626 93.0 11
1718416536653 86.0 12
1718416546680 87.0 13
1718416556703 94.0 14
1718416566721 86.0 15
1718416576749 89.0 16
1718416586822 95.0 17
1718416596841 87.0 18
1718416606920 87.0 19
1718416616942 93.0 20
1718416626966 87.0 21
1718416636991 95.0 22
1718416647022 87.0 23
1718416657052 87.0 24
1718416667080 94.0 25
1718416677107 72.0 26
1718416687137 93.0 27
1718416697165 92.0 28
1718416707210 95.0 29
1718416717231 86.0 30
1718416727254 95.0 31
1718416737325 94.0 32
1718416747397 95.0 33
1718416757427 72.0 34
1718416767455 73.0 35
1718416777485 94.0 36
1718416787514 94.0 37
1718416797537 87.0 38
1718416807557 93.0 39
1718416817629 93.0 40
1718416827655 87.0 41
1718416837683 94.0 42
1718416847708 92.0 43
1718416857735 87.0 44
1718416867763 88.0 45
1718416877793 94.0 46
1718416887820 88.0 47
1718416897845 92.0 48
1718416907867 94.0 49
1718416917895 72.0 50
1718416927918 94.0 51
1718416937945 92.0 52
1718416947973 87.0 53
1718416957997 94.0 54
1718416968029 88.0 55
1718416978061 94.0 56
1718416988093 88.0 57
1718416998123 88.0 58
1718417008155 93.0 59
1718417018183 73.0 60
1718417028211 94.0 61
1718417038243 86.0 62
1718417048273 92.0 63
1718417058301 93.0 64
1718417068332 92.0 65
1718417078355 93.0 66
1718417088377 92.0 67
1718417098405 92.0 68
1718417108432 92.0 69
1718417118452 92.0 70
1718417128481 92.0 71
1718417138508 93.0 72
1718417148529 87.0 73
1718417158565 84.0 74
1718417168595 94.0 75
1718417178618 90.0 76
1718417188641 86.0 77
1718417198669 87.0 78
1718417208691 85.0 79
1718417218719 94.0 80
1718417228750 70.0 81
1718417238774 94.0 82
1718417248805 87.0 83
1718417258827 94.0 84
1718417268854 87.0 85
1718417278884 93.0 86
1718417288907 94.0 87
1718417298933 88.0 88
1718417308953 94.0 89
1718417318978 86.0 90
1718417329002 94.0 91
1718417339031 94.0 92
1718417349063 87.0 93
1718417359095 93.0 94
1718417369120 94.0 95
1718417379158 72.0 96
1718417389178 82.0 97
1718417399201 90.0 98
1718417409225 94.0 99
1718417419249 88.0 100
1718417429273 92.0 101
1718417439303 94.0 102
1718417449328 91.0 103
1718417459352 74.0 104
1718417469377 93.0 105
1718417479405 88.0 106
1718417489469 91.0 107
1718417499503 94.0 108
1718417509534 87.0 109
1718417519567 88.0 110
1718417529598 94.0 111
1718417539662 73.0 112
1718417549741 94.0 113
1718417559830 83.0 114
1718417569910 94.0 115
1718417579980 88.0 116
1718417590060 94.0 117
1718417600132 87.0 118
1718417610208 94.0 119
1718417620293 86.0 120
1718417630332 85.0 121
1718417640404 93.0 122
1718417650454 78.0 123
1718417660477 94.0 124
1718417670507 87.0 125
1718417680584 92.0 126
1718417690616 94.0 127
1718417700693 86.0 128
1718417710718 95.0 129
1718417720748 68.0 130
1718417730828 94.0 131
1718417740896 92.0 132
1718417750921 87.0 133
1718417760990 89.0 134
1718417771071 92.0 135
1718417781151 92.0 136
1718417791231 93.0 137
1718417801303 92.0 138
1718417811329 93.0 139
1718417821407 93.0 140
1718417831482 92.0 141
1718417841562 93.0 142
1718417852507 93.0 143
1718417862531 4.0 144
1718417872556 94.0 145
1718417882592 86.0 146
1718417892617 93.0 147
1718417902641 87.0 148
