1718416416308 7711.0 0
1718416426328 10771.1 1
1718416436352 11576.4 2
1718416446380 11581.3 3
1718416456404 11576.4 4
1718416466428 11581.0 5
1718416476449 11576.4 6
1718416486476 11580.3 7
1718416496495 11576.4 8
1718416506521 11582.0 9
1718416516547 11576.4 10
1718416526626 11605.4 11
1718416536653 11603.7 12
1718416546680 11603.7 13
1718416556703 11603.7 14
1718416566721 11603.7 15
1718416576749 11603.7 16
1718416586822 11603.7 17
1718416596841 11603.7 18
1718416606920 11603.7 19
1718416616942 11603.7 20
1718416626966 11603.7 21
1718416636991 11605.8 22
1718416647022 11605.8 23
1718416657052 11605.8 24
1718416667080 11605.8 25
1718416677107 11605.8 26
1718416687137 11605.8 27
1718416697165 11605.8 28
1718416707210 11605.8 29
1718416717231 11608.9 30
1718416727254 11605.8 31
1718416737325 11610.4 32
1718416747397 11605.8 33
1718416757427 11609.6 34
1718416767455 11605.8 35
1718416777485 11609.6 36
1718416787514 11605.8 37
1718416797537 11610.4 38
1718416807557 11605.8 39
1718416817629 11609.6 40
1718416827655 11605.8 41
1718416837683 11610.4 42
1718416847708 11605.8 43
1718416857735 11609.6 44
1718416867763 11605.8 45
1718416877793 11610.4 46
1718416887820 11605.8 47
1718416897845 11609.6 48
1718416907867 11605.8 49
1718416917895 11609.6 50
1718416927918 11605.8 51
1718416937945 11609.6 52
1718416947973 11605.8 53
1718416957997 11605.8 54
1718416968029 11605.8 55
1718416978061 11605.8 56
1718416988093 11605.8 57
1718416998123 11605.8 58
1718417008155 11605.8 59
1718417018183 11605.8 60
1718417028211 11605.8 61
1718417038243 11605.8 62
1718417048273 11605.8 63
1718417058301 11605.8 64
1718417068332 11605.8 65
1718417078355 11605.8 66
1718417088377 11605.8 67
1718417098405 11605.8 68
1718417108432 11605.8 69
1718417118452 11601.6 70
1718417128481 11601.6 71
1718417138508 11601.6 72
1718417148529 11605.8 73
1718417158565 11605.8 74
1718417168595 11610.4 75
1718417178618 11605.8 76
1718417188641 11610.4 77
1718417198669 11605.8 78
1718417208691 11609.6 79
1718417218719 11605.8 80
1718417228750 11610.4 81
1718417238774 11605.8 82
1718417248805 11609.6 83
1718417258827 11605.8 84
1718417268854 11610.6 85
1718417278884 11605.8 86
1718417288907 11610.4 87
1718417298933 11605.8 88
1718417308953 11609.6 89
1718417318978 11605.8 90
1718417329002 11605.8 91
1718417339031 11605.8 92
1718417349063 11605.8 93
1718417359095 11605.8 94
1718417369120 11605.8 95
1718417379158 11605.8 96
1718417389178 11605.8 97
1718417399201 11605.8 98
1718417409225 11605.8 99
1718417419249 11605.8 100
1718417429273 11605.8 101
1718417439303 11605.8 102
1718417449328 11605.8 103
1718417459352 11605.8 104
1718417469377 11605.8 105
1718417479405 11608.9 106
1718417489469 11605.8 107
1718417499503 11608.9 108
1718417509534 11605.8 109
1718417519567 11609.6 110
1718417529598 11605.8 111
1718417539662 11610.4 112
1718417549741 11605.8 113
1718417559830 11610.4 114
1718417569910 11605.8 115
1718417579980 11610.4 116
1718417590060 11605.8 117
1718417600132 11609.6 118
1718417610208 11605.8 119
1718417620293 11610.4 120
1718417630332 11605.8 121
1718417640404 11609.6 122
1718417650454 11605.8 123
1718417660477 11610.4 124
1718417670507 11605.8 125
1718417680584 11611.3 126
1718417690616 11605.8 127
1718417700693 11609.6 128
1718417710718 11605.8 129
1718417720748 11609.6 130
1718417730828 11605.8 131
1718417740896 11605.8 132
1718417750921 11605.8 133
1718417760990 11605.8 134
1718417771071 11605.8 135
1718417781151 11605.8 136
1718417791231 11605.8 137
1718417801303 11605.8 138
1718417811329 11605.8 139
1718417821407 11605.8 140
1718417831482 11605.8 141
1718417841562 11605.8 142
1718417852507 11605.8 143
1718417862531 11610.4 144
1718417872556 11605.8 145
1718417882592 11605.8 146
1718417892617 11605.8 147
1718417902641 11605.8 148
