1718416416308 59.8 0
1718416426328 83.6 1
1718416436352 89.8 2
1718416446380 89.9 3
1718416456404 89.8 4
1718416466428 89.9 5
1718416476449 89.8 6
1718416486476 89.9 7
1718416496495 89.8 8
1718416506521 89.9 9
1718416516547 89.8 10
1718416526626 90.1 11
1718416536653 90.1 12
1718416546680 90.1 13
1718416556703 90.1 14
1718416566721 90.1 15
1718416576749 90.1 16
1718416586822 90.1 17
1718416596841 90.1 18
1718416606920 90.1 19
1718416616942 90.1 20
1718416626966 90.1 21
1718416636991 90.1 22
1718416647022 90.1 23
1718416657052 90.1 24
1718416667080 90.1 25
1718416677107 90.1 26
1718416687137 90.1 27
1718416697165 90.1 28
1718416707210 90.1 29
1718416717231 90.1 30
1718416727254 90.1 31
1718416737325 90.1 32
1718416747397 90.1 33
1718416757427 90.1 34
1718416767455 90.1 35
1718416777485 90.1 36
1718416787514 90.1 37
1718416797537 90.1 38
1718416807557 90.1 39
1718416817629 90.1 40
1718416827655 90.1 41
1718416837683 90.1 42
1718416847708 90.1 43
1718416857735 90.1 44
1718416867763 90.1 45
1718416877793 90.1 46
1718416887820 90.1 47
1718416897845 90.1 48
1718416907867 90.1 49
1718416917895 90.1 50
1718416927918 90.1 51
1718416937945 90.1 52
1718416947973 90.1 53
1718416957997 90.1 54
1718416968029 90.1 55
1718416978061 90.1 56
1718416988093 90.1 57
1718416998123 90.1 58
1718417008155 90.1 59
1718417018183 90.1 60
1718417028211 90.1 61
1718417038243 90.1 62
1718417048273 90.1 63
1718417058301 90.1 64
1718417068332 90.1 65
1718417078355 90.1 66
1718417088377 90.1 67
1718417098405 90.1 68
1718417108432 90.1 69
1718417118452 90.0 70
1718417128481 90.0 71
1718417138508 90.0 72
1718417148529 90.1 73
1718417158565 90.1 74
1718417168595 90.1 75
1718417178618 90.1 76
1718417188641 90.1 77
1718417198669 90.1 78
1718417208691 90.1 79
1718417218719 90.1 80
1718417228750 90.1 81
1718417238774 90.1 82
1718417248805 90.1 83
1718417258827 90.1 84
1718417268854 90.1 85
1718417278884 90.1 86
1718417288907 90.1 87
1718417298933 90.1 88
1718417308953 90.1 89
1718417318978 90.1 90
1718417329002 90.1 91
1718417339031 90.1 92
1718417349063 90.1 93
1718417359095 90.1 94
1718417369120 90.1 95
1718417379158 90.1 96
1718417389178 90.1 97
1718417399201 90.1 98
1718417409225 90.1 99
1718417419249 90.1 100
1718417429273 90.1 101
1718417439303 90.1 102
1718417449328 90.1 103
1718417459352 90.1 104
1718417469377 90.1 105
1718417479405 90.1 106
1718417489469 90.1 107
1718417499503 90.1 108
1718417509534 90.1 109
1718417519567 90.1 110
1718417529598 90.1 111
1718417539662 90.1 112
1718417549741 90.1 113
1718417559830 90.1 114
1718417569910 90.1 115
1718417579980 90.1 116
1718417590060 90.1 117
1718417600132 90.1 118
1718417610208 90.1 119
1718417620293 90.1 120
1718417630332 90.1 121
1718417640404 90.1 122
1718417650454 90.1 123
1718417660477 90.1 124
1718417670507 90.1 125
1718417680584 90.1 126
1718417690616 90.1 127
1718417700693 90.1 128
1718417710718 90.1 129
1718417720748 90.1 130
1718417730828 90.1 131
1718417740896 90.1 132
1718417750921 90.1 133
1718417760990 90.1 134
1718417771071 90.1 135
1718417781151 90.1 136
1718417791231 90.1 137
1718417801303 90.1 138
1718417811329 90.1 139
1718417821407 90.1 140
1718417831482 90.1 141
1718417841562 90.1 142
1718417852507 90.1 143
1718417862531 90.1 144
1718417872556 90.1 145
1718417882592 90.1 146
1718417892617 90.1 147
1718417902641 90.1 148
