1718416416308 0.0 0
1718416426328 0.0 1
1718416436352 0.004184000000009291 2
1718416446380 0.004184000000009291 3
1718416456404 0.004283999999984189 4
1718416466428 0.004283999999984189 5
1718416476449 0.004343999999946391 6
1718416486476 0.004459999999994579 7
1718416496495 0.009512999999969907 8
1718416506521 0.02825099999995473 9
1718416516547 0.028754999999932807 10
1718416526626 0.028754999999932807 11
1718416536653 0.028754999999932807 12
1718416546680 0.028754999999932807 13
1718416556703 0.03313100000002578 14
1718416566721 0.03313100000002578 15
1718416576749 0.03313100000002578 16
1718416586822 0.03323100000000068 17
1718416596841 0.03336300000000847 18
1718416606920 0.03336300000000847 19
1718416616942 0.03754700000001776 20
1718416626966 0.03754700000001776 21
1718416636991 0.03789499999993495 22
1718416647022 0.03795500000001084 23
1718416657052 0.03811099999995804 24
1718416667080 0.03811099999995804 25
1718416677107 0.04229499999996733 26
1718416687137 0.04229499999996733 27
1718416697165 0.04229499999996733 28
1718416707210 0.043663000000037755 29
1718416717231 0.043663000000037755 30
1718416727254 0.043663000000037755 31
1718416737325 0.04784699999993336 32
1718416747397 0.04784699999993336 33
1718416757427 0.04784699999993336 34
1718416767455 0.04784699999993336 35
1718416777485 0.04790700000000925 36
1718416787514 0.04813899999999194 37
1718416797537 0.05307200000004286 38
1718416807557 0.11807899999996607 39
1718416817629 0.14707899999996243 40
1718416827655 0.14707899999996243 41
1718416837683 0.14728999999999814 42
1718416847708 0.14728999999999814 43
1718416857735 0.15166599999997743 44
1718416867763 0.15175599999997758 45
1718416877793 0.15175599999997758 46
1718416887820 0.15175599999997758 47
1718416897845 0.160054999999943 48
1718416907867 0.160054999999943 49
1718416917895 0.16423899999995228 50
1718416927918 0.16423899999995228 51
1718416937945 0.16436499999997523 52
1718416947973 0.16442499999993743 53
1718416957997 0.164525000000026 54
1718416968029 0.164525000000026 55
1718416978061 0.1687090000000353 56
1718416988093 0.1687689999999975 57
1718416998123 0.1687689999999975 58
1718417008155 0.16979700000001685 59
1718417018183 0.16979700000001685 60
1718417028211 0.16979700000001685 61
1718417038243 0.17404099999998834 62
1718417048273 0.17404099999998834 63
1718417058301 0.17404099999998834 64
1718417068332 0.17404099999998834 65
1718417078355 0.17410099999995055 66
1718417088377 0.17443300000002182 67
1718417098405 0.17936999999994896 68
1718417108432 0.1979310000000396 69
1718417118452 0.1979310000000396 70
1718417128481 0.1979310000000396 71
1718417138508 0.1979310000000396 72
1718417148529 0.2070730000000367 73
1718417158565 0.2113889999999401 74
1718417168595 0.2113889999999401 75
1718417178618 0.2113889999999401 76
1718417188641 0.21189300000003186 77
1718417198669 0.21202500000003965 78
1718417208691 0.21208500000000186 79
1718417218719 0.21636899999998604 80
1718417228750 0.21642899999994825 81
1718417238774 0.21649500000000899 82
1718417248805 0.21649500000000899 83
1718417258827 0.21649500000000899 84
1718417268854 0.21649500000000899 85
1718417278884 0.22067900000001828 86
1718417288907 0.22073899999998048 87
1718417298933 0.22073899999998048 88
1718417308953 0.22176699999999983 89
1718417318978 0.22176699999999983 90
1718417329002 0.22176699999999983 91
1718417339031 0.22605099999998401 92
1718417349063 0.22605099999998401 93
1718417359095 0.22605099999998401 94
1718417369120 0.22605099999998401 95
1718417379158 0.2262670000000071 96
1718417389178 0.2264989999999898 97
1718417399201 0.23149200000000292 98
1718417409225 0.25016900000002806 99
1718417419249 0.25016900000002806 100
1718417429273 0.25080100000002403 101
1718417439303 0.25086099999998623 102
1718417449328 0.2509269999999333 103
1718417459352 0.2551770000000033 104
1718417469377 0.2552769999999782 105
1718417479405 0.2552769999999782 106
1718417489469 0.2552769999999782 107
1718417499503 0.2554689999999482 108
1718417509534 0.2554689999999482 109
1718417519567 0.2596529999999575 110
1718417529598 0.2597130000000334 111
1718417539662 0.25983899999994264 112
1718417549741 0.25983899999994264 113
1718417559830 0.25983899999994264 114
1718417569910 0.25983899999994264 115
1718417579980 0.26402299999995194 116
1718417590060 0.2641830000000027 117
1718417600132 0.2641830000000027 118
1718417610208 0.26551099999994676 119
1718417620293 0.26551099999994676 120
1718417630332 0.26756699999998546 121
1718417640404 0.26969499999995605 122
1718417650454 0.26969499999995605 123
1718417660477 0.26969499999995605 124
1718417670507 0.2702249999999822 125
1718417680584 0.2703870000000279 126
1718417690616 0.2726749999999356 127
1718417700693 0.27555599999993774 128
1718417710718 0.31532000000004246 129
1718417720748 0.31542000000001735 130
1718417730828 0.31542000000001735 131
1718417740896 0.31542000000001735 132
1718417750921 0.3196699999999737 133
1718417760990 0.31979599999999664 134
1718417771071 0.31979599999999664 135
1718417781151 0.31979599999999664 136
1718417791231 0.31979599999999664 137
1718417801303 0.31998799999996663 138
1718417811329 0.3241719999999759 139
1718417821407 0.3241719999999759 140
1718417831482 0.3241719999999759 141
1718417841562 0.32439799999997376 142
1718417852507 0.32439799999997376 143
1718417862531 0.33353999999997086 144
1718417872556 0.33822799999995823 145
1718417882592 0.33822799999995823 146
1718417892617 0.33822799999995823 147
1718417902641 0.3392559999999776 148
