1718416416308 0.0 0
1718416426328 8.599999999958641e-05 1
1718416436352 0.00426999999999822 2
1718416446380 0.00426999999999822 3
1718416456404 0.00426999999999822 4
1718416466428 0.0043439999999996814 5
1718416476449 0.004491999999999052 6
1718416486476 0.004608000000001056 7
1718416496495 0.009553000000000367 8
1718416506521 0.01929699999999812 9
1718416516547 0.019469000000000847 10
1718416526626 0.019469000000000847 11
1718416536653 0.019555000000000433 12
1718416546680 0.01964100000000002 13
1718416556703 0.023973000000001576 14
1718416566721 0.024059000000001163 15
1718416576749 0.024059000000001163 16
1718416586822 0.024132999999999072 17
1718416596841 0.024304999999998245 18
1718416606920 0.024304999999998245 19
1718416616942 0.02848900000000043 20
1718416626966 0.02848900000000043 21
1718416636991 0.028759000000000867 22
1718416647022 0.02882100000000065 23
1718416657052 0.028992999999999824 24
1718416667080 0.028992999999999824 25
1718416677107 0.03317699999999846 26
1718416687137 0.0332630000000016 27
1718416697165 0.0332630000000016 28
1718416707210 0.03428299999999851 29
1718416717231 0.03435699999999997 30
1718416727254 0.03444299999999956 31
1718416737325 0.03862699999999819 32
1718416747397 0.03862699999999819 33
1718416757427 0.03862699999999819 34
1718416767455 0.03862699999999819 35
1718416777485 0.038775000000001114 36
1718416787514 0.03900700000000157 37
1718416797537 0.04392199999999846 38
1718416807557 0.0723009999999995 39
1718416817629 0.08622899999999944 40
1718416827655 0.08622899999999944 41
1718416837683 0.08654800000000051 42
1718416847708 0.08654800000000051 43
1718416857735 0.0909659999999981 44
1718416867763 0.09116200000000063 45
1718416877793 0.09116200000000063 46
1718416887820 0.09116200000000063 47
1718416897845 0.09506000000000014 48
1718416907867 0.09506000000000014 49
1718416917895 0.09924399999999878 50
1718416927918 0.09924399999999878 51
1718416937945 0.09932999999999836 52
1718416947973 0.09939199999999815 53
1718416957997 0.09939199999999815 54
1718416968029 0.09946599999999961 55
1718416978061 0.10364999999999824 56
1718416988093 0.10379800000000117 57
1718416998123 0.10379800000000117 58
1718417008155 0.10469399999999851 59
1718417018183 0.10469399999999851 60
1718417028211 0.1047799999999981 61
1718417038243 0.10902600000000007 62
1718417048273 0.10902600000000007 63
1718417058301 0.10902600000000007 64
1718417068332 0.10902600000000007 65
1718417078355 0.10917399999999944 66
1718417088377 0.10948000000000135 67
1718417098405 0.11439499999999825 68
1718417108432 0.12432400000000143 69
1718417118452 0.1244960000000006 70
1718417128481 0.1244960000000006 71
1718417138508 0.12458200000000019 72
1718417148529 0.12761000000000067 73
1718417158565 0.13196599999999847 74
1718417168595 0.13205199999999806 75
1718417178618 0.13205199999999806 76
1718417188641 0.13205199999999806 77
1718417198669 0.13222400000000079 78
1718417208691 0.13228600000000057 79
1718417218719 0.13654400000000066 80
1718417228750 0.13654400000000066 81
1718417238774 0.13663000000000025 82
1718417248805 0.13663000000000025 83
1718417258827 0.13663000000000025 84
1718417268854 0.13663000000000025 85
1718417278884 0.14081399999999888 86
1718417288907 0.14096199999999826 87
1718417298933 0.14096199999999826 88
1718417308953 0.14185799999999915 89
1718417318978 0.14185799999999915 90
1718417329002 0.14194399999999874 91
1718417339031 0.14612800000000092 92
1718417349063 0.14620199999999883 93
1718417359095 0.14620199999999883 94
1718417369120 0.14620199999999883 95
1718417379158 0.14643600000000134 96
1718417389178 0.14675400000000138 97
1718417399201 0.15173099999999806 98
1718417409225 0.16173500000000018 99
1718417419249 0.16190699999999936 100
1718417429273 0.16190699999999936 101
1718417439303 0.16205499999999873 102
1718417449328 0.16214099999999831 103
1718417459352 0.1664110000000001 104
1718417469377 0.16657100000000113 105
1718417479405 0.16657100000000113 106
1718417489469 0.16657100000000113 107
1718417499503 0.1668050000000001 108
1718417509534 0.1668050000000001 109
1718417519567 0.17098899999999873 110
1718417529598 0.17098899999999873 111
1718417539662 0.1711369999999981 112
1718417549741 0.1711369999999981 113
1718417559830 0.1711369999999981 114
1718417569910 0.1711369999999981 115
1718417579980 0.17540699999999987 116
1718417590060 0.17554300000000111 117
1718417600132 0.17554300000000111 118
1718417610208 0.17656300000000158 119
1718417620293 0.17656300000000158 120
1718417630332 0.17870500000000078 121
1718417640404 0.1808329999999998 122
1718417650454 0.1808329999999998 123
1718417660477 0.1808329999999998 124
1718417670507 0.18091899999999939 125
1718417680584 0.18098099999999917 126
1718417690616 0.18326899999999924 127
1718417700693 0.18604200000000048 128
1718417710718 0.20607299999999995 129
1718417720748 0.206233000000001 130
1718417730828 0.206233000000001 131
1718417740896 0.20631900000000059 132
1718417750921 0.2106749999999984 133
1718417760990 0.21073699999999818 134
1718417771071 0.21082300000000131 135
1718417781151 0.21082300000000131 136
1718417791231 0.21082300000000131 137
1718417801303 0.21105700000000027 138
1718417811329 0.2152409999999989 139
1718417821407 0.2152409999999989 140
1718417831482 0.2152409999999989 141
1718417841562 0.2153269999999985 142
1718417852507 0.21540099999999995 143
1718417862531 0.21851500000000001 144
1718417872556 0.22269899999999865 145
1718417882592 0.22278499999999823 146
1718417892617 0.22278499999999823 147
1718417902641 0.22368099999999913 148
