1718416416308 19.9 0
1718416426328 23.8 1
1718416436352 23.8 2
1718416446380 23.9 3
1718416456404 23.8 4
1718416466428 23.8 5
1718416476449 23.8 6
1718416486476 23.8 7
1718416496495 23.8 8
1718416506521 23.9 9
1718416516547 23.8 10
1718416526626 23.8 11
1718416536653 23.9 12
1718416546680 23.8 13
1718416556703 23.8 14
1718416566721 23.8 15
1718416576749 23.9 16
1718416586822 23.8 17
1718416596841 23.8 18
1718416606920 23.9 19
1718416616942 23.8 20
1718416626966 23.8 21
1718416636991 23.8 22
1718416647022 23.8 23
1718416657052 23.9 24
1718416667080 23.8 25
1718416677107 23.9 26
1718416687137 23.9 27
1718416697165 23.8 28
1718416707210 23.8 29
1718416717231 23.8 30
1718416727254 23.8 31
1718416737325 23.8 32
1718416747397 23.8 33
1718416757427 23.8 34
1718416767455 23.8 35
1718416777485 23.8 36
1718416787514 23.8 37
1718416797537 23.8 38
1718416807557 23.9 39
1718416817629 23.9 40
1718416827655 23.9 41
1718416837683 23.8 42
1718416847708 23.8 43
1718416857735 23.9 44
1718416867763 23.8 45
1718416877793 23.8 46
1718416887820 23.8 47
1718416897845 23.9 48
1718416907867 23.9 49
1718416917895 23.8 50
1718416927918 23.8 51
1718416937945 23.8 52
1718416947973 23.8 53
1718416957997 23.8 54
1718416968029 23.9 55
1718416978061 23.8 56
1718416988093 23.9 57
1718416998123 23.9 58
1718417008155 23.8 59
1718417018183 23.8 60
1718417028211 23.8 61
1718417038243 23.8 62
1718417048273 24.1 63
1718417058301 24.1 64
1718417068332 24.1 65
1718417078355 24.1 66
1718417088377 24.1 67
1718417098405 24.1 68
1718417108432 24.1 69
1718417118452 24.1 70
1718417128481 24.2 71
1718417138508 24.1 72
1718417148529 27.7 73
1718417158565 27.7 74
1718417168595 27.7 75
1718417178618 27.7 76
1718417188641 27.7 77
1718417198669 27.7 78
1718417208691 27.7 79
1718417218719 27.7 80
1718417228750 27.7 81
1718417238774 27.7 82
1718417248805 27.7 83
1718417258827 27.6 84
1718417268854 27.6 85
1718417278884 27.6 86
1718417288907 27.6 87
1718417298933 27.6 88
1718417308953 27.6 89
1718417318978 27.6 90
1718417329002 27.6 91
1718417339031 27.6 92
1718417349063 27.6 93
1718417359095 27.6 94
1718417369120 27.6 95
1718417379158 27.7 96
1718417389178 27.6 97
1718417399201 27.7 98
1718417409225 27.6 99
1718417419249 27.7 100
1718417429273 27.6 101
1718417439303 27.6 102
1718417449328 27.6 103
1718417459352 27.7 104
1718417469377 27.7 105
1718417479405 27.6 106
1718417489469 27.6 107
1718417499503 27.6 108
1718417509534 27.6 109
1718417519567 27.7 110
1718417529598 27.6 111
1718417539662 27.6 112
1718417549741 27.6 113
1718417559830 27.6 114
1718417569910 27.6 115
1718417579980 27.6 116
1718417590060 27.6 117
1718417600132 27.7 118
1718417610208 27.6 119
1718417620293 27.7 120
1718417630332 27.7 121
1718417640404 27.7 122
1718417650454 27.6 123
1718417660477 27.7 124
1718417670507 27.6 125
1718417680584 27.7 126
1718417690616 27.7 127
1718417700693 27.6 128
1718417710718 27.7 129
1718417720748 27.6 130
1718417730828 27.6 131
1718417740896 27.6 132
1718417750921 27.7 133
1718417760990 27.6 134
1718417771071 27.7 135
1718417781151 27.6 136
1718417791231 27.7 137
1718417801303 27.7 138
1718417811329 27.7 139
1718417821407 27.7 140
1718417831482 27.6 141
1718417841562 27.6 142
1718417852507 27.7 143
1718417862531 27.7 144
1718417872556 27.7 145
1718417882592 27.7 146
1718417892617 27.7 147
1718417902641 27.7 148
