1718416416308 6687.3 0
1718416426328 7991.3 1
1718416436352 7992.5 2
1718416446380 7999.5 3
1718416456404 7996.3 4
1718416466428 7994.3 5
1718416476449 7985.9 6
1718416486476 7986.6 7
1718416496495 7990.0 8
1718416506521 8002.1 9
1718416516547 7980.2 10
1718416526626 7993.6 11
1718416536653 7999.4 12
1718416546680 7998.5 13
1718416556703 7989.9 14
1718416566721 7991.6 15
1718416576749 7999.4 16
1718416586822 7991.6 17
1718416596841 7996.1 18
1718416606920 7999.0 19
1718416616942 7998.4 20
1718416626966 7998.2 21
1718416636991 7990.5 22
1718416647022 7990.7 23
1718416657052 7999.2 24
1718416667080 7996.1 25
1718416677107 8004.4 26
1718416687137 7998.6 27
1718416697165 7996.3 28
1718416707210 7997.0 29
1718416717231 7996.6 30
1718416727254 7993.1 31
1718416737325 7998.2 32
1718416747397 7991.8 33
1718416757427 7998.3 34
1718416767455 7991.1 35
1718416777485 7988.6 36
1718416787514 7986.9 37
1718416797537 7997.4 38
1718416807557 8002.8 39
1718416817629 8008.7 40
1718416827655 8000.1 41
1718416837683 7994.9 42
1718416847708 7997.7 43
1718416857735 7999.0 44
1718416867763 7993.9 45
1718416877793 7994.8 46
1718416887820 7994.7 47
1718416897845 8001.5 48
1718416907867 7999.5 49
1718416917895 7996.9 50
1718416927918 7998.1 51
1718416937945 7995.6 52
1718416947973 7996.0 53
1718416957997 7998.4 54
1718416968029 7999.7 55
1718416978061 7994.7 56
1718416988093 7998.9 57
1718416998123 8002.5 58
1718417008155 7994.4 59
1718417018183 7991.0 60
1718417028211 7987.7 61
1718417038243 7994.1 62
1718417048273 8089.2 63
1718417058301 8088.2 64
1718417068332 8089.3 65
1718417078355 8090.8 66
1718417088377 8081.9 67
1718417098405 8094.6 68
1718417108432 8089.7 69
1718417118452 8088.2 70
1718417128481 8099.3 71
1718417138508 8092.5 72
1718417148529 9274.9 73
1718417158565 9279.8 74
1718417168595 9274.5 75
1718417178618 9278.2 76
1718417188641 9286.2 77
1718417198669 9287.3 78
1718417208691 9290.6 79
1718417218719 9293.0 80
1718417228750 9291.7 81
1718417238774 9291.3 82
1718417248805 9289.4 83
1718417258827 9261.6 84
1718417268854 9268.2 85
1718417278884 9259.9 86
1718417288907 9264.8 87
1718417298933 9266.3 88
1718417308953 9257.2 89
1718417318978 9258.6 90
1718417329002 9266.7 91
1718417339031 9272.0 92
1718417349063 9261.3 93
1718417359095 9269.3 94
1718417369120 9269.5 95
1718417379158 9275.5 96
1718417389178 9270.1 97
1718417399201 9276.3 98
1718417409225 9268.9 99
1718417419249 9276.6 100
1718417429273 9264.8 101
1718417439303 9269.8 102
1718417449328 9262.6 103
1718417459352 9275.2 104
1718417469377 9273.7 105
1718417479405 9272.0 106
1718417489469 9271.6 107
1718417499503 9270.3 108
1718417509534 9254.5 109
1718417519567 9274.2 110
1718417529598 9270.0 111
1718417539662 9268.1 112
1718417549741 9268.6 113
1718417559830 9269.4 114
1718417569910 9262.5 115
1718417579980 9272.7 116
1718417590060 9271.0 117
1718417600132 9273.0 118
1718417610208 9265.4 119
1718417620293 9273.7 120
1718417630332 9273.5 121
1718417640404 9283.6 122
1718417650454 9271.7 123
1718417660477 9273.6 124
1718417670507 9262.9 125
1718417680584 9275.5 126
1718417690616 9279.2 127
1718417700693 9269.4 128
1718417710718 9275.2 129
1718417720748 9272.7 130
1718417730828 9271.3 131
1718417740896 9266.5 132
1718417750921 9285.1 133
1718417760990 9262.0 134
1718417771071 9273.4 135
1718417781151 9269.6 136
1718417791231 9277.4 137
1718417801303 9275.7 138
1718417811329 9285.6 139
1718417821407 9274.9 140
1718417831482 9268.2 141
1718417841562 9266.0 142
1718417852507 9278.1 143
1718417862531 9274.3 144
1718417872556 9287.4 145
1718417882592 9291.2 146
1718417892617 9287.1 147
1718417902641 9292.1 148
