1718411572232 14.3 0
1718411582252 6.3 1
1718411592272 6.3 2
1718411602361 5.0 3
1718411612389 5.0 4
1718411622411 5.0 5
1718411632431 5.1 6
1718411642450 6.4 7
1718411652472 5.1 8
1718411662495 5.1 9
1718411672525 19.3 10
1718411682547 28.1 11
1718411692569 22.5 12
1718411702604 8.8 13
1718411712631 5.7 14
1718411722658 5.0 15
1718411732686 5.1 16
1718411742759 4.9 17
1718411752780 5.1 18
1718411762798 5.0 19
1718411772818 5.2 20
1718411782837 5.0 21
1718411792905 5.2 22
1718411802926 4.9 23
1718411812952 5.1 24
1718411822979 4.9 25
1718411833006 5.1 26
1718411843033 4.9 27
1718411853106 5.1 28
1718411863123 5.0 29
1718411873144 5.9 30
1718411883163 6.2 31
1718411893190 6.0 32
1718411903214 7.3 33
1718411913241 7.9 34
1718411923261 7.5 35
1718411933287 6.1 36
1718411943386 5.5 37
1718411953406 5.1 38
1718411963427 5.4 39
1718411973450 5.2 40
1718411983471 5.1 41
1718411993506 5.2 42
1718412003539 5.1 43
1718412013602 5.2 44
1718412023624 5.0 45
1718412033653 5.3 46
1718412043681 5.1 47
1718412053709 5.2 48
1718412063751 5.0 49
1718412073781 5.2 50
1718412083811 5.1 51
1718412093842 5.1 52
1718412103866 4.9 53
1718412113905 5.1 54
1718412123946 4.9 55
1718412133986 5.1 56
1718412144028 5.0 57
1718412154053 5.2 58
1718412164074 5.0 59
1718412174096 5.1 60
1718412184117 5.1 61
1718412194144 5.1 62
1718412204170 5.4 63
1718412214198 5.2 64
1718412224229 5.4 65
1718412234261 5.4 66
1718412244318 5.4 67
1718412254341 5.3 68
1718412264368 5.4 69
1718412274399 5.5 70
1718412284421 5.5 71
1718412294463 6.0 72
1718412304488 7.3 73
1718412314510 7.2 74
1718412324533 8.9 75
1718412334559 9.2 76
1718412344600 9.1 77
1718412354622 9.1 78
1718412364643 9.2 79
1718412374669 9.1 80
1718412384690 7.6 81
1718412394761 5.1 82
1718412404791 5.0 83
1718412414821 5.1 84
1718412424851 5.0 85
1718412434882 5.2 86
1718412444902 5.0 87
1718412454930 5.2 88
1718412464959 5.0 89
1718412474990 5.2 90
1718412485034 5.1 91
1718412495064 5.1 92
1718412505094 4.9 93
1718412515124 5.1 94
1718412525154 4.9 95
1718412535184 5.2 96
1718412545215 4.9 97
1718412555246 5.1 98
1718412565273 5.1 99
1718412575301 5.1 100
1718412585331 5.0 101
1718412595355 5.1 102
1718412605384 5.0 103
1718412615455 5.2 104
1718412625478 5.0 105
1718412635499 5.1 106
1718412645522 5.1 107
1718412655554 5.1 108
1718412665585 5.1 109
1718412675617 5.2 110
1718412685648 5.1 111
1718412695678 5.1 112
1718412705708 4.9 113
1718412715737 5.1 114
1718412725767 4.9 115
1718412735801 5.2 116
1718412745834 5.0 117
1718412755868 5.2 118
1718412765900 5.2 119
1718412775931 5.2 120
1718412785968 5.0 121
1718412796027 5.1 122
1718412806058 5.0 123
1718412816114 5.1 124
1718412826139 4.9 125
1718412836201 5.1 126
1718412846235 5.0 127
1718412856298 5.1 128
1718412866325 5.1 129
1718412876355 5.1 130
1718412886388 5.0 131
1718412896469 4.9 132
1718412906540 5.5 133
1718412916605 5.4 134
1718412926672 5.4 135
1718412936747 5.3 136
1718412946821 5.4 137
1718412956886 5.5 138
1718412966955 5.4 139
1718412977031 5.4 140
1718412987120 5.5 141
1718412997150 6.3 142
1718413007176 9.3 143
1718413017204 9.2 144
1718413027240 9.2 145
