1718411572232 66.9 0
1718411582252 66.9 1
1718411592272 66.9 2
1718411602361 66.9 3
1718411612389 66.9 4
1718411622411 66.9 5
1718411632431 66.9 6
1718411642450 66.9 7
1718411652472 66.9 8
1718411662495 66.9 9
1718411672525 66.9 10
1718411682547 66.9 11
1718411692569 66.9 12
1718411702604 66.9 13
1718411712631 66.9 14
1718411722658 66.9 15
1718411732686 66.9 16
1718411742759 66.9 17
1718411752780 66.9 18
1718411762798 66.9 19
1718411772818 66.9 20
1718411782837 66.9 21
1718411792905 66.9 22
1718411802926 66.9 23
1718411812952 66.9 24
1718411822979 66.9 25
1718411833006 66.9 26
1718411843033 66.9 27
1718411853106 66.9 28
1718411863123 66.9 29
1718411873144 66.9 30
1718411883163 66.9 31
1718411893190 66.9 32
1718411903214 66.9 33
1718411913241 66.9 34
1718411923261 66.9 35
1718411933287 66.9 36
1718411943386 66.9 37
1718411953406 66.9 38
1718411963427 66.9 39
1718411973450 66.9 40
1718411983471 66.9 41
1718411993506 66.9 42
1718412003539 66.9 43
1718412013602 66.9 44
1718412023624 66.9 45
1718412033653 66.9 46
1718412043681 66.9 47
1718412053709 66.9 48
1718412063751 66.9 49
1718412073781 66.9 50
1718412083811 66.9 51
1718412093842 66.9 52
1718412103866 66.9 53
1718412113905 66.9 54
1718412123946 66.9 55
1718412133986 66.9 56
1718412144028 66.9 57
1718412154053 66.9 58
1718412164074 66.9 59
1718412174096 66.9 60
1718412184117 66.9 61
1718412194144 66.9 62
1718412204170 66.9 63
1718412214198 66.9 64
1718412224229 66.9 65
1718412234261 66.9 66
1718412244318 66.9 67
1718412254341 66.9 68
1718412264368 66.9 69
1718412274399 66.9 70
1718412284421 66.9 71
1718412294463 67.0 72
1718412304488 67.0 73
1718412314510 67.0 74
1718412324533 67.0 75
1718412334559 67.0 76
1718412344600 67.0 77
1718412354622 67.0 78
1718412364643 67.0 79
1718412374669 67.0 80
1718412384690 67.0 81
1718412394761 67.0 82
1718412404791 67.0 83
1718412414821 67.0 84
1718412424851 67.0 85
1718412434882 67.0 86
1718412444902 67.0 87
1718412454930 67.0 88
1718412464959 67.0 89
1718412474990 67.0 90
1718412485034 67.0 91
1718412495064 67.0 92
1718412505094 67.0 93
1718412515124 67.0 94
1718412525154 67.0 95
1718412535184 67.0 96
1718412545215 67.0 97
1718412555246 67.0 98
1718412565273 67.0 99
1718412575301 67.0 100
1718412585331 67.0 101
1718412595355 67.0 102
1718412605384 67.0 103
1718412615455 67.0 104
1718412625478 67.0 105
1718412635499 67.0 106
1718412645522 67.0 107
1718412655554 67.0 108
1718412665585 67.0 109
1718412675617 67.0 110
1718412685648 67.0 111
1718412695678 67.0 112
1718412705708 67.0 113
1718412715737 67.0 114
1718412725767 67.0 115
1718412735801 67.0 116
1718412745834 67.0 117
1718412755868 67.0 118
1718412765900 67.0 119
1718412775931 67.0 120
1718412785968 67.0 121
1718412796027 67.0 122
1718412806058 67.0 123
1718412816114 67.0 124
1718412826139 67.0 125
1718412836201 67.0 126
1718412846235 67.0 127
1718412856298 67.0 128
1718412866325 67.0 129
1718412876355 67.0 130
1718412886388 67.0 131
1718412896469 67.0 132
1718412906540 67.0 133
1718412916605 67.0 134
1718412926672 67.0 135
1718412936747 67.0 136
1718412946821 67.0 137
1718412956886 67.0 138
1718412966955 67.0 139
1718412977031 67.0 140
1718412987120 67.0 141
1718412997150 67.1 142
1718413007176 67.1 143
1718413017204 67.1 144
1718413027240 67.1 145
