1718411572232 623749.1 0
1718411582252 623755.7 1
1718411592272 623758.0 2
1718411602361 623758.6 3
1718411612389 623759.5 4
1718411622411 623759.5 5
1718411632431 623759.5 6
1718411642450 623759.5 7
1718411652472 623759.5 8
1718411662495 623759.5 9
1718411672525 623762.2 10
1718411682547 623823.4 11
1718411692569 623786.8 12
1718411702604 623781.0 13
1718411712631 623781.0 14
1718411722658 623781.0 15
1718411732686 623780.9 16
1718411742759 623781.0 17
1718411752780 623781.0 18
1718411762798 623781.0 19
1718411772818 623781.0 20
1718411782837 623781.0 21
1718411792905 623781.0 22
1718411802926 623781.0 23
1718411812952 623781.0 24
1718411822979 623781.0 25
1718411833006 623781.0 26
1718411843033 623781.0 27
1718411853106 623781.0 28
1718411863123 623781.0 29
1718411873144 623781.0 30
1718411883163 623781.0 31
1718411893190 623781.0 32
1718411903214 623781.0 33
1718411913241 623781.0 34
1718411923261 623781.0 35
1718411933287 623781.0 36
1718411943386 623781.0 37
1718411953406 623781.0 38
1718411963427 623781.0 39
1718411973450 623781.0 40
1718411983471 623781.0 41
1718411993506 623781.0 42
1718412003539 623781.0 43
1718412013602 623781.0 44
1718412023624 623781.0 45
1718412033653 623781.0 46
1718412043681 623781.0 47
1718412053709 623781.0 48
1718412063751 623781.0 49
1718412073781 623781.0 50
1718412083811 623781.0 51
1718412093842 623781.0 52
1718412103866 623781.0 53
1718412113905 623781.0 54
1718412123946 623781.0 55
1718412133986 623781.2 56
1718412144028 623781.2 57
1718412154053 623781.2 58
1718412164074 623781.2 59
1718412174096 623781.2 60
1718412184117 623781.2 61
1718412194144 623781.2 62
1718412204170 623781.2 63
1718412214198 623781.2 64
1718412224229 623781.2 65
1718412234261 623781.2 66
1718412244318 623781.2 67
1718412254341 623781.2 68
1718412264368 623781.2 69
1718412274399 623781.2 70
1718412284421 623781.2 71
1718412294463 624791.1 72
1718412304488 624791.1 73
1718412314510 624791.1 74
1718412324533 624791.1 75
1718412334559 624791.1 76
1718412344600 624791.1 77
1718412354622 624791.1 78
1718412364643 624791.1 79
1718412374669 624791.1 80
1718412384690 624791.1 81
1718412394761 624791.1 82
1718412404791 624791.1 83
1718412414821 624791.1 84
1718412424851 624791.1 85
1718412434882 624791.1 86
1718412444902 624791.1 87
1718412454930 624791.1 88
1718412464959 624791.1 89
1718412474990 624791.1 90
1718412485034 624791.1 91
1718412495064 624791.1 92
1718412505094 624791.1 93
1718412515124 624791.1 94
1718412525154 624791.1 95
1718412535184 624791.1 96
1718412545215 624791.1 97
1718412555246 624791.1 98
1718412565273 624791.1 99
1718412575301 624791.1 100
1718412585331 624791.1 101
1718412595355 624791.1 102
1718412605384 624791.1 103
1718412615455 624791.1 104
1718412625478 624791.1 105
1718412635499 624791.1 106
1718412645522 624791.1 107
1718412655554 624791.1 108
1718412665585 624791.1 109
1718412675617 624791.1 110
1718412685648 624791.1 111
1718412695678 624791.1 112
1718412705708 624791.1 113
1718412715737 624791.1 114
1718412725767 624791.1 115
1718412735801 624791.1 116
1718412745834 624791.1 117
1718412755868 624791.1 118
1718412765900 624791.1 119
1718412775931 624791.1 120
1718412785968 624791.1 121
1718412796027 624791.1 122
1718412806058 624791.1 123
1718412816114 624791.1 124
1718412826139 624791.1 125
1718412836201 624791.1 126
1718412846235 624791.1 127
1718412856298 624791.1 128
1718412866325 624791.1 129
1718412876355 624791.1 130
1718412886388 624791.1 131
1718412896469 624791.2 132
1718412906540 624791.2 133
1718412916605 624791.2 134
1718412926672 624791.2 135
1718412936747 624791.2 136
1718412946821 624791.2 137
1718412956886 624791.2 138
1718412966955 624791.2 139
1718412977031 624791.2 140
1718412987120 624791.2 141
1718412997150 625801.1 142
1718413007176 625801.1 143
1718413017204 625801.1 144
1718413027240 625801.1 145
