1718411572232 309071.7 0
1718411582252 309065.1 1
1718411592272 309062.8 2
1718411602361 309062.2 3
1718411612389 309061.3 4
1718411622411 309061.3 5
1718411632431 309061.3 6
1718411642450 309061.3 7
1718411652472 309061.3 8
1718411662495 309061.3 9
1718411672525 309058.7 10
1718411682547 308997.4 11
1718411692569 309034.0 12
1718411702604 309039.9 13
1718411712631 309039.8 14
1718411722658 309039.8 15
1718411732686 309039.9 16
1718411742759 309039.8 17
1718411752780 309039.8 18
1718411762798 309039.8 19
1718411772818 309039.8 20
1718411782837 309039.8 21
1718411792905 309039.8 22
1718411802926 309039.8 23
1718411812952 309039.8 24
1718411822979 309039.8 25
1718411833006 309039.8 26
1718411843033 309039.8 27
1718411853106 309039.8 28
1718411863123 309039.8 29
1718411873144 309039.8 30
1718411883163 309039.8 31
1718411893190 309039.8 32
1718411903214 309039.8 33
1718411913241 309039.8 34
1718411923261 309039.8 35
1718411933287 309039.8 36
1718411943386 309039.8 37
1718411953406 309039.8 38
1718411963427 309039.8 39
1718411973450 309039.8 40
1718411983471 309039.8 41
1718411993506 309039.8 42
1718412003539 309039.8 43
1718412013602 309039.8 44
1718412023624 309039.8 45
1718412033653 309039.8 46
1718412043681 309039.8 47
1718412053709 309039.8 48
1718412063751 309039.8 49
1718412073781 309039.8 50
1718412083811 309039.8 51
1718412093842 309039.8 52
1718412103866 309039.8 53
1718412113905 309039.8 54
1718412123946 309039.8 55
1718412133986 309039.6 56
1718412144028 309039.6 57
1718412154053 309039.6 58
1718412164074 309039.6 59
1718412174096 309039.6 60
1718412184117 309039.6 61
1718412194144 309039.6 62
1718412204170 309039.6 63
1718412214198 309039.6 64
1718412224229 309039.6 65
1718412234261 309039.6 66
1718412244318 309039.6 67
1718412254341 309039.6 68
1718412264368 309039.6 69
1718412274399 309039.6 70
1718412284421 309039.6 71
1718412294463 308029.7 72
1718412304488 308029.7 73
1718412314510 308029.7 74
1718412324533 308029.7 75
1718412334559 308029.7 76
1718412344600 308029.7 77
1718412354622 308029.7 78
1718412364643 308029.7 79
1718412374669 308029.7 80
1718412384690 308029.7 81
1718412394761 308029.7 82
1718412404791 308029.7 83
1718412414821 308029.7 84
1718412424851 308029.7 85
1718412434882 308029.7 86
1718412444902 308029.7 87
1718412454930 308029.7 88
1718412464959 308029.7 89
1718412474990 308029.7 90
1718412485034 308029.7 91
1718412495064 308029.7 92
1718412505094 308029.7 93
1718412515124 308029.7 94
1718412525154 308029.7 95
1718412535184 308029.7 96
1718412545215 308029.7 97
1718412555246 308029.7 98
1718412565273 308029.7 99
1718412575301 308029.7 100
1718412585331 308029.7 101
1718412595355 308029.7 102
1718412605384 308029.7 103
1718412615455 308029.7 104
1718412625478 308029.7 105
1718412635499 308029.7 106
1718412645522 308029.7 107
1718412655554 308029.7 108
1718412665585 308029.7 109
1718412675617 308029.7 110
1718412685648 308029.7 111
1718412695678 308029.7 112
1718412705708 308029.7 113
1718412715737 308029.7 114
1718412725767 308029.7 115
1718412735801 308029.7 116
1718412745834 308029.7 117
1718412755868 308029.7 118
1718412765900 308029.7 119
1718412775931 308029.7 120
1718412785968 308029.7 121
1718412796027 308029.7 122
1718412806058 308029.7 123
1718412816114 308029.7 124
1718412826139 308029.7 125
1718412836201 308029.7 126
1718412846235 308029.7 127
1718412856298 308029.7 128
1718412866325 308029.7 129
1718412876355 308029.7 130
1718412886388 308029.7 131
1718412896469 308029.7 132
1718412906540 308029.7 133
1718412916605 308029.7 134
1718412926672 308029.7 135
1718412936747 308029.7 136
1718412946821 308029.7 137
1718412956886 308029.7 138
1718412966955 308029.7 139
1718412977031 308029.7 140
1718412987120 308029.7 141
1718412997150 307019.7 142
1718413007176 307019.7 143
1718413017204 307019.7 144
1718413027240 307019.7 145
