1718411572232 56.1 0
1718411582252 69.7 1
1718411592272 74.9 2
1718411602361 74.9 3
1718411612389 75.0 4
1718411622411 75.0 5
1718411632431 75.0 6
1718411642450 75.0 7
1718411652472 75.0 8
1718411662495 75.0 9
1718411672525 76.3 10
1718411682547 76.0 11
1718411692569 76.3 12
1718411702604 75.5 13
1718411712631 74.6 14
1718411722658 74.6 15
1718411732686 74.6 16
1718411742759 74.6 17
1718411752780 74.6 18
1718411762798 74.6 19
1718411772818 74.6 20
1718411782837 74.6 21
1718411792905 74.6 22
1718411802926 74.6 23
1718411812952 74.6 24
1718411822979 74.6 25
1718411833006 74.6 26
1718411843033 74.6 27
1718411853106 74.6 28
1718411863123 74.6 29
1718411873144 76.1 30
1718411883163 76.0 31
1718411893190 76.1 32
1718411903214 76.2 33
1718411913241 76.6 34
1718411923261 76.3 35
1718411933287 76.1 36
1718411943386 76.0 37
1718411953406 76.1 38
1718411963427 74.5 39
1718411973450 74.5 40
1718411983471 74.5 41
1718411993506 74.5 42
1718412003539 74.4 43
1718412013602 74.3 44
1718412023624 74.2 45
1718412033653 74.3 46
1718412043681 74.2 47
1718412053709 74.3 48
1718412063751 74.2 49
1718412073781 74.3 50
1718412083811 74.2 51
1718412093842 74.3 52
1718412103866 74.2 53
1718412113905 74.3 54
1718412123946 74.2 55
1718412133986 74.3 56
1718412144028 74.2 57
1718412154053 74.3 58
1718412164074 74.2 59
1718412174096 74.3 60
1718412184117 74.2 61
1718412194144 74.3 62
1718412204170 74.2 63
1718412214198 74.2 64
1718412224229 74.2 65
1718412234261 74.2 66
1718412244318 74.2 67
1718412254341 74.2 68
1718412264368 74.2 69
1718412274399 74.2 70
1718412284421 74.2 71
1718412294463 74.3 72
1718412304488 74.1 73
1718412314510 74.1 74
1718412324533 74.0 75
1718412334559 74.1 76
1718412344600 74.0 77
1718412354622 74.1 78
1718412364643 74.0 79
1718412374669 74.1 80
1718412384690 74.0 81
1718412394761 74.1 82
1718412404791 74.0 83
1718412414821 74.1 84
1718412424851 74.0 85
1718412434882 74.1 86
1718412444902 74.0 87
1718412454930 74.1 88
1718412464959 74.0 89
1718412474990 74.1 90
1718412485034 74.0 91
1718412495064 74.1 92
1718412505094 74.0 93
1718412515124 74.1 94
1718412525154 74.0 95
1718412535184 74.1 96
1718412545215 74.0 97
1718412555246 74.1 98
1718412565273 74.0 99
1718412575301 74.1 100
1718412585331 74.0 101
1718412595355 74.1 102
1718412605384 74.0 103
1718412615455 74.1 104
1718412625478 74.0 105
1718412635499 74.1 106
1718412645522 74.0 107
1718412655554 74.1 108
1718412665585 74.0 109
1718412675617 74.1 110
1718412685648 74.0 111
1718412695678 74.1 112
1718412705708 74.0 113
1718412715737 74.1 114
1718412725767 74.0 115
1718412735801 74.1 116
1718412745834 74.0 117
1718412755868 74.1 118
1718412765900 74.0 119
1718412775931 74.1 120
1718412785968 74.0 121
1718412796027 74.1 122
1718412806058 74.0 123
1718412816114 74.1 124
1718412826139 74.0 125
1718412836201 74.1 126
1718412846235 74.0 127
1718412856298 74.1 128
1718412866325 74.0 129
1718412876355 74.1 130
1718412886388 74.0 131
1718412896469 74.1 132
1718412906540 74.0 133
1718412916605 74.0 134
1718412926672 74.0 135
1718412936747 74.0 136
1718412946821 74.0 137
1718412956886 74.0 138
1718412966955 74.0 139
1718412977031 74.0 140
1718412987120 74.0 141
1718412997150 74.1 142
1718413007176 74.0 143
1718413017204 74.1 144
1718413027240 74.0 145
