1718411572232 7227.8 0
1718411582252 8976.9 1
1718411592272 9645.9 2
1718411602361 9656.3 3
1718411612389 9658.4 4
1718411622411 9658.4 5
1718411632431 9658.4 6
1718411642450 9658.4 7
1718411652472 9658.4 8
1718411662495 9659.1 9
1718411672525 9831.1 10
1718411682547 9792.2 11
1718411692569 9830.1 12
1718411702604 9723.8 13
1718411712631 9606.1 14
1718411722658 9606.1 15
1718411732686 9607.3 16
1718411742759 9606.1 17
1718411752780 9607.2 18
1718411762798 9606.1 19
1718411772818 9607.2 20
1718411782837 9606.1 21
1718411792905 9606.1 22
1718411802926 9606.1 23
1718411812952 9607.2 24
1718411822979 9606.1 25
1718411833006 9607.0 26
1718411843033 9605.8 27
1718411853106 9607.0 28
1718411863123 9605.8 29
1718411873144 9807.5 30
1718411883163 9786.5 31
1718411893190 9802.5 32
1718411903214 9812.2 33
1718411913241 9869.2 34
1718411923261 9833.2 35
1718411933287 9801.2 36
1718411943386 9786.9 37
1718411953406 9799.5 38
1718411963427 9598.3 39
1718411973450 9602.3 40
1718411983471 9597.7 41
1718411993506 9602.3 42
1718412003539 9590.0 43
1718412013602 9568.8 44
1718412023624 9565.0 45
1718412033653 9569.6 46
1718412043681 9565.0 47
1718412053709 9570.5 48
1718412063751 9565.0 49
1718412073781 9569.6 50
1718412083811 9565.0 51
1718412093842 9569.6 52
1718412103866 9565.0 53
1718412113905 9569.6 54
1718412123946 9565.0 55
1718412133986 9569.6 56
1718412144028 9565.0 57
1718412154053 9568.8 58
1718412164074 9565.0 59
1718412174096 9568.8 60
1718412184117 9565.0 61
1718412194144 9569.6 62
1718412204170 9565.0 63
1718412214198 9565.0 64
1718412224229 9565.0 65
1718412234261 9565.0 66
1718412244318 9565.0 67
1718412254341 9565.0 68
1718412264368 9565.0 69
1718412274399 9565.0 70
1718412284421 9565.0 71
1718412294463 9568.8 72
1718412304488 9551.9 73
1718412314510 9541.8 74
1718412324533 9538.0 75
1718412334559 9542.8 76
1718412344600 9538.0 77
1718412354622 9542.6 78
1718412364643 9538.0 79
1718412374669 9543.5 80
1718412384690 9538.0 81
1718412394761 9542.6 82
1718412404791 9538.0 83
1718412414821 9541.8 84
1718412424851 9538.0 85
1718412434882 9542.8 86
1718412444902 9538.0 87
1718412454930 9542.6 88
1718412464959 9538.0 89
1718412474990 9542.6 90
1718412485034 9538.0 91
1718412495064 9542.6 92
1718412505094 9538.0 93
1718412515124 9542.6 94
1718412525154 9538.0 95
1718412535184 9542.6 96
1718412545215 9538.0 97
1718412555246 9541.8 98
1718412565273 9538.0 99
1718412575301 9541.8 100
1718412585331 9538.0 101
1718412595355 9542.6 102
1718412605384 9538.0 103
1718412615455 9541.8 104
1718412625478 9538.0 105
1718412635499 9542.8 106
1718412645522 9538.0 107
1718412655554 9541.8 108
1718412665585 9538.0 109
1718412675617 9542.6 110
1718412685648 9538.0 111
1718412695678 9541.8 112
1718412705708 9538.0 113
1718412715737 9542.8 114
1718412725767 9538.0 115
1718412735801 9542.6 116
1718412745834 9538.0 117
1718412755868 9542.6 118
1718412765900 9538.0 119
1718412775931 9542.6 120
1718412785968 9538.0 121
1718412796027 9543.5 122
1718412806058 9538.0 123
1718412816114 9542.8 124
1718412826139 9538.0 125
1718412836201 9542.8 126
1718412846235 9538.0 127
1718412856298 9541.8 128
1718412866325 9538.0 129
1718412876355 9542.8 130
1718412886388 9538.0 131
1718412896469 9541.8 132
1718412906540 9538.0 133
1718412916605 9538.0 134
1718412926672 9538.0 135
1718412936747 9538.0 136
1718412946821 9538.0 137
1718412956886 9538.0 138
1718412966955 9538.0 139
1718412977031 9538.0 140
1718412987120 9538.0 141
1718412997150 9541.8 142
1718413007176 9538.0 143
1718413017204 9542.6 144
1718413027240 9538.0 145
