1718411572232 0.0 0
1718411582252 0.0 1
1718411592272 85.0 2
1718411602361 87.0 3
1718411612389 94.0 4
1718411622411 94.0 5
1718411632431 93.0 6
1718411642450 93.0 7
1718411652472 86.0 8
1718411662495 94.0 9
1718411672525 93.0 10
1718411682547 73.0 11
1718411692569 91.0 12
1718411702604 87.0 13
1718411712631 91.0 14
1718411722658 92.0 15
1718411732686 94.0 16
1718411742759 93.0 17
1718411752780 92.0 18
1718411762798 93.0 19
1718411772818 92.0 20
1718411782837 86.0 21
1718411792905 94.0 22
1718411802926 92.0 23
1718411812952 87.0 24
1718411822979 91.0 25
1718411833006 88.0 26
1718411843033 94.0 27
1718411853106 86.0 28
1718411863123 87.0 29
1718411873144 94.0 30
1718411883163 92.0 31
1718411893190 70.0 32
1718411903214 86.0 33
1718411913241 85.0 34
1718411923261 93.0 35
1718411933287 94.0 36
1718411943386 92.0 37
1718411953406 93.0 38
1718411963427 70.0 39
1718411973450 71.0 40
1718411983471 89.0 41
1718411993506 94.0 42
1718412003539 93.0 43
1718412013602 93.0 44
1718412023624 86.0 45
1718412033653 88.0 46
1718412043681 94.0 47
1718412053709 93.0 48
1718412063751 94.0 49
1718412073781 94.0 50
1718412083811 94.0 51
1718412093842 88.0 52
1718412103866 95.0 53
1718412113905 93.0 54
1718412123946 94.0 55
1718412133986 94.0 56
1718412144028 94.0 57
1718412154053 93.0 58
1718412164074 93.0 59
1718412174096 90.0 60
1718412184117 94.0 61
1718412194144 92.0 62
1718412204170 92.0 63
1718412214198 92.0 64
1718412224229 92.0 65
1718412234261 93.0 66
1718412244318 93.0 67
1718412254341 92.0 68
1718412264368 92.0 69
1718412274399 92.0 70
1718412284421 92.0 71
1718412294463 65.0 72
1718412304488 95.0 73
1718412314510 93.0 74
1718412324533 86.0 75
1718412334559 87.0 76
1718412344600 93.0 77
1718412354622 92.0 78
1718412364643 94.0 79
1718412374669 84.0 80
1718412384690 92.0 81
1718412394761 93.0 82
1718412404791 94.0 83
1718412414821 88.0 84
1718412424851 94.0 85
1718412434882 93.0 86
1718412444902 93.0 87
1718412454930 87.0 88
1718412464959 87.0 89
1718412474990 86.0 90
1718412485034 87.0 91
1718412495064 95.0 92
1718412505094 93.0 93
1718412515124 86.0 94
1718412525154 87.0 95
1718412535184 87.0 96
1718412545215 87.0 97
1718412555246 87.0 98
1718412565273 88.0 99
1718412575301 87.0 100
1718412585331 90.0 101
1718412595355 89.0 102
1718412605384 87.0 103
1718412615455 92.0 104
1718412625478 87.0 105
1718412635499 86.0 106
1718412645522 94.0 107
1718412655554 94.0 108
1718412665585 87.0 109
1718412675617 93.0 110
1718412685648 93.0 111
1718412695678 93.0 112
1718412705708 87.0 113
1718412715737 89.0 114
1718412725767 87.0 115
1718412735801 86.0 116
1718412745834 88.0 117
1718412755868 93.0 118
1718412765900 92.0 119
1718412775931 93.0 120
1718412785968 93.0 121
1718412796027 94.0 122
1718412806058 93.0 123
1718412816114 94.0 124
1718412826139 93.0 125
1718412836201 92.0 126
1718412846235 71.0 127
1718412856298 70.0 128
1718412866325 92.0 129
1718412876355 89.0 130
1718412886388 93.0 131
1718412896469 92.0 132
1718412906540 93.0 133
1718412916605 92.0 134
1718412926672 92.0 135
1718412936747 93.0 136
1718412946821 93.0 137
1718412956886 92.0 138
1718412966955 92.0 139
1718412977031 91.0 140
1718412987120 92.0 141
1718412997150 93.0 142
1718413007176 69.0 143
1718413017204 94.0 144
1718413027240 78.0 145
