1718411572232 0.0 0
1718411582252 0.0003629999999930078 1
1718411592272 0.0008660000000304535 2
1718411602361 0.0013160000000311811 3
1718411612389 0.00223700000003646 4
1718411622411 0.0025019999999926767 5
1718411632431 0.00722200000001294 6
1718411642450 0.007427000000006956 7
1718411652472 0.008973000000025877 8
1718411662495 0.009032999999988078 9
1718411672525 7.092097000000024 10
1718411682547 46.61482000000001 11
1718411692569 89.40264199999996 12
1718411702604 93.90174200000007 13
1718411712631 93.91393899999997 14
1718411722658 93.91571900000002 15
1718411732686 93.91582199999999 16
1718411742759 93.91653500000001 17
1718411752780 93.92142700000005 18
1718411762798 93.92238600000002 19
1718411772818 93.92268300000006 20
1718411782837 93.92268300000006 21
1718411792905 93.923382 22
1718411802926 93.92421099999996 23
1718411812952 93.92883599999999 24
1718411822979 93.92926400000005 25
1718411833006 93.92987299999999 26
1718411843033 93.93002800000005 27
1718411853106 93.93071900000001 28
1718411863123 93.931354 29
1718411873144 93.93604399999998 30
1718411883163 93.93635799999998 31
1718411893190 93.936983 32
1718411903214 93.93866700000007 33
1718411913241 93.93930500000005 34
1718411923261 97.35216099999997 35
1718411933287 97.36373199999997 36
1718411943386 97.36494299999998 37
1718411953406 97.365384 38
1718411963427 97.366378 39
1718411973450 97.366874 40
1718411983471 97.367188 41
1718411993506 97.37289400000003 42
1718412003539 97.38434000000001 43
1718412013602 97.38478700000002 44
1718412023624 97.38507399999997 45
1718412033653 97.385965 46
1718412043681 97.38691399999999 47
1718412053709 97.39189600000003 48
1718412063751 97.39248300000003 49
1718412073781 97.39312000000001 50
1718412083811 97.39391700000004 51
1718412093842 97.39418800000004 52
1718412103866 97.39477300000004 53
1718412113905 97.39920699999999 54
1718412123946 97.39985500000006 55
1718412133986 97.40055100000001 56
1718412144028 97.40112200000004 57
1718412154053 97.40185300000002 58
1718412164074 97.40253200000001 59
1718412174096 97.40725200000003 60
1718412184117 97.408121 61
1718412194144 97.40930399999996 62
1718412204170 97.41116600000004 63
1718412214198 97.41130300000003 64
1718412224229 97.41185899999999 65
1718412234261 97.41646399999996 66
1718412244318 97.41721000000001 67
1718412254341 97.41771699999998 68
1718412264368 97.41803699999997 69
1718412274399 97.41864800000002 70
1718412284421 97.41941200000002 71
1718412294463 97.43415399999998 72
1718412304488 97.45347099999998 73
1718412314510 97.47507300000001 74
1718412324533 97.47586200000006 75
1718412334559 97.47635700000006 76
1718412344600 97.47652599999998 77
1718412354622 97.481293 78
1718412364643 97.48169200000001 79
1718412374669 97.48211299999997 80
1718412384690 97.48221600000005 81
1718412394761 97.48274599999996 82
1718412404791 97.48314499999998 83
1718412414821 97.48786100000001 84
1718412424851 97.48820300000006 85
1718412434882 97.48884400000003 86
1718412444902 97.48960800000003 87
1718412454930 97.48995700000006 88
1718412464959 97.49036000000007 89
1718412474990 97.49454399999996 90
1718412485034 97.49500300000005 91
1718412495064 97.495162 92
1718412505094 97.49643599999996 93
1718412515124 97.49775900000003 94
1718412525154 97.49775900000003 95
1718412535184 97.50283800000005 96
1718412545215 97.50283800000005 97
1718412555246 97.50332299999997 98
1718412565273 97.50369900000004 99
1718412575301 97.50414000000006 100
1718412585331 97.504256 101
1718412595355 97.50993899999997 102
1718412605384 97.52893499999999 103
1718412615455 97.52928800000001 104
1718412625478 97.529427 105
1718412635499 97.52959000000004 106
1718412645522 97.53016199999996 107
1718412655554 97.53465699999998 108
1718412665585 97.53479599999997 109
1718412675617 97.53530100000006 110
1718412685648 97.53575400000005 111
1718412695678 97.53618799999998 112
1718412705708 97.53648400000003 113
1718412715737 97.54120900000004 114
1718412725767 97.542217 115
1718412735801 97.54283100000004 116
1718412745834 97.54313600000006 117
1718412755868 97.54376099999996 118
1718412765900 97.54421400000007 119
1718412775931 97.54878300000001 120
1718412785968 97.54922900000003 121
1718412796027 97.54954900000001 122
1718412806058 97.55097300000006 123
1718412816114 97.551714 124
1718412826139 97.55392699999999 125
1718412836201 97.55635699999999 126
1718412846235 97.55679200000003 127
1718412856298 97.55746900000003 128
1718412866325 97.55798799999997 129
1718412876355 97.55846500000001 130
1718412886388 97.56348499999996 131
1718412896469 97.56503500000002 132
1718412906540 97.584632 133
1718412916605 97.58531299999999 134
1718412926672 97.58585999999997 135
1718412936747 97.586387 136
1718412946821 97.59084200000001 137
1718412956886 97.59108399999997 138
1718412966955 97.59142200000002 139
1718412977031 97.59152499999999 140
1718412987120 97.59168400000004 141
1718412997150 97.60161899999997 142
1718413007176 97.60652699999997 143
1718413017204 97.606787 144
1718413027240 97.60684699999996 145
