1718411572232 0.0 0
1718411582252 0.0007610000000006778 1
1718411592272 0.0013050000000003337 2
1718411602361 0.001898999999999873 3
1718411612389 0.002950999999999482 4
1718411622411 0.0032239999999994495 5
1718411632431 0.007984999999999687 6
1718411642450 0.008257999999999655 7
1718411652472 0.009900999999999271 8
1718411662495 0.009900999999999271 9
1718411672525 6.917085 10
1718411682547 8.164359000000001 11
1718411692569 9.428930000000001 12
1718411702604 9.641417 13
1718411712631 9.646384999999999 14
1718411722658 9.646844999999999 15
1718411732686 9.646844999999999 16
1718411742759 9.647514000000001 17
1718411752780 9.652619999999999 18
1718411762798 9.653088 19
1718411772818 9.653481 20
1718411782837 9.653481 21
1718411792905 9.654205999999999 22
1718411802926 9.654889999999998 23
1718411812952 9.659465 24
1718411822979 9.660036999999999 25
1718411833006 9.660751999999999 26
1718411843033 9.660955000000001 27
1718411853106 9.661453000000002 28
1718411863123 9.662220000000001 29
1718411873144 9.667055999999999 30
1718411883163 9.667552 31
1718411893190 9.668178000000001 32
1718411903214 9.670155999999999 33
1718411913241 9.670988000000001 34
1718411923261 9.743791000000002 35
1718411933287 9.766048000000001 36
1718411943386 9.766513 37
1718411953406 9.767184 38
1718411963427 9.768514 39
1718411973450 9.768899999999999 40
1718411983471 9.769265 41
1718411993506 9.775027000000001 42
1718412003539 9.782354000000002 43
1718412013602 9.782945000000002 44
1718412023624 9.783328000000001 45
1718412033653 9.784507000000001 46
1718412043681 9.785618 47
1718412053709 9.790934 48
1718412063751 9.791317 49
1718412073781 9.792148000000001 50
1718412083811 9.793187 51
1718412093842 9.793546 52
1718412103866 9.794322999999999 53
1718412113905 9.798853000000001 54
1718412123946 9.799695 55
1718412133986 9.800543000000001 56
1718412144028 9.801306 57
1718412154053 9.802277 58
1718412164074 9.803149999999999 59
1718412174096 9.807987999999998 60
1718412184117 9.809062999999998 61
1718412194144 9.810102 62
1718412204170 9.811862999999999 63
1718412214198 9.812048 64
1718412224229 9.812731 65
1718412234261 9.81748 66
1718412244318 9.818317 67
1718412254341 9.818988000000001 68
1718412264368 9.819279000000002 69
1718412274399 9.820082 70
1718412284421 9.820937 71
1718412294463 9.829519000000001 72
1718412304488 9.840146 73
1718412314510 9.85153 74
1718412324533 9.852456 75
1718412334559 9.853121000000002 76
1718412344600 9.853207000000001 77
1718412354622 9.858139999999999 78
1718412364643 9.858618 79
1718412374669 9.859183000000002 80
1718412384690 9.859183000000002 81
1718412394761 9.859791000000001 82
1718412404791 9.860183 83
1718412414821 9.865276999999999 84
1718412424851 9.865538 85
1718412434882 9.866285000000001 86
1718412444902 9.866489999999999 87
1718412454930 9.866875 88
1718412464959 9.867270999999999 89
1718412474990 9.871455000000001 90
1718412485034 9.871994999999998 91
1718412495064 9.872284 92
1718412505094 9.873370999999999 93
1718412515124 9.874915000000001 94
1718412525154 9.875001000000001 95
1718412535184 9.880187 96
1718412545215 9.880187 97
1718412555246 9.880638999999999 98
1718412565273 9.881113 99
1718412575301 9.881573 100
1718412585331 9.881689000000001 101
1718412595355 9.887411 102
1718412605384 9.897739999999999 103
1718412615455 9.898171999999999 104
1718412625478 9.898359 105
1718412635499 9.898444999999999 106
1718412645522 9.899269 107
1718412655554 9.903642999999999 108
1718412665585 9.903915999999999 109
1718412675617 9.904314 110
1718412685648 9.904986999999998 111
1718412695678 9.905346000000002 112
1718412705708 9.905738 113
1718412715737 9.910504 114
1718412725767 9.911742 115
1718412735801 9.912417000000001 116
1718412745834 9.912818000000001 117
1718412755868 9.913424 118
1718412765900 9.913995 119
1718412775931 9.918557 120
1718412785968 9.919232999999998 121
1718412796027 9.9195 122
1718412806058 9.920862 123
1718412816114 9.921631999999999 124
1718412826139 9.923979 125
1718412836201 9.926355999999998 126
1718412846235 9.926935 127
1718412856298 9.927700999999999 128
1718412866325 9.928366 129
1718412876355 9.928861999999999 130
1718412886388 9.934073999999999 131
1718412896469 9.935714999999998 132
1718412906540 9.946767000000001 133
1718412916605 9.947623 134
1718412926672 9.948214 135
1718412936747 9.948836 136
1718412946821 9.953378999999998 137
1718412956886 9.953565999999999 138
1718412966955 9.954087999999999 139
1718412977031 9.954087999999999 140
1718412987120 9.954294999999998 141
1718412997150 9.958157 142
1718413007176 9.963304999999998 143
1718413017204 9.96351 144
1718413027240 9.96351 145
