1718411572232 6496.3 0
1718411582252 7858.4 1
1718411592272 8201.2 2
1718411602361 8191.3 3
1718411612389 8190.5 4
1718411622411 8186.0 5
1718411632431 8183.9 6
1718411642450 8167.0 7
1718411652472 8184.7 8
1718411662495 8179.3 9
1718411672525 9744.3 10
1718411682547 10855.9 11
1718411692569 11788.3 12
1718411702604 8213.6 13
1718411712631 8207.8 14
1718411722658 8188.1 15
1718411732686 8189.1 16
1718411742759 8182.9 17
1718411752780 8190.2 18
1718411762798 8187.2 19
1718411772818 8195.0 20
1718411782837 8181.0 21
1718411792905 8186.4 22
1718411802926 8193.3 23
1718411812952 8181.2 24
1718411822979 8177.9 25
1718411833006 8189.5 26
1718411843033 8181.3 27
1718411853106 8186.0 28
1718411863123 8176.8 29
1718411873144 8208.4 30
1718411883163 8198.7 31
1718411893190 8218.0 32
1718411903214 8216.4 33
1718411913241 8276.8 34
1718411923261 8431.0 35
1718411933287 8403.5 36
1718411943386 8355.6 37
1718411953406 8333.9 38
1718411963427 8351.4 39
1718411973450 8354.3 40
1718411983471 8337.2 41
1718411993506 8342.3 42
1718412003539 8353.4 43
1718412013602 8373.4 44
1718412023624 8366.3 45
1718412033653 8349.0 46
1718412043681 8354.2 47
1718412053709 8361.4 48
1718412063751 8350.7 49
1718412073781 8350.5 50
1718412083811 8349.8 51
1718412093842 8348.7 52
1718412103866 8351.6 53
1718412113905 8359.1 54
1718412123946 8350.2 55
1718412133986 8354.6 56
1718412144028 8354.2 57
1718412154053 8353.0 58
1718412164074 8352.2 59
1718412174096 8357.3 60
1718412184117 8359.0 61
1718412194144 8453.8 62
1718412204170 8454.4 63
1718412214198 8448.9 64
1718412224229 8456.6 65
1718412234261 8451.2 66
1718412244318 8443.7 67
1718412254341 8439.7 68
1718412264368 8447.2 69
1718412274399 8444.2 70
1718412284421 8450.5 71
1718412294463 9546.9 72
1718412304488 9537.4 73
1718412314510 9543.1 74
1718412324533 9540.2 75
1718412334559 9551.2 76
1718412344600 9553.3 77
1718412354622 9562.5 78
1718412364643 9562.4 79
1718412374669 9568.7 80
1718412384690 9571.6 81
1718412394761 9566.0 82
1718412404791 9568.2 83
1718412414821 9550.6 84
1718412424851 9541.5 85
1718412434882 9546.1 86
1718412444902 9537.5 87
1718412454930 9544.1 88
1718412464959 9546.6 89
1718412474990 9552.3 90
1718412485034 9550.4 91
1718412495064 9551.7 92
1718412505094 9553.8 93
1718412515124 9553.0 94
1718412525154 9553.8 95
1718412535184 9556.4 96
1718412545215 9555.8 97
1718412555246 9556.5 98
1718412565273 9543.3 99
1718412575301 9548.4 100
1718412585331 9547.1 101
1718412595355 9545.4 102
1718412605384 9551.0 103
1718412615455 9562.0 104
1718412625478 9550.7 105
1718412635499 9558.4 106
1718412645522 9552.7 107
1718412655554 9561.0 108
1718412665585 9562.0 109
1718412675617 9550.8 110
1718412685648 9553.5 111
1718412695678 9557.6 112
1718412705708 9546.7 113
1718412715737 9551.9 114
1718412725767 9554.3 115
1718412735801 9552.8 116
1718412745834 9547.0 117
1718412755868 9545.8 118
1718412765900 9543.1 119
1718412775931 9553.2 120
1718412785968 9553.4 121
1718412796027 9552.3 122
1718412806058 9554.3 123
1718412816114 9561.3 124
1718412826139 9555.1 125
1718412836201 9557.5 126
1718412846235 9555.5 127
1718412856298 9559.1 128
1718412866325 9560.3 129
1718412876355 9557.6 130
1718412886388 9556.0 131
1718412896469 9559.1 132
1718412906540 9548.5 133
1718412916605 9557.6 134
1718412926672 9558.6 135
1718412936747 9563.9 136
1718412946821 9566.8 137
1718412956886 9559.9 138
1718412966955 9568.4 139
1718412977031 9567.6 140
1718412987120 9558.5 141
1718412997150 9588.2 142
1718413007176 9581.9 143
1718413017204 9559.7 144
1718413027240 9548.7 145
