1718411572232 19.4 0
1718411582252 23.4 1
1718411592272 24.5 2
1718411602361 24.4 3
1718411612389 24.4 4
1718411622411 24.4 5
1718411632431 24.4 6
1718411642450 24.4 7
1718411652472 24.4 8
1718411662495 24.4 9
1718411672525 29.1 10
1718411682547 32.4 11
1718411692569 35.2 12
1718411702604 24.5 13
1718411712631 24.5 14
1718411722658 24.4 15
1718411732686 24.4 16
1718411742759 24.4 17
1718411752780 24.4 18
1718411762798 24.4 19
1718411772818 24.4 20
1718411782837 24.4 21
1718411792905 24.4 22
1718411802926 24.4 23
1718411812952 24.4 24
1718411822979 24.4 25
1718411833006 24.4 26
1718411843033 24.4 27
1718411853106 24.4 28
1718411863123 24.4 29
1718411873144 24.5 30
1718411883163 24.4 31
1718411893190 24.5 32
1718411903214 24.5 33
1718411913241 24.7 34
1718411923261 25.1 35
1718411933287 25.1 36
1718411943386 24.9 37
1718411953406 24.8 38
1718411963427 24.9 39
1718411973450 24.9 40
1718411983471 24.9 41
1718411993506 24.9 42
1718412003539 24.9 43
1718412013602 25.0 44
1718412023624 24.9 45
1718412033653 24.9 46
1718412043681 24.9 47
1718412053709 24.9 48
1718412063751 24.9 49
1718412073781 24.9 50
1718412083811 24.9 51
1718412093842 24.9 52
1718412103866 24.9 53
1718412113905 24.9 54
1718412123946 24.9 55
1718412133986 24.9 56
1718412144028 24.9 57
1718412154053 24.9 58
1718412164074 24.9 59
1718412174096 24.9 60
1718412184117 24.9 61
1718412194144 25.2 62
1718412204170 25.2 63
1718412214198 25.2 64
1718412224229 25.2 65
1718412234261 25.2 66
1718412244318 25.2 67
1718412254341 25.2 68
1718412264368 25.2 69
1718412274399 25.2 70
1718412284421 25.2 71
1718412294463 28.5 72
1718412304488 28.4 73
1718412314510 28.5 74
1718412324533 28.4 75
1718412334559 28.5 76
1718412344600 28.5 77
1718412354622 28.5 78
1718412364643 28.5 79
1718412374669 28.5 80
1718412384690 28.5 81
1718412394761 28.5 82
1718412404791 28.5 83
1718412414821 28.5 84
1718412424851 28.5 85
1718412434882 28.5 86
1718412444902 28.4 87
1718412454930 28.5 88
1718412464959 28.5 89
1718412474990 28.5 90
1718412485034 28.5 91
1718412495064 28.5 92
1718412505094 28.5 93
1718412515124 28.5 94
1718412525154 28.5 95
1718412535184 28.5 96
1718412545215 28.5 97
1718412555246 28.5 98
1718412565273 28.5 99
1718412575301 28.5 100
1718412585331 28.5 101
1718412595355 28.5 102
1718412605384 28.5 103
1718412615455 28.5 104
1718412625478 28.5 105
1718412635499 28.5 106
1718412645522 28.5 107
1718412655554 28.5 108
1718412665585 28.5 109
1718412675617 28.5 110
1718412685648 28.5 111
1718412695678 28.5 112
1718412705708 28.5 113
1718412715737 28.5 114
1718412725767 28.5 115
1718412735801 28.5 116
1718412745834 28.5 117
1718412755868 28.5 118
1718412765900 28.5 119
1718412775931 28.5 120
1718412785968 28.5 121
1718412796027 28.5 122
1718412806058 28.5 123
1718412816114 28.5 124
1718412826139 28.5 125
1718412836201 28.5 126
1718412846235 28.5 127
1718412856298 28.5 128
1718412866325 28.5 129
1718412876355 28.5 130
1718412886388 28.5 131
1718412896469 28.5 132
1718412906540 28.5 133
1718412916605 28.5 134
1718412926672 28.5 135
1718412936747 28.5 136
1718412946821 28.5 137
1718412956886 28.5 138
1718412966955 28.5 139
1718412977031 28.5 140
1718412987120 28.5 141
1718412997150 28.6 142
1718413007176 28.6 143
1718413017204 28.5 144
1718413027240 28.5 145
