1718211576408 0.0 0
1718211586429 8.8 1
1718211596451 6.4 2
1718211606470 6.4 3
1718211616490 6.4 4
1718211626524 6.2 5
1718211636547 6.9 6
1718211646568 6.4 7
1718211656590 6.2 8
1718211666610 6.2 9
1718211676632 6.0 10
1718211686652 6.3 11
1718211696673 6.5 12
1718211706694 6.2 13
1718211716716 6.2 14
1718211726745 6.5 15
1718211736776 6.5 16
1718211746797 6.7 17
1718211756869 6.1 18
1718211766886 6.2 19
1718211776907 6.4 20
1718211786926 6.3 21
1718211796946 6.2 22
1718211806979 6.4 23
1718211817009 6.4 24
1718211827032 6.8 25
1718211837053 6.3 26
1718211847075 6.3 27
1718211857098 6.2 28
1718211867119 6.0 29
1718211877153 6.2 30
1718211887203 6.1 31
1718211897224 6.3 32
1718211907245 6.2 33
