1718211576408 574729.0 0
1718211586429 574734.0 1
1718211596451 574734.4 2
1718211606470 574734.4 3
1718211616490 574734.4 4
1718211626524 574734.4 5
1718211636547 574734.4 6
1718211646568 574734.4 7
1718211656590 574734.4 8
1718211666610 574734.4 9
1718211676632 574734.4 10
1718211686652 574734.4 11
1718211696673 574734.4 12
1718211706694 574734.4 13
1718211716716 574734.4 14
1718211726745 574734.4 15
1718211736776 574734.4 16
1718211746797 574734.4 17
1718211756869 574734.4 18
1718211766886 574734.4 19
1718211776907 574734.4 20
1718211786926 574734.4 21
1718211796946 574734.4 22
1718211806979 574734.4 23
1718211817009 574734.4 24
1718211827032 574734.4 25
1718211837053 574734.4 26
1718211847075 574734.4 27
1718211857098 574734.4 28
1718211867119 574734.4 29
1718211877153 574734.4 30
1718211887203 574734.4 31
1718211897224 574734.4 32
1718211907245 574734.4 33
