1718211576408 61.6 0
1718211586429 61.6 1
1718211596451 61.6 2
1718211606470 61.6 3
1718211616490 61.6 4
1718211626524 61.6 5
1718211636547 61.6 6
1718211646568 61.6 7
1718211656590 61.6 8
1718211666610 61.6 9
1718211676632 61.6 10
1718211686652 61.6 11
1718211696673 61.6 12
1718211706694 61.6 13
1718211716716 61.6 14
1718211726745 61.6 15
1718211736776 61.6 16
1718211746797 61.6 17
1718211756869 61.6 18
1718211766886 61.6 19
1718211776907 61.6 20
1718211786926 61.6 21
1718211796946 61.6 22
1718211806979 61.6 23
1718211817009 61.6 24
1718211827032 61.6 25
1718211837053 61.6 26
1718211847075 61.6 27
1718211857098 61.6 28
1718211867119 61.6 29
1718211877153 61.6 30
1718211887203 61.6 31
1718211897224 61.6 32
1718211907245 61.6 33
