1718211576408 358091.8 0
1718211586429 358086.8 1
1718211596451 358086.5 2
1718211606470 358086.4 3
1718211616490 358086.4 4
1718211626524 358086.4 5
1718211636547 358086.4 6
1718211646568 358086.4 7
1718211656590 358086.4 8
1718211666610 358086.4 9
1718211676632 358086.4 10
1718211686652 358086.4 11
1718211696673 358086.4 12
1718211706694 358086.4 13
1718211716716 358086.4 14
1718211726745 358086.4 15
1718211736776 358086.4 16
1718211746797 358086.4 17
1718211756869 358086.4 18
1718211766886 358086.4 19
1718211776907 358086.4 20
1718211786926 358086.4 21
1718211796946 358086.4 22
1718211806979 358086.4 23
1718211817009 358086.4 24
1718211827032 358086.4 25
1718211837053 358086.4 26
1718211847075 358086.4 27
1718211857098 358086.4 28
1718211867119 358086.4 29
1718211877153 358086.4 30
1718211887203 358086.4 31
1718211897224 358086.4 32
1718211907245 358086.4 33
