1718211576408 30.7 0
1718211586429 37.7 1
1718211596451 38.8 2
1718211606470 38.8 3
1718211616490 39.0 4
1718211626524 39.1 5
1718211636547 39.1 6
1718211646568 39.1 7
1718211656590 39.1 8
1718211666610 39.1 9
1718211676632 39.1 10
1718211686652 39.1 11
1718211696673 39.1 12
1718211706694 39.1 13
1718211716716 39.1 14
1718211726745 39.1 15
1718211736776 39.1 16
1718211746797 39.1 17
1718211756869 39.1 18
1718211766886 39.1 19
1718211776907 39.1 20
1718211786926 39.1 21
1718211796946 39.1 22
1718211806979 39.1 23
1718211817009 39.1 24
1718211827032 39.1 25
1718211837053 39.1 26
1718211847075 39.1 27
1718211857098 39.1 28
1718211867119 39.1 29
1718211877153 39.1 30
1718211887203 39.1 31
1718211897224 39.1 32
1718211907245 39.1 33
