1718211576408 3955.8 0
1718211586429 4852.4 1
1718211596451 4999.2 2
1718211606470 4999.2 3
1718211616490 5030.6 4
1718211626524 5032.7 5
1718211636547 5032.7 6
1718211646568 5032.7 7
1718211656590 5032.7 8
1718211666610 5032.7 9
1718211676632 5032.7 10
1718211686652 5032.7 11
1718211696673 5036.8 12
1718211706694 5036.0 13
1718211716716 5036.0 14
1718211726745 5038.1 15
1718211736776 5037.3 16
1718211746797 5037.3 17
1718211756869 5037.3 18
1718211766886 5037.3 19
1718211776907 5037.3 20
1718211786926 5037.3 21
1718211796946 5037.3 22
1718211806979 5037.3 23
1718211817009 5037.3 24
1718211827032 5037.3 25
1718211837053 5037.3 26
1718211847075 5037.3 27
1718211857098 5037.3 28
1718211867119 5037.3 29
1718211877153 5037.3 30
1718211887203 5037.3 31
1718211897224 5033.0 32
1718211907245 5033.0 33
