1718211576408 10.0 0
1718211586429 10.0 1
1718211596451 85.0 2
1718211606470 91.0 3
1718211616490 89.0 4
1718211626524 90.0 5
1718211636547 90.0 6
1718211646568 81.0 7
1718211656590 94.0 8
1718211666610 79.0 9
1718211676632 87.0 10
1718211686652 87.0 11
1718211696673 87.0 12
1718211706694 92.0 13
1718211716716 80.0 14
1718211726745 90.0 15
1718211736776 84.0 16
1718211746797 86.0 17
1718211756869 79.0 18
1718211766886 87.0 19
1718211776907 94.0 20
1718211786926 93.0 21
1718211796946 90.0 22
1718211806979 80.0 23
1718211817009 88.0 24
1718211827032 78.0 25
1718211837053 88.0 26
1718211847075 87.0 27
1718211857098 91.0 28
1718211867119 92.0 29
1718211877153 89.0 30
1718211887203 89.0 31
1718211897224 78.0 32
1718211907245 87.0 33
