1718211576408 0.0 0
1718211586429 0.0 1
1718211596451 0.0 2
1718211606470 0.0002540000000408327 3
1718211616490 0.00031599999999798456 4
1718211626524 0.004500000000007276 5
1718211636547 0.004500000000007276 6
1718211646568 0.005543999999986227 7
1718211656590 0.005543999999986227 8
1718211666610 0.005543999999986227 9
1718211676632 0.005543999999986227 10
1718211686652 0.009843999999986863 11
1718211696673 0.0205670000000282 12
1718211706694 0.0211879999999951 13
1718211716716 0.021274000000005344 14
1718211726745 0.02136000000001559 15
1718211736776 0.02200500000003558 16
1718211746797 0.026361000000008517 17
1718211756869 0.026361000000008517 18
1718211766886 0.026509000000032756 19
1718211776907 0.026509000000032756 20
1718211786926 0.026594999999986157 21
1718211796946 0.026680999999996402 22
1718211806979 0.031048999999995885 23
1718211817009 0.031221000000016375 24
1718211827032 0.031369000000040614 25
1718211837053 0.03144300000002431 26
1718211847075 0.03144300000002431 27
1718211857098 0.03144300000002431 28
1718211867119 0.0357370000000401 29
1718211877153 0.035885000000007494 30
1718211887203 0.035885000000007494 31
1718211897224 0.035885000000007494 32
1718211907245 0.035885000000007494 33
