1718211576408 0.0 0
1718211586429 0.0 1
1718211596451 6.000000030326191e-05 2
1718211606470 0.000192000001334236 3
1718211616490 0.0002519999998185085 4
1718211626524 0.004436000001078355 5
1718211636547 0.004495999999562628 6
1718211646568 0.0056500000009691576 7
1718211656590 0.0057100000012724195 8
1718211666610 0.0057100000012724195 9
1718211676632 0.0057100000012724195 10
1718211686652 0.010009999999965657 11
1718211696673 0.027938999999605585 12
1718211706694 0.028846000001067296 13
1718211716716 0.028905999999551568 14
1718211726745 0.028905999999551568 15
1718211736776 0.029655000000275322 16
1718211746797 0.033971000000747154 17
1718211756869 0.033971000000747154 18
1718211766886 0.034031000001050415 19
1718211776907 0.03409100000135368 20
1718211786926 0.034157000000050175 21
1718211796946 0.03422300000056566 22
1718211806979 0.03862900000058289 23
1718211817009 0.03878500000064378 24
1718211827032 0.039071000001058565 25
1718211837053 0.03913099999954284 26
1718211847075 0.03913099999954284 27
1718211857098 0.03913099999954284 28
1718211867119 0.04340500000034808 29
1718211877153 0.04396900000028836 30
1718211887203 0.04396900000028836 31
1718211897224 0.04396900000028836 32
1718211907245 0.04402900000059162 33
