1718211576408 5579.7 0
1718211586429 7106.4 1
1718211596451 7215.4 2
1718211606470 7211.9 3
1718211616490 7223.3 4
1718211626524 7212.6 5
1718211636547 7214.7 6
1718211646568 7215.7 7
1718211656590 7210.3 8
1718211666610 7212.3 9
1718211676632 7212.6 10
1718211686652 7217.5 11
1718211696673 7233.0 12
1718211706694 7225.3 13
1718211716716 7215.5 14
1718211726745 7219.6 15
1718211736776 7216.6 16
1718211746797 7215.3 17
1718211756869 7207.2 18
1718211766886 7207.6 19
1718211776907 7215.0 20
1718211786926 7213.2 21
1718211796946 7216.2 22
1718211806979 7213.1 23
1718211817009 7203.4 24
1718211827032 7211.5 25
1718211837053 7221.4 26
1718211847075 7214.5 27
1718211857098 7220.1 28
1718211867119 7217.2 29
1718211877153 7223.6 30
1718211887203 7217.2 31
1718211897224 7209.2 32
1718211907245 7221.7 33
