1718211576408 16.6 0
1718211586429 21.2 1
1718211596451 21.5 2
1718211606470 21.5 3
1718211616490 21.5 4
1718211626524 21.5 5
1718211636547 21.5 6
1718211646568 21.5 7
1718211656590 21.5 8
1718211666610 21.5 9
1718211676632 21.5 10
1718211686652 21.5 11
1718211696673 21.6 12
1718211706694 21.5 13
1718211716716 21.5 14
1718211726745 21.5 15
1718211736776 21.5 16
1718211746797 21.5 17
1718211756869 21.5 18
1718211766886 21.5 19
1718211776907 21.5 20
1718211786926 21.5 21
1718211796946 21.5 22
1718211806979 21.5 23
1718211817009 21.5 24
1718211827032 21.5 25
1718211837053 21.5 26
1718211847075 21.5 27
1718211857098 21.5 28
1718211867119 21.5 29
1718211877153 21.5 30
1718211887203 21.5 31
1718211897224 21.5 32
1718211907245 21.5 33
