1718222408890 0.0 0
1718222418913 8.1 1
1718222428938 7.0 2
1718222438979 6.9 3
1718222449011 6.3 4
1718222459041 6.8 5
1718222469076 6.2 6
1718222479100 7.1 7
1718222489128 6.8 8
1718222499152 7.3 9
1718222509175 6.8 10
1718222519198 6.5 11
1718222529226 6.3 12
1718222539247 6.4 13
1718222549286 6.8 14
1718222559306 6.4 15
1718222569328 6.1 16
1718222579356 6.2 17
1718222589389 6.4 18
1718222599423 7.2 19
1718222609453 6.3 20
1718222619482 6.4 21
1718222629513 6.2 22
1718222639546 6.6 23
1718222649578 6.1 24
1718222659599 6.3 25
1718222669628 6.2 26
1718222679658 6.2 27
1718222689689 8.5 28
1718222699714 8.5 29
1718222709742 7.8 30
1718222719772 8.0 31
1718222729799 7.8 32
1718222739826 7.4 33
1718222749851 7.3 34
1718222759874 8.7 35
1718222769896 9.5 36
1718222779918 8.7 37
1718222789947 8.9 38
1718222799974 8.9 39
1718222809997 9.9 40
1718222820019 11.2 41
1718222830039 9.7 42
1718222840061 8.2 43
1718222850089 9.9 44
1718222860120 10.4 45
1718222870149 9.9 46
1718222880174 11.9 47
1718222890198 11.2 48
1718222900224 11.6 49
1718222910255 11.4 50
1718222920277 11.5 51
1718222930299 12.6 52
1718222940323 13.1 53
1718222950347 9.3 54
1718222960375 7.7 55
1718222970402 11.7 56
1718222980433 9.5 57
1718222990465 10.2 58
1718223000494 12.6 59
1718223010538 10.5 60
1718223020561 9.0 61
1718223030591 9.6 62
1718223040615 9.8 63
1718223050640 9.3 64
1718223060670 8.9 65
1718223070691 10.5 66
1718223080714 7.1 67
1718223090739 7.0 68
1718223100766 9.4 69
1718223110797 10.3 70
1718223120822 11.1 71
1718223130851 13.2 72
1718223140878 9.4 73
1718223150900 11.9 74
1718223160930 11.5 75
1718223170962 10.1 76
1718223180988 9.3 77
1718223191020 9.7 78
1718223201062 9.8 79
1718223211098 10.7 80
1718223221127 10.6 81
1718223231151 10.7 82
1718223241182 11.6 83
1718223251209 11.5 84
1718223261241 9.8 85
1718223271270 11.7 86
1718223281291 12.6 87
1718223291314 10.9 88
1718223301340 10.3 89
1718223311370 12.3 90
1718223321452 12.2 91
1718223331474 12.1 92
1718223341503 11.4 93
1718223351527 11.2 94
1718223361550 13.5 95
1718223371572 14.8 96
