1718222408890 65.0 0
1718222418913 65.0 1
1718222428938 65.0 2
1718222438979 65.0 3
1718222449011 65.0 4
1718222459041 65.0 5
1718222469076 65.0 6
1718222479100 65.0 7
1718222489128 65.0 8
1718222499152 65.0 9
1718222509175 65.0 10
1718222519198 65.0 11
1718222529226 65.0 12
1718222539247 65.0 13
1718222549286 65.0 14
1718222559306 65.0 15
1718222569328 65.0 16
1718222579356 65.0 17
1718222589389 65.0 18
1718222599423 65.0 19
1718222609453 65.0 20
1718222619482 65.0 21
1718222629513 65.0 22
1718222639546 65.0 23
1718222649578 65.0 24
1718222659599 65.0 25
1718222669628 65.0 26
1718222679658 65.0 27
1718222689689 65.0 28
1718222699714 65.0 29
1718222709742 65.0 30
1718222719772 65.0 31
1718222729799 65.0 32
1718222739826 65.0 33
1718222749851 65.0 34
1718222759874 65.0 35
1718222769896 65.0 36
1718222779918 65.0 37
1718222789947 65.0 38
1718222799974 65.0 39
1718222809997 65.0 40
1718222820019 65.0 41
1718222830039 65.0 42
1718222840061 65.0 43
1718222850089 65.0 44
1718222860120 65.0 45
1718222870149 65.2 46
1718222880174 65.2 47
1718222890198 65.2 48
1718222900224 65.2 49
1718222910255 65.2 50
1718222920277 65.2 51
1718222930299 65.2 52
1718222940323 65.2 53
1718222950347 65.2 54
1718222960375 65.2 55
1718222970402 65.2 56
1718222980433 65.2 57
1718222990465 65.2 58
1718223000494 65.2 59
1718223010538 65.2 60
1718223020561 65.2 61
1718223030591 65.2 62
1718223040615 65.2 63
1718223050640 65.2 64
1718223060670 65.2 65
1718223070691 65.2 66
1718223080714 65.2 67
1718223090739 65.2 68
1718223100766 65.2 69
1718223110797 65.2 70
1718223120822 65.2 71
1718223130851 65.2 72
1718223140878 65.2 73
1718223150900 65.2 74
1718223160930 65.2 75
1718223170962 65.2 76
1718223180988 65.2 77
1718223191020 65.2 78
1718223201062 65.2 79
1718223211098 65.2 80
1718223221127 65.2 81
1718223231151 65.2 82
1718223241182 65.2 83
1718223251209 65.2 84
1718223261241 65.2 85
1718223271270 65.2 86
1718223281291 65.2 87
1718223291314 65.2 88
1718223301340 65.2 89
1718223311370 65.2 90
1718223321452 65.2 91
1718223331474 65.2 92
1718223341503 65.2 93
1718223351527 65.4 94
1718223361550 65.4 95
1718223371572 65.4 96
