1718222408890 606231.3 0
1718222418913 606232.3 1
1718222428938 606232.3 2
1718222438979 606232.3 3
1718222449011 606232.3 4
1718222459041 606232.3 5
1718222469076 606232.3 6
1718222479100 606232.5 7
1718222489128 606232.5 8
1718222499152 606232.5 9
1718222509175 606232.5 10
1718222519198 606232.5 11
1718222529226 606232.5 12
1718222539247 606232.5 13
1718222549286 606232.5 14
1718222559306 606232.5 15
1718222569328 606232.5 16
1718222579356 606232.5 17
1718222589389 606232.5 18
1718222599423 606232.5 19
1718222609453 606232.5 20
1718222619482 606232.5 21
1718222629513 606232.5 22
1718222639546 606232.5 23
1718222649578 606232.5 24
1718222659599 606232.5 25
1718222669628 606232.5 26
1718222679658 606232.5 27
1718222689689 606233.3 28
1718222699714 606233.5 29
1718222709742 606233.6 30
1718222719772 606233.6 31
1718222729799 606233.8 32
1718222739826 606233.8 33
1718222749851 606233.8 34
1718222759874 606236.9 35
1718222769896 606237.8 36
1718222779918 606237.8 37
1718222789947 606237.8 38
1718222799974 606237.8 39
1718222809997 606237.8 40
1718222820019 606238.3 41
1718222830039 606234.7 42
1718222840061 606234.1 43
1718222850089 606234.1 44
1718222860120 606234.3 45
1718222870149 608232.1 46
1718222880174 608232.1 47
1718222890198 608231.8 48
1718222900224 608231.8 49
1718222910255 608231.8 50
1718222920277 608231.8 51
1718222930299 608231.3 52
1718222940323 608231.5 53
1718222950347 608231.7 54
1718222960375 608231.7 55
1718222970402 608231.7 56
1718222980433 608231.3 57
1718222990465 608231.5 58
1718223000494 608231.5 59
1718223010538 608231.6 60
1718223020561 608231.6 61
1718223030591 608232.2 62
1718223040615 608231.9 63
1718223050640 608231.9 64
1718223060670 608231.9 65
1718223070691 608231.9 66
1718223080714 608232.2 67
1718223090739 608232.2 68
1718223100766 608232.2 69
1718223110797 608232.2 70
1718223120822 608232.2 71
1718223130851 608232.3 72
1718223140878 608232.3 73
1718223150900 608234.0 74
1718223160930 608234.8 75
1718223170962 608234.9 76
1718223180988 608234.9 77
1718223191020 608236.7 78
1718223201062 608236.7 79
1718223211098 608237.0 80
1718223221127 608236.9 81
1718223231151 608237.0 82
1718223241182 608236.8 83
1718223251209 608236.8 84
1718223261241 608237.0 85
1718223271270 608237.2 86
1718223281291 608237.4 87
1718223291314 608237.2 88
1718223301340 608237.9 89
1718223311370 608238.2 90
1718223321452 608238.3 91
1718223331474 608238.4 92
1718223341503 608238.4 93
1718223351527 610236.3 94
1718223361550 610235.0 95
1718223371572 610235.0 96
