1718222408890 326589.6 0
1718222418913 326588.5 1
1718222428938 326588.5 2
1718222438979 326588.5 3
1718222449011 326588.5 4
1718222459041 326588.5 5
1718222469076 326588.5 6
1718222479100 326588.3 7
1718222489128 326588.3 8
1718222499152 326588.3 9
1718222509175 326588.3 10
1718222519198 326588.3 11
1718222529226 326588.3 12
1718222539247 326588.3 13
1718222549286 326588.4 14
1718222559306 326588.3 15
1718222569328 326588.3 16
1718222579356 326588.3 17
1718222589389 326588.3 18
1718222599423 326588.3 19
1718222609453 326588.3 20
1718222619482 326588.3 21
1718222629513 326588.3 22
1718222639546 326588.3 23
1718222649578 326588.3 24
1718222659599 326588.3 25
1718222669628 326588.3 26
1718222679658 326588.3 27
1718222689689 326587.5 28
1718222699714 326587.3 29
1718222709742 326587.3 30
1718222719772 326587.2 31
1718222729799 326587.0 32
1718222739826 326587.0 33
1718222749851 326587.0 34
1718222759874 326583.9 35
1718222769896 326583.0 36
1718222779918 326583.0 37
1718222789947 326583.0 38
1718222799974 326583.0 39
1718222809997 326583.0 40
1718222820019 326582.5 41
1718222830039 326586.1 42
1718222840061 326586.7 43
1718222850089 326586.7 44
1718222860120 326586.5 45
1718222870149 324588.8 46
1718222880174 324588.8 47
1718222890198 324589.0 48
1718222900224 324589.0 49
1718222910255 324589.0 50
1718222920277 324589.0 51
1718222930299 324589.6 52
1718222940323 324589.3 53
1718222950347 324589.1 54
1718222960375 324589.1 55
1718222970402 324589.1 56
1718222980433 324589.5 57
1718222990465 324589.3 58
1718223000494 324589.3 59
1718223010538 324589.3 60
1718223020561 324589.2 61
1718223030591 324588.7 62
1718223040615 324588.9 63
1718223050640 324588.9 64
1718223060670 324588.9 65
1718223070691 324588.9 66
1718223080714 324588.6 67
1718223090739 324588.6 68
1718223100766 324588.6 69
1718223110797 324588.6 70
1718223120822 324588.6 71
1718223130851 324588.6 72
1718223140878 324588.5 73
1718223150900 324586.8 74
1718223160930 324586.0 75
1718223170962 324586.0 76
1718223180988 324585.9 77
1718223191020 324584.1 78
1718223201062 324584.1 79
1718223211098 324583.9 80
1718223221127 324583.9 81
1718223231151 324583.9 82
1718223241182 324584.1 83
1718223251209 324584.1 84
1718223261241 324583.8 85
1718223271270 324583.6 86
1718223281291 324583.4 87
1718223291314 324583.6 88
1718223301340 324583.0 89
1718223311370 324582.6 90
1718223321452 324582.5 91
1718223331474 324582.4 92
1718223341503 324582.4 93
1718223351527 322584.5 94
1718223361550 322585.8 95
1718223371572 322585.8 96
