1718222408890 3.0 0
1718222418913 66.0 1
1718222428938 84.0 2
1718222438979 87.0 3
1718222449011 88.0 4
1718222459041 84.0 5
1718222469076 89.0 6
1718222479100 83.0 7
1718222489128 89.0 8
1718222499152 84.0 9
1718222509175 78.0 10
1718222519198 84.0 11
1718222529226 85.0 12
1718222539247 88.0 13
1718222549286 91.0 14
1718222559306 85.0 15
1718222569328 86.0 16
1718222579356 85.0 17
1718222589389 86.0 18
1718222599423 88.0 19
1718222609453 90.0 20
1718222619482 89.0 21
1718222629513 83.0 22
1718222639546 89.0 23
1718222649578 89.0 24
1718222659599 77.0 25
1718222669628 77.0 26
1718222679658 90.0 27
1718222689689 89.0 28
1718222699714 85.0 29
1718222709742 73.0 30
1718222719772 85.0 31
1718222729799 88.0 32
1718222739826 77.0 33
1718222749851 90.0 34
1718222759874 85.0 35
1718222769896 75.0 36
1718222779918 84.0 37
1718222789947 89.0 38
1718222799974 19.0 39
1718222809997 85.0 40
1718222820019 86.0 41
1718222830039 86.0 42
1718222840061 86.0 43
1718222850089 87.0 44
1718222860120 85.0 45
1718222870149 89.0 46
1718222880174 89.0 47
1718222890198 83.0 48
1718222900224 89.0 49
1718222910255 83.0 50
1718222920277 89.0 51
1718222930299 92.0 52
1718222940323 82.0 53
1718222950347 84.0 54
1718222960375 88.0 55
1718222970402 93.0 56
1718222980433 92.0 57
1718222990465 93.0 58
1718223000494 89.0 59
1718223010538 91.0 60
1718223020561 87.0 61
1718223030591 82.0 62
1718223040615 88.0 63
1718223050640 92.0 64
1718223060670 91.0 65
1718223070691 89.0 66
1718223080714 86.0 67
1718223090739 74.0 68
1718223100766 88.0 69
1718223110797 88.0 70
1718223120822 88.0 71
1718223130851 87.0 72
1718223140878 91.0 73
1718223150900 79.0 74
1718223160930 92.0 75
1718223170962 93.0 76
1718223180988 93.0 77
1718223191020 88.0 78
1718223201062 92.0 79
1718223211098 88.0 80
1718223221127 89.0 81
1718223231151 88.0 82
1718223241182 93.0 83
1718223251209 88.0 84
1718223261241 88.0 85
1718223271270 94.0 86
1718223281291 87.0 87
1718223291314 87.0 88
1718223301340 86.0 89
1718223311370 91.0 90
1718223321452 91.0 91
1718223331474 91.0 92
1718223341503 90.0 93
1718223351527 88.0 94
1718223361550 85.0 95
1718223371572 92.0 96
