1718222408890 40.1 0
1718222418913 59.7 1
1718222428938 59.7 2
1718222438979 59.9 3
1718222449011 59.9 4
1718222459041 60.0 5
1718222469076 60.0 6
1718222479100 59.9 7
1718222489128 60.5 8
1718222499152 59.8 9
1718222509175 59.9 10
1718222519198 59.9 11
1718222529226 59.8 12
1718222539247 59.6 13
1718222549286 59.6 14
1718222559306 59.7 15
1718222569328 59.7 16
1718222579356 59.6 17
1718222589389 59.6 18
1718222599423 59.7 19
1718222609453 59.7 20
1718222619482 59.7 21
1718222629513 59.6 22
1718222639546 59.6 23
1718222649578 59.7 24
1718222659599 59.7 25
1718222669628 59.7 26
1718222679658 59.6 27
1718222689689 60.8 28
1718222699714 60.3 29
1718222709742 60.1 30
1718222719772 60.3 31
1718222729799 60.2 32
1718222739826 60.2 33
1718222749851 60.3 34
1718222759874 60.5 35
1718222769896 60.2 36
1718222779918 60.2 37
1718222789947 60.2 38
1718222799974 60.0 39
1718222809997 59.9 40
1718222820019 60.3 41
1718222830039 60.3 42
1718222840061 60.2 43
1718222850089 60.4 44
1718222860120 61.3 45
1718222870149 61.2 46
1718222880174 60.9 47
1718222890198 60.9 48
1718222900224 60.9 49
1718222910255 60.9 50
1718222920277 60.9 51
1718222930299 62.4 52
1718222940323 61.9 53
1718222950347 61.9 54
1718222960375 62.2 55
1718222970402 61.4 56
1718222980433 61.8 57
1718222990465 62.3 58
1718223000494 61.7 59
1718223010538 61.4 60
1718223020561 61.4 61
1718223030591 61.4 62
1718223040615 61.4 63
1718223050640 61.4 64
1718223060670 61.4 65
1718223070691 61.8 66
1718223080714 61.7 67
1718223090739 61.7 68
1718223100766 61.5 69
1718223110797 61.4 70
1718223120822 61.8 71
1718223130851 61.9 72
1718223140878 61.3 73
1718223150900 61.4 74
1718223160930 61.6 75
1718223170962 61.4 76
1718223180988 61.4 77
1718223191020 61.3 78
1718223201062 61.3 79
1718223211098 61.6 80
1718223221127 62.1 81
1718223231151 61.6 82
1718223241182 61.9 83
1718223251209 61.9 84
1718223261241 61.7 85
1718223271270 62.0 86
1718223281291 62.3 87
1718223291314 63.0 88
1718223301340 61.9 89
1718223311370 61.8 90
1718223321452 62.1 91
1718223331474 62.0 92
1718223341503 61.6 93
1718223351527 62.3 94
1718223361550 62.0 95
1718223371572 62.1 96
