1718222408890 5160.8 0
1718222418913 7690.0 1
1718222428938 7690.0 2
1718222438979 7721.5 3
1718222449011 7723.5 4
1718222459041 7733.9 5
1718222469076 7732.0 6
1718222479100 7723.5 7
1718222489128 7793.6 8
1718222499152 7704.0 9
1718222509175 7717.8 10
1718222519198 7719.0 11
1718222529226 7708.6 12
1718222539247 7682.9 13
1718222549286 7682.9 14
1718222559306 7691.3 15
1718222569328 7693.3 16
1718222579356 7682.9 17
1718222589389 7682.9 18
1718222599423 7687.1 19
1718222609453 7691.3 20
1718222619482 7693.3 21
1718222629513 7682.9 22
1718222639546 7684.9 23
1718222649578 7687.2 24
1718222659599 7691.3 25
1718222669628 7693.3 26
1718222679658 7682.9 27
1718222689689 7840.3 28
1718222699714 7775.6 29
1718222709742 7749.4 30
1718222719772 7764.0 31
1718222729799 7757.0 32
1718222739826 7761.2 33
1718222749851 7765.4 34
1718222759874 7789.0 35
1718222769896 7754.6 36
1718222779918 7757.8 37
1718222789947 7757.8 38
1718222799974 7730.2 39
1718222809997 7721.8 40
1718222820019 7768.0 41
1718222830039 7765.6 42
1718222840061 7753.2 43
1718222850089 7781.9 44
1718222860120 7894.2 45
1718222870149 7887.7 46
1718222880174 7846.6 47
1718222890198 7846.1 48
1718222900224 7844.9 49
1718222910255 7852.2 50
1718222920277 7847.7 51
1718222930299 8045.3 52
1718222940323 7980.3 53
1718222950347 7977.6 54
1718222960375 8010.5 55
1718222970402 7913.8 56
1718222980433 7959.9 57
1718222990465 8027.9 58
1718223000494 7949.9 59
1718223010538 7909.2 60
1718223020561 7909.2 61
1718223030591 7916.7 62
1718223040615 7908.4 63
1718223050640 7908.4 64
1718223060670 7912.6 65
1718223070691 7956.9 66
1718223080714 7948.5 67
1718223090739 7948.5 68
1718223100766 7927.0 69
1718223110797 7915.8 70
1718223120822 7963.0 71
1718223130851 7971.6 72
1718223140878 7902.9 73
1718223150900 7917.3 74
1718223160930 7936.0 75
1718223170962 7905.0 76
1718223180988 7906.9 77
1718223191020 7893.4 78
1718223201062 7893.4 79
1718223211098 7939.6 80
1718223221127 7998.6 81
1718223231151 7932.5 82
1718223241182 7975.2 83
1718223251209 7969.8 84
1718223261241 7952.3 85
1718223271270 7986.9 86
1718223281291 8022.1 87
1718223291314 8116.7 88
1718223301340 7969.5 89
1718223311370 7959.3 90
1718223321452 8004.2 91
1718223331474 7994.9 92
1718223341503 7940.5 93
1718223351527 8027.4 94
1718223361550 7989.4 95
1718223371572 8006.7 96
