1718222408890 0.0 0
1718222418913 0.007090000000005148 1
1718222428938 0.013215999999999894 2
1718222438979 0.027341999999975997 3
1718222449011 0.033977999999990516 4
1718222459041 0.06592299999999796 5
1718222469076 0.06892800000002808 6
1718222479100 0.08806700000002365 7
1718222489128 0.09409799999997404 8
1718222499152 0.10669300000000703 9
1718222509175 0.11265800000001036 10
1718222519198 0.14489400000002206 11
1718222529226 0.14701900000000023 12
1718222539247 0.155949000000021 13
1718222549286 0.16422299999999268 14
1718222559306 0.17702100000002474 15
1718222569328 0.18886600000001863 16
1718222579356 0.20375500000000102 17
1718222589389 0.2151349999999752 18
1718222599423 0.2217719999999872 19
1718222609453 0.22689100000002327 20
1718222619482 0.23962099999999964 21
1718222629513 0.24161199999997507 22
1718222639546 0.2779970000000276 23
1718222649578 0.2809599999999932 24
1718222659599 0.2970980000000054 25
1718222669628 0.30701299999998355 26
1718222679658 0.31975499999998647 27
1718222689689 0.4443170000000123 28
1718222699714 0.6055049999999937 29
1718222709742 0.6793519999999944 30
1718222719772 0.7520930000000021 31
1718222729799 0.7589249999999765 32
1718222739826 0.802503999999999 33
1718222749851 0.8109979999999837 34
1718222759874 0.9547910000000002 35
1718222769896 1.0481399999999894 36
1718222779918 1.103178000000014 37
1718222789947 1.1136940000000095 38
1718222799974 1.1247339999999895 39
1718222809997 1.1396569999999997 40
1718222820019 1.3039590000000203 41
1718222830039 1.4152629999999817 42
1718222840061 1.4266600000000267 43
1718222850089 1.4434200000000033 44
1718222860120 1.4912610000000086 45
1718222870149 1.4990900000000238 46
1718222880174 1.516838000000007 47
1718222890198 1.518681000000015 48
1718222900224 1.5249489999999923 49
1718222910255 1.5367860000000064 50
1718222920277 1.5378650000000107 51
1718222930299 1.546590999999978 52
1718222940323 1.5730689999999754 53
1718222950347 1.5813790000000267 54
1718222960375 1.5846450000000232 55
1718222970402 1.720214999999996 56
1718222980433 1.7303759999999784 57
1718222990465 1.7451389999999947 58
1718223000494 1.7986430000000269 59
1718223010538 1.8630890000000022 60
1718223020561 1.871512999999993 61
1718223030591 1.8845440000000053 62
1718223040615 1.947232999999983 63
1718223050640 1.948410000000024 64
1718223060670 2.089183999999989 65
1718223070691 2.0934330000000045 66
1718223080714 2.1085770000000252 67
1718223090739 2.1206569999999942 68
1718223100766 2.132152000000019 69
1718223110797 2.218005000000005 70
1718223120822 2.247938999999974 71
1718223130851 2.3638930000000187 72
1718223140878 2.384697000000017 73
1718223150900 2.5703940000000216 74
1718223160930 2.621223999999984 75
1718223170962 2.666294999999991 76
1718223180988 2.80550599999998 77
1718223191020 2.8412989999999922 78
1718223201062 2.9169239999999945 79
1718223211098 2.9851899999999887 80
1718223221127 3.0504119999999944 81
1718223231151 3.070598000000018 82
1718223241182 3.1595330000000104 83
1718223251209 3.1702450000000226 84
1718223261241 3.1934079999999767 85
1718223271270 3.307337000000018 86
1718223281291 3.325245999999993 87
1718223291314 3.386889999999994 88
1718223301340 3.417447999999979 89
1718223311370 3.521212999999989 90
1718223321452 3.588017999999977 91
1718223331474 3.6156250000000227 92
1718223341503 3.7106079999999793 93
1718223351527 3.7250549999999976 94
1718223361550 3.794828999999993 95
1718223371572 3.803406999999993 96
