1718222408890 0.0 0
1718222418913 0.00453400000151305 1
1718222428938 0.01031900000089081 2
1718222438979 0.02023900000131107 3
1718222449011 0.027767000001404085 4
1718222459041 0.07041100000060396 5
1718222469076 0.07244900000114285 6
1718222479100 0.09266400000160502 7
1718222489128 0.09837700000025507 8
1718222499152 0.10374300000148651 9
1718222509175 0.10640100000091479 10
1718222519198 0.13398700000107056 11
1718222529226 0.13570400000025984 12
1718222539247 0.1423530000010942 13
1718222549286 0.1506440000011935 14
1718222559306 0.15833500000007916 15
1718222569328 0.16930900000079419 16
1718222579356 0.1799010000013368 17
1718222589389 0.19111400000110734 18
1718222599423 0.19761800000014773 19
1718222609453 0.20261000000027707 20
1718222619482 0.2078190000011091 21
1718222629513 0.2093250000016269 22
1718222639546 0.25703300000168383 23
1718222649578 0.259436000000278 24
1718222659599 0.27300000000104774 25
1718222669628 0.28584900000169 26
1718222679658 0.29321400000117137 27
1718222689689 2.6035370000008697 28
1718222699714 11.143339000000196 29
1718222709742 16.50983400000041 30
1718222719772 20.818562000000384 31
1718222729799 20.82430999999997 32
1718222739826 20.909426000000167 33
1718222749851 20.91489300000103 34
1718222759874 21.81431800000064 35
1718222769896 28.406324999999924 36
1718222779918 32.376853000001574 37
1718222789947 32.38723300000129 38
1718222799974 32.39293500000167 39
1718222809997 32.416316000000734 40
1718222820019 33.513081000000966 41
1718222830039 42.27387799999997 42
1718222840061 42.283103000001574 43
1718222850089 42.28906400000051 44
1718222860120 42.36197800000082 45
1718222870149 42.37424700000156 46
1718222880174 42.38685000000078 47
1718222890198 42.38927100000001 48
1718222900224 42.39663300000029 49
1718222910255 42.40313900000001 50
1718222920277 42.40423800000099 51
1718222930299 42.417420000001584 52
1718222940323 42.48972800000047 53
1718222950347 42.539206000001286 54
1718222960375 42.54327000000012 55
1718222970402 55.14339300000029 56
1718222980433 55.1550610000013 57
1718222990465 55.20778600000085 58
1718223000494 55.253993000000264 59
1718223010538 60.87169100000028 60
1718223020561 60.876242000000275 61
1718223030591 60.88264900000104 62
1718223040615 67.51541600000019 63
1718223050640 67.51638400000047 64
1718223060670 74.04692200000136 65
1718223070691 74.05172800000037 66
1718223080714 74.11061300000074 67
1718223090739 74.11744400000134 68
1718223100766 74.12617600000158 69
1718223110797 80.69831900000099 70
1718223120822 80.73210800000015 71
1718223130851 85.96763700000156 72
1718223140878 85.97667400000137 73
1718223150900 94.96393100000023 74
1718223160930 97.53589500000089 75
1718223170962 99.71564900000158 76
1718223180988 105.37559200000032 77
1718223191020 107.84264200000143 78
1718223201062 113.72840300000098 79
1718223211098 116.58569700000044 80
1718223221127 122.460156000001 81
1718223231151 122.51049700000112 82
1718223241182 128.14310600000135 83
1718223251209 128.43013400000018 84
1718223261241 128.49581800000124 85
1718223271270 134.76380300000164 86
1718223281291 134.99825800000144 87
1718223291314 140.5620710000003 88
1718223301340 140.635354 89
1718223311370 143.04591000000073 90
1718223321452 147.53087700000106 91
1718223331474 147.56498400000055 92
1718223341503 152.5278240000007 93
1718223351527 152.59120000000075 94
1718223361550 156.68389100000059 95
1718223371572 156.69393500000115 96
