1718222408890 34.7 0
1718222418913 38.4 1
1718222428938 38.3 2
1718222438979 38.2 3
1718222449011 38.3 4
1718222459041 38.3 5
1718222469076 38.3 6
1718222479100 38.5 7
1718222489128 38.5 8
1718222499152 38.4 9
1718222509175 38.4 10
1718222519198 38.4 11
1718222529226 38.4 12
1718222539247 38.4 13
1718222549286 38.4 14
1718222559306 38.4 15
1718222569328 38.5 16
1718222579356 38.5 17
1718222589389 38.4 18
1718222599423 38.4 19
1718222609453 38.4 20
1718222619482 38.4 21
1718222629513 38.4 22
1718222639546 38.5 23
1718222649578 38.4 24
1718222659599 38.4 25
1718222669628 38.4 26
1718222679658 38.4 27
1718222689689 39.0 28
1718222699714 39.0 29
1718222709742 39.0 30
1718222719772 39.1 31
1718222729799 38.9 32
1718222739826 38.9 33
1718222749851 38.9 34
1718222759874 39.2 35
1718222769896 39.1 36
1718222779918 39.2 37
1718222789947 39.2 38
1718222799974 39.5 39
1718222809997 39.5 40
1718222820019 39.3 41
1718222830039 38.8 42
1718222840061 38.6 43
1718222850089 38.6 44
1718222860120 38.6 45
1718222870149 42.5 46
1718222880174 42.5 47
1718222890198 42.5 48
1718222900224 42.4 49
1718222910255 42.5 50
1718222920277 42.5 51
1718222930299 42.6 52
1718222940323 42.7 53
1718222950347 42.7 54
1718222960375 42.7 55
1718222970402 42.8 56
1718222980433 42.8 57
1718222990465 42.9 58
1718223000494 43.0 59
1718223010538 43.0 60
1718223020561 42.9 61
1718223030591 42.9 62
1718223040615 42.8 63
1718223050640 42.5 64
1718223060670 42.7 65
1718223070691 42.7 66
1718223080714 42.7 67
1718223090739 42.5 68
1718223100766 42.6 69
1718223110797 42.7 70
1718223120822 42.8 71
1718223130851 42.9 72
1718223140878 42.8 73
1718223150900 42.8 74
1718223160930 42.8 75
1718223170962 42.8 76
1718223180988 43.0 77
1718223191020 42.8 78
1718223201062 42.8 79
1718223211098 42.9 80
1718223221127 43.0 81
1718223231151 42.9 82
1718223241182 43.0 83
1718223251209 43.3 84
1718223261241 43.3 85
1718223271270 43.3 86
1718223281291 43.3 87
1718223291314 43.4 88
1718223301340 43.7 89
1718223311370 43.6 90
1718223321452 43.6 91
1718223331474 43.5 92
1718223341503 43.4 93
1718223351527 43.6 94
1718223361550 43.6 95
1718223371572 43.6 96
