1718222408890 11624.9 0
1718222418913 12876.2 1
1718222428938 12855.4 2
1718222438979 12823.4 3
1718222449011 12838.9 4
1718222459041 12838.5 5
1718222469076 12844.8 6
1718222479100 12909.3 7
1718222489128 12921.4 8
1718222499152 12885.2 9
1718222509175 12872.5 10
1718222519198 12882.3 11
1718222529226 12889.2 12
1718222539247 12879.7 13
1718222549286 12874.1 14
1718222559306 12880.5 15
1718222569328 12895.8 16
1718222579356 12902.9 17
1718222589389 12890.0 18
1718222599423 12875.7 19
1718222609453 12868.3 20
1718222619482 12870.8 21
1718222629513 12876.7 22
1718222639546 12895.5 23
1718222649578 12890.5 24
1718222659599 12887.5 25
1718222669628 12888.8 26
1718222679658 12892.5 27
1718222689689 13093.8 28
1718222699714 13092.9 29
1718222709742 13087.4 30
1718222719772 13106.7 31
1718222729799 13045.4 32
1718222739826 13050.8 33
1718222749851 13058.0 34
1718222759874 13157.1 35
1718222769896 13129.1 36
1718222779918 13145.5 37
1718222789947 13159.7 38
1718222799974 13244.0 39
1718222809997 13260.6 40
1718222820019 13178.9 41
1718222830039 13013.2 42
1718222840061 12939.0 43
1718222850089 12929.3 44
1718222860120 12946.2 45
1718222870149 14266.9 46
1718222880174 14258.1 47
1718222890198 14250.8 48
1718222900224 14233.1 49
1718222910255 14244.1 50
1718222920277 14257.0 51
1718222930299 14277.2 52
1718222940323 14334.2 53
1718222950347 14315.9 54
1718222960375 14316.8 55
1718222970402 14360.2 56
1718222980433 14341.4 57
1718222990465 14386.8 58
1718223000494 14420.1 59
1718223010538 14423.3 60
1718223020561 14374.2 61
1718223030591 14385.0 62
1718223040615 14362.4 63
1718223050640 14264.5 64
1718223060670 14333.7 65
1718223070691 14320.5 66
1718223080714 14327.4 67
1718223090739 14268.6 68
1718223100766 14298.0 69
1718223110797 14324.0 70
1718223120822 14341.8 71
1718223130851 14396.9 72
1718223140878 14339.4 73
1718223150900 14367.3 74
1718223160930 14360.2 75
1718223170962 14368.2 76
1718223180988 14421.2 77
1718223191020 14354.6 78
1718223201062 14365.0 79
1718223211098 14393.7 80
1718223221127 14409.7 81
1718223231151 14402.2 82
1718223241182 14434.0 83
1718223251209 14520.0 84
1718223261241 14514.2 85
1718223271270 14520.3 86
1718223281291 14533.1 87
1718223291314 14551.9 88
1718223301340 14664.4 89
1718223311370 14617.2 90
1718223321452 14620.4 91
1718223331474 14603.3 92
1718223341503 14554.0 93
1718223351527 14616.9 94
1718223361550 14622.2 95
1718223371572 14637.8 96
