1718191501328 0.01 10
1718191523993 0.02 20
1718191547187 0.02 30
1718191569953 0.03 40
1718191592295 0.04 50
1718191615315 0.05 60
1718191638169 0.06 70
1718191660885 0.06 80
1718191683587 0.07 90
1718191706012 0.08 100
1718191729048 0.09 110
1718191751843 0.1 120
1718191774767 0.1 130
1718191797521 0.11 140
1718191819893 0.12 150
1718191843056 0.13 160
1718191865874 0.14 170
1718191888736 0.14 180
1718191911504 0.15 190
1718191934059 0.16 200
1718191957137 0.17 210
1718191979943 0.18 220
1718192002800 0.18 230
1718192025530 0.19 240
1718192048039 0.2 250
1718192071124 0.21 260
1718192093994 0.22 270
1718192116780 0.22 280
1718192139481 0.23 290
1718192161794 0.24 300
1718192381380 0.24 300
1718192405741 0.25 310
1718192428619 0.26 320
1718192451619 0.26 330
1718192474411 0.27 340
1718192496716 0.28 350
1718192519860 0.29 360
1718192542672 0.3 370
1718192565528 0.3 380
1718192588288 0.31 390
1718192610957 0.32 400
1718192634130 0.33 410
1718192656985 0.34 420
1718192679791 0.34 430
1718192702565 0.35 440
1718192724944 0.36 450
1718192748063 0.37 460
1718192770880 0.38 470
1718192793714 0.38 480
1718192816449 0.39 490
1718192838876 0.4 500
1718192861720 0.41 510
1718192884484 0.42 520
1718192907365 0.42 530
1718192930152 0.43 540
1718192952348 0.44 550
1718192975328 0.45 560
1718192998198 0.46 570
1718193021061 0.46 580
1718193043859 0.47 590
1718193065927 0.48 600
1718193285519 0.48 600
1718193309574 0.49 610
1718193332489 0.5 620
1718193355392 0.5 630
1718193378150 0.51 640
1718193400581 0.52 650
1718193423739 0.53 660
1718193446609 0.54 670
1718193469481 0.54 680
1718193492282 0.55 690
1718193514792 0.56 700
1718193537980 0.57 710
1718193560748 0.58 720
1718193583517 0.58 730
1718193606299 0.59 740
1718193628698 0.6 750
1718193651776 0.61 760
1718193674614 0.62 770
1718193697411 0.62 780
1718193720226 0.63 790
1718193742637 0.64 800
1718193765699 0.65 810
1718193788543 0.66 820
1718193811379 0.66 830
1718193834146 0.67 840
1718193856535 0.68 850
1718193879614 0.69 860
1718193902419 0.7 870
1718193925234 0.7 880
1718193947971 0.71 890
1718193970084 0.72 900
1718194189611 0.72 900
1718194214340 0.73 910
1718194237335 0.74 920
1718194260249 0.74 930
1718194283054 0.75 940
1718194305460 0.76 950
1718194328571 0.77 960
1718194351481 0.78 970
1718194374309 0.78 980
1718194397072 0.79 990
1718194419584 0.8 1000
1718194442713 0.81 1010
1718194465437 0.82 1020
1718194488289 0.82 1030
1718194511078 0.83 1040
1718194533422 0.84 1050
1718194556499 0.85 1060
1718194579347 0.86 1070
1718194602216 0.86 1080
1718194624958 0.87 1090
1718194647419 0.88 1100
1718194670480 0.89 1110
1718194693304 0.9 1120
1718194716148 0.9 1130
1718194738872 0.91 1140
1718194761081 0.92 1150
1718194784090 0.93 1160
1718194806917 0.94 1170
1718194829756 0.94 1180
1718194852511 0.95 1190
1718194874856 0.96 1200
1718195094469 0.96 1200
1718195118526 0.97 1210
1718195141429 0.98 1220
1718195164369 0.98 1230
1718195187139 0.99 1240
1718195209417 1.0 1250
1718195209507 1.0 1250
