1718191501328 nan 10
1718191523993 9.240118026733398 20
1718191547187 10.143250465393066 30
1718191569953 4.470785617828369 40
1718191592295 3.603426694869995 50
1718191615315 1.454464077949524 60
1718191638169 4.419853210449219 70
1718191660885 3.9043123722076416 80
1718191683587 4.534843444824219 90
1718191706012 2.073429584503174 100
1718191729048 6.721714973449707 110
1718191751843 2.2903850078582764 120
1718191774767 1.9893274307250977 130
1718191797521 2.1534407138824463 140
1718191819893 1.2437812089920044 150
1718191843056 2.4030561447143555 160
1718191865874 0.9776993989944458 170
1718191888736 0.3642425239086151 180
1718191911504 4.1188578605651855 190
1718191934059 0.4987667500972748 200
1718191957137 1.0094255208969116 210
1718191979943 1.305521011352539 220
1718192002800 10.10983657836914 230
1718192025530 4.380766868591309 240
1718192048039 1.485042929649353 250
1718192071124 1.3125768899917603 260
1718192093994 1.2970837354660034 270
1718192116780 3.021559238433838 280
1718192139481 10.276286125183105 290
1718192161794 0.6708486676216125 300
1718192405741 47.817806243896484 310
1718192428619 2.4398410320281982 320
1718192451619 3.9502477645874023 330
1718192474411 0.4926265776157379 340
1718192496716 14.757558822631836 350
1718192519860 13.467472076416016 360
1718192542672 0.28914427757263184 370
1718192565528 1.6229974031448364 380
1718192588288 0.9362426400184631 390
1718192610957 4.367070198059082 400
1718192634130 0.6034495234489441 410
1718192656985 1.2272063493728638 420
1718192679791 2.8228156566619873 430
1718192702565 3.3129584789276123 440
1718192724944 0.8332275748252869 450
1718192748063 1.7816181182861328 460
1718192770880 2.900338888168335 470
1718192793714 3.4365530014038086 480
1718192816449 1.5251599550247192 490
1718192838876 1.5283507108688354 500
1718192861720 3.2603111267089844 510
1718192884484 12.20186996459961 520
1718192907365 1.9637694358825684 530
1718192930152 3.102510690689087 540
1718192952348 0.6969218850135803 550
1718192975328 2.083824634552002 560
1718192998198 0.9889923930168152 570
1718193021061 2.691411256790161 580
1718193043859 0.8148860335350037 590
1718193065927 0.7854771018028259 600
1718193309574 1.5241541862487793 610
1718193332489 24.11424446105957 620
1718193355392 1.993867039680481 630
1718193378150 2.080401659011841 640
1718193400581 1.1364977359771729 650
1718193423739 1.736114501953125 660
1718193446609 0.2252621352672577 670
1718193469481 3.3540701866149902 680
1718193492282 0.6994195580482483 690
1718193514792 1.1718615293502808 700
1718193537980 0.9863326549530029 710
1718193560748 0.9208313226699829 720
1718193583517 1.3256220817565918 730
1718193606299 2.238858938217163 740
1718193628698 0.16364066302776337 750
1718193651776 0.14910252392292023 760
1718193674614 2.303394317626953 770
1718193697411 1.282182216644287 780
1718193720226 1.6231423616409302 790
1718193742637 1.4036096334457397 800
1718193765699 1.1008312702178955 810
1718193788543 1.7275007963180542 820
1718193811379 0.5707018375396729 830
1718193834146 7.532469749450684 840
1718193856535 0.9150295257568359 850
1718193879614 1.7995202541351318 860
1718193902419 1.2284187078475952 870
1718193925234 1.2106800079345703 880
1718193947971 0.29186713695526123 890
1718193970084 1.3358783721923828 900
1718194214340 0.8001198768615723 910
1718194237335 1.6299936771392822 920
1718194260249 0.6260858178138733 930
1718194283054 0.81432044506073 940
1718194305460 0.20928311347961426 950
1718194328571 2.360858201980591 960
1718194351481 0.3561612367630005 970
1718194374309 0.386064350605011 980
1718194397072 2.058108329772949 990
1718194419584 0.34486716985702515 1000
1718194442713 1.5715664625167847 1010
1718194465437 0.599204957485199 1020
1718194488289 0.8479496240615845 1030
1718194511078 0.3636172115802765 1040
1718194533422 0.7674828767776489 1050
1718194556499 1.7100050449371338 1060
1718194579347 0.4771430492401123 1070
1718194602216 0.3915195167064667 1080
1718194624958 1.1218819618225098 1090
1718194647419 2.891261100769043 1100
1718194670480 0.27998077869415283 1110
1718194693304 0.7770696878433228 1120
1718194716148 0.9301460385322571 1130
1718194738872 1.7148911952972412 1140
1718194761081 0.2289954274892807 1150
1718194784090 1.5799787044525146 1160
1718194806917 0.7879974246025085 1170
1718194829756 0.9533655047416687 1180
1718194852511 1.262585163116455 1190
1718194874856 1.645893931388855 1200
1718195118526 1.532910943031311 1210
1718195141429 0.5540894269943237 1220
1718195164369 0.3812139928340912 1230
1718195187139 0.2780533730983734 1240
1718195209417 0.45198947191238403 1250
