1718191501328 3.6842105263157895e-05 10
1718191523993 8.421052631578948e-05 20
1718191547187 0.0001368421052631579 30
1718191569953 0.00018947368421052632 40
1718191592295 0.0001999785004721968 50
1718191615315 0.00019989117448426108 60
1718191638169 0.00019973673694024 70
1718191660885 0.00019951529159848805 80
1718191683587 0.00019922698723632767 90
1718191706012 0.00019887201755009357 100
1718191729048 0.0001984506210249986 110
1718191751843 0.00019796308077490817 120
1718191774767 0.00019740972435213115 130
1718191797521 0.0001967909235273549 140
1718191819893 0.00019610709403987246 150
1718191843056 0.00019535869531826937 160
1718191865874 0.00019454623017175812 170
1718191888736 0.00019367024445236754 180
1718191911504 0.00019273132668821364 190
1718191934059 0.00019173010768809933 200
1718191957137 0.00019066726011770726 210
1718191979943 0.00018954349804767184 220
1718192002800 0.00018835957647383303 230
1718192025530 0.00018724326726453244 240
1718192048039 0.00018594726697374175 250
1718192071124 0.0001845935232951325 260
1718192093994 0.00018318294573692985 270
1718192116780 0.00018171648199101346 280
1718192139481 0.0001801951172962139 290
1718192161794 0.00017861987377638312 300
1718192405741 0.00017699180975368396 310
1718192428619 0.00017531201903755994 320
1718192451619 0.00017358163018986282 330
1718192474411 0.00017180180576663228 340
1718192496716 0.00016997374153703625 350
1718192519860 0.0001680986656799975 360
1718192542672 0.00016617783795904565 370
1718192565528 0.00016421254887594917 380
1718192588288 0.00016220411880369601 390
1718192610957 0.00016015389709940538 400
1718192634130 0.00015806326119776663 410
1718192656985 0.00015593361568561428 420
1718192679791 0.00015376639135826107 430
1718192702565 0.00015156304425822267 440
1718192724944 0.00014932505469698052 450
1718192748063 0.0001470539262604393 460
1718192770880 0.00014475118479874774 470
1718192793714 0.00014241837740116132 480
1718192816449 0.00014005707135663527 490
1718192838876 0.00013766885310084688 500
1718192861720 0.00013525532715035366 510
1718192884484 0.0001328181150246045 520
1718192907365 0.00013035885415652685 530
1718192930152 0.00012787919679242306 540
1718192952348 0.00012538080888191408 550
1718192975328 0.00012286536895867654 560
1718192998198 0.00012033456701272576 570
1718193021061 0.0001177901033550012 580
1718193043859 0.00011523368747501839 590
1718193065927 0.00011266703689235394 600
1718193309574 0.00011009187600273566 610
1718193332489 0.0001075099349195131 620
1718193355392 0.00010492294831128641 630
1718193378150 0.00010233265423647523 640
1718193400581 9.97407929756095e-05 650
1718193423739 9.714910586212816e-05 660
1718193446609 9.455933411246958e-05 670
1718193469481 9.197321765624152e-05 680
1718193492282 8.939249396725467e-05 690
1718193514792 8.6818896896207e-05 700
1718193537980 8.425415550580162e-05 710
1718193560748 8.169999290908188e-05 720
1718193583517 7.915812511176347e-05 730
1718193606299 7.663025985934158e-05 740
1718193628698 7.411809548974792e-05 750
1718193651776 7.162331979232783e-05 760
1718193674614 6.914760887390452e-05 770
1718193697411 6.669262603269246e-05 780
1718193720226 6.426002064081565e-05 790
1718193742637 6.18514270361827e-05 800
1718193765699 5.946846342446214e-05 810
1718193788543 5.7112730791896207e-05 820
1718193811379 5.4785811829683764e-05 830
1718193834146 5.248926987065417e-05 840
1718193856535 5.022464783894744e-05 850
1718193879614 4.7993467213405706e-05 860
1718193902419 4.579722700537268e-05 870
1718193925234 4.36374027515878e-05 880
1718193947971 4.1515445522851784e-05 890
1718193970084 3.943278094912946e-05 900
1718194214340 3.739080826174498e-05 910
1718194237335 3.539089935331294e-05 920
1718194260249 3.34343978560367e-05 930
1718194283054 3.1522618238993725e-05 940
1718194305460 2.9656844925013637e-05 950
1718194328571 2.7838331427743282e-05 960
1718194351481 2.6068299509477266e-05 970
1718194374309 2.4347938360321566e-05 980
1718194397072 2.26784037992395e-05 990
1718194419584 2.106081749751897e-05 1000
1718194442713 1.9496266225181248e-05 1010
1718194465437 1.7985801120837865e-05 1020
1718194488289 1.6530436985486996e-05 1030
1718194511078 1.5131151600722337e-05 1040
1718194533422 1.3788885071814172e-05 1050
1718194556499 1.2504539196102439e-05 1060
1718194579347 1.1278976857127311e-05 1070
1718194602216 1.0113021444903726e-05 1080
1718194624958 9.0074563027294e-06 1090
1718194647419 7.963024200898462e-06 1100
1718194670480 6.980426837673437e-06 1110
1718194693304 6.0603243678516995e-06 1120
1718194716148 5.2033349592426335e-06 1130
1718194738872 4.4100343773536225e-06 1140
1718194761081 3.6809555985639068e-06 1150
1718194784090 3.0165884520461316e-06 1160
1718194806917 2.4173792906762804e-06 1170
1718194829756 1.8837306911529184e-06 1180
1718194852511 1.4160011835273934e-06 1190
1718194874856 1.014505010326583e-06 1200
1718195118526 6.7951191543012e-07 1210
1718195141429 4.112469628438365e-07 1220
1718195164369 2.098903854912515e-07 1230
1718195187139 7.557746412468758e-08 1240
1718195209417 8.398436437317969e-09 1250
