1718191501328 10.7024 10
1718191523993 4.403 20
1718191547187 0.2794 30
1718191569953 0.1405 40
1718191592295 0.148 50
1718191615315 0.1664 60
1718191638169 0.1239 70
1718191660885 0.127 80
1718191683587 0.1569 90
1718191706012 0.1348 100
1718191729048 0.1146 110
1718191751843 0.0783 120
1718191774767 0.106 130
1718191797521 0.0924 140
1718191819893 0.1186 150
1718191843056 0.1302 160
1718191865874 0.097 170
1718191888736 0.0773 180
1718191911504 0.127 190
1718191934059 0.1076 200
1718191957137 0.14 210
1718191979943 0.0748 220
1718192002800 0.1404 230
1718192025530 0.6429 240
1718192048039 0.1498 250
1718192071124 0.0848 260
1718192093994 0.1058 270
1718192116780 0.0927 280
1718192139481 0.1225 290
1718192161794 0.0904 300
1718192405741 0.1803 310
1718192428619 0.1058 320
1718192451619 0.0972 330
1718192474411 0.0745 340
1718192496716 0.186 350
1718192519860 0.1799 360
1718192542672 0.3081 370
1718192565528 0.145 380
1718192588288 0.1699 390
1718192610957 0.1063 400
1718192634130 0.0803 410
1718192656985 0.0968 420
1718192679791 0.0866 430
1718192702565 0.1143 440
1718192724944 0.1097 450
1718192748063 0.1082 460
1718192770880 0.0804 470
1718192793714 0.1237 480
1718192816449 0.0661 490
1718192838876 0.0994 500
1718192861720 0.074 510
1718192884484 0.104 520
1718192907365 0.0822 530
1718192930152 0.0532 540
1718192952348 0.0796 550
1718192975328 0.1258 560
1718192998198 0.0684 570
1718193021061 0.0809 580
1718193043859 0.0858 590
1718193065927 0.0819 600
1718193309574 0.0889 610
1718193332489 0.1459 620
1718193355392 0.071 630
1718193378150 0.1127 640
1718193400581 0.1049 650
1718193423739 0.0934 660
1718193446609 0.0666 670
1718193469481 0.1328 680
1718193492282 0.0939 690
1718193514792 0.1056 700
1718193537980 0.0724 710
1718193560748 0.094 720
1718193583517 0.0667 730
1718193606299 0.0935 740
1718193628698 0.0577 750
1718193651776 0.1222 760
1718193674614 0.0826 770
1718193697411 0.0758 780
1718193720226 0.0555 790
1718193742637 0.1061 800
1718193765699 0.0845 810
1718193788543 0.0837 820
1718193811379 0.0839 830
1718193834146 0.0641 840
1718193856535 0.0728 850
1718193879614 0.1161 860
1718193902419 0.1028 870
1718193925234 0.0819 880
1718193947971 0.0721 890
1718193970084 0.0616 900
1718194214340 0.0868 910
1718194237335 0.0654 920
1718194260249 0.0648 930
1718194283054 0.0608 940
1718194305460 0.0565 950
1718194328571 0.0729 960
1718194351481 0.0968 970
1718194374309 0.0684 980
1718194397072 0.1126 990
1718194419584 0.0761 1000
1718194442713 0.0829 1010
1718194465437 0.0509 1020
1718194488289 0.0768 1030
1718194511078 0.0564 1040
1718194533422 0.0703 1050
1718194556499 0.0837 1060
1718194579347 0.0535 1070
1718194602216 0.0775 1080
1718194624958 0.0749 1090
1718194647419 0.0866 1100
1718194670480 0.0823 1110
1718194693304 0.0733 1120
1718194716148 0.0431 1130
1718194738872 0.0673 1140
1718194761081 0.0679 1150
1718194784090 0.0657 1160
1718194806917 0.0666 1170
1718194829756 0.0542 1180
1718194852511 0.0695 1190
1718194874856 0.0985 1200
1718195118526 0.085 1210
1718195141429 0.0741 1220
1718195164369 0.054 1230
1718195187139 0.0467 1240
1718195209417 0.0704 1250
