1718199072594 0.04 10
1718199095755 0.08 20
1718199119073 0.12 30
1718199142294 0.16 40
1718199165259 0.2 50
1718199188842 0.24 60
1718199212128 0.28 70
1718199235501 0.32 80
1718199258586 0.36 90
1718199281281 0.4 100
1718199304786 0.44 110
1718199328104 0.48 120
1718199351367 0.52 130
1718199374478 0.56 140
1718199397227 0.6 150
1718199420726 0.64 160
1718199444029 0.68 170
1718199467299 0.72 180
1718199490517 0.76 190
1718199513365 0.8 200
1718199536869 0.84 210
1718199560113 0.88 220
1718199583410 0.92 230
1718199606554 0.96 240
1718199629210 1.0 250
1718199629211 1.0 250
