1718199072594 17.1544189453125 10
1718199095755 2.133652925491333 20
1718199119073 5.199592590332031 30
1718199142294 1.7537593841552734 40
1718199165259 3.9558215141296387 50
1718199188842 33.21266555786133 60
1718199212128 3.4105136394500732 70
1718199235501 1.745095133781433 80
1718199258586 1.3609097003936768 90
1718199281281 1.5784027576446533 100
1718199304786 1.0128005743026733 110
1718199328104 1.6272213459014893 120
1718199351367 0.5550475716590881 130
1718199374478 2.6825339794158936 140
1718199397227 0.8228849768638611 150
1718199420726 1.3451212644577026 160
1718199444029 1.6075729131698608 170
1718199467299 0.30273184180259705 180
1718199490517 0.4504086971282959 190
1718199513365 0.7675104141235352 200
1718199536869 0.5185588002204895 210
1718199560113 1.1988521814346313 220
1718199583410 0.7795659899711609 230
1718199606554 1.7045868635177612 240
1718199629210 0.8074347972869873 250
