1718199072594 0.0002 10
1718199095755 0.00019915854864676664 20
1718199119073 0.0001966483553946637 30
1718199142294 0.0001925116643538684 40
1718199165259 0.0001868180920098644 50
1718199188842 0.0001796634556457236 60
1718199212128 0.00017116816083045602 70
1718199235501 0.0001614751751104301 80
1718199258586 0.00015074762200466556 90
1718199281281 0.00013916603579471705 100
1718199304786 0.00012692532330836346 110
1718199328104 0.00011423148382732853 120
1718199351367 0.0001012981423197931 130
1718199374478 8.83429543400241e-05 140
1718199397227 7.558394309716088e-05 150
1718199420726 6.323583033672799e-05 160
1718199444029 5.1506422782568345e-05 170
1718199467299 4.059311495186338e-05 180
1718199490517 3.0679567197461134e-05 190
1718199513365 2.1932614882827197e-05 200
1718199536869 1.4499460705197998e-05 210
1718199560113 8.505197417404687e-06 220
1718199583410 4.050702638550275e-06 230
1718199606554 1.2109411818274852e-06 240
1718199629210 3.370346964876036e-08 250
