1718199072594 6.7409 10
1718199095755 0.2718 20
1718199119073 0.2707 30
1718199142294 0.2232 40
1718199165259 0.1169 50
1718199188842 0.2763 60
1718199212128 0.1984 70
1718199235501 0.2126 80
1718199258586 0.1458 90
1718199281281 0.1695 100
1718199304786 0.1319 110
1718199328104 0.1679 120
1718199351367 0.1196 130
1718199374478 0.1259 140
1718199397227 0.1043 150
1718199420726 0.1076 160
1718199444029 0.0616 170
1718199467299 0.1063 180
1718199490517 0.1106 190
1718199513365 0.0975 200
1718199536869 0.0966 210
1718199560113 0.0858 220
1718199583410 0.0586 230
1718199606554 0.0827 240
1718199629210 0.0616 250
