1718218594148 0.04 10
1718218606990 0.08 20
1718218619833 0.12 30
1718218632711 0.16 40
1718218645362 0.2 50
1718218658171 0.24 60
1718218670945 0.28 70
1718218683829 0.32 80
1718218696591 0.36 90
1718218709033 0.4 100
1718218722167 0.44 110
1718218734910 0.48 120
1718218747816 0.52 130
1718218760448 0.56 140
1718218772960 0.6 150
1718218785772 0.64 160
1718218798716 0.68 170
1718218811765 0.72 180
1718218824433 0.76 190
1718218837027 0.8 200
1718218850112 0.84 210
1718218863098 0.88 220
1718218876009 0.92 230
1718218888945 0.96 240
1718218901663 1.0 250
1718218901664 1.0 250
