1718218594148 1.2728683948516846 10
1718218606990 0.6031076908111572 20
1718218619833 0.6667367219924927 30
1718218632711 0.7214945554733276 40
1718218645362 0.472880095243454 50
1718218658171 0.30170977115631104 60
1718218670945 0.45785951614379883 70
1718218683829 1.275194764137268 80
1718218696591 0.306336373090744 90
1718218709033 0.42512983083724976 100
1718218722167 0.5053361058235168 110
1718218734910 0.6771398782730103 120
1718218747816 1.2703667879104614 130
1718218760448 0.555191695690155 140
1718218772960 0.6437438726425171 150
1718218785772 0.6827108860015869 160
1718218798716 0.07739276438951492 170
1718218811765 0.5033385157585144 180
1718218824433 0.3316396176815033 190
1718218837027 0.5396801233291626 200
1718218850112 0.44963085651397705 210
1718218863098 0.4946964979171753 220
1718218876009 0.33664557337760925 230
1718218888945 0.237779900431633 240
1718218901663 0.17881356179714203 250
