1718218594148 0.0001999915737775817 10
1718218606990 0.0001989821441880933 20
1718218619833 0.00019630694141514464 30
1718218632711 0.0001920109865186052 40
1718218645362 0.0001861665762396974 50
1718218658171 0.00017887206631718203 60
1718218670945 0.00017025021625596853 70
1718218683829 0.00016044612340408466 80
1718218696591 0.00014962478110547918 90
1718218709033 0.0001379683020225714 100
1718218722167 0.00012567285335732633 110
1718218734910 0.00011294535554810354 120
1718218747816 0.0001 130
1718218760448 8.705464445189647e-05 140
1718218772960 7.432714664267373e-05 150
1718218785772 6.203169797742861e-05 160
1718218798716 5.0375218894520834e-05 170
1718218811765 3.9553876595915375e-05 180
1718218824433 2.974978374403147e-05 190
1718218837027 2.112793368281799e-05 200
1718218850112 1.3833423760302611e-05 210
1718218863098 7.989013481394814e-06 220
1718218876009 3.693058584855369e-06 230
1718218888945 1.0178558119067315e-06 240
1718218901663 8.426222418311814e-09 250
