1718218594148 1.4023 10
1718218606990 0.1827 20
1718218619833 0.1731 30
1718218632711 0.1767 40
1718218645362 0.1246 50
1718218658171 0.3966 60
1718218670945 0.1486 70
1718218683829 0.1981 80
1718218696591 0.1448 90
1718218709033 0.1718 100
1718218722167 0.1647 110
1718218734910 0.1738 120
1718218747816 0.1346 130
1718218760448 0.1471 140
1718218772960 0.1262 150
1718218785772 0.1044 160
1718218798716 0.1214 170
1718218811765 0.1823 180
1718218824433 0.1519 190
1718218837027 0.1496 200
1718218850112 0.137 210
1718218863098 0.1084 220
1718218876009 0.0888 230
1718218888945 0.1125 240
1718218901663 0.0947 250
