1717953851978 0.02 100
1717953869283 0.04 200
1717953886589 0.05 300
1717953903900 0.07 400
1717953921210 0.09 500
1717953938517 0.11 600
1717953955844 0.12 700
1717953973158 0.14 800
1717953990485 0.16 900
1717954007805 0.18 1000
1717954019376 0.18 1000
1717954036772 0.19 1100
1717954054155 0.21 1200
1717954071548 0.23 1300
1717954088924 0.25 1400
1717954106311 0.26 1500
1717954123704 0.28 1600
1717954141085 0.3 1700
1717954158454 0.32 1800
1717954175827 0.33 1900
1717954193201 0.35 2000
1717954204754 0.35 2000
1717954222135 0.37 2100
1717954239504 0.39 2200
1717954256864 0.4 2300
1717954274235 0.42 2400
1717954291631 0.44 2500
1717954309032 0.46 2600
1717954326432 0.47 2700
1717954343827 0.49 2800
1717954361200 0.51 2900
1717954378575 0.53 3000
1717954390147 0.53 3000
1717954409622 0.54 3100
1717954426969 0.56 3200
1717954444314 0.58 3300
1717954461645 0.6 3400
1717954478989 0.61 3500
1717954496322 0.63 3600
1717954513651 0.65 3700
1717954530973 0.67 3800
1717954548303 0.68 3900
1717954565641 0.7 4000
1717954577167 0.7 4000
1717954594569 0.72 4100
1717954611955 0.74 4200
1717954629338 0.75 4300
1717954646733 0.77 4400
1717954664108 0.79 4500
1717954681469 0.81 4600
1717954698832 0.82 4700
1717954716191 0.84 4800
1717954733559 0.86 4900
1717954750953 0.88 5000
1717954762499 0.88 5000
1717954779877 0.89 5100
1717954797271 0.91 5200
1717954814673 0.93 5300
1717954832054 0.95 5400
1717954849442 0.96 5500
1717954866837 0.98 5600
1717954884235 1.0 5700
1717954904129 1.02 5800
1717954921446 1.03 5900
1717954938775 1.05 6000
1717954950300 1.05 6000
1717954969811 1.07 6100
1717954987170 1.09 6200
1717955004525 1.1 6300
1717955021881 1.12 6400
1717955039217 1.14 6500
1717955056534 1.16 6600
1717955073862 1.18 6700
1717955091230 1.19 6800
1717955108604 1.21 6900
1717955125973 1.23 7000
1717955137533 1.23 7000
1717955154972 1.25 7100
1717955172386 1.26 7200
1717955189827 1.28 7300
1717955207230 1.3 7400
1717955224644 1.32 7500
1717955242041 1.33 7600
1717955259453 1.35 7700
1717955276852 1.37 7800
1717955294254 1.39 7900
1717955311661 1.4 8000
1717955323227 1.4 8000
1717955340673 1.42 8100
1717955358080 1.44 8200
1717955375483 1.46 8300
1717955392877 1.47 8400
1717955410295 1.49 8500
1717955427722 1.51 8600
1717955445147 1.53 8700
1717955462552 1.54 8800
1717955479959 1.56 8900
1717955497402 1.58 9000
1717955508959 1.58 9000
1717955528473 1.6 9100
1717955545854 1.61 9200
1717955563247 1.63 9300
1717955580635 1.65 9400
1717955598001 1.67 9500
1717955615389 1.68 9600
1717955632801 1.7 9700
1717955650216 1.72 9800
1717955667607 1.74 9900
1717955685018 1.75 10000
1717955696588 1.75 10000
1717955714028 1.77 10100
1717955731463 1.79 10200
1717955748848 1.81 10300
1717955766229 1.82 10400
1717955783638 1.84 10500
1717955801033 1.86 10600
1717955818423 1.88 10700
1717955835811 1.89 10800
1717955853229 1.91 10900
1717955870681 1.93 11000
1717955882461 1.93 11000
1717955900783 1.95 11100
1717955918285 1.96 11200
1717955935804 1.98 11300
1717955953339 2.0 11400
1717955970841 2.02 11500
1717955988351 2.03 11600
1717956005883 2.05 11700
1717956023407 2.07 11800
1717956040942 2.09 11900
1717956058470 2.1 12000
1717956070089 2.1 12000
1717956089739 2.12 12100
1717956107217 2.14 12200
1717956124686 2.16 12300
1717956142175 2.17 12400
1717956159627 2.19 12500
1717956177057 2.21 12600
1717956194507 2.23 12700
1717956211947 2.24 12800
1717956229396 2.26 12900
1717956246911 2.28 13000
1717956258519 2.28 13000
1717956276034 2.3 13100
1717956293552 2.31 13200
1717956311053 2.33 13300
1717956328577 2.35 13400
1717956346110 2.37 13500
1717956363614 2.39 13600
1717956381118 2.4 13700
1717956398640 2.42 13800
1717956416164 2.44 13900
1717956433698 2.46 14000
1717956445322 2.46 14000
1717956462846 2.47 14100
1717956480335 2.49 14200
1717956497842 2.51 14300
1717956515357 2.53 14400
1717956532853 2.54 14500
1717956550403 2.56 14600
1717956567910 2.58 14700
1717956585423 2.6 14800
1717956602936 2.61 14900
1717956620444 2.63 15000
1717956632099 2.63 15000
1717956651854 2.65 15100
1717956669419 2.67 15200
1717956686976 2.68 15300
1717956704534 2.7 15400
1717956722092 2.72 15500
1717956739648 2.74 15600
1717956757195 2.75 15700
1717956774716 2.77 15800
1717956792246 2.79 15900
1717956809799 2.81 16000
1717956821445 2.81 16000
1717956838989 2.82 16100
1717956856517 2.84 16200
1717956874052 2.86 16300
1717956891571 2.88 16400
1717956909119 2.89 16500
1717956926664 2.91 16600
1717956944230 2.93 16700
1717956961776 2.95 16800
1717956979281 2.96 16900
1717956996799 2.98 17000
1717957008407 2.98 17000
1717957025940 3.0 17100
1717957043480 3.02 17200
1717957061017 3.03 17300
1717957078554 3.05 17400
1717957096067 3.07 17500
1717957113620 3.09 17600
1717957131152 3.1 17700
1717957148703 3.12 17800
1717957166233 3.14 17900
1717957183754 3.16 18000
1717957195377 3.16 18000
1717957215178 3.17 18100
1717957232742 3.19 18200
1717957250302 3.21 18300
1717957267866 3.23 18400
1717957285407 3.24 18500
1717957302954 3.26 18600
1717957321504 3.28 18700
1717957340253 3.3 18800
1717957358867 3.31 18900
1717957377870 3.33 19000
1717957390357 3.33 19000
1717957409238 3.35 19100
1717957428041 3.37 19200
1717957446894 3.38 19300
1717957466366 3.4 19400
1717957485497 3.42 19500
1717957504548 3.44 19600
1717957523617 3.45 19700
1717957542382 3.47 19800
1717957561588 3.49 19900
1717957580718 3.51 20000
1717957593502 3.51 20000
1717957612358 3.53 20100
1717957631112 3.54 20200
1717957649832 3.56 20300
1717957668683 3.58 20400
1717957687281 3.6 20500
1717957705770 3.61 20600
1717957724287 3.63 20700
1717957742669 3.65 20800
1717957761197 3.67 20900
1717957779915 3.68 21000
1717957792114 3.68 21000
1717957813080 3.7 21100
1717957831970 3.72 21200
1717957850648 3.74 21300
1717957868784 3.75 21400
1717957887290 3.77 21500
1717957907006 3.79 21600
1717957925857 3.81 21700
1717957944885 3.82 21800
1717957963958 3.84 21900
1717957983666 3.86 22000
1717957996628 3.86 22000
1717958016056 3.88 22100
1717958035512 3.89 22200
1717958054697 3.91 22300
1717958073791 3.93 22400
1717958092861 3.95 22500
1717958111918 3.96 22600
1717958131012 3.98 22700
1717958150460 4.0 22800
1717958169918 4.02 22900
1717958188961 4.03 23000
1717958201544 4.03 23000
1717958220593 4.05 23100
1717958239687 4.07 23200
1717958258797 4.09 23300
1717958277840 4.1 23400
1717958297278 4.12 23500
1717958316631 4.14 23600
1717958335749 4.16 23700
1717958354778 4.17 23800
1717958373820 4.19 23900
1717958393101 4.21 24000
1717958405925 4.21 24000
1717958427806 4.23 24100
1717958446737 4.24 24200
1717958465697 4.26 24300
1717958484732 4.28 24400
1717958503861 4.3 24500
1717958523205 4.31 24600
1717958542574 4.33 24700
1717958561646 4.35 24800
1717958579779 4.37 24900
1717958597976 4.38 25000
1717958609983 4.38 25000
1717958628161 4.4 25100
1717958646177 4.42 25200
1717958664719 4.44 25300
1717958683886 4.45 25400
1717958702882 4.47 25500
1717958722118 4.49 25600
1717958741479 4.51 25700
1717958760576 4.52 25800
1717958779546 4.54 25900
1717958798588 4.56 26000
1717958811228 4.56 26000
1717958830403 4.58 26100
1717958849513 4.59 26200
1717958868624 4.61 26300
1717958887783 4.63 26400
1717958907061 4.65 26500
1717958926460 4.67 26600
1717958945926 4.68 26700
1717958965123 4.7 26800
1717958984303 4.72 26900
1717959003508 4.74 27000
1717959015713 4.74 27000
1717959036020 4.75 27100
1717959055382 4.77 27200
1717959074432 4.79 27300
1717959093993 4.81 27400
1717959113931 4.82 27500
1717959133034 4.84 27600
1717959152157 4.86 27700
1717959171345 4.88 27800
1717959191240 4.89 27900
1717959210436 4.91 28000
1717959223143 4.91 28000
1717959242259 4.93 28100
1717959261374 4.95 28200
1717959280412 4.96 28300
1717959299579 4.98 28400
1717959318665 5.0 28500
1717959337774 5.02 28600
1717959356890 5.03 28700
1717959375984 5.05 28800
1717959395022 5.07 28900
1717959414133 5.09 29000
1717959427236 5.09 29000
1717959446839 5.1 29100
1717959466250 5.12 29200
1717959485477 5.14 29300
1717959504883 5.16 29400
1717959524042 5.17 29500
1717959543531 5.19 29600
1717959562665 5.21 29700
1717959581670 5.23 29800
1717959600672 5.24 29900
1717959619682 5.26 30000
1717959632225 5.26 30000
1717959653684 5.28 30100
1717959672906 5.3 30200
1717959691940 5.31 30300
1717959710990 5.33 30400
1717959729998 5.35 30500
1717959748647 5.37 30600
1717959768039 5.38 30700
1717959787559 5.4 30800
1717959807008 5.42 30900
1717959826488 5.44 31000
1717959838589 5.44 31000
1717959856760 5.45 31100
1717959875744 5.47 31200
1717959894877 5.49 31300
1717959914318 5.51 31400
1717959933821 5.52 31500
1717959953624 5.54 31600
1717959972910 5.56 31700
1717959992124 5.58 31800
1717960011365 5.59 31900
1717960030523 5.61 32000
1717960043359 5.61 32000
1717960062658 5.63 32100
1717960081870 5.65 32200
1717960100400 5.66 32300
1717960118790 5.68 32400
1717960137827 5.7 32500
1717960156123 5.72 32600
1717960175158 5.73 32700
1717960194381 5.75 32800
1717960213594 5.77 32900
1717960232760 5.79 33000
1717960245359 5.79 33000
1717960267643 5.8 33100
1717960287106 5.82 33200
1717960306588 5.84 33300
1717960326544 5.86 33400
1717960346131 5.88 33500
1717960364386 5.89 33600
1717960383064 5.91 33700
1717960402451 5.93 33800
1717960421720 5.95 33900
1717960440866 5.96 34000
1717960453183 5.96 34000
1717960471524 5.98 34100
1717960489770 6.0 34200
1717960507740 6.02 34300
1717960526326 6.03 34400
1717960545876 6.05 34500
1717960565112 6.07 34600
1717960584780 6.09 34700
1717960604337 6.1 34800
1717960623843 6.12 34900
1717960643064 6.14 35000
1717960655659 6.14 35000
1717960674946 6.16 35100
1717960694427 6.17 35200
1717960713781 6.19 35300
1717960733188 6.21 35400
1717960753040 6.23 35500
1717960772557 6.24 35600
1717960792152 6.26 35700
1717960811492 6.28 35800
1717960830884 6.3 35900
1717960850315 6.31 36000
1717960863394 6.31 36000
1717960885560 6.33 36100
1717960905286 6.35 36200
1717960924482 6.37 36300
1717960944189 6.38 36400
1717960964048 6.4 36500
1717960983624 6.42 36600
1717961002592 6.44 36700
1717961020564 6.45 36800
1717961038750 6.47 36900
1717961056805 6.49 37000
1717961068956 6.49 37000
1717961087143 6.51 37100
1717961105052 6.52 37200
1717961123273 6.54 37300
1717961141596 6.56 37400
1717961161260 6.58 37500
1717961180933 6.59 37600
1717961199994 6.61 37700
1717961219756 6.63 37800
1717961239532 6.65 37900
1717961258759 6.66 38000
1717961271475 6.66 38000
1717961290571 6.68 38100
1717961309648 6.7 38200
1717961328764 6.72 38300
1717961347906 6.73 38400
1717961367493 6.75 38500
1717961386515 6.77 38600
1717961405594 6.79 38700
1717961424758 6.8 38800
1717961442960 6.82 38900
1717961461162 6.84 39000
1717961473332 6.84 39000
1717961494897 6.86 39100
1717961514654 6.87 39200
1717961534653 6.89 39300
1717961554242 6.91 39400
1717961573606 6.93 39500
1717961592741 6.94 39600
1717961611939 6.96 39700
1717961631336 6.98 39800
1717961650734 7.0 39900
1717961669902 7.02 40000
1717961682590 7.02 40000
1717961701835 7.03 40100
1717961721255 7.05 40200
1717961741202 7.07 40300
1717961760705 7.09 40400
1717961780276 7.1 40500
1717961799493 7.12 40600
1717961818117 7.14 40700
1717961836117 7.16 40800
1717961855104 7.17 40900
1717961873535 7.19 41000
1717961885666 7.19 41000
1717961903738 7.21 41100
1717961921608 7.23 41200
1717961939646 7.24 41300
1717961957579 7.26 41400
1717961975207 7.28 41500
1717961992638 7.3 41600
1717962010054 7.31 41700
1717962027468 7.33 41800
1717962044905 7.35 41900
1717962062351 7.37 42000
1717962073896 7.37 42000
1717962093614 7.38 42100
1717962111080 7.4 42200
1717962128549 7.42 42300
1717962146027 7.44 42400
1717962163480 7.45 42500
1717962180935 7.47 42600
1717962198393 7.49 42700
1717962215845 7.51 42800
1717962233282 7.52 42900
1717962250736 7.54 43000
1717962262277 7.54 43000
1717962279734 7.56 43100
1717962297172 7.58 43200
1717962314600 7.59 43300
1717962332041 7.61 43400
1717962349471 7.63 43500
1717962366914 7.65 43600
1717962384383 7.66 43700
1717962401843 7.68 43800
1717962419265 7.7 43900
1717962436680 7.72 44000
1717962448215 7.72 44000
1717962465692 7.73 44100
1717962483141 7.75 44200
1717962500570 7.77 44300
1717962518000 7.79 44400
1717962535426 7.8 44500
1717962552872 7.82 44600
1717962570326 7.84 44700
1717962587754 7.86 44800
1717962605189 7.87 44900
1717962622648 7.89 45000
1717962634203 7.89 45000
1717962653824 7.91 45100
1717962671306 7.93 45200
1717962688800 7.94 45300
1717962706259 7.96 45400
1717962723700 7.98 45500
1717962741159 8.0 45600
1717962758600 8.01 45700
1717962776048 8.03 45800
1717962793480 8.05 45900
1717962810919 8.07 46000
1717962822448 8.07 46000
1717962840019 8.08 46100
1717962857437 8.1 46200
1717962874867 8.12 46300
1717962892330 8.14 46400
1717962909791 8.16 46500
1717962927234 8.17 46600
1717962944669 8.19 46700
1717962962128 8.21 46800
1717962979566 8.23 46900
1717962997001 8.24 47000
1717963008537 8.24 47000
1717963025980 8.26 47100
1717963043411 8.28 47200
1717963060858 8.3 47300
1717963078313 8.31 47400
1717963095760 8.33 47500
1717963113204 8.35 47600
1717963130649 8.37 47700
1717963148105 8.38 47800
1717963165526 8.4 47900
1717963182974 8.42 48000
1717963194546 8.42 48000
1717963214147 8.44 48100
1717963231619 8.45 48200
1717963249085 8.47 48300
1717963266552 8.49 48400
1717963283987 8.51 48500
1717963301430 8.52 48600
1717963318882 8.54 48700
1717963336334 8.56 48800
1717963353770 8.58 48900
1717963371228 8.59 49000
1717963382771 8.59 49000
1717963400226 8.61 49100
1717963417671 8.63 49200
1717963435130 8.65 49300
1717963452604 8.66 49400
1717963470039 8.68 49500
1717963487447 8.7 49600
1717963504854 8.72 49700
1717963522271 8.73 49800
1717963539697 8.75 49900
1717963557154 8.77 50000
1717963568716 8.77 50000
1717963586162 8.79 50100
1717963603627 8.8 50200
1717963621060 8.82 50300
1717963638484 8.84 50400
1717963655928 8.86 50500
1717963673383 8.87 50600
1717963690839 8.89 50700
1717963708289 8.91 50800
1717963725734 8.93 50900
1717963743188 8.94 51000
1717963754707 8.94 51000
1717963774113 8.96 51100
1717963791481 8.98 51200
1717963808958 9.0 51300
1717963826406 9.01 51400
1717963843877 9.03 51500
1717963861318 9.05 51600
1717963878787 9.07 51700
1717963896205 9.08 51800
1717963913631 9.1 51900
1717963931075 9.12 52000
1717963942613 9.12 52000
1717963960082 9.14 52100
1717963977752 9.15 52200
1717963995176 9.17 52300
1717964012599 9.19 52400
1717964030014 9.21 52500
1717964047429 9.22 52600
1717964064839 9.24 52700
1717964082251 9.26 52800
1717964099695 9.28 52900
1717964117114 9.29 53000
1717964128646 9.29 53000
1717964146118 9.31 53100
1717964163565 9.33 53200
1717964181010 9.35 53300
1717964198443 9.37 53400
1717964215884 9.38 53500
1717964233312 9.4 53600
1717964250762 9.42 53700
1717964268185 9.44 53800
1717964285609 9.45 53900
1717964303036 9.47 54000
1717964314540 9.47 54000
1717964334199 9.49 54100
1717964351578 9.51 54200
1717964368965 9.52 54300
1717964386330 9.54 54400
1717964403707 9.56 54500
1717964421094 9.58 54600
1717964438532 9.59 54700
1717964455956 9.61 54800
1717964473382 9.63 54900
1717964490810 9.65 55000
1717964502312 9.65 55000
1717964519745 9.66 55100
1717964537185 9.68 55200
1717964554607 9.7 55300
1717964572024 9.72 55400
1717964589457 9.73 55500
1717964606919 9.75 55600
1717964624357 9.77 55700
1717964641787 9.79 55800
1717964659237 9.8 55900
1717964676677 9.82 56000
1717964688231 9.82 56000
1717964705695 9.84 56100
1717964723164 9.86 56200
1717964740640 9.87 56300
1717964758082 9.89 56400
1717964775530 9.91 56500
1717964792976 9.93 56600
1717964810409 9.94 56700
1717964827863 9.96 56800
1717964845316 9.98 56900
1717964862776 10.0 57000
1717964874320 10.0 57000
1717964880733 10.0 57020
