1717953851978 1.5245262384414673 100
1717953869283 2.270522356033325 200
1717953886589 4.545152187347412 300
1717953903900 6.567594528198242 400
1717953921210 14.263654708862305 500
1717953938517 17.08781623840332 600
1717953955844 33.09525680541992 700
1717953973158 24.09777069091797 800
1717953990485 15.404479026794434 900
1717954007805 43.949676513671875 1000
1717954036772 27.578760147094727 1100
1717954054155 34.722713470458984 1200
1717954071548 63.56793212890625 1300
1717954088924 68.16837310791016 1400
1717954106311 31.072031021118164 1500
1717954123704 37.44825744628906 1600
1717954141085 14.9097261428833 1700
1717954158454 22.060789108276367 1800
1717954175827 36.57123565673828 1900
1717954193201 18.3913516998291 2000
1717954222135 27.202655792236328 2100
1717954239504 18.367341995239258 2200
1717954256864 23.288667678833008 2300
1717954274235 26.690170288085938 2400
1717954291631 12.814644813537598 2500
1717954309032 29.135583877563477 2600
1717954326432 14.172307014465332 2700
1717954343827 25.368934631347656 2800
1717954361200 30.003442764282227 2900
1717954378575 12.162469863891602 3000
1717954409622 11.080711364746094 3100
1717954426969 11.635380744934082 3200
1717954444314 19.035066604614258 3300
1717954461645 32.188331604003906 3400
1717954478989 32.71809005737305 3500
1717954496322 19.139446258544922 3600
1717954513651 29.199871063232422 3700
1717954530973 12.166844367980957 3800
1717954548303 24.72793197631836 3900
1717954565641 12.750526428222656 4000
1717954594569 19.40586280822754 4100
1717954611955 15.156563758850098 4200
1717954629338 20.531179428100586 4300
1717954646733 22.900358200073242 4400
1717954664108 13.535378456115723 4500
1717954681469 16.23270606994629 4600
1717954698832 15.675600051879883 4700
1717954716191 21.572410583496094 4800
1717954733559 12.131609916687012 4900
1717954750953 25.42967987060547 5000
1717954779877 11.231402397155762 5100
1717954797271 8.273186683654785 5200
1717954814673 49.46812057495117 5300
1717954832054 13.56060791015625 5400
1717954849442 23.281475067138672 5500
1717954866837 20.94768714904785 5600
1717954884235 11.409012794494629 5700
1717954904129 16.012861251831055 5800
1717954921446 21.980981826782227 5900
1717954938775 8.822406768798828 6000
1717954969811 22.40732765197754 6100
1717954987170 20.761240005493164 6200
1717955004525 6.306498050689697 6300
1717955021881 12.685763359069824 6400
1717955039217 13.07536792755127 6500
1717955056534 31.14147186279297 6600
1717955073862 17.487524032592773 6700
1717955091230 23.322208404541016 6800
1717955108604 17.309396743774414 6900
1717955125973 17.177648544311523 7000
1717955154972 9.260590553283691 7100
1717955172386 16.873762130737305 7200
1717955189827 7.457272529602051 7300
1717955207230 18.19662857055664 7400
1717955224644 19.886993408203125 7500
1717955242041 8.55051326751709 7600
1717955259453 8.525593757629395 7700
1717955276852 17.971546173095703 7800
1717955294254 22.746191024780273 7900
1717955311661 12.178692817687988 8000
1717955340673 12.188533782958984 8100
1717955358080 12.116111755371094 8200
1717955375483 28.249496459960938 8300
1717955392877 13.796670913696289 8400
1717955410295 8.219552993774414 8500
1717955427722 28.61104393005371 8600
1717955445147 12.685344696044922 8700
1717955462552 18.35580825805664 8800
1717955479959 8.102068901062012 8900
1717955497402 6.376098155975342 9000
1717955528473 2.4445509910583496 9100
1717955545854 9.610214233398438 9200
1717955563247 11.898490905761719 9300
1717955580635 14.062215805053711 9400
1717955598001 26.944711685180664 9500
1717955615389 14.574196815490723 9600
1717955632801 8.3314790725708 9700
1717955650216 11.219664573669434 9800
1717955667607 13.642528533935547 9900
1717955685018 16.814674377441406 10000
1717955714028 38.68724060058594 10100
1717955731463 12.796814918518066 10200
1717955748848 8.316515922546387 10300
1717955766229 8.876338958740234 10400
1717955783638 16.72930145263672 10500
1717955801033 14.589695930480957 10600
1717955818423 5.890071392059326 10700
1717955835811 8.210055351257324 10800
1717955853229 22.952590942382812 10900
1717955870681 26.498464584350586 11000
1717955900783 8.316763877868652 11100
1717955918285 20.14605712890625 11200
1717955935804 10.594767570495605 11300
1717955953339 21.236480712890625 11400
1717955970841 19.9698543548584 11500
1717955988351 25.942975997924805 11600
1717956005883 17.086549758911133 11700
1717956023407 11.970406532287598 11800
1717956040942 16.633426666259766 11900
1717956058470 15.942277908325195 12000
1717956089739 33.396873474121094 12100
1717956107217 17.686573028564453 12200
1717956124686 17.39410400390625 12300
1717956142175 1.2801870107650757 12400
1717956159627 9.564292907714844 12500
1717956177057 5.1010518074035645 12600
1717956194507 9.423138618469238 12700
1717956211947 24.196739196777344 12800
1717956229396 24.23491668701172 12900
1717956246911 28.59294319152832 13000
1717956276034 25.192228317260742 13100
1717956293552 5.039792060852051 13200
1717956311053 56.89672088623047 13300
1717956328577 9.735806465148926 13400
1717956346110 9.378771781921387 13500
1717956363614 41.33302307128906 13600
1717956381118 10.810098648071289 13700
1717956398640 22.005321502685547 13800
1717956416164 31.57262420654297 13900
1717956433698 9.930098533630371 14000
1717956462846 16.887727737426758 14100
1717956480335 38.452213287353516 14200
1717956497842 11.47575855255127 14300
1717956515357 10.443266868591309 14400
1717956532853 7.569715976715088 14500
1717956550403 10.656644821166992 14600
1717956567910 10.265700340270996 14700
1717956585423 33.183311462402344 14800
1717956602936 43.996238708496094 14900
1717956620444 29.49005889892578 15000
1717956651854 11.568619728088379 15100
1717956669419 21.31294822692871 15200
1717956686976 14.06879997253418 15300
1717956704534 19.217731475830078 15400
1717956722092 13.653695106506348 15500
1717956739648 2.5204391479492188 15600
1717956757195 10.231801986694336 15700
1717956774716 22.300430297851562 15800
1717956792246 16.119022369384766 15900
1717956809799 28.858970642089844 16000
1717956838989 42.69992446899414 16100
1717956856517 14.27070140838623 16200
1717956874052 13.963866233825684 16300
1717956891571 32.49391555786133 16400
1717956909119 16.98708152770996 16500
1717956926664 30.45493507385254 16600
1717956944230 11.017172813415527 16700
1717956961776 11.631353378295898 16800
1717956979281 16.807052612304688 16900
1717956996799 27.467620849609375 17000
1717957025940 41.89920425415039 17100
1717957043480 35.357200622558594 17200
1717957061017 3.7011725902557373 17300
1717957078554 65.59221649169922 17400
1717957096067 8.66448974609375 17500
1717957113620 21.10927963256836 17600
1717957131152 22.211807250976562 17700
1717957148703 30.502656936645508 17800
1717957166233 14.286320686340332 17900
1717957183754 35.27752685546875 18000
1717957215178 11.646450996398926 18100
1717957232742 33.820369720458984 18200
1717957250302 32.60931396484375 18300
1717957267866 32.657596588134766 18400
1717957285407 21.838153839111328 18500
1717957302954 4.558712959289551 18600
1717957321504 15.814289093017578 18700
1717957340253 39.441551208496094 18800
1717957358867 37.9266357421875 18900
1717957377870 26.936365127563477 19000
1717957409238 26.888221740722656 19100
1717957428041 42.44495391845703 19200
1717957446894 37.87653732299805 19300
1717957466366 7.752762794494629 19400
1717957485497 6.912588596343994 19500
1717957504548 67.49199676513672 19600
1717957523617 17.707849502563477 19700
1717957542382 36.54080581665039 19800
1717957561588 36.150962829589844 19900
1717957580718 5.968818187713623 20000
1717957612358 2.9394423961639404 20100
1717957631112 30.084321975708008 20200
1717957649832 54.28884506225586 20300
1717957668683 12.332173347473145 20400
1717957687281 62.0483512878418 20500
1717957705770 27.720413208007812 20600
1717957724287 30.124727249145508 20700
1717957742669 24.368389129638672 20800
1717957761197 4.621385097503662 20900
1717957779915 18.798112869262695 21000
1717957813080 19.05764389038086 21100
1717957831970 4.421551704406738 21200
1717957850648 39.85111618041992 21300
1717957868784 27.028226852416992 21400
1717957887290 0.6581512093544006 21500
1717957907006 103.97803497314453 21600
1717957925857 20.047470092773438 21700
1717957944885 57.050418853759766 21800
1717957963958 20.861085891723633 21900
1717957983666 62.63656234741211 22000
1717958016056 18.69580841064453 22100
1717958035512 26.646879196166992 22200
1717958054697 4.89792013168335 22300
1717958073791 37.447879791259766 22400
1717958092861 24.74482536315918 22500
1717958111918 8.96833324432373 22600
1717958131012 3.482118606567383 22700
1717958150460 17.582523345947266 22800
1717958169918 0.30736422538757324 22900
1717958188961 105.68310546875 23000
1717958220593 14.946728706359863 23100
1717958239687 47.1744384765625 23200
1717958258797 26.65058708190918 23300
1717958277840 31.961410522460938 23400
1717958297278 78.50460052490234 23500
1717958316631 43.58169174194336 23600
1717958335749 7.201849937438965 23700
1717958354778 16.003738403320312 23800
1717958373820 39.51972579956055 23900
1717958393101 20.664165496826172 24000
1717958427806 34.056304931640625 24100
1717958446737 10.276073455810547 24200
1717958465697 35.91899490356445 24300
1717958484732 49.01060485839844 24400
1717958503861 50.3607292175293 24500
1717958523205 18.438024520874023 24600
1717958542574 0.32061493396759033 24700
1717958561646 54.66326904296875 24800
1717958579779 0.39681747555732727 24900
1717958597976 0.1812993884086609 25000
1717958628161 16.408876419067383 25100
1717958646177 25.488000869750977 25200
1717958664719 110.75508117675781 25300
1717958683886 16.234472274780273 25400
1717958702882 45.930912017822266 25500
1717958722118 21.9403076171875 25600
1717958741479 30.25191307067871 25700
1717958760576 4.500960350036621 25800
1717958779546 2.619290590286255 25900
1717958798588 54.2655143737793 26000
1717958830403 25.151765823364258 26100
1717958849513 0.20725230872631073 26200
1717958868624 5.42360258102417 26300
1717958887783 76.68435668945312 26400
1717958907061 18.454166412353516 26500
1717958926460 37.16891860961914 26600
1717958945926 6.861049652099609 26700
1717958965123 2.3175036907196045 26800
1717958984303 94.00846862792969 26900
1717959003508 18.942062377929688 27000
1717959036020 7.285800933837891 27100
1717959055382 88.97528076171875 27200
1717959074432 8.91492748260498 27300
1717959093993 24.663463592529297 27400
1717959113931 0.17788119614124298 27500
1717959133034 98.92350006103516 27600
1717959152157 20.68222427368164 27700
1717959171345 44.12712860107422 27800
1717959191240 73.00263977050781 27900
1717959210436 4.954317569732666 28000
1717959242259 63.28249740600586 28100
1717959261374 20.909969329833984 28200
1717959280412 27.46953582763672 28300
1717959299579 61.06257247924805 28400
1717959318665 86.00570678710938 28500
1717959337774 0.1435045301914215 28600
1717959356890 3.650920867919922 28700
1717959375984 52.054039001464844 28800
1717959395022 49.3091926574707 28900
1717959414133 1.3162575960159302 29000
1717959446839 72.7771987915039 29100
1717959466250 13.026277542114258 29200
1717959485477 0.253099650144577 29300
1717959504883 0.10756263881921768 29400
1717959524042 70.884521484375 29500
1717959543531 0.6865634918212891 29600
1717959562665 3.4258744716644287 29700
1717959581670 4.664480686187744 29800
1717959600672 3.1444625854492188 29900
1717959619682 5.402368068695068 30000
1717959653684 116.7843246459961 30100
1717959672906 0.22790004312992096 30200
1717959691940 46.16460037231445 30300
1717959710990 215.4066162109375 30400
1717959729998 51.77779006958008 30500
1717959748647 0.20277997851371765 30600
1717959768039 10.611115455627441 30700
1717959787559 13.849928855895996 30800
1717959807008 28.63180923461914 30900
1717959826488 106.03097534179688 31000
1717959856760 95.57354736328125 31100
1717959875744 56.76129913330078 31200
1717959894877 0.6930083632469177 31300
1717959914318 2.442798137664795 31400
1717959933821 0.1426573544740677 31500
1717959953624 0.5013797879219055 31600
1717959972910 0.31859710812568665 31700
1717959992124 10.098233222961426 31800
1717960011365 0.16403158009052277 31900
1717960030523 25.391361236572266 32000
1717960062658 13.891170501708984 32100
1717960081870 0.1705261468887329 32200
1717960100400 0.6497287154197693 32300
1717960118790 0.6885572671890259 32400
1717960137827 18.568599700927734 32500
1717960156123 0.46076810359954834 32600
1717960175158 1.1024094820022583 32700
1717960194381 22.046152114868164 32800
1717960213594 24.057382583618164 32900
1717960232760 67.40087890625 33000
1717960267643 83.26844024658203 33100
1717960287106 0.36926552653312683 33200
1717960306588 0.1285685896873474 33300
1717960326544 157.6876678466797 33400
1717960346131 0.3219485282897949 33500
1717960364386 0.27364084124565125 33600
1717960383064 12.678436279296875 33700
1717960402451 24.323808670043945 33800
1717960421720 9.480923652648926 33900
1717960440866 0.4721730053424835 34000
1717960471524 2.0073912143707275 34100
1717960489770 0.8938024044036865 34200
1717960507740 70.3575439453125 34300
1717960526326 0.7417688965797424 34400
1717960545876 157.34263610839844 34500
1717960565112 0.8029308915138245 34600
1717960584780 139.94528198242188 34700
1717960604337 0.11056726425886154 34800
1717960623843 24.00579261779785 34900
1717960643064 38.08662414550781 35000
1717960674946 22.278791427612305 35100
1717960694427 80.90547943115234 35200
1717960713781 32.94449996948242 35300
1717960733188 40.5111083984375 35400
1717960753040 0.11509624123573303 35500
1717960772557 10.59585189819336 35600
1717960792152 0.11373184621334076 35700
1717960811492 0.40194931626319885 35800
1717960830884 16.403356552124023 35900
1717960850315 383.448486328125 36000
1717960885560 46.669090270996094 36100
1717960905286 417.4634094238281 36200
1717960924482 33.59714889526367 36300
1717960944189 30.616819381713867 36400
1717960964048 200.40869140625 36500
1717960983624 8.661654472351074 36600
1717961002592 0.08385559171438217 36700
1717961020564 3.4861929416656494 36800
1717961038750 0.07535868138074875 36900
1717961056805 0.16070060431957245 37000
1717961087143 403.5731201171875 37100
1717961105052 29.415508270263672 37200
1717961123273 5.41309118270874 37300
1717961141596 0.2363484799861908 37400
1717961161260 0.405357301235199 37500
1717961180933 5.306597709655762 37600
1717961199994 0.06323301792144775 37700
1717961219756 251.37351989746094 37800
1717961239532 198.8705596923828 37900
1717961258759 0.04239130765199661 38000
1717961290571 18.763078689575195 38100
1717961309648 0.14186641573905945 38200
1717961328764 1.3276634216308594 38300
1717961347906 43.183631896972656 38400
1717961367493 0.4610738158226013 38500
1717961386515 20.039751052856445 38600
1717961405594 39.781166076660156 38700
1717961424758 46.59140396118164 38800
1717961442960 0.31639206409454346 38900
1717961461162 0.8808137774467468 39000
1717961494897 2.3179407119750977 39100
1717961514654 0.08370634913444519 39200
1717961534653 1.1323373317718506 39300
1717961554242 0.27403005957603455 39400
1717961573606 0.09649067372083664 39500
1717961592741 0.1432466208934784 39600
1717961611939 0.07306802272796631 39700
1717961631336 66.39594268798828 39800
1717961650734 0.8430381417274475 39900
1717961669902 439.4111633300781 40000
1717961701835 0.8695052266120911 40100
1717961721255 0.05746464803814888 40200
1717961741202 30.31520652770996 40300
1717961760705 0.032207489013671875 40400
1717961780276 316.5804748535156 40500
1717961799493 0.2893546521663666 40600
1717961818117 0.08707787841558456 40700
1717961836117 36.8277702331543 40800
1717961855104 0.08218389749526978 40900
1717961873535 41.689414978027344 41000
1717961903738 3.5089480876922607 41100
1717961921608 118.62421417236328 41200
1717961939646 18.015710830688477 41300
1717961957579 0.14418599009513855 41400
1717961975207 0.22345851361751556 41500
1717961992638 0.07025229185819626 41600
1717962010054 0.8470816612243652 41700
1717962027468 0.06937277317047119 41800
1717962044905 3.610633373260498 41900
1717962062351 100.31297302246094 42000
1717962093614 597.0980834960938 42100
1717962111080 187.34445190429688 42200
1717962128549 0.04769342765212059 42300
1717962146027 0.700226366519928 42400
1717962163480 0.026857759803533554 42500
1717962180935 27.71398162841797 42600
1717962198393 0.08177576214075089 42700
1717962215845 0.2207707166671753 42800
1717962233282 31.744007110595703 42900
1717962250736 0.040199603885412216 43000
1717962279734 1.0625452995300293 43100
1717962297172 0.05102960392832756 43200
1717962314600 0.09554179012775421 43300
1717962332041 2.0299270153045654 43400
1717962349471 48.769378662109375 43500
1717962366914 0.09907971322536469 43600
1717962384383 0.1010165885090828 43700
1717962401843 5.110086441040039 43800
1717962419265 0.043915219604969025 43900
1717962436680 0.0193299800157547 44000
1717962465692 223.9850311279297 44100
1717962483141 0.022617461159825325 44200
1717962500570 0.1634310930967331 44300
1717962518000 76.31561279296875 44400
1717962535426 0.040544293820858 44500
1717962552872 26.074228286743164 44600
1717962570326 0.8171364665031433 44700
1717962587754 0.08855068683624268 44800
1717962605189 9.29410457611084 44900
1717962622648 874.4887084960938 45000
1717962653824 0.0850626528263092 45100
1717962671306 0.05044178664684296 45200
1717962688800 0.4429924190044403 45300
1717962706259 0.06591186672449112 45400
1717962723700 0.05283450335264206 45500
1717962741159 148.14418029785156 45600
1717962758600 0.11213915050029755 45700
1717962776048 0.060969024896621704 45800
1717962793480 0.15681998431682587 45900
1717962810919 0.04878183826804161 46000
1717962840019 0.22906021773815155 46100
1717962857437 0.02310512401163578 46200
1717962874867 418.5378112792969 46300
1717962892330 0.036248579621315 46400
1717962909791 0.14301955699920654 46500
1717962927234 0.019583122804760933 46600
1717962944669 3.7519452571868896 46700
1717962962128 49.59728240966797 46800
1717962979566 56.78137969970703 46900
1717962997001 6.750254154205322 47000
1717963025980 1.0191360712051392 47100
1717963043411 292.7388000488281 47200
1717963060858 0.03268050774931908 47300
1717963078313 598.2906494140625 47400
1717963095760 0.555019736289978 47500
1717963113204 0.013957763090729713 47600
1717963130649 0.027126077562570572 47700
1717963148105 0.0846405103802681 47800
1717963165526 0.11238941550254822 47900
1717963182974 0.033199261873960495 48000
1717963214147 0.38973528146743774 48100
1717963231619 0.08967343717813492 48200
1717963249085 0.030209679156541824 48300
1717963266552 0.07609055936336517 48400
1717963283987 0.030513223260641098 48500
1717963301430 0.08569105714559555 48600
1717963318882 0.032899193465709686 48700
1717963336334 22.320293426513672 48800
1717963353770 76.97193908691406 48900
1717963371228 0.04009168967604637 49000
1717963400226 0.8336449861526489 49100
1717963417671 0.02115749567747116 49200
1717963435130 0.02161216363310814 49300
1717963452604 0.02512562833726406 49400
1717963470039 0.07967694103717804 49500
1717963487447 0.029920533299446106 49600
1717963504854 0.04180081933736801 49700
1717963522271 105.52613830566406 49800
1717963539697 0.024183962494134903 49900
1717963557154 0.0183965303003788 50000
1717963586162 0.019623316824436188 50100
1717963603627 0.12064044177532196 50200
1717963621060 0.09356609731912613 50300
1717963638484 0.02608555182814598 50400
1717963655928 0.018394650891423225 50500
1717963673383 0.03501800447702408 50600
1717963690839 0.014816601760685444 50700
1717963708289 0.03060980513691902 50800
1717963725734 58.15139389038086 50900
1717963743188 110.58123016357422 51000
1717963774113 0.02972598187625408 51100
1717963791481 49.79243469238281 51200
1717963808958 0.13746584951877594 51300
1717963826406 0.19509999454021454 51400
1717963843877 81.54761505126953 51500
1717963861318 0.05976542830467224 51600
1717963878787 0.04101132974028587 51700
1717963896205 0.09623482078313828 51800
1717963913631 0.0744750052690506 51900
1717963931075 27.794960021972656 52000
1717963960082 0.13987183570861816 52100
1717963977752 0.0520932599902153 52200
1717963995176 54.56827926635742 52300
1717964012599 0.18542231619358063 52400
1717964030014 0.31922972202301025 52500
1717964047429 0.08115612715482712 52600
1717964064839 0.021881449967622757 52700
1717964082251 0.04605058580636978 52800
1717964099695 0.061095815151929855 52900
1717964117114 0.20775571465492249 53000
1717964146118 0.021528685465455055 53100
1717964163565 0.11319715529680252 53200
1717964181010 0.11924857646226883 53300
1717964198443 0.014383144676685333 53400
1717964215884 0.5386197566986084 53500
1717964233312 301.0711975097656 53600
1717964250762 0.20806381106376648 53700
1717964268185 0.04383454844355583 53800
1717964285609 0.03072979860007763 53900
1717964303036 0.02395227551460266 54000
1717964334199 0.02570285089313984 54100
1717964351578 0.024098999798297882 54200
1717964368965 9.920144081115723 54300
1717964386330 0.12494221329689026 54400
1717964403707 0.0258630383759737 54500
1717964421094 0.03862440958619118 54600
1717964438532 25.06682014465332 54700
1717964455956 0.023560842499136925 54800
1717964473382 0.03471577167510986 54900
1717964490810 140.21875 55000
1717964519745 23.623388290405273 55100
1717964537185 0.04569413140416145 55200
1717964554607 0.03544504567980766 55300
1717964572024 0.2320987433195114 55400
1717964589457 0.4903390109539032 55500
1717964606919 0.039042048156261444 55600
1717964624357 0.08869247138500214 55700
1717964641787 0.5842679738998413 55800
1717964659237 0.11738152801990509 55900
1717964676677 0.015179060399532318 56000
1717964705695 27.642536163330078 56100
1717964723164 0.045755427330732346 56200
1717964740640 0.02162046730518341 56300
1717964758082 6.376981735229492 56400
1717964775530 0.124139703810215 56500
1717964792976 0.46329712867736816 56600
1717964810409 0.026000600308179855 56700
1717964827863 0.16404148936271667 56800
1717964845316 0.39819076657295227 56900
1717964862776 1.938348650932312 57000
