1717953851978 1.0983 100
1717953869283 1.0786 200
1717953886589 1.0564 300
1717953903900 1.0154 400
1717953921210 0.989 500
1717953938517 0.8638 600
1717953955844 0.8183 700
1717953973158 0.7778 800
1717953990485 0.7276 900
1717954007805 0.7522 1000
1717954036772 0.7421 1100
1717954054155 0.7125 1200
1717954071548 0.7563 1300
1717954088924 0.7179 1400
1717954106311 0.7252 1500
1717954123704 0.7091 1600
1717954141085 0.6782 1700
1717954158454 0.7452 1800
1717954175827 0.6661 1900
1717954193201 0.7194 2000
1717954222135 0.7106 2100
1717954239504 0.6589 2200
1717954256864 0.6872 2300
1717954274235 0.733 2400
1717954291631 0.7252 2500
1717954309032 0.6996 2600
1717954326432 0.7287 2700
1717954343827 0.746 2800
1717954361200 0.6989 2900
1717954378575 0.7057 3000
1717954409622 0.6929 3100
1717954426969 0.7047 3200
1717954444314 0.6691 3300
1717954461645 0.7063 3400
1717954478989 0.6865 3500
1717954496322 0.7357 3600
1717954513651 0.6786 3700
1717954530973 0.7195 3800
1717954548303 0.7272 3900
1717954565641 0.7414 4000
1717954594569 0.6593 4100
1717954611955 0.7027 4200
1717954629338 0.6687 4300
1717954646733 0.7042 4400
1717954664108 0.6942 4500
1717954681469 0.6993 4600
1717954698832 0.6738 4700
1717954716191 0.6891 4800
1717954733559 0.6756 4900
1717954750953 0.7021 5000
1717954779877 0.7573 5100
1717954797271 0.7373 5200
1717954814673 0.6993 5300
1717954832054 0.6856 5400
1717954849442 0.6809 5500
1717954866837 0.7152 5600
1717954884235 0.7276 5700
1717954904129 0.6546 5800
1717954921446 0.6487 5900
1717954938775 0.5974 6000
1717954969811 0.623 6100
1717954987170 0.7015 6200
1717955004525 0.5893 6300
1717955021881 0.6559 6400
1717955039217 0.6912 6500
1717955056534 0.6765 6600
1717955073862 0.6528 6700
1717955091230 0.7102 6800
1717955108604 0.6811 6900
1717955125973 0.6573 7000
1717955154972 0.7068 7100
1717955172386 0.6396 7200
1717955189827 0.6635 7300
1717955207230 0.6579 7400
1717955224644 0.5948 7500
1717955242041 0.6459 7600
1717955259453 0.6659 7700
1717955276852 0.619 7800
1717955294254 0.6682 7900
1717955311661 0.6523 8000
1717955340673 0.6335 8100
1717955358080 0.6193 8200
1717955375483 0.6383 8300
1717955392877 0.6184 8400
1717955410295 0.637 8500
1717955427722 0.6299 8600
1717955445147 0.6507 8700
1717955462552 0.6707 8800
1717955479959 0.6614 8900
1717955497402 0.6136 9000
1717955528473 0.6208 9100
1717955545854 0.6532 9200
1717955563247 0.6687 9300
1717955580635 0.6201 9400
1717955598001 0.6327 9500
1717955615389 0.6385 9600
1717955632801 0.6097 9700
1717955650216 0.6489 9800
1717955667607 0.6471 9900
1717955685018 0.6644 10000
1717955714028 0.6345 10100
1717955731463 0.6921 10200
1717955748848 0.6344 10300
1717955766229 0.6141 10400
1717955783638 0.6216 10500
1717955801033 0.6527 10600
1717955818423 0.6709 10700
1717955835811 0.6223 10800
1717955853229 0.6179 10900
1717955870681 0.6469 11000
1717955900783 0.6304 11100
1717955918285 0.6702 11200
1717955935804 0.6845 11300
1717955953339 0.6511 11400
1717955970841 0.5836 11500
1717955988351 0.5094 11600
1717956005883 0.5512 11700
1717956023407 0.5287 11800
1717956040942 0.5466 11900
1717956058470 0.4971 12000
1717956089739 0.5224 12100
1717956107217 0.5157 12200
1717956124686 0.5423 12300
1717956142175 0.5262 12400
1717956159627 0.5655 12500
1717956177057 0.5436 12600
1717956194507 0.546 12700
1717956211947 0.5356 12800
1717956229396 0.6042 12900
1717956246911 0.5617 13000
1717956276034 0.5101 13100
1717956293552 0.5859 13200
1717956311053 0.5336 13300
1717956328577 0.5415 13400
1717956346110 0.51 13500
1717956363614 0.5453 13600
1717956381118 0.5513 13700
1717956398640 0.5548 13800
1717956416164 0.5225 13900
1717956433698 0.5375 14000
1717956462846 0.5543 14100
1717956480335 0.4967 14200
1717956497842 0.5656 14300
1717956515357 0.5591 14400
1717956532853 0.5334 14500
1717956550403 0.5457 14600
1717956567910 0.4785 14700
1717956585423 0.5503 14800
1717956602936 0.5456 14900
1717956620444 0.5556 15000
1717956651854 0.5629 15100
1717956669419 0.5848 15200
1717956686976 0.5618 15300
1717956704534 0.5576 15400
1717956722092 0.5465 15500
1717956739648 0.569 15600
1717956757195 0.5966 15700
1717956774716 0.5375 15800
1717956792246 0.5301 15900
1717956809799 0.5496 16000
1717956838989 0.5243 16100
1717956856517 0.5817 16200
1717956874052 0.5259 16300
1717956891571 0.6107 16400
1717956909119 0.5466 16500
1717956926664 0.5687 16600
1717956944230 0.5053 16700
1717956961776 0.535 16800
1717956979281 0.5495 16900
1717956996799 0.532 17000
1717957025940 0.5384 17100
1717957043480 0.4517 17200
1717957061017 0.4394 17300
1717957078554 0.4242 17400
1717957096067 0.4808 17500
1717957113620 0.4406 17600
1717957131152 0.4374 17700
1717957148703 0.4613 17800
1717957166233 0.4388 17900
1717957183754 0.4359 18000
1717957215178 0.4736 18100
1717957232742 0.4818 18200
1717957250302 0.434 18300
1717957267866 0.4486 18400
1717957285407 0.4482 18500
1717957302954 0.4306 18600
1717957321504 0.4523 18700
1717957340253 0.4538 18800
1717957358867 0.459 18900
1717957377870 0.4379 19000
1717957409238 0.4607 19100
1717957428041 0.4268 19200
1717957446894 0.4885 19300
1717957466366 0.4514 19400
1717957485497 0.478 19500
1717957504548 0.4595 19600
1717957523617 0.4949 19700
1717957542382 0.4208 19800
1717957561588 0.5083 19900
1717957580718 0.4319 20000
1717957612358 0.4941 20100
1717957631112 0.5052 20200
1717957649832 0.4557 20300
1717957668683 0.4639 20400
1717957687281 0.4213 20500
1717957705770 0.5011 20600
1717957724287 0.4913 20700
1717957742669 0.4376 20800
1717957761197 0.4293 20900
1717957779915 0.4367 21000
1717957813080 0.4032 21100
1717957831970 0.433 21200
1717957850648 0.4685 21300
1717957868784 0.4653 21400
1717957887290 0.4666 21500
1717957907006 0.4076 21600
1717957925857 0.4817 21700
1717957944885 0.4511 21800
1717957963958 0.3927 21900
1717957983666 0.4747 22000
1717958016056 0.4308 22100
1717958035512 0.4575 22200
1717958054697 0.4895 22300
1717958073791 0.4361 22400
1717958092861 0.4533 22500
1717958111918 0.4166 22600
1717958131012 0.4499 22700
1717958150460 0.4683 22800
1717958169918 0.3307 22900
1717958188961 0.3337 23000
1717958220593 0.4361 23100
1717958239687 0.35 23200
1717958258797 0.4226 23300
1717958277840 0.3563 23400
1717958297278 0.3813 23500
1717958316631 0.4158 23600
1717958335749 0.4006 23700
1717958354778 0.4269 23800
1717958373820 0.3414 23900
1717958393101 0.4206 24000
1717958427806 0.401 24100
1717958446737 0.3411 24200
1717958465697 0.382 24300
1717958484732 0.3741 24400
1717958503861 0.4277 24500
1717958523205 0.3937 24600
1717958542574 0.3923 24700
1717958561646 0.3923 24800
1717958579779 0.374 24900
1717958597976 0.3564 25000
1717958628161 0.4895 25100
1717958646177 0.378 25200
1717958664719 0.4322 25300
1717958683886 0.3971 25400
1717958702882 0.4056 25500
1717958722118 0.4133 25600
1717958741479 0.3496 25700
1717958760576 0.3986 25800
1717958779546 0.4027 25900
1717958798588 0.3883 26000
1717958830403 0.4352 26100
1717958849513 0.3936 26200
1717958868624 0.3725 26300
1717958887783 0.4648 26400
1717958907061 0.3951 26500
1717958926460 0.351 26600
1717958945926 0.344 26700
1717958965123 0.4145 26800
1717958984303 0.3429 26900
1717959003508 0.4326 27000
1717959036020 0.425 27100
1717959055382 0.4358 27200
1717959074432 0.4097 27300
1717959093993 0.3891 27400
1717959113931 0.3287 27500
1717959133034 0.4503 27600
1717959152157 0.4416 27700
1717959171345 0.3938 27800
1717959191240 0.3418 27900
1717959210436 0.4046 28000
1717959242259 0.3491 28100
1717959261374 0.4359 28200
1717959280412 0.3795 28300
1717959299579 0.4107 28400
1717959318665 0.4407 28500
1717959337774 0.2605 28600
1717959356890 0.2883 28700
1717959375984 0.3128 28800
1717959395022 0.3725 28900
1717959414133 0.2852 29000
1717959446839 0.3148 29100
1717959466250 0.3264 29200
1717959485477 0.2738 29300
1717959504883 0.3186 29400
1717959524042 0.3614 29500
1717959543531 0.3257 29600
1717959562665 0.3018 29700
1717959581670 0.327 29800
1717959600672 0.2956 29900
1717959619682 0.3751 30000
1717959653684 0.3309 30100
1717959672906 0.3841 30200
1717959691940 0.3014 30300
1717959710990 0.3193 30400
1717959729998 0.3433 30500
1717959748647 0.3615 30600
1717959768039 0.3204 30700
1717959787559 0.3455 30800
1717959807008 0.3266 30900
1717959826488 0.3334 31000
1717959856760 0.321 31100
1717959875744 0.3493 31200
1717959894877 0.307 31300
1717959914318 0.305 31400
1717959933821 0.3124 31500
1717959953624 0.3502 31600
1717959972910 0.3474 31700
1717959992124 0.3465 31800
1717960011365 0.2834 31900
1717960030523 0.2533 32000
1717960062658 0.3785 32100
1717960081870 0.2944 32200
1717960100400 0.2857 32300
1717960118790 0.315 32400
1717960137827 0.3413 32500
1717960156123 0.2943 32600
1717960175158 0.311 32700
1717960194381 0.332 32800
1717960213594 0.3706 32900
1717960232760 0.3265 33000
1717960267643 0.2903 33100
1717960287106 0.3558 33200
1717960306588 0.3455 33300
1717960326544 0.3578 33400
1717960346131 0.3195 33500
1717960364386 0.318 33600
1717960383064 0.341 33700
1717960402451 0.3006 33800
1717960421720 0.3433 33900
1717960440866 0.3516 34000
1717960471524 0.2789 34100
1717960489770 0.3219 34200
1717960507740 0.215 34300
1717960526326 0.2707 34400
1717960545876 0.191 34500
1717960565112 0.2584 34600
1717960584780 0.2459 34700
1717960604337 0.1711 34800
1717960623843 0.2681 34900
1717960643064 0.2552 35000
1717960674946 0.2606 35100
1717960694427 0.2509 35200
1717960713781 0.28 35300
1717960733188 0.272 35400
1717960753040 0.159 35500
1717960772557 0.2259 35600
1717960792152 0.2496 35700
1717960811492 0.194 35800
1717960830884 0.2528 35900
1717960850315 0.2514 36000
1717960885560 0.3188 36100
1717960905286 0.2796 36200
1717960924482 0.1935 36300
1717960944189 0.2973 36400
1717960964048 0.1851 36500
1717960983624 0.2414 36600
1717961002592 0.2017 36700
1717961020564 0.2635 36800
1717961038750 0.2479 36900
1717961056805 0.2717 37000
1717961087143 0.266 37100
1717961105052 0.211 37200
1717961123273 0.2142 37300
1717961141596 0.2596 37400
1717961161260 0.1652 37500
1717961180933 0.2463 37600
1717961199994 0.3143 37700
1717961219756 0.2392 37800
1717961239532 0.2668 37900
1717961258759 0.2539 38000
1717961290571 0.2936 38100
1717961309648 0.1805 38200
1717961328764 0.2508 38300
1717961347906 0.2133 38400
1717961367493 0.2412 38500
1717961386515 0.2645 38600
1717961405594 0.1994 38700
1717961424758 0.2129 38800
1717961442960 0.2482 38900
1717961461162 0.2352 39000
1717961494897 0.2687 39100
1717961514654 0.1984 39200
1717961534653 0.2471 39300
1717961554242 0.2312 39400
1717961573606 0.2129 39500
1717961592741 0.2282 39600
1717961611939 0.1864 39700
1717961631336 0.2867 39800
1717961650734 0.2283 39900
1717961669902 0.2184 40000
1717961701835 0.1364 40100
1717961721255 0.1965 40200
1717961741202 0.178 40300
1717961760705 0.2004 40400
1717961780276 0.1457 40500
1717961799493 0.1939 40600
1717961818117 0.1831 40700
1717961836117 0.1199 40800
1717961855104 0.1758 40900
1717961873535 0.2497 41000
1717961903738 0.1812 41100
1717961921608 0.1676 41200
1717961939646 0.1879 41300
1717961957579 0.1596 41400
1717961975207 0.1069 41500
1717961992638 0.1991 41600
1717962010054 0.2012 41700
1717962027468 0.1423 41800
1717962044905 0.1797 41900
1717962062351 0.1621 42000
1717962093614 0.111 42100
1717962111080 0.1825 42200
1717962128549 0.1877 42300
1717962146027 0.1231 42400
1717962163480 0.2166 42500
1717962180935 0.2036 42600
1717962198393 0.1741 42700
1717962215845 0.1012 42800
1717962233282 0.21 42900
1717962250736 0.1634 43000
1717962279734 0.2019 43100
1717962297172 0.1718 43200
1717962314600 0.1138 43300
1717962332041 0.195 43400
1717962349471 0.1443 43500
1717962366914 0.1372 43600
1717962384383 0.1242 43700
1717962401843 0.1766 43800
1717962419265 0.1727 43900
1717962436680 0.2048 44000
1717962465692 0.1437 44100
1717962483141 0.1645 44200
1717962500570 0.1472 44300
1717962518000 0.1229 44400
1717962535426 0.1847 44500
1717962552872 0.1216 44600
1717962570326 0.1385 44700
1717962587754 0.1755 44800
1717962605189 0.2021 44900
1717962622648 0.2044 45000
1717962653824 0.1964 45100
1717962671306 0.2021 45200
1717962688800 0.147 45300
1717962706259 0.0927 45400
1717962723700 0.136 45500
1717962741159 0.1081 45600
1717962758600 0.1264 45700
1717962776048 0.1209 45800
1717962793480 0.1105 45900
1717962810919 0.0888 46000
1717962840019 0.0929 46100
1717962857437 0.1549 46200
1717962874867 0.1098 46300
1717962892330 0.1575 46400
1717962909791 0.0874 46500
1717962927234 0.0852 46600
1717962944669 0.1056 46700
1717962962128 0.1473 46800
1717962979566 0.1755 46900
1717962997001 0.1669 47000
1717963025980 0.1682 47100
1717963043411 0.123 47200
1717963060858 0.119 47300
1717963078313 0.0942 47400
1717963095760 0.0969 47500
1717963113204 0.1143 47600
1717963130649 0.1053 47700
1717963148105 0.122 47800
1717963165526 0.1075 47900
1717963182974 0.111 48000
1717963214147 0.087 48100
1717963231619 0.1 48200
1717963249085 0.1139 48300
1717963266552 0.1124 48400
1717963283987 0.1595 48500
1717963301430 0.1381 48600
1717963318882 0.1113 48700
1717963336334 0.0842 48800
1717963353770 0.1278 48900
1717963371228 0.0862 49000
1717963400226 0.0829 49100
1717963417671 0.1242 49200
1717963435130 0.0754 49300
1717963452604 0.1367 49400
1717963470039 0.1272 49500
1717963487447 0.1557 49600
1717963504854 0.0664 49700
1717963522271 0.1021 49800
1717963539697 0.1322 49900
1717963557154 0.0942 50000
1717963586162 0.117 50100
1717963603627 0.0963 50200
1717963621060 0.1556 50300
1717963638484 0.0827 50400
1717963655928 0.127 50500
1717963673383 0.1504 50600
1717963690839 0.1507 50700
1717963708289 0.1227 50800
1717963725734 0.1287 50900
1717963743188 0.0978 51000
1717963774113 0.1374 51100
1717963791481 0.1049 51200
1717963808958 0.1045 51300
1717963826406 0.0934 51400
1717963843877 0.0925 51500
1717963861318 0.1192 51600
1717963878787 0.1326 51700
1717963896205 0.0672 51800
1717963913631 0.0787 51900
1717963931075 0.0853 52000
1717963960082 0.0927 52100
1717963977752 0.0943 52200
1717963995176 0.1265 52300
1717964012599 0.0982 52400
1717964030014 0.0691 52500
1717964047429 0.0678 52600
1717964064839 0.11 52700
1717964082251 0.0647 52800
1717964099695 0.1001 52900
1717964117114 0.1262 53000
1717964146118 0.0636 53100
1717964163565 0.0511 53200
1717964181010 0.1113 53300
1717964198443 0.0753 53400
1717964215884 0.0631 53500
1717964233312 0.121 53600
1717964250762 0.0633 53700
1717964268185 0.0481 53800
1717964285609 0.0983 53900
1717964303036 0.0827 54000
1717964334199 0.1248 54100
1717964351578 0.0862 54200
1717964368965 0.1261 54300
1717964386330 0.0681 54400
1717964403707 0.096 54500
1717964421094 0.1067 54600
1717964438532 0.1018 54700
1717964455956 0.0743 54800
1717964473382 0.1062 54900
1717964490810 0.1261 55000
1717964519745 0.102 55100
1717964537185 0.0789 55200
1717964554607 0.1309 55300
1717964572024 0.0657 55400
1717964589457 0.1185 55500
1717964606919 0.1263 55600
1717964624357 0.1075 55700
1717964641787 0.0963 55800
1717964659237 0.0619 55900
1717964676677 0.1064 56000
1717964705695 0.0669 56100
1717964723164 0.1021 56200
1717964740640 0.0848 56300
1717964758082 0.1169 56400
1717964775530 0.1177 56500
1717964792976 0.0936 56600
1717964810409 0.0638 56700
1717964827863 0.0675 56800
1717964845316 0.1063 56900
1717964862776 0.0614 57000
