1718444150319 0.0 0
1718444160335 8.6 1
1718444170364 8.4 2
1718444180386 13.5 3
1718444190411 8.3 4
1718444200436 7.1 5
1718444210459 8.3 6
1718444220480 6.0 7
1718444230498 11.1 8
1718444240516 9.2 9
1718444250570 8.9 10
1718444260592 6.1 11
1718444270616 8.2 12
1718444280644 6.6 13
1718444290665 6.7 14
1718444300682 7.3 15
1718444310700 6.5 16
1718444320718 6.0 17
1718444330737 5.5 18
1718444340756 5.6 19
1718444350786 5.5 20
1718444360813 5.5 21
1718444370834 5.7 22
1718444380855 5.6 23
1718444390872 5.3 24
1718444400892 5.5 25
1718444410914 5.4 26
1718444420948 5.7 27
1718444430968 5.2 28
1718444440991 5.8 29
1718444451014 5.3 30
1718444461033 5.5 31
1718444471055 5.7 32
1718444481089 5.8 33
1718444491129 5.4 34
1718444501155 5.5 35
1718444511173 5.5 36
1718444521193 5.6 37
1718444531220 5.3 38
1718444541242 5.5 39
1718444551265 5.3 40
1718444561282 5.5 41
1718444571307 5.4 42
1718444581327 5.3 43
1718444591354 5.2 44
1718444601378 5.3 45
1718444611405 6.3 46
1718444621428 5.5 47
1718444631488 5.6 48
1718444641506 5.4 49
1718444651547 5.5 50
1718444661574 5.6 51
1718444671597 5.5 52
1718444681618 5.6 53
1718444691637 5.5 54
1718444701655 5.2 55
1718444711677 5.5 56
1718444721703 5.9 57
1718444731723 5.4 58
1718444741743 5.8 59
1718444751766 5.4 60
1718444761787 5.5 61
1718444771807 5.5 62
1718444781831 6.4 63
1718444791851 7.5 64
1718444801875 10.8 65
1718444811906 7.0 66
1718444821936 7.0 67
1718444831963 15.3 68
1718444841985 8.3 69
1718444852013 8.6 70
1718444862043 7.8 71
1718444872077 8.2 72
1718444882106 8.2 73
1718444893732 7.9 74
1718444903772 5.7 75
1718444913802 7.1 76
1718444923824 7.5 77
1718444933844 7.1 78
1718444943887 8.2 79
1718444953912 8.6 80
1718444963932 7.5 81
1718444973955 7.9 82
1718444983986 9.3 83
1718444994009 6.8 84
1718445004042 7.7 85
1718445014071 7.2 86
1718445024099 7.9 87
1718445034129 7.2 88
1718445044154 7.8 89
1718445054184 7.9 90
1718445064211 6.5 91
1718445074241 7.8 92
1718445084291 6.1 93
1718445094366 5.3 94
1718445104390 5.6 95
1718445114418 6.1 96
1718445124463 5.7 97
1718445134486 5.8 98
1718445144508 6.6 99
1718445154537 5.4 100
1718445164570 6.1 101
1718445174602 6.1 102
1718445184634 6.3 103
1718445194673 5.8 104
1718445204709 5.9 105
1718445214734 6.2 106
1718445224759 6.5 107
1718445234790 7.8 108
1718445244863 6.6 109
1718445254894 7.6 110
1718445264920 5.6 111
1718445274953 5.8 112
1718445284980 9.0 113
1718445295008 6.5 114
1718445305034 7.3 115
1718445315063 6.6 116
1718445325089 6.8 117
1718445335119 6.4 118
1718445345180 6.4 119
1718445355204 6.2 120
1718445365235 6.9 121
1718445375273 7.1 122
1718445385308 6.6 123
1718445395349 6.1 124
1718445405374 5.9 125
1718445415399 6.2 126
1718445425467 6.2 127
1718445435535 8.5 128
1718445445565 7.5 129
1718445455596 7.1 130
1718445465627 7.1 131
1718445475660 7.2 132
1718445485749 6.6 133
1718445495819 7.7 134
1718445505845 6.6 135
1718445515876 7.0 136
1718445525901 6.4 137
1718445535930 7.1 138
1718445546006 5.3 139
1718445556039 5.7 140
1718445566123 6.1 141
1718445576150 6.1 142
1718445586175 5.7 143
1718445596252 5.7 144
1718445606276 5.8 145
1718445616300 5.6 146
1718445626326 5.9 147
1718445636350 5.8 148
1718445649753 5.6 149
1718445659777 3.3 150
1718445669802 5.6 151
1718445679827 5.4 152
1718445689851 5.3 153
1718445699881 5.3 154
