1718444150319 286658.1 0
1718444160335 286652.1 1
1718444170364 286650.6 2
1718444180386 286663.7 3
1718444190411 286656.1 4
1718444200436 286650.2 5
1718444210459 286650.4 6
1718444220480 286641.3 7
1718444230498 286673.3 8
1718444240516 286667.5 9
1718444250570 286660.2 10
1718444260592 286660.0 11
1718444270616 286657.4 12
1718444280644 286657.4 13
1718444290665 286657.4 14
1718444300682 286657.0 15
1718444310700 286657.1 16
1718444320718 286657.1 17
1718444330737 286657.1 18
1718444340756 286657.1 19
1718444350786 286657.1 20
1718444360813 286657.1 21
1718444370834 286657.0 22
1718444380855 286657.0 23
1718444390872 286657.0 24
1718444400892 286657.0 25
1718444410914 286657.0 26
1718444420948 286657.0 27
1718444430968 286657.0 28
1718444440991 286657.0 29
1718444451014 286657.0 30
1718444461033 286657.0 31
1718444471055 286656.9 32
1718444481089 286656.9 33
1718444491129 286656.9 34
1718444501155 286656.9 35
1718444511173 286656.9 36
1718444521193 286656.9 37
1718444531220 286656.9 38
1718444541242 286656.9 39
1718444551265 286656.9 40
1718444561282 286656.9 41
1718444571307 286656.9 42
1718444581327 286656.9 43
1718444591354 286656.9 44
1718444601378 286656.9 45
1718444611405 286656.9 46
1718444621428 286656.9 47
1718444631488 286656.9 48
1718444641506 286656.9 49
1718444651547 286656.9 50
1718444661574 286656.9 51
1718444671597 286656.9 52
1718444681618 286656.9 53
1718444691637 286656.9 54
1718444701655 286656.9 55
1718444711677 286656.9 56
1718444721703 286656.9 57
1718444731723 286656.9 58
1718444741743 286656.9 59
1718444751766 286656.9 60
1718444761787 286656.9 61
1718444771807 286656.9 62
1718444781831 286656.9 63
1718444791851 286656.9 64
1718444801875 286656.6 65
1718444811906 286656.2 66
1718444821936 286656.3 67
1718444831963 286656.2 68
1718444841985 286651.4 69
1718444852013 286651.2 70
1718444862043 286649.9 71
1718444872077 286650.1 72
1718444882106 286650.2 73
1718444893732 286650.1 74
1718444903772 286650.0 75
1718444913802 286649.8 76
1718444923824 286649.8 77
1718444933844 286649.9 78
1718444943887 286649.8 79
1718444953912 286648.2 80
1718444963932 286648.2 81
1718444973955 286647.1 82
1718444983986 286647.1 83
1718444994009 286647.1 84
1718445004042 286647.1 85
1718445014071 286643.3 86
1718445024099 286643.2 87
1718445034129 286643.2 88
1718445044154 286643.2 89
1718445054184 286643.2 90
1718445064211 286643.2 91
1718445074241 286643.2 92
1718445084291 286643.1 93
1718445094366 286643.2 94
1718445104390 286643.2 95
1718445114418 286643.1 96
1718445124463 286643.2 97
1718445134486 286643.3 98
1718445144508 286643.3 99
1718445154537 286643.3 100
1718445164570 286643.3 101
1718445174602 286643.3 102
1718445184634 286643.2 103
1718445194673 286643.3 104
1718445204709 286643.2 105
1718445214734 286643.3 106
1718445224759 286643.1 107
1718445234790 286643.0 108
1718445244863 286643.2 109
1718445254894 286643.0 110
1718445264920 286643.0 111
1718445274953 286643.0 112
1718445284980 286643.0 113
1718445295008 286643.0 114
1718445305034 286643.0 115
1718445315063 286643.0 116
1718445325089 286643.0 117
1718445335119 286643.0 118
1718445345180 286643.0 119
1718445355204 286643.0 120
1718445365235 286643.0 121
1718445375273 286643.0 122
1718445385308 286643.0 123
1718445395349 286642.7 124
1718445405374 286642.6 125
1718445415399 286642.5 126
1718445425467 286642.3 127
1718445435535 286642.2 128
1718445445565 286642.1 129
1718445455596 286642.1 130
1718445465627 286642.1 131
1718445475660 286641.7 132
1718445485749 286641.5 133
1718445495819 286641.3 134
1718445505845 286641.1 135
1718445515876 286641.1 136
1718445525901 286640.6 137
1718445535930 286640.4 138
1718445546006 286640.2 139
1718445556039 286640.3 140
1718445566123 286640.3 141
1718445576150 286640.3 142
1718445586175 286640.3 143
1718445596252 286640.3 144
1718445606276 286640.3 145
1718445616300 286640.3 146
1718445626326 286640.3 147
1718445636350 286640.2 148
1718445649753 286640.2 149
1718445659777 286640.2 150
1718445669802 286640.2 151
1718445679827 286640.2 152
1718445689851 286640.3 153
1718445699881 286640.2 154
