1718444150319 646162.7 0
1718444160335 646168.7 1
1718444170364 646170.3 2
1718444180386 646157.1 3
1718444190411 646164.7 4
1718444200436 646170.6 5
1718444210459 646170.4 6
1718444220480 646179.5 7
1718444230498 646147.5 8
1718444240516 646153.3 9
1718444250570 646160.6 10
1718444260592 646160.8 11
1718444270616 646163.4 12
1718444280644 646163.4 13
1718444290665 646163.4 14
1718444300682 646163.8 15
1718444310700 646163.7 16
1718444320718 646163.7 17
1718444330737 646163.7 18
1718444340756 646163.7 19
1718444350786 646163.7 20
1718444360813 646163.7 21
1718444370834 646163.8 22
1718444380855 646163.8 23
1718444390872 646163.8 24
1718444400892 646163.8 25
1718444410914 646163.8 26
1718444420948 646163.8 27
1718444430968 646163.8 28
1718444440991 646163.8 29
1718444451014 646163.8 30
1718444461033 646163.8 31
1718444471055 646163.9 32
1718444481089 646163.9 33
1718444491129 646163.9 34
1718444501155 646163.9 35
1718444511173 646163.9 36
1718444521193 646163.9 37
1718444531220 646163.9 38
1718444541242 646163.9 39
1718444551265 646163.9 40
1718444561282 646163.9 41
1718444571307 646163.9 42
1718444581327 646163.9 43
1718444591354 646163.9 44
1718444601378 646163.9 45
1718444611405 646163.9 46
1718444621428 646163.9 47
1718444631488 646163.9 48
1718444641506 646163.9 49
1718444651547 646163.9 50
1718444661574 646164.0 51
1718444671597 646164.0 52
1718444681618 646164.0 53
1718444691637 646164.0 54
1718444701655 646164.0 55
1718444711677 646164.0 56
1718444721703 646164.0 57
1718444731723 646164.0 58
1718444741743 646164.0 59
1718444751766 646164.0 60
1718444761787 646164.0 61
1718444771807 646164.0 62
1718444781831 646163.9 63
1718444791851 646164.0 64
1718444801875 646164.2 65
1718444811906 646164.6 66
1718444821936 646164.5 67
1718444831963 646164.6 68
1718444841985 646169.5 69
1718444852013 646169.6 70
1718444862043 646171.0 71
1718444872077 646170.7 72
1718444882106 646170.6 73
1718444893732 646170.7 74
1718444903772 646170.8 75
1718444913802 646171.0 76
1718444923824 646171.0 77
1718444933844 646171.0 78
1718444943887 646171.0 79
1718444953912 646172.6 80
1718444963932 646172.6 81
1718444973955 646173.7 82
1718444983986 646173.7 83
1718444994009 646173.7 84
1718445004042 646173.7 85
1718445014071 646177.6 86
1718445024099 646177.6 87
1718445034129 646177.6 88
1718445044154 646177.6 89
1718445054184 646177.6 90
1718445064211 646177.6 91
1718445074241 646177.6 92
1718445084291 646177.7 93
1718445094366 646177.6 94
1718445104390 646177.6 95
1718445114418 646177.7 96
1718445124463 646177.6 97
1718445134486 646177.5 98
1718445144508 646177.5 99
1718445154537 646177.5 100
1718445164570 646177.5 101
1718445174602 646177.5 102
1718445184634 646177.6 103
1718445194673 646177.5 104
1718445204709 646177.6 105
1718445214734 646177.5 106
1718445224759 646177.7 107
1718445234790 646177.8 108
1718445244863 646177.6 109
1718445254894 646177.8 110
1718445264920 646177.8 111
1718445274953 646177.8 112
1718445284980 646177.8 113
1718445295008 646177.8 114
1718445305034 646177.8 115
1718445315063 646177.8 116
1718445325089 646177.8 117
1718445335119 646177.8 118
1718445345180 646177.8 119
1718445355204 646177.8 120
1718445365235 646177.8 121
1718445375273 646177.8 122
1718445385308 646177.8 123
1718445395349 646178.2 124
1718445405374 646178.2 125
1718445415399 646178.4 126
1718445425467 646178.5 127
1718445435535 646178.6 128
1718445445565 646178.8 129
1718445455596 646178.7 130
1718445465627 646178.7 131
1718445475660 646179.1 132
1718445485749 646179.3 133
1718445495819 646179.6 134
1718445505845 646179.7 135
1718445515876 646179.7 136
1718445525901 646180.3 137
1718445535930 646180.4 138
1718445546006 646180.6 139
1718445556039 646180.5 140
1718445566123 646180.5 141
1718445576150 646180.5 142
1718445586175 646180.5 143
1718445596252 646180.5 144
1718445606276 646180.5 145
1718445616300 646180.5 146
1718445626326 646180.5 147
1718445636350 646180.6 148
1718445649753 646180.6 149
1718445659777 646180.6 150
1718445669802 646180.6 151
1718445679827 646180.6 152
1718445689851 646180.6 153
1718445699881 646180.6 154
