1718444150319 69.3 0
1718444160335 69.3 1
1718444170364 69.3 2
1718444180386 69.3 3
1718444190411 69.3 4
1718444200436 69.3 5
1718444210459 69.3 6
1718444220480 69.3 7
1718444230498 69.3 8
1718444240516 69.3 9
1718444250570 69.3 10
1718444260592 69.3 11
1718444270616 69.3 12
1718444280644 69.3 13
1718444290665 69.3 14
1718444300682 69.3 15
1718444310700 69.3 16
1718444320718 69.3 17
1718444330737 69.3 18
1718444340756 69.3 19
1718444350786 69.3 20
1718444360813 69.3 21
1718444370834 69.3 22
1718444380855 69.3 23
1718444390872 69.3 24
1718444400892 69.3 25
1718444410914 69.3 26
1718444420948 69.3 27
1718444430968 69.3 28
1718444440991 69.3 29
1718444451014 69.3 30
1718444461033 69.3 31
1718444471055 69.3 32
1718444481089 69.3 33
1718444491129 69.3 34
1718444501155 69.3 35
1718444511173 69.3 36
1718444521193 69.3 37
1718444531220 69.3 38
1718444541242 69.3 39
1718444551265 69.3 40
1718444561282 69.3 41
1718444571307 69.3 42
1718444581327 69.3 43
1718444591354 69.3 44
1718444601378 69.3 45
1718444611405 69.3 46
1718444621428 69.3 47
1718444631488 69.3 48
1718444641506 69.3 49
1718444651547 69.3 50
1718444661574 69.3 51
1718444671597 69.3 52
1718444681618 69.3 53
1718444691637 69.3 54
1718444701655 69.3 55
1718444711677 69.3 56
1718444721703 69.3 57
1718444731723 69.3 58
1718444741743 69.3 59
1718444751766 69.3 60
1718444761787 69.3 61
1718444771807 69.3 62
1718444781831 69.3 63
1718444791851 69.3 64
1718444801875 69.3 65
1718444811906 69.3 66
1718444821936 69.3 67
1718444831963 69.3 68
1718444841985 69.3 69
1718444852013 69.3 70
1718444862043 69.3 71
1718444872077 69.3 72
1718444882106 69.3 73
1718444893732 69.3 74
1718444903772 69.3 75
1718444913802 69.3 76
1718444923824 69.3 77
1718444933844 69.3 78
1718444943887 69.3 79
1718444953912 69.3 80
1718444963932 69.3 81
1718444973955 69.3 82
1718444983986 69.3 83
1718444994009 69.3 84
1718445004042 69.3 85
1718445014071 69.3 86
1718445024099 69.3 87
1718445034129 69.3 88
1718445044154 69.3 89
1718445054184 69.3 90
1718445064211 69.3 91
1718445074241 69.3 92
1718445084291 69.3 93
1718445094366 69.3 94
1718445104390 69.3 95
1718445114418 69.3 96
1718445124463 69.3 97
1718445134486 69.3 98
1718445144508 69.3 99
1718445154537 69.3 100
1718445164570 69.3 101
1718445174602 69.3 102
1718445184634 69.3 103
1718445194673 69.3 104
1718445204709 69.3 105
1718445214734 69.3 106
1718445224759 69.3 107
1718445234790 69.3 108
1718445244863 69.3 109
1718445254894 69.3 110
1718445264920 69.3 111
1718445274953 69.3 112
1718445284980 69.3 113
1718445295008 69.3 114
1718445305034 69.3 115
1718445315063 69.3 116
1718445325089 69.3 117
1718445335119 69.3 118
1718445345180 69.3 119
1718445355204 69.3 120
1718445365235 69.3 121
1718445375273 69.3 122
1718445385308 69.3 123
1718445395349 69.3 124
1718445405374 69.3 125
1718445415399 69.3 126
1718445425467 69.3 127
1718445435535 69.3 128
1718445445565 69.3 129
1718445455596 69.3 130
1718445465627 69.3 131
1718445475660 69.3 132
1718445485749 69.3 133
1718445495819 69.3 134
1718445505845 69.3 135
1718445515876 69.3 136
1718445525901 69.3 137
1718445535930 69.3 138
1718445546006 69.3 139
1718445556039 69.3 140
1718445566123 69.3 141
1718445576150 69.3 142
1718445586175 69.3 143
1718445596252 69.3 144
1718445606276 69.3 145
1718445616300 69.3 146
1718445626326 69.3 147
1718445636350 69.3 148
1718445649753 69.3 149
1718445659777 69.3 150
1718445669802 69.3 151
1718445679827 69.3 152
1718445689851 69.3 153
1718445699881 69.3 154
