1718444150319 66.1 0
1718444160335 89.5 1
1718444170364 95.3 2
1718444180386 97.0 3
1718444190411 96.8 4
1718444200436 97.7 5
1718444210459 95.2 6
1718444220480 95.5 7
1718444230498 94.8 8
1718444240516 95.1 9
1718444250570 95.6 10
1718444260592 95.3 11
1718444270616 96.2 12
1718444280644 96.2 13
1718444290665 96.1 14
1718444300682 96.1 15
1718444310700 96.0 16
1718444320718 95.9 17
1718444330737 95.9 18
1718444340756 95.9 19
1718444350786 95.8 20
1718444360813 95.8 21
1718444370834 95.8 22
1718444380855 95.9 23
1718444390872 95.9 24
1718444400892 95.8 25
1718444410914 95.8 26
1718444420948 95.4 27
1718444430968 95.4 28
1718444440991 95.4 29
1718444451014 95.3 30
1718444461033 95.4 31
1718444471055 95.3 32
1718444481089 95.5 33
1718444491129 95.3 34
1718444501155 95.5 35
1718444511173 95.4 36
1718444521193 94.8 37
1718444531220 94.6 38
1718444541242 94.8 39
1718444551265 94.6 40
1718444561282 94.6 41
1718444571307 94.6 42
1718444581327 94.6 43
1718444591354 94.6 44
1718444601378 94.6 45
1718444611405 94.7 46
1718444621428 94.7 47
1718444631488 94.6 48
1718444641506 94.6 49
1718444651547 94.8 50
1718444661574 94.6 51
1718444671597 94.8 52
1718444681618 95.2 53
1718444691637 95.2 54
1718444701655 95.1 55
1718444711677 95.1 56
1718444721703 95.3 57
1718444731723 95.1 58
1718444741743 95.1 59
1718444751766 95.1 60
1718444761787 94.4 61
1718444771807 94.4 62
1718444781831 94.8 63
1718444791851 94.5 64
1718444801875 95.2 65
1718444811906 96.7 66
1718444821936 96.0 67
1718444831963 96.0 68
1718444841985 96.1 69
1718444852013 96.4 70
1718444862043 96.9 71
1718444872077 96.1 72
1718444882106 95.7 73
1718444893732 97.2 74
1718444903772 96.6 75
1718444913802 96.5 76
1718444923824 96.4 77
1718444933844 96.5 78
1718444943887 96.3 79
1718444953912 96.9 80
1718444963932 96.8 81
1718444973955 96.9 82
1718444983986 96.6 83
1718444994009 96.8 84
1718445004042 96.5 85
1718445014071 97.2 86
1718445024099 96.6 87
1718445034129 97.3 88
1718445044154 97.1 89
1718445054184 97.2 90
1718445064211 97.1 91
1718445074241 96.6 92
1718445084291 96.4 93
1718445094366 96.3 94
1718445104390 96.3 95
1718445114418 96.5 96
1718445124463 96.4 97
1718445134486 96.4 98
1718445144508 96.3 99
1718445154537 96.2 100
1718445164570 96.3 101
1718445174602 96.3 102
1718445184634 96.4 103
1718445194673 96.4 104
1718445204709 96.3 105
1718445214734 96.5 106
1718445224759 96.5 107
1718445234790 96.6 108
1718445244863 96.4 109
1718445254894 97.4 110
1718445264920 96.4 111
1718445274953 96.4 112
1718445284980 97.1 113
1718445295008 97.5 114
1718445305034 97.1 115
1718445315063 96.7 116
1718445325089 96.4 117
1718445335119 97.1 118
1718445345180 96.9 119
1718445355204 96.3 120
1718445365235 97.0 121
1718445375273 97.5 122
1718445385308 97.5 123
1718445395349 95.6 124
1718445405374 95.6 125
1718445415399 95.6 126
1718445425467 95.3 127
1718445435535 95.1 128
1718445445565 95.2 129
1718445455596 95.2 130
1718445465627 95.6 131
1718445475660 95.2 132
1718445485749 94.8 133
1718445495819 95.8 134
1718445505845 95.2 135
1718445515876 96.1 136
1718445525901 95.1 137
1718445535930 95.4 138
1718445546006 95.0 139
1718445556039 95.0 140
1718445566123 95.0 141
1718445576150 94.9 142
1718445586175 94.9 143
1718445596252 94.9 144
1718445606276 94.9 145
1718445616300 94.9 146
1718445626326 94.7 147
1718445636350 94.7 148
1718445649753 94.2 149
1718445659777 94.2 150
1718445669802 94.2 151
1718445679827 94.2 152
1718445689851 94.2 153
1718445699881 94.2 154
