1718444150319 1.0 0
1718444160335 95.0 1
1718444170364 94.0 2
1718444180386 95.0 3
1718444190411 88.0 4
1718444200436 94.0 5
1718444210459 88.0 6
1718444220480 90.0 7
1718444230498 72.0 8
1718444240516 92.0 9
1718444250570 87.0 10
1718444260592 71.0 11
1718444270616 94.0 12
1718444280644 86.0 13
1718444290665 94.0 14
1718444300682 94.0 15
1718444310700 82.0 16
1718444320718 94.0 17
1718444330737 93.0 18
1718444340756 85.0 19
1718444350786 94.0 20
1718444360813 95.0 21
1718444370834 95.0 22
1718444380855 87.0 23
1718444390872 88.0 24
1718444400892 72.0 25
1718444410914 93.0 26
1718444420948 95.0 27
1718444430968 95.0 28
1718444440991 95.0 29
1718444451014 94.0 30
1718444461033 88.0 31
1718444471055 87.0 32
1718444481089 94.0 33
1718444491129 94.0 34
1718444501155 94.0 35
1718444511173 95.0 36
1718444521193 95.0 37
1718444531220 94.0 38
1718444541242 94.0 39
1718444551265 88.0 40
1718444561282 87.0 41
1718444571307 95.0 42
1718444581327 93.0 43
1718444591354 94.0 44
1718444601378 89.0 45
1718444611405 87.0 46
1718444621428 93.0 47
1718444631488 88.0 48
1718444641506 95.0 49
1718444651547 94.0 50
1718444661574 94.0 51
1718444671597 95.0 52
1718444681618 94.0 53
1718444691637 85.0 54
1718444701655 88.0 55
1718444711677 75.0 56
1718444721703 89.0 57
1718444731723 88.0 58
1718444741743 88.0 59
1718444751766 72.0 60
1718444761787 95.0 61
1718444771807 93.0 62
1718444781831 87.0 63
1718444791851 93.0 64
1718444801875 94.0 65
1718444811906 93.0 66
1718444821936 94.0 67
1718444831963 93.0 68
1718444841985 92.0 69
1718444852013 93.0 70
1718444862043 93.0 71
1718444872077 92.0 72
1718444882106 93.0 73
1718444893732 90.0 74
1718444903772 4.0 75
1718444913802 86.0 76
1718444923824 94.0 77
1718444933844 70.0 78
1718444943887 99.0 79
1718444953912 86.0 80
1718444963932 71.0 81
1718444973955 94.0 82
1718444983986 87.0 83
1718444994009 84.0 84
1718445004042 93.0 85
1718445014071 93.0 86
1718445024099 71.0 87
1718445034129 94.0 88
1718445044154 89.0 89
1718445054184 94.0 90
1718445064211 88.0 91
1718445074241 93.0 92
1718445084291 93.0 93
1718445094366 92.0 94
1718445104390 88.0 95
1718445114418 95.0 96
1718445124463 93.0 97
1718445134486 95.0 98
1718445144508 94.0 99
1718445154537 93.0 100
1718445164570 94.0 101
1718445174602 87.0 102
1718445184634 95.0 103
1718445194673 95.0 104
1718445204709 95.0 105
1718445214734 95.0 106
1718445224759 95.0 107
1718445234790 93.0 108
1718445244863 85.0 109
1718445254894 94.0 110
1718445264920 94.0 111
1718445274953 94.0 112
1718445284980 87.0 113
1718445295008 95.0 114
1718445305034 95.0 115
1718445315063 94.0 116
1718445325089 93.0 117
1718445335119 72.0 118
1718445345180 94.0 119
1718445355204 86.0 120
1718445365235 86.0 121
1718445375273 94.0 122
1718445385308 94.0 123
1718445395349 73.0 124
1718445405374 96.0 125
1718445415399 93.0 126
1718445425467 95.0 127
1718445435535 93.0 128
1718445445565 88.0 129
1718445455596 95.0 130
1718445465627 87.0 131
1718445475660 96.0 132
1718445485749 71.0 133
1718445495819 94.0 134
1718445505845 95.0 135
1718445515876 83.0 136
1718445525901 82.0 137
1718445535930 85.0 138
1718445546006 93.0 139
1718445556039 93.0 140
1718445566123 93.0 141
1718445576150 93.0 142
1718445586175 93.0 143
1718445596252 93.0 144
1718445606276 93.0 145
1718445616300 92.0 146
1718445626326 93.0 147
1718445636350 93.0 148
1718445649753 93.0 149
1718445659777 0.0 150
1718445669802 94.0 151
1718445679827 95.0 152
1718445689851 88.0 153
1718445699881 70.0 154
