1718444150319 8512.2 0
1718444160335 11538.2 1
1718444170364 12277.3 2
1718444180386 12493.6 3
1718444190411 12473.3 4
1718444200436 12587.2 5
1718444210459 12262.0 6
1718444220480 12304.3 7
1718444230498 12216.6 8
1718444240516 12254.8 9
1718444250570 12311.8 10
1718444260592 12281.4 11
1718444270616 12396.9 12
1718444280644 12392.1 13
1718444290665 12386.8 14
1718444300682 12379.6 15
1718444310700 12371.0 16
1718444320718 12360.7 17
1718444330737 12351.6 18
1718444340756 12355.8 19
1718444350786 12347.4 20
1718444360813 12345.1 21
1718444370834 12345.1 22
1718444380855 12355.4 23
1718444390872 12353.6 24
1718444400892 12349.4 25
1718444410914 12349.4 26
1718444420948 12286.9 27
1718444430968 12286.9 28
1718444440991 12286.6 29
1718444451014 12274.0 30
1718444461033 12290.8 31
1718444471055 12278.2 32
1718444481089 12299.1 33
1718444491129 12282.4 34
1718444501155 12303.3 35
1718444511173 12286.6 36
1718444521193 12212.2 37
1718444531220 12195.5 38
1718444541242 12216.4 39
1718444551265 12191.3 40
1718444561282 12195.3 41
1718444571307 12193.5 42
1718444581327 12193.5 43
1718444591354 12193.5 44
1718444601378 12193.5 45
1718444611405 12197.7 46
1718444621428 12197.7 47
1718444631488 12193.5 48
1718444641506 12193.5 49
1718444651547 12210.3 50
1718444661574 12193.5 51
1718444671597 12210.3 52
1718444681618 12272.5 53
1718444691637 12265.6 54
1718444701655 12248.8 55
1718444711677 12256.3 56
1718444721703 12280.3 57
1718444731723 12255.6 58
1718444741743 12251.1 59
1718444751766 12249.6 60
1718444761787 12169.1 61
1718444771807 12169.1 62
1718444781831 12210.6 63
1718444791851 12177.8 64
1718444801875 12268.9 65
1718444811906 12465.7 66
1718444821936 12371.5 67
1718444831963 12364.5 68
1718444841985 12379.8 69
1718444852013 12418.5 70
1718444862043 12489.1 71
1718444872077 12379.4 72
1718444882106 12330.0 73
1718444893732 12517.8 74
1718444903772 12442.4 75
1718444913802 12428.7 76
1718444923824 12424.8 77
1718444933844 12430.9 78
1718444943887 12407.7 79
1718444953912 12481.3 80
1718444963932 12470.4 81
1718444973955 12486.8 82
1718444983986 12445.1 83
1718444994009 12469.9 84
1718445004042 12435.7 85
1718445014071 12524.0 86
1718445024099 12445.7 87
1718445034129 12539.4 88
1718445044154 12516.3 89
1718445054184 12527.2 90
1718445064211 12506.2 91
1718445074241 12452.6 92
1718445084291 12416.6 93
1718445094366 12409.0 94
1718445104390 12411.6 95
1718445114418 12435.0 96
1718445124463 12426.0 97
1718445134486 12416.6 98
1718445144508 12407.3 99
1718445154537 12398.6 100
1718445164570 12403.7 101
1718445174602 12414.4 102
1718445184634 12420.6 103
1718445194673 12424.7 104
1718445204709 12411.1 105
1718445214734 12430.3 106
1718445224759 12428.2 107
1718445234790 12441.9 108
1718445244863 12426.6 109
1718445254894 12549.8 110
1718445264920 12423.1 111
1718445274953 12423.1 112
1718445284980 12515.3 113
1718445295008 12560.5 114
1718445305034 12516.6 115
1718445315063 12462.2 116
1718445325089 12421.9 117
1718445335119 12508.1 118
1718445345180 12491.2 119
1718445355204 12403.9 120
1718445365235 12500.2 121
1718445375273 12569.0 122
1718445385308 12566.0 123
1718445395349 12318.5 124
1718445405374 12314.0 125
1718445415399 12314.1 126
1718445425467 12282.2 127
1718445435535 12250.8 128
1718445445565 12263.0 129
1718445455596 12272.0 130
1718445465627 12315.7 131
1718445475660 12262.3 132
1718445485749 12212.7 133
1718445495819 12347.2 134
1718445505845 12262.4 135
1718445515876 12381.1 136
1718445525901 12247.2 137
1718445535930 12296.3 138
1718445546006 12237.9 139
1718445556039 12237.9 140
1718445566123 12237.9 141
1718445576150 12229.5 142
1718445586175 12229.7 143
1718445596252 12229.7 144
1718445606276 12229.7 145
1718445616300 12229.7 146
1718445626326 12204.1 147
1718445636350 12204.1 148
1718445649753 12135.7 149
1718445659777 12135.7 150
1718445669802 12135.7 151
1718445679827 12135.7 152
1718445689851 12135.7 153
1718445699881 12135.7 154
