1718444150319 0.0 0
1718444160335 0.02891999999999939 1
1718444170364 0.1577309999999983 2
1718444180386 0.839064999999998 3
1718444190411 1.116577999999997 4
1718444200436 1.1443439999999967 5
1718444210459 1.1670759999999945 6
1718444220480 1.2139209999999991 7
1718444230498 1.6113739999999979 8
1718444240516 1.783342999999995 9
1718444250570 1.8829139999999995 10
1718444260592 1.9046339999999944 11
1718444270616 1.969342999999995 12
1718444280644 1.9830029999999965 13
1718444290665 1.988634999999995 14
1718444300682 2.0034489999999963 15
1718444310700 2.0371859999999984 16
1718444320718 2.0654759999999968 17
1718444330737 2.0731599999999943 18
1718444340756 2.0822009999999977 19
1718444350786 2.085949999999997 20
1718444360813 2.0993119999999976 21
1718444370834 2.117477000000001 22
1718444380855 2.132587000000001 23
1718444390872 2.1363119999999967 24
1718444400892 2.1393640000000005 25
1718444410914 2.1481739999999974 26
1718444420948 2.158715000000001 27
1718444430968 2.1729950000000002 28
1718444440991 2.205611999999995 29
1718444451014 2.2105940000000004 30
1718444461033 2.2306179999999998 31
1718444471055 2.2467029999999966 32
1718444481089 2.2551599999999965 33
1718444491129 2.2729299999999952 34
1718444501155 2.281089999999999 35
1718444511173 2.2836739999999978 36
1718444521193 2.2881709999999984 37
1718444531220 2.302703000000001 38
1718444541242 2.310451999999998 39
1718444551265 2.3292519999999968 40
1718444561282 2.334660999999997 41
1718444571307 2.335802000000001 42
1718444581327 2.3397939999999977 43
1718444591354 2.350442000000001 44
1718444601378 2.359417999999998 45
1718444611405 2.3751839999999973 46
1718444621428 2.3998909999999967 47
1718444631488 2.4036939999999944 48
1718444641506 2.4089099999999988 49
1718444651547 2.412161999999995 50
1718444661574 2.4193779999999947 51
1718444671597 2.4280079999999984 52
1718444681618 2.432933999999996 53
1718444691637 2.4399569999999997 54
1718444701655 2.442701999999997 55
1718444711677 2.4597979999999993 56
1718444721703 2.467495999999997 57
1718444731723 2.4776120000000006 58
1718444741743 2.5079670000000007 59
1718444751766 2.5120819999999995 60
1718444761787 2.5246779999999944 61
1718444771807 2.529415 62
1718444781831 2.534555999999995 63
1718444791851 2.5513619999999975 64
1718444801875 2.806961000000001 65
1718444811906 2.827404999999999 66
1718444821936 2.8428499999999985 67
1718444831963 2.8581749999999957 68
1718444841985 8.165109999999999 69
1718444852013 8.299977999999996 70
1718444862043 8.362687999999999 71
1718444872077 8.616188000000001 72
1718444882106 8.620934999999996 73
1718444893732 8.650635000000001 74
1718444903772 8.667119 75
1718444913802 9.281330999999994 76
1718444923824 9.387786999999996 77
1718444933844 9.403739999999999 78
1718444943887 9.471359999999997 79
1718444953912 9.520004999999998 80
1718444963932 9.534726 81
1718444973955 9.584634000000001 82
1718444983986 9.725884 83
1718444994009 9.739218000000001 84
1718445004042 9.801302 85
1718445014071 9.805048 86
1718445024099 9.899963999999997 87
1718445034129 9.910027 88
1718445044154 9.942076 89
1718445054184 10.011649999999996 90
1718445064211 10.022362999999999 91
1718445074241 10.036535999999998 92
1718445084291 10.043979 93
1718445094366 10.060569999999998 94
1718445104390 10.080971999999996 95
1718445114418 10.378157999999999 96
1718445124463 10.379560999999995 97
1718445134486 10.398044999999996 98
1718445144508 10.411304999999999 99
1718445154537 10.423302999999997 100
1718445164570 10.449394999999996 101
1718445174602 10.451985 102
1718445184634 10.461090999999996 103
1718445194673 10.657319999999999 104
1718445204709 10.673142999999996 105
1718445214734 10.694614000000001 106
1718445224759 10.707040999999997 107
1718445234790 11.106280999999996 108
1718445244863 11.402574999999999 109
1718445254894 11.469105999999996 110
1718445264920 11.477795 111
1718445274953 11.499685999999997 112
1718445284980 11.524262 113
1718445295008 11.531743999999996 114
1718445305034 11.557389999999998 115
1718445315063 11.567291999999995 116
1718445325089 11.572824999999995 117
1718445335119 11.594445 118
1718445345180 11.620785999999995 119
1718445355204 11.623092999999997 120
1718445365235 11.652031000000001 121
1718445375273 11.686402000000001 122
1718445385308 11.695121999999998 123
1718445395349 11.826218999999995 124
1718445405374 11.828962999999995 125
1718445415399 11.832301999999999 126
1718445425467 11.843536999999998 127
1718445435535 11.906656999999996 128
1718445445565 11.959877999999996 129
1718445455596 12.010478999999997 130
1718445465627 12.038849999999996 131
1718445475660 12.045732999999998 132
1718445485749 12.046617999999995 133
1718445495819 12.112432999999996 134
1718445505845 12.194952 135
1718445515876 12.213429999999995 136
1718445525901 12.227621999999997 137
1718445535930 12.229585 138
1718445546006 12.234445000000001 139
1718445556039 12.241245 140
1718445566123 12.244074999999995 141
1718445576150 12.253443999999995 142
1718445586175 12.262422 143
1718445596252 12.278506 144
1718445606276 12.286952999999997 145
1718445616300 12.320079999999997 146
1718445626326 12.325918999999999 147
1718445636350 12.334792 148
1718445649753 12.350817 149
1718445659777 12.359966999999997 150
1718445669802 12.366655999999999 151
1718445679827 12.372957999999997 152
1718445689851 12.387254999999996 153
1718445699881 12.389491999999997 154
