1718444150319 0.0 0
1718444160335 0.03819900000007692 1
1718444170364 0.5161359999999604 2
1718444180386 10.778548 3
1718444190411 17.471888000000035 4
1718444200436 18.049473000000035 5
1718444210459 18.188703000000032 6
1718444220480 18.341165000000046 7
1718444230498 25.82034900000008 8
1718444240516 29.05406999999991 9
1718444250570 30.004740999999967 10
1718444260592 30.175889000000097 11
1718444270616 33.12777899999992 12
1718444280644 33.13764600000013 13
1718444290665 33.14165500000013 14
1718444300682 33.20398300000011 15
1718444310700 33.245759000000135 16
1718444320718 33.27794300000005 17
1718444330737 33.28590299999996 18
1718444340756 33.29479500000002 19
1718444350786 33.29843699999992 20
1718444360813 33.31162999999992 21
1718444370834 33.33029899999997 22
1718444380855 33.363272999999936 23
1718444390872 33.36691700000006 24
1718444400892 33.36981900000001 25
1718444410914 33.37778000000003 26
1718444420948 33.388149999999996 27
1718444430968 33.409762 28
1718444440991 33.433628 29
1718444451014 33.437865999999985 30
1718444461033 33.45427100000006 31
1718444471055 33.46976900000004 32
1718444481089 33.478317999999945 33
1718444491129 33.505767000000105 34
1718444501155 33.51556000000005 35
1718444511173 33.51817099999994 36
1718444521193 33.522351999999955 37
1718444531220 33.534621000000016 38
1718444541242 33.54179199999999 39
1718444551265 33.562229000000116 40
1718444561282 33.57348000000002 41
1718444571307 33.57454299999995 42
1718444581327 33.578490999999985 43
1718444591354 33.589517000000114 44
1718444601378 33.600007000000005 45
1718444611405 33.61156200000005 46
1718444621428 33.64168799999993 47
1718444631488 33.64562500000011 48
1718444641506 33.6512110000001 49
1718444651547 33.65424699999994 50
1718444661574 33.661775000000034 51
1718444671597 33.664702000000034 52
1718444681618 33.669047999999975 53
1718444691637 33.67438399999992 54
1718444701655 33.677143000000115 55
1718444711677 33.70748000000003 56
1718444721703 33.71525799999995 57
1718444731723 33.719088000000056 58
1718444741743 33.76114400000006 59
1718444751766 33.762727999999925 60
1718444761787 33.77567399999998 61
1718444771807 33.77981199999999 62
1718444781831 33.78483899999992 63
1718444791851 33.80059899999992 64
1718444801875 34.24996699999997 65
1718444811906 34.26826099999994 66
1718444821936 34.27822500000002 67
1718444831963 34.28784799999994 68
1718444841985 39.59318499999995 69
1718444852013 39.73362799999995 70
1718444862043 39.79505599999993 71
1718444872077 40.04839399999992 72
1718444882106 40.053333000000066 73
1718444893732 40.08603799999992 74
1718444903772 40.1074430000001 75
1718444913802 40.719393999999966 76
1718444923824 40.833368000000064 77
1718444933844 40.846997999999985 78
1718444943887 40.89681500000006 79
1718444953912 40.91419599999995 80
1718444963932 40.93011999999999 81
1718444973955 40.96898299999998 82
1718444983986 41.07217400000013 83
1718444994009 41.07636700000012 84
1718445004042 41.13167300000009 85
1718445014071 41.13608799999997 86
1718445024099 41.229000999999926 87
1718445034129 41.23349600000006 88
1718445044154 41.25431299999991 89
1718445054184 41.311456000000135 90
1718445064211 41.321374000000105 91
1718445074241 41.33359199999995 92
1718445084291 41.34099900000001 93
1718445094366 41.35233100000005 94
1718445104390 41.375003000000106 95
1718445114418 41.672217000000046 96
1718445124463 41.67363 97
1718445134486 41.684653000000026 98
1718445144508 41.70095800000013 99
1718445154537 41.71132699999998 100
1718445164570 41.72952200000009 101
1718445174602 41.7321280000001 102
1718445184634 41.74129300000004 103
1718445194673 41.937568000000056 104
1718445204709 41.95420400000012 105
1718445214734 41.97243700000013 106
1718445224759 41.99007000000006 107
1718445234790 42.39739600000007 108
1718445244863 42.69641700000011 109
1718445254894 42.76116400000001 110
1718445264920 42.768002000000024 111
1718445274953 42.799960000000056 112
1718445284980 42.833709 113
1718445295008 42.83878299999992 114
1718445305034 42.86556900000005 115
1718445315063 42.87848699999995 116
1718445325089 42.884127000000035 117
1718445335119 42.9005380000001 118
1718445345180 42.92429599999991 119
1718445355204 42.92691600000012 120
1718445365235 42.95397500000013 121
1718445375273 43.133149 122
1718445385308 43.14476800000011 123
1718445395349 43.15528100000006 124
1718445405374 43.157216999999946 125
1718445415399 43.16035800000009 126
1718445425467 43.17038000000002 127
1718445435535 43.23420699999997 128
1718445445565 43.28689600000007 129
1718445455596 43.33189399999992 130
1718445465627 43.362826999999925 131
1718445475660 43.461634000000004 132
1718445485749 43.46240899999998 133
1718445495819 43.52968600000008 134
1718445505845 43.61384599999997 135
1718445515876 43.72139100000004 136
1718445525901 43.73150099999998 137
1718445535930 43.733408000000054 138
1718445546006 43.73898699999995 139
1718445556039 43.74621400000001 140
1718445566123 43.74828700000012 141
1718445576150 43.752206000000115 142
1718445586175 43.76773400000002 143
1718445596252 43.79928999999993 144
1718445606276 43.811742000000095 145
1718445616300 43.87966400000005 146
1718445626326 43.88285900000005 147
1718445636350 43.91736500000002 148
1718445649753 43.92979500000001 149
1718445659777 43.94582300000002 150
1718445669802 43.95412600000009 151
1718445679827 43.96098800000004 152
1718445689851 43.97376499999996 153
1718445699881 43.97588500000006 154
