1718444150319 28.9 0
1718444160335 32.6 1
1718444170364 32.8 2
1718444180386 33.5 3
1718444190411 33.6 4
1718444200436 33.5 5
1718444210459 33.1 6
1718444220480 33.2 7
1718444230498 33.0 8
1718444240516 33.3 9
1718444250570 33.3 10
1718444260592 33.5 11
1718444270616 33.9 12
1718444280644 33.9 13
1718444290665 33.6 14
1718444300682 32.6 15
1718444310700 32.4 16
1718444320718 32.4 17
1718444330737 32.2 18
1718444340756 32.2 19
1718444350786 32.1 20
1718444360813 32.1 21
1718444370834 32.0 22
1718444380855 32.0 23
1718444390872 32.0 24
1718444400892 32.0 25
1718444410914 31.9 26
1718444420948 32.0 27
1718444430968 32.0 28
1718444440991 32.0 29
1718444451014 32.0 30
1718444461033 32.0 31
1718444471055 32.1 32
1718444481089 32.1 33
1718444491129 32.0 34
1718444501155 32.0 35
1718444511173 32.0 36
1718444521193 32.3 37
1718444531220 32.2 38
1718444541242 32.2 39
1718444551265 32.2 40
1718444561282 32.3 41
1718444571307 32.2 42
1718444581327 32.2 43
1718444591354 32.2 44
1718444601378 32.2 45
1718444611405 32.2 46
1718444621428 32.2 47
1718444631488 32.2 48
1718444641506 32.2 49
1718444651547 32.2 50
1718444661574 32.1 51
1718444671597 32.1 52
1718444681618 32.2 53
1718444691637 32.2 54
1718444701655 32.2 55
1718444711677 32.2 56
1718444721703 32.2 57
1718444731723 32.2 58
1718444741743 32.3 59
1718444751766 32.2 60
1718444761787 32.2 61
1718444771807 32.3 62
1718444781831 32.3 63
1718444791851 32.2 64
1718444801875 33.1 65
1718444811906 32.9 66
1718444821936 33.0 67
1718444831963 34.4 68
1718444841985 34.7 69
1718444852013 35.1 70
1718444862043 35.1 71
1718444872077 35.0 72
1718444882106 34.4 73
1718444893732 34.4 74
1718444903772 38.3 75
1718444913802 40.3 76
1718444923824 40.4 77
1718444933844 40.2 78
1718444943887 41.3 79
1718444953912 41.6 80
1718444963932 42.0 81
1718444973955 42.1 82
1718444983986 43.0 83
1718444994009 42.9 84
1718445004042 42.9 85
1718445014071 42.6 86
1718445024099 42.7 87
1718445034129 42.7 88
1718445044154 42.8 89
1718445054184 43.0 90
1718445064211 42.8 91
1718445074241 42.9 92
1718445084291 42.9 93
1718445094366 42.8 94
1718445104390 42.8 95
1718445114418 42.9 96
1718445124463 42.9 97
1718445134486 42.8 98
1718445144508 42.8 99
1718445154537 42.7 100
1718445164570 42.8 101
1718445174602 42.8 102
1718445184634 42.9 103
1718445194673 42.8 104
1718445204709 42.8 105
1718445214734 42.9 106
1718445224759 42.9 107
1718445234790 42.9 108
1718445244863 43.0 109
1718445254894 43.1 110
1718445264920 43.1 111
1718445274953 42.7 112
1718445284980 43.0 113
1718445295008 42.8 114
1718445305034 42.9 115
1718445315063 42.9 116
1718445325089 42.9 117
1718445335119 43.0 118
1718445345180 43.1 119
1718445355204 42.8 120
1718445365235 43.0 121
1718445375273 43.2 122
1718445385308 43.0 123
1718445395349 43.1 124
1718445405374 43.0 125
1718445415399 43.1 126
1718445425467 43.3 127
1718445435535 43.7 128
1718445445565 43.3 129
1718445455596 43.5 130
1718445465627 43.9 131
1718445475660 43.4 132
1718445485749 43.3 133
1718445495819 43.5 134
1718445505845 43.7 135
1718445515876 43.7 136
1718445525901 43.3 137
1718445535930 43.4 138
1718445546006 43.2 139
1718445556039 43.2 140
1718445566123 43.2 141
1718445576150 43.2 142
1718445586175 43.2 143
1718445596252 43.2 144
1718445606276 43.2 145
1718445616300 43.2 146
1718445626326 43.1 147
1718445636350 43.1 148
1718445649753 43.4 149
1718445659777 43.3 150
1718445669802 43.4 151
1718445679827 43.4 152
1718445689851 43.3 153
1718445699881 43.2 154
