1718444150319 9708.7 0
1718444160335 10944.0 1
1718444170364 11016.5 2
1718444180386 11249.5 3
1718444190411 11264.7 4
1718444200436 11236.9 5
1718444210459 11108.2 6
1718444220480 11130.0 7
1718444230498 11072.2 8
1718444240516 11183.9 9
1718444250570 11168.9 10
1718444260592 11239.4 11
1718444270616 11355.1 12
1718444280644 11355.4 13
1718444290665 11282.9 14
1718444300682 10919.3 15
1718444310700 10873.0 16
1718444320718 10868.1 17
1718444330737 10808.6 18
1718444340756 10793.7 19
1718444350786 10777.7 20
1718444360813 10769.6 21
1718444370834 10728.0 22
1718444380855 10736.2 23
1718444390872 10733.0 24
1718444400892 10730.5 25
1718444410914 10707.2 26
1718444420948 10721.8 27
1718444430968 10728.3 28
1718444440991 10730.1 29
1718444451014 10729.5 30
1718444461033 10741.5 31
1718444471055 10755.0 32
1718444481089 10752.0 33
1718444491129 10734.3 34
1718444501155 10743.5 35
1718444511173 10736.4 36
1718444521193 10822.2 37
1718444531220 10809.1 38
1718444541242 10800.7 39
1718444551265 10807.1 40
1718444561282 10815.7 41
1718444571307 10813.2 42
1718444581327 10802.3 43
1718444591354 10783.6 44
1718444601378 10800.6 45
1718444611405 10790.6 46
1718444621428 10799.6 47
1718444631488 10799.8 48
1718444641506 10794.4 49
1718444651547 10800.7 50
1718444661574 10778.8 51
1718444671597 10780.3 52
1718444681618 10812.8 53
1718444691637 10792.2 54
1718444701655 10785.4 55
1718444711677 10784.5 56
1718444721703 10801.5 57
1718444731723 10798.9 58
1718444741743 10834.6 59
1718444751766 10811.0 60
1718444761787 10809.8 61
1718444771807 10824.5 62
1718444781831 10817.6 63
1718444791851 10799.0 64
1718444801875 11097.9 65
1718444811906 11035.9 66
1718444821936 11080.4 67
1718444831963 11550.6 68
1718444841985 11636.3 69
1718444852013 11758.1 70
1718444862043 11782.9 71
1718444872077 11741.6 72
1718444882106 11543.1 73
1718444893732 11522.3 74
1718444903772 12859.9 75
1718444913802 13520.8 76
1718444923824 13552.5 77
1718444933844 13495.1 78
1718444943887 13835.5 79
1718444953912 13937.9 80
1718444963932 14077.8 81
1718444973955 14122.4 82
1718444983986 14432.7 83
1718444994009 14385.6 84
1718445004042 14373.9 85
1718445014071 14299.0 86
1718445024099 14318.1 87
1718445034129 14320.8 88
1718445044154 14360.0 89
1718445054184 14432.4 90
1718445064211 14362.0 91
1718445074241 14378.6 92
1718445084291 14377.0 93
1718445094366 14347.0 94
1718445104390 14347.8 95
1718445114418 14377.4 96
1718445124463 14386.1 97
1718445134486 14365.2 98
1718445144508 14338.2 99
1718445154537 14329.6 100
1718445164570 14350.8 101
1718445174602 14349.8 102
1718445184634 14381.9 103
1718445194673 14365.7 104
1718445204709 14358.3 105
1718445214734 14390.2 106
1718445224759 14391.9 107
1718445234790 14402.2 108
1718445244863 14420.1 109
1718445254894 14444.9 110
1718445264920 14439.7 111
1718445274953 14319.3 112
1718445284980 14405.9 113
1718445295008 14359.3 114
1718445305034 14400.6 115
1718445315063 14379.7 116
1718445325089 14391.4 117
1718445335119 14429.0 118
1718445345180 14440.3 119
1718445355204 14340.2 120
1718445365235 14405.3 121
1718445375273 14478.8 122
1718445385308 14436.8 123
1718445395349 14466.3 124
1718445405374 14427.6 125
1718445415399 14440.3 126
1718445425467 14530.0 127
1718445435535 14656.2 128
1718445445565 14505.2 129
1718445455596 14589.2 130
1718445465627 14725.9 131
1718445475660 14565.7 132
1718445485749 14518.1 133
1718445495819 14602.3 134
1718445505845 14659.5 135
1718445515876 14659.8 136
1718445525901 14536.6 137
1718445535930 14541.0 138
1718445546006 14493.6 139
1718445556039 14485.2 140
1718445566123 14477.5 141
1718445576150 14474.3 142
1718445586175 14500.8 143
1718445596252 14495.7 144
1718445606276 14493.4 145
1718445616300 14497.4 146
1718445626326 14464.4 147
1718445636350 14462.3 148
1718445649753 14546.9 149
1718445659777 14511.1 150
1718445669802 14555.4 151
1718445679827 14546.5 152
1718445689851 14510.3 153
1718445699881 14497.3 154
