1718207635556 0.0 0
1718207645574 7.9 1
1718207655592 6.1 2
1718207665614 6.0 3
1718207675633 6.3 4
1718207685653 6.1 5
1718207695671 6.2 6
1718207705690 6.2 7
1718207715708 6.2 8
1718207725768 6.2 9
1718207735786 6.6 10
1718207745804 6.3 11
1718207755878 6.1 12
1718207765894 6.1 13
1718207775914 6.1 14
1718207785933 6.1 15
1718207795952 6.2 16
1718207805971 6.2 17
1718207815990 6.4 18
1718207826022 6.2 19
1718207836044 6.3 20
1718207846065 6.3 21
1718207856102 6.5 22
1718207866120 7.0 23
1718207876143 6.0 24
1718207886162 6.1 25
1718207896175 6.2 26
1718207906190 6.2 27
1718207916223 6.2 28
1718207926242 6.2 29
1718207936263 6.4 30
1718207946283 6.3 31
1718207956302 6.0 32
1718207966321 6.0 33
1718207976340 5.9 34
1718207986358 6.4 35
1718207996406 6.1 36
1718208006424 6.5 37
1718208016444 6.3 38
1718208026470 6.1 39
1718208036494 6.2 40
1718208046518 6.2 41
1718208056537 6.1 42
1718208066557 6.1 43
1718208076577 6.2 44
1718208086596 6.6 45
1718208096616 6.2 46
1718208106637 6.3 47
1718208116687 6.2 48
1718208126710 6.3 49
1718208136735 6.2 50
1718208146761 6.4 51
1718208156797 6.1 52
1718208166823 6.1 53
1718208176849 6.4 54
1718208186869 6.0 55
1718208196901 6.4 56
1718208206927 6.0 57
1718208216952 6.2 58
1718208226973 6.4 59
1718208236993 6.3 60
1718208247013 6.3 61
1718208257039 6.1 62
1718208267067 6.2 63
1718208277094 6.1 64
1718208287121 6.1 65
1718208297152 6.3 66
1718208307173 6.1 67
1718208317192 6.3 68
1718208327209 6.2 69
1718208337231 6.4 70
1718208347253 6.1 71
1718208357275 6.0 72
1718208367297 7.1 73
1718208377344 6.7 74
1718208387363 6.4 75
1718208397380 6.4 76
1718208407404 6.5 77
1718208417421 7.0 78
1718208427442 6.4 79
1718208437461 6.5 80
1718208447482 6.6 81
1718208457498 6.4 82
1718208467517 6.8 83
1718208477537 6.4 84
1718208487556 6.4 85
1718208497583 6.4 86
1718208507612 6.8 87
1718208517641 6.8 88
1718208527669 6.6 89
1718208537697 6.6 90
1718208547728 6.5 91
1718208557757 6.8 92
1718208567777 6.8 93
1718208577801 6.3 94
1718208587822 7.4 95
1718208597848 11.5 96
1718208607874 10.2 97
1718208617896 10.2 98
1718208627925 10.2 99
1718208637945 10.3 100
1718208647963 10.2 101
1718208657986 10.2 102
1718208668013 9.4 103
1718208678042 6.1 104
1718208688071 6.3 105
1718208698099 6.0 106
1718208708126 6.2 107
1718208718149 6.1 108
1718208728175 6.3 109
1718208738224 6.3 110
1718208748250 6.3 111
1718208758279 6.2 112
1718208768352 6.1 113
1718208778431 6.1 114
1718208788513 6.2 115
1718208798599 6.1 116
1718208808677 6.3 117
1718208818701 6.2 118
1718208828776 6.4 119
1718208838851 6.2 120
1718208848917 6.1 121
1718208858998 6.2 122
1718208869079 6.0 123
1718208879170 6.3 124
1718208889235 6.2 125
1718208899266 6.2 126
1718208909341 6.2 127
1718208919373 6.2 128
1718208929399 6.3 129
1718208939476 6.1 130
1718208949550 6.2 131
1718208959620 6.6 132
1718208969648 6.1 133
1718208979723 6.4 134
1718208989796 6.0 135
1718208999880 6.1 136
1718209009908 6.1 137
1718209019948 6.3 138
1718209030022 6.2 139
1718209040047 6.3 140
1718209050125 6.4 141
1718209060198 6.0 142
1718209070275 6.2 143
1718209080359 6.2 144
1718209090382 6.1 145
1718209100448 6.0 146
1718209110485 6.2 147
1718209120516 6.4 148
1718209130594 6.2 149
1718209140657 6.3 150
1718209150680 6.1 151
1718209160711 6.7 152
1718209170783 6.2 153
1718209180826 6.0 154
1718209190903 6.1 155
1718209200937 6.0 156
1718209211012 6.3 157
1718209221089 6.2 158
1718209231170 6.4 159
1718209241236 6.4 160
1718209251268 6.1 161
1718209261361 6.5 162
1718209271392 6.1 163
1718209281468 6.1 164
1718209291543 6.2 165
1718209301573 6.2 166
1718209311635 6.5 167
1718209321703 6.5 168
1718209331735 6.5 169
1718209341770 6.6 170
1718209351847 6.7 171
1718209361873 6.5 172
1718209371953 6.5 173
1718209382017 6.4 174
1718209392099 6.8 175
1718209402165 6.9 176
1718209412188 6.5 177
1718209422218 6.4 178
1718209432296 6.7 179
1718209442375 6.6 180
1718209452399 6.9 181
1718209462424 6.6 182
1718209472501 6.3 183
1718209482582 6.4 184
1718209492655 6.5 185
1718209502679 6.9 186
1718209512711 6.6 187
1718209522738 6.6 188
1718209532762 7.3 189
1718209542789 10.3 190
1718209552819 10.3 191
1718209562844 10.9 192
1718209572869 10.1 193
1718209582895 10.1 194
1718209592921 10.2 195
1718209602996 10.2 196
1718209613077 8.5 197
1718209623160 6.3 198
1718209633232 6.6 199
1718209643258 6.4 200
1718209653292 6.2 201
1718209663374 6.1 202
1718209673444 6.2 203
1718209683523 6.2 204
1718209693599 6.1 205
1718209703674 6.2 206
1718209713702 6.1 207
1718209723771 6.3 208
1718209733838 6.3 209
1718209743864 6.3 210
1718209753946 6.1 211
1718209764021 6.1 212
1718209774093 6.2 213
1718209784168 6.1 214
1718209794234 6.2 215
1718209804314 6.4 216
1718209814395 6.3 217
1718209824469 6.4 218
1718209834493 6.3 219
1718209844565 6.4 220
1718209854588 6.1 221
1718209864657 6.4 222
1718209874731 6.3 223
1718209884805 6.2 224
1718209894894 6.2 225
1718209904932 6.3 226
1718209914999 6.2 227
1718209925074 6.2 228
1718209935095 6.3 229
1718209945158 6.4 230
1718209955236 6.2 231
1718209965305 6.1 232
1718209975384 6.1 233
1718209985452 6.0 234
1718209995523 6.3 235
1718210005546 6.1 236
1718210015619 6.2 237
1718210025644 6.1 238
1718210035713 6.2 239
1718210045798 6.3 240
1718210055869 6.1 241
1718210065935 6.2 242
1718210075997 6.2 243
1718210086020 6.5 244
1718210096044 6.2 245
1718210106117 6.0 246
1718210116144 6.4 247
1718210126170 6.3 248
1718210136242 6.4 249
1718210146325 6.2 250
1718210156351 6.3 251
1718210166422 6.4 252
1718210176493 6.0 253
1718210186560 6.2 254
1718210196626 6.2 255
1718210206690 6.3 256
1718210216731 6.3 257
1718210226797 6.4 258
1718210236826 6.3 259
1718210246897 6.2 260
1718210256973 6.3 261
1718210267040 6.5 262
1718210277111 6.4 263
1718210287179 6.5 264
1718210297207 6.9 265
1718210307276 6.6 266
1718210317349 6.6 267
1718210327421 6.7 268
1718210337486 6.7 269
1718210347560 7.2 270
1718210357590 6.7 271
1718210367658 6.7 272
1718210377727 6.5 273
1718210387808 7.2 274
1718210397833 6.5 275
1718210407924 6.6 276
1718210417994 6.7 277
1718210428019 6.4 278
1718210438093 6.6 279
1718210448167 6.9 280
1718210458241 6.2 281
1718210468325 6.5 282
1718210478353 8.0 283
1718210488382 10.3 284
1718210498422 10.3 285
1718210508447 10.3 286
1718210518480 10.4 287
1718210528539 10.3 288
1718210538567 10.2 289
1718210548592 10.2 290
1718210558663 7.6 291
1718210568686 6.1 292
1718210578758 6.3 293
1718210588828 6.1 294
1718210598903 6.2 295
1718210608925 6.4 296
1718210619000 6.0 297
1718210629074 6.3 298
1718210639103 6.1 299
1718210649176 6.2 300
1718210659204 6.1 301
1718210669233 6.3 302
1718210679303 6.0 303
1718210689340 6.1 304
1718210699367 7.6 305
1718210709390 15.1 306
1718210719419 25.4 307
1718210729449 29.5 308
1718210739483 26.6 309
1718210749519 12.1 310
1718210759636 10.7 311
1718210769667 9.9 312
1718210779696 9.1 313
1718210789718 9.3 314
1718210799756 8.4 315
1718210809802 7.3 316
1718210819832 9.4 317
1718210829863 17.0 318
1718210839893 30.1 319
1718210849931 27.7 320
1718210859965 8.3 321
1718210870005 9.2 322
1718210880042 8.9 323
1718210890077 7.0 324
1718210900114 9.3 325
1718210910153 8.9 326
1718210920238 6.5 327
1718210930323 6.2 328
1718210940388 6.5 329
1718210950481 6.1 330
1718210960571 6.1 331
1718210970627 6.1 332
1718210980666 6.4 333
1718210990744 6.2 334
1718211000824 6.3 335
1718211010910 6.4 336
1718211020996 6.2 337
1718211031078 6.4 338
1718211041116 6.6 339
1718211051188 6.5 340
1718211061216 6.6 341
1718211071244 6.3 342
1718211081318 6.1 343
1718211091401 6.1 344
1718211101490 6.2 345
1718211111572 6.2 346
1718211121660 6.2 347
1718211131744 6.4 348
1718211141791 6.2 349
1718211151894 6.3 350
1718211161936 6.6 351
1718211172019 6.2 352
1718211182057 6.2 353
1718211192102 6.2 354
1718211202189 6.6 355
1718211212267 6.5 356
1718211222347 6.5 357
1718211232434 7.0 358
1718211242515 6.7 359
1718211252595 6.5 360
1718211262627 6.6 361
1718211272721 7.1 362
1718211282763 6.4 363
1718211292801 6.4 364
1718211302839 6.4 365
1718211312919 6.3 366
1718211323003 7.0 367
1718211333093 6.5 368
1718211343131 6.8 369
1718211353160 6.6 370
1718211363239 7.0 371
1718211373278 6.6 372
1718211383362 6.6 373
1718211393450 6.8 374
1718211403491 6.8 375
1718211413527 7.0 376
1718211423563 8.0 377
1718211433595 10.8 378
1718211443630 11.2 379
1718211453673 10.2 380
1718211463710 10.2 381
1718211473743 10.3 382
1718211483777 10.3 383
1718211493806 10.3 384
1718211503886 8.0 385
1718211513927 6.5 386
1718211523960 6.5 387
