1718207635556 367520.3 0
1718207645574 367519.4 1
1718207655592 367519.4 2
1718207665614 367519.4 3
1718207675633 367519.4 4
1718207685653 367519.4 5
1718207695671 367519.4 6
1718207705690 367519.4 7
1718207715708 367519.4 8
1718207725768 367519.4 9
1718207735786 367519.4 10
1718207745804 367519.4 11
1718207755878 367519.4 12
1718207765894 367519.4 13
1718207775914 367519.4 14
1718207785933 367519.4 15
1718207795952 367519.4 16
1718207805971 367519.4 17
1718207815990 367519.4 18
1718207826022 367519.4 19
1718207836044 367519.4 20
1718207846065 367519.4 21
1718207856102 367519.4 22
1718207866120 367519.4 23
1718207876143 367519.4 24
1718207886162 367519.4 25
1718207896175 367519.4 26
1718207906190 367519.4 27
1718207916223 367519.4 28
1718207926242 367519.4 29
1718207936263 367519.4 30
1718207946283 367519.4 31
1718207956302 367519.4 32
1718207966321 367519.4 33
1718207976340 367519.4 34
1718207986358 367519.4 35
1718207996406 367519.4 36
1718208006424 367519.4 37
1718208016444 367519.4 38
1718208026470 367519.4 39
1718208036494 367519.4 40
1718208046518 367519.4 41
1718208056537 367519.4 42
1718208066557 367519.4 43
1718208076577 367519.4 44
1718208086596 367519.4 45
1718208096616 367519.4 46
1718208106637 367519.4 47
1718208116687 367519.4 48
1718208126710 367519.4 49
1718208136735 367519.4 50
1718208146761 367519.4 51
1718208156797 367519.4 52
1718208166823 367519.4 53
1718208176849 367519.4 54
1718208186869 367519.4 55
1718208196901 367519.4 56
1718208206927 367519.4 57
1718208216952 367519.4 58
1718208226973 367519.4 59
1718208236993 367519.4 60
1718208247013 367519.4 61
1718208257039 367519.4 62
1718208267067 367519.4 63
1718208277094 367519.4 64
1718208287121 367519.4 65
1718208297152 367519.4 66
1718208307173 367519.4 67
1718208317192 367519.4 68
1718208327209 367519.4 69
1718208337231 367519.4 70
1718208347253 367519.4 71
1718208357275 367519.4 72
1718208367297 367519.4 73
1718208377344 367519.4 74
1718208387363 367519.4 75
1718208397380 367519.4 76
1718208407404 367519.4 77
1718208417421 367519.4 78
1718208427442 367519.4 79
1718208437461 367519.4 80
1718208447482 367519.4 81
1718208457498 367519.4 82
1718208467517 367519.4 83
1718208477537 367519.4 84
1718208487556 367519.4 85
1718208497583 367519.4 86
1718208507612 367519.4 87
1718208517641 367519.4 88
1718208527669 367519.4 89
1718208537697 367519.4 90
1718208547728 367519.4 91
1718208557757 367519.4 92
1718208567777 367519.4 93
1718208577801 367519.4 94
1718208587822 365502.3 95
1718208597848 365502.3 96
1718208607874 365502.3 97
1718208617896 365502.3 98
1718208627925 365502.3 99
1718208637945 365502.3 100
1718208647963 365502.3 101
1718208657986 365502.3 102
1718208668013 365502.3 103
1718208678042 365502.3 104
1718208688071 365502.3 105
1718208698099 365502.3 106
1718208708126 365502.3 107
1718208718149 365502.3 108
1718208728175 365502.3 109
1718208738224 365502.3 110
1718208748250 365502.3 111
1718208758279 365502.3 112
1718208768352 365502.3 113
1718208778431 365502.3 114
1718208788513 365502.3 115
1718208798599 365502.3 116
1718208808677 365502.3 117
1718208818701 365502.3 118
1718208828776 365502.3 119
1718208838851 365502.3 120
1718208848917 365502.3 121
1718208858998 365502.3 122
1718208869079 365502.3 123
1718208879170 365502.3 124
1718208889235 365502.3 125
1718208899266 365502.3 126
1718208909341 365502.3 127
1718208919373 365502.3 128
1718208929399 365502.3 129
1718208939476 365502.3 130
1718208949550 365502.3 131
1718208959620 365502.3 132
1718208969648 365502.3 133
1718208979723 365502.3 134
1718208989796 365502.3 135
1718208999880 365502.3 136
1718209009908 365502.3 137
1718209019948 365502.3 138
1718209030022 365502.3 139
1718209040047 365502.3 140
1718209050125 365502.3 141
1718209060198 365502.3 142
1718209070275 365502.3 143
1718209080359 365502.3 144
1718209090382 365502.3 145
1718209100448 365502.3 146
1718209110485 365502.3 147
1718209120516 365502.3 148
1718209130594 365502.3 149
1718209140657 365502.3 150
1718209150680 365502.3 151
1718209160711 365502.3 152
1718209170783 365502.3 153
1718209180826 365502.3 154
1718209190903 365502.3 155
1718209200937 365502.3 156
1718209211012 365502.3 157
1718209221089 365502.3 158
1718209231170 365502.3 159
1718209241236 365502.3 160
1718209251268 365502.3 161
1718209261361 365502.3 162
1718209271392 365502.3 163
1718209281468 365502.3 164
1718209291543 365502.3 165
1718209301573 365502.3 166
1718209311635 365502.3 167
1718209321703 365502.3 168
1718209331735 365502.3 169
1718209341770 365502.3 170
1718209351847 365502.3 171
1718209361873 365502.3 172
1718209371953 365502.3 173
1718209382017 365502.3 174
1718209392099 365502.3 175
1718209402165 365502.3 176
1718209412188 365502.3 177
1718209422218 365502.3 178
1718209432296 365502.3 179
1718209442375 365502.3 180
1718209452399 365502.3 181
1718209462424 365502.3 182
1718209472501 365502.3 183
1718209482582 365502.3 184
1718209492655 365502.3 185
1718209502679 365502.3 186
1718209512711 365502.3 187
1718209522738 365502.3 188
1718209532762 363485.2 189
1718209542789 363485.2 190
1718209552819 363485.2 191
1718209562844 363485.2 192
1718209572869 363485.2 193
1718209582895 363485.2 194
1718209592921 363485.2 195
1718209602996 363485.2 196
1718209613077 363485.2 197
1718209623160 363485.2 198
1718209633232 363485.2 199
1718209643258 363485.2 200
1718209653292 363485.2 201
1718209663374 363485.2 202
1718209673444 363485.2 203
1718209683523 363485.2 204
1718209693599 363485.2 205
1718209703674 363485.2 206
1718209713702 363485.2 207
1718209723771 363485.2 208
1718209733838 363485.2 209
1718209743864 363485.2 210
1718209753946 363485.2 211
1718209764021 363485.2 212
1718209774093 363485.2 213
1718209784168 363485.2 214
1718209794234 363485.2 215
1718209804314 363485.2 216
1718209814395 363485.2 217
1718209824469 363485.2 218
1718209834493 363485.2 219
1718209844565 363485.2 220
1718209854588 363485.2 221
1718209864657 363485.2 222
1718209874731 363485.2 223
1718209884805 363485.2 224
1718209894894 363485.2 225
1718209904932 363485.2 226
1718209914999 363485.2 227
1718209925074 363485.2 228
1718209935095 363485.2 229
1718209945158 363485.2 230
1718209955236 363485.2 231
1718209965305 363485.2 232
1718209975384 363485.2 233
1718209985452 363485.2 234
1718209995523 363485.2 235
1718210005546 363485.2 236
1718210015619 363485.2 237
1718210025644 363485.2 238
1718210035713 363485.2 239
1718210045798 363485.2 240
1718210055869 363485.2 241
1718210065935 363485.2 242
1718210075997 363485.2 243
1718210086020 363485.2 244
1718210096044 363485.2 245
1718210106117 363485.2 246
1718210116144 363485.2 247
1718210126170 363485.2 248
1718210136242 363485.2 249
1718210146325 363485.2 250
1718210156351 363485.2 251
1718210166422 363485.2 252
1718210176493 363485.2 253
1718210186560 363485.2 254
1718210196626 363485.2 255
1718210206690 363485.2 256
1718210216731 363485.2 257
1718210226797 363485.2 258
1718210236826 363485.2 259
1718210246897 363485.2 260
1718210256973 363485.2 261
1718210267040 363485.2 262
1718210277111 363485.2 263
1718210287179 363485.2 264
1718210297207 363485.2 265
1718210307276 363485.2 266
1718210317349 363485.2 267
1718210327421 363485.2 268
1718210337486 363485.2 269
1718210347560 363485.2 270
1718210357590 363485.2 271
1718210367658 363485.2 272
1718210377727 363485.2 273
1718210387808 363485.2 274
1718210397833 363485.2 275
1718210407924 363485.2 276
1718210417994 363485.2 277
1718210428019 363485.2 278
1718210438093 363485.2 279
1718210448167 363485.2 280
1718210458241 363485.2 281
1718210468325 363485.2 282
1718210478353 361468.1 283
1718210488382 361468.1 284
1718210498422 361468.1 285
1718210508447 361468.1 286
1718210518480 361468.1 287
1718210528539 361468.1 288
1718210538567 361468.1 289
1718210548592 361468.1 290
1718210558663 361468.1 291
1718210568686 361468.1 292
1718210578758 361468.1 293
1718210588828 361468.1 294
1718210598903 361468.1 295
1718210608925 361468.1 296
1718210619000 361468.1 297
1718210629074 361468.1 298
1718210639103 361468.1 299
1718210649176 361468.1 300
1718210659204 361468.1 301
1718210669233 361468.1 302
1718210679303 361468.1 303
1718210689340 361468.1 304
1718210699367 361468.1 305
1718210709390 361468.1 306
1718210719419 361448.5 307
1718210729449 361436.0 308
1718210739483 361455.2 309
1718210749519 361455.1 310
1718210759636 361443.8 311
1718210769667 361421.3 312
1718210779696 361429.0 313
1718210789718 361394.2 314
1718210799756 361360.5 315
1718210809802 361343.1 316
1718210819832 361445.5 317
1718210829863 361431.2 318
1718210839893 361452.3 319
1718210849931 361448.2 320
1718210859965 361448.4 321
1718210870005 361445.6 322
1718210880042 361423.0 323
1718210890077 361426.4 324
1718210900114 361403.6 325
1718210910153 361453.1 326
1718210920238 361453.1 327
1718210930323 361453.1 328
1718210940388 361453.1 329
1718210950481 361453.1 330
1718210960571 361453.1 331
1718210970627 361453.1 332
1718210980666 361453.1 333
1718210990744 361453.1 334
1718211000824 361453.1 335
1718211010910 361453.1 336
1718211020996 361453.1 337
1718211031078 361453.1 338
1718211041116 361453.1 339
1718211051188 361453.1 340
1718211061216 361453.1 341
1718211071244 361453.1 342
1718211081318 361453.1 343
1718211091401 361453.1 344
1718211101490 361453.1 345
1718211111572 361453.1 346
1718211121660 361453.1 347
1718211131744 361453.1 348
1718211141791 361453.1 349
1718211151894 361453.1 350
1718211161936 361453.1 351
1718211172019 361453.0 352
1718211182057 361453.1 353
1718211192102 361453.1 354
1718211202189 361453.1 355
1718211212267 361453.1 356
1718211222347 361453.1 357
1718211232434 361453.1 358
1718211242515 361453.1 359
1718211252595 361453.1 360
1718211262627 361453.0 361
1718211272721 361453.0 362
1718211282763 361453.0 363
1718211292801 361453.0 364
1718211302839 361453.0 365
1718211312919 361453.0 366
1718211323003 361453.0 367
1718211333093 361453.0 368
1718211343131 361453.0 369
1718211353160 361453.0 370
1718211363239 361453.0 371
1718211373278 361453.0 372
1718211383362 361453.0 373
1718211393450 361453.0 374
1718211403491 361453.0 375
1718211413527 361453.0 376
1718211423563 359436.0 377
1718211433595 359436.0 378
1718211443630 359436.0 379
1718211453673 359436.0 380
1718211463710 359436.0 381
1718211473743 359436.0 382
1718211483777 359436.0 383
1718211493806 359436.0 384
1718211503886 359436.0 385
1718211513927 359436.0 386
1718211523960 359436.0 387
