1718207635556 60.6 0
1718207645574 60.6 1
1718207655592 60.6 2
1718207665614 60.6 3
1718207675633 60.6 4
1718207685653 60.6 5
1718207695671 60.6 6
1718207705690 60.6 7
1718207715708 60.6 8
1718207725768 60.6 9
1718207735786 60.6 10
1718207745804 60.6 11
1718207755878 60.6 12
1718207765894 60.6 13
1718207775914 60.6 14
1718207785933 60.6 15
1718207795952 60.6 16
1718207805971 60.6 17
1718207815990 60.6 18
1718207826022 60.6 19
1718207836044 60.6 20
1718207846065 60.6 21
1718207856102 60.6 22
1718207866120 60.6 23
1718207876143 60.6 24
1718207886162 60.6 25
1718207896175 60.6 26
1718207906190 60.6 27
1718207916223 60.6 28
1718207926242 60.6 29
1718207936263 60.6 30
1718207946283 60.6 31
1718207956302 60.6 32
1718207966321 60.6 33
1718207976340 60.6 34
1718207986358 60.6 35
1718207996406 60.6 36
1718208006424 60.6 37
1718208016444 60.6 38
1718208026470 60.6 39
1718208036494 60.6 40
1718208046518 60.6 41
1718208056537 60.6 42
1718208066557 60.6 43
1718208076577 60.6 44
1718208086596 60.6 45
1718208096616 60.6 46
1718208106637 60.6 47
1718208116687 60.6 48
1718208126710 60.6 49
1718208136735 60.6 50
1718208146761 60.6 51
1718208156797 60.6 52
1718208166823 60.6 53
1718208176849 60.6 54
1718208186869 60.6 55
1718208196901 60.6 56
1718208206927 60.6 57
1718208216952 60.6 58
1718208226973 60.6 59
1718208236993 60.6 60
1718208247013 60.6 61
1718208257039 60.6 62
1718208267067 60.6 63
1718208277094 60.6 64
1718208287121 60.6 65
1718208297152 60.6 66
1718208307173 60.6 67
1718208317192 60.6 68
1718208327209 60.6 69
1718208337231 60.6 70
1718208347253 60.6 71
1718208357275 60.6 72
1718208367297 60.6 73
1718208377344 60.6 74
1718208387363 60.6 75
1718208397380 60.6 76
1718208407404 60.6 77
1718208417421 60.6 78
1718208427442 60.6 79
1718208437461 60.6 80
1718208447482 60.6 81
1718208457498 60.6 82
1718208467517 60.6 83
1718208477537 60.6 84
1718208487556 60.6 85
1718208497583 60.6 86
1718208507612 60.6 87
1718208517641 60.6 88
1718208527669 60.6 89
1718208537697 60.6 90
1718208547728 60.6 91
1718208557757 60.6 92
1718208567777 60.6 93
1718208577801 60.6 94
1718208587822 60.8 95
1718208597848 60.8 96
1718208607874 60.8 97
1718208617896 60.8 98
1718208627925 60.8 99
1718208637945 60.8 100
1718208647963 60.8 101
1718208657986 60.8 102
1718208668013 60.8 103
1718208678042 60.8 104
1718208688071 60.8 105
1718208698099 60.8 106
1718208708126 60.8 107
1718208718149 60.8 108
1718208728175 60.8 109
1718208738224 60.8 110
1718208748250 60.8 111
1718208758279 60.8 112
1718208768352 60.8 113
1718208778431 60.8 114
1718208788513 60.8 115
1718208798599 60.8 116
1718208808677 60.8 117
1718208818701 60.8 118
1718208828776 60.8 119
1718208838851 60.8 120
1718208848917 60.8 121
1718208858998 60.8 122
1718208869079 60.8 123
1718208879170 60.8 124
1718208889235 60.8 125
1718208899266 60.8 126
1718208909341 60.8 127
1718208919373 60.8 128
1718208929399 60.8 129
1718208939476 60.8 130
1718208949550 60.8 131
1718208959620 60.8 132
1718208969648 60.8 133
1718208979723 60.8 134
1718208989796 60.8 135
1718208999880 60.8 136
1718209009908 60.8 137
1718209019948 60.8 138
1718209030022 60.8 139
1718209040047 60.8 140
1718209050125 60.8 141
1718209060198 60.8 142
1718209070275 60.8 143
1718209080359 60.8 144
1718209090382 60.8 145
1718209100448 60.8 146
1718209110485 60.8 147
1718209120516 60.8 148
1718209130594 60.8 149
1718209140657 60.8 150
1718209150680 60.8 151
1718209160711 60.8 152
1718209170783 60.8 153
1718209180826 60.8 154
1718209190903 60.8 155
1718209200937 60.8 156
1718209211012 60.8 157
1718209221089 60.8 158
1718209231170 60.8 159
1718209241236 60.8 160
1718209251268 60.8 161
1718209261361 60.8 162
1718209271392 60.8 163
1718209281468 60.8 164
1718209291543 60.8 165
1718209301573 60.8 166
1718209311635 60.8 167
1718209321703 60.8 168
1718209331735 60.8 169
1718209341770 60.8 170
1718209351847 60.8 171
1718209361873 60.8 172
1718209371953 60.8 173
1718209382017 60.8 174
1718209392099 60.8 175
1718209402165 60.8 176
1718209412188 60.8 177
1718209422218 60.8 178
1718209432296 60.8 179
1718209442375 60.8 180
1718209452399 60.8 181
1718209462424 60.8 182
1718209472501 60.8 183
1718209482582 60.8 184
1718209492655 60.8 185
1718209502679 60.8 186
1718209512711 60.8 187
1718209522738 60.8 188
1718209532762 61.0 189
1718209542789 61.0 190
1718209552819 61.0 191
1718209562844 61.0 192
1718209572869 61.0 193
1718209582895 61.0 194
1718209592921 61.0 195
1718209602996 61.0 196
1718209613077 61.0 197
1718209623160 61.0 198
1718209633232 61.0 199
1718209643258 61.0 200
1718209653292 61.0 201
1718209663374 61.0 202
1718209673444 61.0 203
1718209683523 61.0 204
1718209693599 61.0 205
1718209703674 61.0 206
1718209713702 61.0 207
1718209723771 61.0 208
1718209733838 61.0 209
1718209743864 61.0 210
1718209753946 61.0 211
1718209764021 61.0 212
1718209774093 61.0 213
1718209784168 61.0 214
1718209794234 61.0 215
1718209804314 61.0 216
1718209814395 61.0 217
1718209824469 61.0 218
1718209834493 61.0 219
1718209844565 61.0 220
1718209854588 61.0 221
1718209864657 61.0 222
1718209874731 61.0 223
1718209884805 61.0 224
1718209894894 61.0 225
1718209904932 61.0 226
1718209914999 61.0 227
1718209925074 61.0 228
1718209935095 61.0 229
1718209945158 61.0 230
1718209955236 61.0 231
1718209965305 61.0 232
1718209975384 61.0 233
1718209985452 61.0 234
1718209995523 61.0 235
1718210005546 61.0 236
1718210015619 61.0 237
1718210025644 61.0 238
1718210035713 61.0 239
1718210045798 61.0 240
1718210055869 61.0 241
1718210065935 61.0 242
1718210075997 61.0 243
1718210086020 61.0 244
1718210096044 61.0 245
1718210106117 61.0 246
1718210116144 61.0 247
1718210126170 61.0 248
1718210136242 61.0 249
1718210146325 61.0 250
1718210156351 61.0 251
1718210166422 61.0 252
1718210176493 61.0 253
1718210186560 61.0 254
1718210196626 61.0 255
1718210206690 61.0 256
1718210216731 61.0 257
1718210226797 61.0 258
1718210236826 61.0 259
1718210246897 61.0 260
1718210256973 61.0 261
1718210267040 61.0 262
1718210277111 61.0 263
1718210287179 61.0 264
1718210297207 61.0 265
1718210307276 61.0 266
1718210317349 61.0 267
1718210327421 61.0 268
1718210337486 61.0 269
1718210347560 61.0 270
1718210357590 61.0 271
1718210367658 61.0 272
1718210377727 61.0 273
1718210387808 61.0 274
1718210397833 61.0 275
1718210407924 61.0 276
1718210417994 61.0 277
1718210428019 61.0 278
1718210438093 61.0 279
1718210448167 61.0 280
1718210458241 61.0 281
1718210468325 61.0 282
1718210478353 61.2 283
1718210488382 61.2 284
1718210498422 61.2 285
1718210508447 61.2 286
1718210518480 61.2 287
1718210528539 61.2 288
1718210538567 61.2 289
1718210548592 61.2 290
1718210558663 61.2 291
1718210568686 61.2 292
1718210578758 61.2 293
1718210588828 61.2 294
1718210598903 61.2 295
1718210608925 61.2 296
1718210619000 61.2 297
1718210629074 61.2 298
1718210639103 61.2 299
1718210649176 61.2 300
1718210659204 61.2 301
1718210669233 61.2 302
1718210679303 61.2 303
1718210689340 61.2 304
1718210699367 61.2 305
1718210709390 61.2 306
1718210719419 61.3 307
1718210729449 61.3 308
1718210739483 61.3 309
1718210749519 61.3 310
1718210759636 61.3 311
1718210769667 61.3 312
1718210779696 61.3 313
1718210789718 61.3 314
1718210799756 61.3 315
1718210809802 61.3 316
1718210819832 61.3 317
1718210829863 61.3 318
1718210839893 61.3 319
1718210849931 61.3 320
1718210859965 61.3 321
1718210870005 61.3 322
1718210880042 61.3 323
1718210890077 61.3 324
1718210900114 61.3 325
1718210910153 61.3 326
1718210920238 61.3 327
1718210930323 61.3 328
1718210940388 61.3 329
1718210950481 61.3 330
1718210960571 61.3 331
1718210970627 61.3 332
1718210980666 61.3 333
1718210990744 61.3 334
1718211000824 61.3 335
1718211010910 61.3 336
1718211020996 61.3 337
1718211031078 61.3 338
1718211041116 61.3 339
1718211051188 61.3 340
1718211061216 61.3 341
1718211071244 61.3 342
1718211081318 61.3 343
1718211091401 61.3 344
1718211101490 61.3 345
1718211111572 61.3 346
1718211121660 61.3 347
1718211131744 61.3 348
1718211141791 61.3 349
1718211151894 61.3 350
1718211161936 61.3 351
1718211172019 61.3 352
1718211182057 61.3 353
1718211192102 61.3 354
1718211202189 61.3 355
1718211212267 61.3 356
1718211222347 61.3 357
1718211232434 61.3 358
1718211242515 61.3 359
1718211252595 61.3 360
1718211262627 61.3 361
1718211272721 61.3 362
1718211282763 61.3 363
1718211292801 61.3 364
1718211302839 61.3 365
1718211312919 61.3 366
1718211323003 61.3 367
1718211333093 61.3 368
1718211343131 61.3 369
1718211353160 61.3 370
1718211363239 61.3 371
1718211373278 61.3 372
1718211383362 61.3 373
1718211393450 61.3 374
1718211403491 61.3 375
1718211413527 61.3 376
1718211423563 61.5 377
1718211433595 61.5 378
1718211443630 61.5 379
1718211453673 61.5 380
1718211463710 61.5 381
1718211473743 61.5 382
1718211483777 61.5 383
1718211493806 61.5 384
1718211503886 61.5 385
1718211513927 61.5 386
1718211523960 61.5 387
