1718207635556 565300.6 0
1718207645574 565301.4 1
1718207655592 565301.4 2
1718207665614 565301.4 3
1718207675633 565301.4 4
1718207685653 565301.4 5
1718207695671 565301.4 6
1718207705690 565301.4 7
1718207715708 565301.4 8
1718207725768 565301.4 9
1718207735786 565301.4 10
1718207745804 565301.4 11
1718207755878 565301.4 12
1718207765894 565301.4 13
1718207775914 565301.4 14
1718207785933 565301.4 15
1718207795952 565301.4 16
1718207805971 565301.4 17
1718207815990 565301.4 18
1718207826022 565301.4 19
1718207836044 565301.4 20
1718207846065 565301.4 21
1718207856102 565301.4 22
1718207866120 565301.4 23
1718207876143 565301.4 24
1718207886162 565301.4 25
1718207896175 565301.4 26
1718207906190 565301.4 27
1718207916223 565301.4 28
1718207926242 565301.4 29
1718207936263 565301.4 30
1718207946283 565301.4 31
1718207956302 565301.4 32
1718207966321 565301.4 33
1718207976340 565301.4 34
1718207986358 565301.4 35
1718207996406 565301.4 36
1718208006424 565301.4 37
1718208016444 565301.4 38
1718208026470 565301.4 39
1718208036494 565301.4 40
1718208046518 565301.4 41
1718208056537 565301.4 42
1718208066557 565301.4 43
1718208076577 565301.4 44
1718208086596 565301.4 45
1718208096616 565301.4 46
1718208106637 565301.4 47
1718208116687 565301.4 48
1718208126710 565301.4 49
1718208136735 565301.4 50
1718208146761 565301.4 51
1718208156797 565301.4 52
1718208166823 565301.4 53
1718208176849 565301.4 54
1718208186869 565301.4 55
1718208196901 565301.4 56
1718208206927 565301.4 57
1718208216952 565301.4 58
1718208226973 565301.4 59
1718208236993 565301.4 60
1718208247013 565301.4 61
1718208257039 565301.4 62
1718208267067 565301.4 63
1718208277094 565301.4 64
1718208287121 565301.4 65
1718208297152 565301.4 66
1718208307173 565301.4 67
1718208317192 565301.4 68
1718208327209 565301.4 69
1718208337231 565301.4 70
1718208347253 565301.4 71
1718208357275 565301.4 72
1718208367297 565301.4 73
1718208377344 565301.4 74
1718208387363 565301.4 75
1718208397380 565301.4 76
1718208407404 565301.4 77
1718208417421 565301.4 78
1718208427442 565301.4 79
1718208437461 565301.4 80
1718208447482 565301.4 81
1718208457498 565301.4 82
1718208467517 565301.4 83
1718208477537 565301.4 84
1718208487556 565301.4 85
1718208497583 565301.4 86
1718208507612 565301.4 87
1718208517641 565301.4 88
1718208527669 565301.4 89
1718208537697 565301.4 90
1718208547728 565301.4 91
1718208557757 565301.4 92
1718208567777 565301.4 93
1718208577801 565301.4 94
1718208587822 567318.5 95
1718208597848 567318.5 96
1718208607874 567318.5 97
1718208617896 567318.5 98
1718208627925 567318.5 99
1718208637945 567318.5 100
1718208647963 567318.5 101
1718208657986 567318.5 102
1718208668013 567318.5 103
1718208678042 567318.5 104
1718208688071 567318.5 105
1718208698099 567318.5 106
1718208708126 567318.5 107
1718208718149 567318.5 108
1718208728175 567318.5 109
1718208738224 567318.5 110
1718208748250 567318.5 111
1718208758279 567318.5 112
1718208768352 567318.5 113
1718208778431 567318.5 114
1718208788513 567318.5 115
1718208798599 567318.5 116
1718208808677 567318.5 117
1718208818701 567318.5 118
1718208828776 567318.5 119
1718208838851 567318.5 120
1718208848917 567318.5 121
1718208858998 567318.5 122
1718208869079 567318.5 123
1718208879170 567318.5 124
1718208889235 567318.5 125
1718208899266 567318.5 126
1718208909341 567318.5 127
1718208919373 567318.5 128
1718208929399 567318.5 129
1718208939476 567318.5 130
1718208949550 567318.5 131
1718208959620 567318.5 132
1718208969648 567318.5 133
1718208979723 567318.5 134
1718208989796 567318.5 135
1718208999880 567318.5 136
1718209009908 567318.5 137
1718209019948 567318.5 138
1718209030022 567318.5 139
1718209040047 567318.5 140
1718209050125 567318.5 141
1718209060198 567318.5 142
1718209070275 567318.5 143
1718209080359 567318.5 144
1718209090382 567318.5 145
1718209100448 567318.5 146
1718209110485 567318.5 147
1718209120516 567318.5 148
1718209130594 567318.5 149
1718209140657 567318.5 150
1718209150680 567318.5 151
1718209160711 567318.5 152
1718209170783 567318.5 153
1718209180826 567318.5 154
1718209190903 567318.5 155
1718209200937 567318.5 156
1718209211012 567318.5 157
1718209221089 567318.5 158
1718209231170 567318.5 159
1718209241236 567318.5 160
1718209251268 567318.5 161
1718209261361 567318.5 162
1718209271392 567318.5 163
1718209281468 567318.5 164
1718209291543 567318.5 165
1718209301573 567318.5 166
1718209311635 567318.5 167
1718209321703 567318.5 168
1718209331735 567318.5 169
1718209341770 567318.5 170
1718209351847 567318.5 171
1718209361873 567318.5 172
1718209371953 567318.5 173
1718209382017 567318.5 174
1718209392099 567318.5 175
1718209402165 567318.5 176
1718209412188 567318.5 177
1718209422218 567318.5 178
1718209432296 567318.5 179
1718209442375 567318.5 180
1718209452399 567318.5 181
1718209462424 567318.5 182
1718209472501 567318.5 183
1718209482582 567318.5 184
1718209492655 567318.5 185
1718209502679 567318.5 186
1718209512711 567318.5 187
1718209522738 567318.5 188
1718209532762 569335.6 189
1718209542789 569335.6 190
1718209552819 569335.6 191
1718209562844 569335.6 192
1718209572869 569335.6 193
1718209582895 569335.6 194
1718209592921 569335.6 195
1718209602996 569335.6 196
1718209613077 569335.6 197
1718209623160 569335.6 198
1718209633232 569335.6 199
1718209643258 569335.6 200
1718209653292 569335.6 201
1718209663374 569335.6 202
1718209673444 569335.6 203
1718209683523 569335.6 204
1718209693599 569335.6 205
1718209703674 569335.6 206
1718209713702 569335.6 207
1718209723771 569335.6 208
1718209733838 569335.6 209
1718209743864 569335.6 210
1718209753946 569335.6 211
1718209764021 569335.6 212
1718209774093 569335.6 213
1718209784168 569335.6 214
1718209794234 569335.6 215
1718209804314 569335.6 216
1718209814395 569335.6 217
1718209824469 569335.6 218
1718209834493 569335.6 219
1718209844565 569335.6 220
1718209854588 569335.6 221
1718209864657 569335.6 222
1718209874731 569335.6 223
1718209884805 569335.6 224
1718209894894 569335.6 225
1718209904932 569335.6 226
1718209914999 569335.6 227
1718209925074 569335.6 228
1718209935095 569335.6 229
1718209945158 569335.6 230
1718209955236 569335.6 231
1718209965305 569335.6 232
1718209975384 569335.6 233
1718209985452 569335.6 234
1718209995523 569335.6 235
1718210005546 569335.6 236
1718210015619 569335.6 237
1718210025644 569335.6 238
1718210035713 569335.6 239
1718210045798 569335.6 240
1718210055869 569335.6 241
1718210065935 569335.6 242
1718210075997 569335.6 243
1718210086020 569335.6 244
1718210096044 569335.6 245
1718210106117 569335.6 246
1718210116144 569335.6 247
1718210126170 569335.6 248
1718210136242 569335.6 249
1718210146325 569335.6 250
1718210156351 569335.6 251
1718210166422 569335.6 252
1718210176493 569335.6 253
1718210186560 569335.6 254
1718210196626 569335.6 255
1718210206690 569335.6 256
1718210216731 569335.6 257
1718210226797 569335.6 258
1718210236826 569335.6 259
1718210246897 569335.6 260
1718210256973 569335.6 261
1718210267040 569335.6 262
1718210277111 569335.6 263
1718210287179 569335.6 264
1718210297207 569335.6 265
1718210307276 569335.6 266
1718210317349 569335.6 267
1718210327421 569335.6 268
1718210337486 569335.6 269
1718210347560 569335.6 270
1718210357590 569335.6 271
1718210367658 569335.6 272
1718210377727 569335.6 273
1718210387808 569335.6 274
1718210397833 569335.6 275
1718210407924 569335.6 276
1718210417994 569335.6 277
1718210428019 569335.6 278
1718210438093 569335.6 279
1718210448167 569335.6 280
1718210458241 569335.6 281
1718210468325 569335.6 282
1718210478353 571352.7 283
1718210488382 571352.7 284
1718210498422 571352.7 285
1718210508447 571352.7 286
1718210518480 571352.7 287
1718210528539 571352.7 288
1718210538567 571352.7 289
1718210548592 571352.7 290
1718210558663 571352.7 291
1718210568686 571352.7 292
1718210578758 571352.7 293
1718210588828 571352.7 294
1718210598903 571352.7 295
1718210608925 571352.7 296
1718210619000 571352.7 297
1718210629074 571352.7 298
1718210639103 571352.7 299
1718210649176 571352.7 300
1718210659204 571352.7 301
1718210669233 571352.7 302
1718210679303 571352.7 303
1718210689340 571352.7 304
1718210699367 571352.7 305
1718210709390 571352.7 306
1718210719419 571372.3 307
1718210729449 571384.9 308
1718210739483 571365.7 309
1718210749519 571365.7 310
1718210759636 571377.1 311
1718210769667 571399.5 312
1718210779696 571391.8 313
1718210789718 571426.6 314
1718210799756 571460.3 315
1718210809802 571477.7 316
1718210819832 571375.4 317
1718210829863 571389.6 318
1718210839893 571368.5 319
1718210849931 571372.6 320
1718210859965 571372.4 321
1718210870005 571375.2 322
1718210880042 571397.8 323
1718210890077 571394.4 324
1718210900114 571417.2 325
1718210910153 571367.7 326
1718210920238 571367.7 327
1718210930323 571367.7 328
1718210940388 571367.7 329
1718210950481 571367.7 330
1718210960571 571367.7 331
1718210970627 571367.7 332
1718210980666 571367.7 333
1718210990744 571367.7 334
1718211000824 571367.7 335
1718211010910 571367.7 336
1718211020996 571367.7 337
1718211031078 571367.7 338
1718211041116 571367.7 339
1718211051188 571367.7 340
1718211061216 571367.7 341
1718211071244 571367.7 342
1718211081318 571367.7 343
1718211091401 571367.7 344
1718211101490 571367.7 345
1718211111572 571367.7 346
1718211121660 571367.7 347
1718211131744 571367.7 348
1718211141791 571367.7 349
1718211151894 571367.7 350
1718211161936 571367.7 351
1718211172019 571367.8 352
1718211182057 571367.7 353
1718211192102 571367.7 354
1718211202189 571367.7 355
1718211212267 571367.7 356
1718211222347 571367.7 357
1718211232434 571367.7 358
1718211242515 571367.7 359
1718211252595 571367.7 360
1718211262627 571367.8 361
1718211272721 571367.8 362
1718211282763 571367.8 363
1718211292801 571367.8 364
1718211302839 571367.8 365
1718211312919 571367.8 366
1718211323003 571367.8 367
1718211333093 571367.8 368
1718211343131 571367.8 369
1718211353160 571367.8 370
1718211363239 571367.8 371
1718211373278 571367.8 372
1718211383362 571367.8 373
1718211393450 571367.8 374
1718211403491 571367.8 375
1718211413527 571367.8 376
1718211423563 573384.8 377
1718211433595 573384.8 378
1718211443630 573384.8 379
1718211453673 573384.8 380
1718211463710 573384.8 381
1718211473743 573384.8 382
1718211483777 573384.8 383
1718211493806 573384.8 384
1718211503886 573384.8 385
1718211513927 573384.8 386
1718211523960 573384.8 387
