1718207635556 10.0 0
1718207645574 95.0 1
1718207655592 88.0 2
1718207665614 97.0 3
1718207675633 90.0 4
1718207685653 95.0 5
1718207695671 95.0 6
1718207705690 75.0 7
1718207715708 97.0 8
1718207725768 95.0 9
1718207735786 96.0 10
1718207745804 97.0 11
1718207755878 85.0 12
1718207765894 96.0 13
1718207775914 96.0 14
1718207785933 90.0 15
1718207795952 97.0 16
1718207805971 97.0 17
1718207815990 92.0 18
1718207826022 96.0 19
1718207836044 96.0 20
1718207846065 91.0 21
1718207856102 96.0 22
1718207866120 97.0 23
1718207876143 96.0 24
1718207886162 96.0 25
1718207896175 97.0 26
1718207906190 81.0 27
1718207916223 95.0 28
1718207926242 96.0 29
1718207936263 95.0 30
1718207946283 90.0 31
1718207956302 95.0 32
1718207966321 97.0 33
1718207976340 97.0 34
1718207986358 92.0 35
1718207996406 91.0 36
1718208006424 97.0 37
1718208016444 96.0 38
1718208026470 97.0 39
1718208036494 90.0 40
1718208046518 96.0 41
1718208056537 96.0 42
1718208066557 75.0 43
1718208076577 96.0 44
1718208086596 95.0 45
1718208096616 97.0 46
1718208106637 97.0 47
1718208116687 75.0 48
1718208126710 91.0 49
1718208136735 96.0 50
1718208146761 91.0 51
1718208156797 95.0 52
1718208166823 96.0 53
1718208176849 97.0 54
1718208186869 91.0 55
1718208196901 96.0 56
1718208206927 95.0 57
1718208216952 96.0 58
1718208226973 85.0 59
1718208236993 91.0 60
1718208247013 96.0 61
1718208257039 91.0 62
1718208267067 97.0 63
1718208277094 97.0 64
1718208287121 91.0 65
1718208297152 94.0 66
1718208307173 95.0 67
1718208317192 96.0 68
1718208327209 84.0 69
1718208337231 91.0 70
1718208347253 91.0 71
1718208357275 92.0 72
1718208367297 96.0 73
1718208377344 97.0 74
1718208387363 97.0 75
1718208397380 97.0 76
1718208407404 96.0 77
1718208417421 96.0 78
1718208427442 97.0 79
1718208437461 96.0 80
1718208447482 97.0 81
1718208457498 96.0 82
1718208467517 96.0 83
1718208477537 96.0 84
1718208487556 95.0 85
1718208497583 97.0 86
1718208507612 96.0 87
1718208517641 96.0 88
1718208527669 98.0 89
1718208537697 97.0 90
1718208547728 97.0 91
1718208557757 96.0 92
1718208567777 97.0 93
1718208577801 97.0 94
1718208587822 98.0 95
1718208597848 82.0 96
1718208607874 97.0 97
1718208617896 95.0 98
1718208627925 92.0 99
1718208637945 93.0 100
1718208647963 96.0 101
1718208657986 76.0 102
1718208668013 90.0 103
1718208678042 89.0 104
1718208688071 96.0 105
1718208698099 96.0 106
1718208708126 91.0 107
1718208718149 95.0 108
1718208728175 91.0 109
1718208738224 96.0 110
1718208748250 92.0 111
1718208758279 97.0 112
1718208768352 97.0 113
1718208778431 96.0 114
1718208788513 90.0 115
1718208798599 95.0 116
1718208808677 96.0 117
1718208818701 95.0 118
1718208828776 95.0 119
1718208838851 89.0 120
1718208848917 95.0 121
1718208858998 87.0 122
1718208869079 95.0 123
1718208879170 90.0 124
1718208889235 88.0 125
1718208899266 95.0 126
1718208909341 84.0 127
1718208919373 91.0 128
1718208929399 96.0 129
1718208939476 93.0 130
1718208949550 81.0 131
1718208959620 84.0 132
1718208969648 96.0 133
1718208979723 97.0 134
1718208989796 97.0 135
1718208999880 84.0 136
1718209009908 97.0 137
1718209019948 91.0 138
1718209030022 92.0 139
1718209040047 90.0 140
1718209050125 93.0 141
1718209060198 92.0 142
1718209070275 97.0 143
1718209080359 89.0 144
1718209090382 93.0 145
1718209100448 95.0 146
1718209110485 97.0 147
1718209120516 95.0 148
1718209130594 90.0 149
1718209140657 94.0 150
1718209150680 96.0 151
1718209160711 91.0 152
1718209170783 91.0 153
1718209180826 91.0 154
1718209190903 97.0 155
1718209200937 96.0 156
1718209211012 89.0 157
1718209221089 94.0 158
1718209231170 96.0 159
1718209241236 75.0 160
1718209251268 91.0 161
1718209261361 95.0 162
1718209271392 97.0 163
1718209281468 97.0 164
1718209291543 97.0 165
1718209301573 95.0 166
1718209311635 94.0 167
1718209321703 96.0 168
1718209331735 97.0 169
1718209341770 97.0 170
1718209351847 97.0 171
1718209361873 97.0 172
1718209371953 97.0 173
1718209382017 97.0 174
1718209392099 97.0 175
1718209402165 96.0 176
1718209412188 96.0 177
1718209422218 96.0 178
1718209432296 97.0 179
1718209442375 93.0 180
1718209452399 97.0 181
1718209462424 97.0 182
1718209472501 97.0 183
1718209482582 96.0 184
1718209492655 96.0 185
1718209502679 97.0 186
1718209512711 97.0 187
1718209522738 96.0 188
1718209532762 91.0 189
1718209542789 96.0 190
1718209552819 90.0 191
1718209562844 96.0 192
1718209572869 76.0 193
1718209582895 97.0 194
1718209592921 97.0 195
1718209602996 90.0 196
1718209613077 91.0 197
1718209623160 72.0 198
1718209633232 95.0 199
1718209643258 95.0 200
1718209653292 91.0 201
1718209663374 95.0 202
1718209673444 96.0 203
1718209683523 91.0 204
1718209693599 91.0 205
1718209703674 96.0 206
1718209713702 95.0 207
1718209723771 74.0 208
1718209733838 91.0 209
1718209743864 90.0 210
1718209753946 96.0 211
1718209764021 76.0 212
1718209774093 91.0 213
1718209784168 96.0 214
1718209794234 96.0 215
1718209804314 92.0 216
1718209814395 75.0 217
1718209824469 96.0 218
1718209834493 95.0 219
1718209844565 95.0 220
1718209854588 91.0 221
1718209864657 89.0 222
1718209874731 97.0 223
1718209884805 91.0 224
1718209894894 96.0 225
1718209904932 91.0 226
1718209914999 97.0 227
1718209925074 92.0 228
1718209935095 91.0 229
1718209945158 96.0 230
1718209955236 98.0 231
1718209965305 97.0 232
1718209975384 91.0 233
1718209985452 92.0 234
1718209995523 91.0 235
1718210005546 75.0 236
1718210015619 90.0 237
1718210025644 89.0 238
1718210035713 96.0 239
1718210045798 89.0 240
1718210055869 88.0 241
1718210065935 92.0 242
1718210075997 94.0 243
1718210086020 96.0 244
1718210096044 91.0 245
1718210106117 82.0 246
1718210116144 97.0 247
1718210126170 96.0 248
1718210136242 96.0 249
1718210146325 96.0 250
1718210156351 97.0 251
1718210166422 91.0 252
1718210176493 96.0 253
1718210186560 97.0 254
1718210196626 90.0 255
1718210206690 80.0 256
1718210216731 97.0 257
1718210226797 96.0 258
1718210236826 96.0 259
1718210246897 75.0 260
1718210256973 97.0 261
1718210267040 97.0 262
1718210277111 96.0 263
1718210287179 97.0 264
1718210297207 97.0 265
1718210307276 97.0 266
1718210317349 95.0 267
1718210327421 96.0 268
1718210337486 97.0 269
1718210347560 97.0 270
1718210357590 96.0 271
1718210367658 97.0 272
1718210377727 97.0 273
1718210387808 96.0 274
1718210397833 96.0 275
1718210407924 97.0 276
1718210417994 95.0 277
1718210428019 97.0 278
1718210438093 96.0 279
1718210448167 97.0 280
1718210458241 98.0 281
1718210468325 97.0 282
1718210478353 97.0 283
1718210488382 97.0 284
1718210498422 97.0 285
1718210508447 94.0 286
1718210518480 95.0 287
1718210528539 93.0 288
1718210538567 69.0 289
1718210548592 97.0 290
1718210558663 97.0 291
1718210568686 97.0 292
1718210578758 97.0 293
1718210588828 79.0 294
1718210598903 95.0 295
1718210608925 91.0 296
1718210619000 95.0 297
1718210629074 95.0 298
1718210639103 97.0 299
1718210649176 92.0 300
1718210659204 94.0 301
1718210669233 96.0 302
1718210679303 95.0 303
1718210689340 97.0 304
1718210699367 90.0 305
1718210709390 95.0 306
1718210719419 83.0 307
1718210729449 84.0 308
1718210739483 92.0 309
1718210749519 95.0 310
1718210759636 71.0 311
1718210769667 95.0 312
1718210779696 94.0 313
1718210789718 90.0 314
1718210799756 74.0 315
1718210809802 95.0 316
1718210819832 97.0 317
1718210829863 91.0 318
1718210839893 93.0 319
1718210849931 85.0 320
1718210859965 95.0 321
1718210870005 89.0 322
1718210880042 95.0 323
1718210890077 96.0 324
1718210900114 95.0 325
1718210910153 96.0 326
1718210920238 96.0 327
1718210930323 98.0 328
1718210940388 96.0 329
1718210950481 88.0 330
1718210960571 97.0 331
1718210970627 91.0 332
1718210980666 96.0 333
1718210990744 96.0 334
1718211000824 75.0 335
1718211010910 97.0 336
1718211020996 96.0 337
1718211031078 96.0 338
1718211041116 96.0 339
1718211051188 94.0 340
1718211061216 90.0 341
1718211071244 91.0 342
1718211081318 96.0 343
1718211091401 73.0 344
1718211101490 87.0 345
1718211111572 95.0 346
1718211121660 97.0 347
1718211131744 95.0 348
1718211141791 75.0 349
1718211151894 88.0 350
1718211161936 96.0 351
1718211172019 96.0 352
1718211182057 97.0 353
1718211192102 97.0 354
1718211202189 96.0 355
1718211212267 96.0 356
1718211222347 96.0 357
1718211232434 96.0 358
1718211242515 95.0 359
1718211252595 96.0 360
1718211262627 96.0 361
1718211272721 97.0 362
1718211282763 97.0 363
1718211292801 96.0 364
1718211302839 97.0 365
1718211312919 97.0 366
1718211323003 95.0 367
1718211333093 97.0 368
1718211343131 96.0 369
1718211353160 97.0 370
1718211363239 96.0 371
1718211373278 96.0 372
1718211383362 97.0 373
1718211393450 97.0 374
1718211403491 97.0 375
1718211413527 92.0 376
1718211423563 94.0 377
1718211433595 90.0 378
1718211443630 95.0 379
1718211453673 97.0 380
1718211463710 87.0 381
1718211473743 78.0 382
1718211483777 97.0 383
1718211493806 89.0 384
1718211503886 95.0 385
1718211513927 96.0 386
1718211523960 95.0 387
