1718207635556 61.4 0
1718207645574 83.1 1
1718207655592 91.4 2
1718207665614 91.4 3
1718207675633 91.4 4
1718207685653 91.4 5
1718207695671 91.4 6
1718207705690 91.4 7
1718207715708 91.4 8
1718207725768 91.4 9
1718207735786 91.4 10
1718207745804 91.4 11
1718207755878 91.4 12
1718207765894 91.6 13
1718207775914 91.6 14
1718207785933 91.6 15
1718207795952 91.6 16
1718207805971 91.6 17
1718207815990 91.6 18
1718207826022 91.6 19
1718207836044 91.6 20
1718207846065 91.6 21
1718207856102 92.0 22
1718207866120 91.7 23
1718207876143 91.7 24
1718207886162 91.7 25
1718207896175 91.7 26
1718207906190 91.7 27
1718207916223 91.7 28
1718207926242 91.7 29
1718207936263 91.7 30
1718207946283 91.7 31
1718207956302 91.7 32
1718207966321 91.7 33
1718207976340 91.7 34
1718207986358 91.7 35
1718207996406 91.6 36
1718208006424 91.6 37
1718208016444 91.6 38
1718208026470 91.6 39
1718208036494 91.6 40
1718208046518 91.6 41
1718208056537 91.6 42
1718208066557 91.6 43
1718208076577 91.6 44
1718208086596 91.6 45
1718208096616 91.6 46
1718208106637 91.6 47
1718208116687 91.6 48
1718208126710 91.6 49
1718208136735 91.6 50
1718208146761 91.6 51
1718208156797 91.6 52
1718208166823 91.6 53
1718208176849 91.6 54
1718208186869 91.6 55
1718208196901 91.6 56
1718208206927 91.6 57
1718208216952 91.6 58
1718208226973 91.6 59
1718208236993 91.6 60
1718208247013 91.6 61
1718208257039 91.6 62
1718208267067 91.6 63
1718208277094 91.6 64
1718208287121 91.6 65
1718208297152 91.6 66
1718208307173 91.6 67
1718208317192 91.6 68
1718208327209 91.6 69
1718208337231 91.6 70
1718208347253 91.6 71
1718208357275 91.6 72
1718208367297 91.6 73
1718208377344 91.6 74
1718208387363 91.6 75
1718208397380 91.6 76
1718208407404 91.6 77
1718208417421 91.6 78
1718208427442 91.6 79
1718208437461 91.6 80
1718208447482 91.6 81
1718208457498 91.6 82
1718208467517 91.6 83
1718208477537 91.6 84
1718208487556 91.6 85
1718208497583 91.6 86
1718208507612 91.6 87
1718208517641 91.6 88
1718208527669 91.6 89
1718208537697 91.6 90
1718208547728 91.6 91
1718208557757 91.6 92
1718208567777 91.6 93
1718208577801 91.6 94
1718208587822 91.8 95
1718208597848 91.6 96
1718208607874 91.6 97
1718208617896 91.6 98
1718208627925 91.6 99
1718208637945 91.6 100
1718208647963 91.6 101
1718208657986 91.6 102
1718208668013 91.6 103
1718208678042 91.6 104
1718208688071 91.6 105
1718208698099 91.6 106
1718208708126 91.6 107
1718208718149 91.6 108
1718208728175 91.6 109
1718208738224 91.6 110
1718208748250 91.6 111
1718208758279 91.6 112
1718208768352 91.6 113
1718208778431 91.6 114
1718208788513 91.6 115
1718208798599 91.6 116
1718208808677 91.6 117
1718208818701 91.6 118
1718208828776 91.6 119
1718208838851 91.6 120
1718208848917 91.6 121
1718208858998 91.6 122
1718208869079 91.6 123
1718208879170 91.6 124
1718208889235 91.6 125
1718208899266 91.6 126
1718208909341 91.6 127
1718208919373 91.6 128
1718208929399 91.6 129
1718208939476 91.6 130
1718208949550 91.6 131
1718208959620 91.6 132
1718208969648 91.6 133
1718208979723 91.6 134
1718208989796 91.6 135
1718208999880 91.6 136
1718209009908 91.6 137
1718209019948 91.6 138
1718209030022 91.6 139
1718209040047 91.6 140
1718209050125 91.6 141
1718209060198 91.6 142
1718209070275 91.6 143
1718209080359 91.6 144
1718209090382 91.6 145
1718209100448 91.6 146
1718209110485 91.6 147
1718209120516 91.6 148
1718209130594 91.6 149
1718209140657 91.6 150
1718209150680 91.6 151
1718209160711 91.9 152
1718209170783 91.8 153
1718209180826 91.8 154
1718209190903 91.8 155
1718209200937 91.7 156
1718209211012 91.7 157
1718209221089 91.7 158
1718209231170 91.7 159
1718209241236 91.7 160
1718209251268 91.7 161
1718209261361 91.7 162
1718209271392 91.7 163
1718209281468 91.7 164
1718209291543 91.7 165
1718209301573 91.7 166
1718209311635 91.7 167
1718209321703 91.7 168
1718209331735 91.7 169
1718209341770 91.7 170
1718209351847 91.7 171
1718209361873 91.7 172
1718209371953 91.7 173
1718209382017 91.7 174
1718209392099 91.7 175
1718209402165 91.7 176
1718209412188 91.7 177
1718209422218 91.7 178
1718209432296 91.7 179
1718209442375 91.7 180
1718209452399 91.7 181
1718209462424 91.7 182
1718209472501 91.7 183
1718209482582 91.7 184
1718209492655 91.7 185
1718209502679 91.7 186
1718209512711 91.7 187
1718209522738 91.7 188
1718209532762 91.7 189
1718209542789 91.7 190
1718209552819 91.7 191
1718209562844 91.7 192
1718209572869 91.7 193
1718209582895 91.7 194
1718209592921 91.7 195
1718209602996 91.7 196
1718209613077 91.7 197
1718209623160 91.7 198
1718209633232 91.7 199
1718209643258 91.6 200
1718209653292 91.6 201
1718209663374 91.6 202
1718209673444 91.6 203
1718209683523 91.6 204
1718209693599 91.6 205
1718209703674 91.6 206
1718209713702 91.6 207
1718209723771 91.6 208
1718209733838 91.6 209
1718209743864 91.6 210
1718209753946 91.6 211
1718209764021 91.6 212
1718209774093 91.6 213
1718209784168 91.6 214
1718209794234 91.6 215
1718209804314 91.6 216
1718209814395 91.6 217
1718209824469 91.6 218
1718209834493 91.6 219
1718209844565 91.6 220
1718209854588 91.6 221
1718209864657 91.6 222
1718209874731 91.6 223
1718209884805 91.6 224
1718209894894 91.6 225
1718209904932 91.6 226
1718209914999 91.6 227
1718209925074 91.6 228
1718209935095 91.6 229
1718209945158 91.6 230
1718209955236 91.6 231
1718209965305 91.6 232
1718209975384 91.6 233
1718209985452 91.6 234
1718209995523 91.6 235
1718210005546 91.6 236
1718210015619 91.6 237
1718210025644 91.6 238
1718210035713 91.6 239
1718210045798 91.6 240
1718210055869 91.6 241
1718210065935 91.6 242
1718210075997 91.6 243
1718210086020 91.6 244
1718210096044 91.6 245
1718210106117 91.6 246
1718210116144 91.6 247
1718210126170 91.6 248
1718210136242 91.6 249
1718210146325 91.6 250
1718210156351 91.6 251
1718210166422 91.6 252
1718210176493 91.6 253
1718210186560 91.6 254
1718210196626 91.6 255
1718210206690 91.6 256
1718210216731 91.6 257
1718210226797 91.6 258
1718210236826 91.6 259
1718210246897 91.6 260
1718210256973 91.6 261
1718210267040 91.6 262
1718210277111 91.6 263
1718210287179 91.6 264
1718210297207 91.6 265
1718210307276 91.6 266
1718210317349 91.6 267
1718210327421 91.6 268
1718210337486 91.6 269
1718210347560 91.6 270
1718210357590 91.6 271
1718210367658 91.6 272
1718210377727 91.6 273
1718210387808 91.6 274
1718210397833 91.6 275
1718210407924 91.6 276
1718210417994 91.6 277
1718210428019 91.6 278
1718210438093 91.6 279
1718210448167 91.6 280
1718210458241 91.6 281
1718210468325 91.6 282
1718210478353 91.6 283
1718210488382 91.6 284
1718210498422 91.6 285
1718210508447 91.6 286
1718210518480 91.6 287
1718210528539 91.6 288
1718210538567 91.6 289
1718210548592 91.6 290
1718210558663 91.6 291
1718210568686 91.6 292
1718210578758 91.6 293
1718210588828 91.6 294
1718210598903 91.6 295
1718210608925 91.6 296
1718210619000 91.6 297
1718210629074 91.6 298
1718210639103 91.6 299
1718210649176 91.6 300
1718210659204 91.6 301
1718210669233 91.6 302
1718210679303 91.6 303
1718210689340 91.6 304
1718210699367 91.8 305
1718210709390 92.2 306
1718210719419 93.2 307
1718210729449 93.7 308
1718210739483 93.6 309
1718210749519 93.0 310
1718210759636 92.9 311
1718210769667 93.7 312
1718210779696 93.2 313
1718210789718 92.9 314
1718210799756 93.0 315
1718210809802 93.0 316
1718210819832 92.4 317
1718210829863 93.5 318
1718210839893 93.1 319
1718210849931 92.9 320
1718210859965 92.7 321
1718210870005 93.0 322
1718210880042 92.8 323
1718210890077 92.7 324
1718210900114 93.0 325
1718210910153 92.1 326
1718210920238 91.8 327
1718210930323 91.8 328
1718210940388 91.8 329
1718210950481 91.8 330
1718210960571 91.8 331
1718210970627 91.8 332
1718210980666 91.8 333
1718210990744 91.8 334
1718211000824 91.8 335
1718211010910 91.8 336
1718211020996 91.8 337
1718211031078 91.8 338
1718211041116 91.8 339
1718211051188 91.8 340
1718211061216 91.8 341
1718211071244 91.8 342
1718211081318 91.8 343
1718211091401 91.8 344
1718211101490 91.8 345
1718211111572 91.8 346
1718211121660 91.8 347
1718211131744 91.8 348
1718211141791 91.7 349
1718211151894 91.7 350
1718211161936 91.8 351
1718211172019 91.7 352
1718211182057 91.7 353
1718211192102 91.7 354
1718211202189 91.7 355
1718211212267 91.7 356
1718211222347 91.7 357
1718211232434 91.7 358
1718211242515 91.7 359
1718211252595 91.7 360
1718211262627 91.7 361
1718211272721 91.7 362
1718211282763 91.7 363
1718211292801 91.6 364
1718211302839 91.6 365
1718211312919 91.6 366
1718211323003 91.6 367
1718211333093 91.6 368
1718211343131 91.6 369
1718211353160 91.6 370
1718211363239 91.6 371
1718211373278 91.6 372
1718211383362 91.6 373
1718211393450 91.6 374
1718211403491 91.6 375
1718211413527 91.6 376
1718211423563 91.6 377
1718211433595 91.6 378
1718211443630 91.6 379
1718211453673 91.6 380
1718211463710 91.6 381
1718211473743 91.6 382
1718211483777 91.6 383
1718211493806 91.6 384
1718211503886 91.6 385
1718211513927 91.6 386
1718211523960 91.6 387
