1718207635556 7912.1 0
1718207645574 10709.6 1
1718207655592 11777.0 2
1718207665614 11777.0 3
1718207675633 11777.0 4
1718207685653 11777.0 5
1718207695671 11772.8 6
1718207705690 11772.8 7
1718207715708 11772.8 8
1718207725768 11772.8 9
1718207735786 11772.8 10
1718207745804 11772.8 11
1718207755878 11772.8 12
1718207765894 11800.1 13
1718207775914 11800.1 14
1718207785933 11800.1 15
1718207795952 11800.1 16
1718207805971 11800.1 17
1718207815990 11800.1 18
1718207826022 11800.1 19
1718207836044 11800.1 20
1718207846065 11800.1 21
1718207856102 11852.8 22
1718207866120 11812.5 23
1718207876143 11810.7 24
1718207886162 11810.7 25
1718207896175 11810.7 26
1718207906190 11810.7 27
1718207916223 11810.7 28
1718207926242 11810.7 29
1718207936263 11810.7 30
1718207946283 11810.7 31
1718207956302 11810.7 32
1718207966321 11810.7 33
1718207976340 11810.7 34
1718207986358 11810.7 35
1718207996406 11804.3 36
1718208006424 11804.3 37
1718208016444 11804.3 38
1718208026470 11804.3 39
1718208036494 11804.3 40
1718208046518 11804.3 41
1718208056537 11804.3 42
1718208066557 11804.3 43
1718208076577 11804.3 44
1718208086596 11804.3 45
1718208096616 11804.3 46
1718208106637 11804.3 47
1718208116687 11804.3 48
1718208126710 11804.3 49
1718208136735 11804.3 50
1718208146761 11804.3 51
1718208156797 11804.3 52
1718208166823 11804.3 53
1718208176849 11804.3 54
1718208186869 11804.3 55
1718208196901 11804.3 56
1718208206927 11804.3 57
1718208216952 11804.3 58
1718208226973 11804.3 59
1718208236993 11804.3 60
1718208247013 11804.3 61
1718208257039 11804.3 62
1718208267067 11804.3 63
1718208277094 11804.3 64
1718208287121 11804.3 65
1718208297152 11799.9 66
1718208307173 11799.9 67
1718208317192 11799.9 68
1718208327209 11799.9 69
1718208337231 11799.9 70
1718208347253 11799.9 71
1718208357275 11799.9 72
1718208367297 11802.0 73
1718208377344 11802.0 74
1718208387363 11802.0 75
1718208397380 11802.0 76
1718208407404 11802.0 77
1718208417421 11802.0 78
1718208427442 11802.0 79
1718208437461 11802.0 80
1718208447482 11802.0 81
1718208457498 11802.0 82
1718208467517 11802.0 83
1718208477537 11802.0 84
1718208487556 11802.0 85
1718208497583 11802.0 86
1718208507612 11802.0 87
1718208517641 11802.0 88
1718208527669 11802.0 89
1718208537697 11802.0 90
1718208547728 11802.0 91
1718208557757 11802.0 92
1718208567777 11802.0 93
1718208577801 11802.0 94
1718208587822 11826.8 95
1718208597848 11802.1 96
1718208607874 11802.1 97
1718208617896 11802.1 98
1718208627925 11802.1 99
1718208637945 11802.1 100
1718208647963 11802.1 101
1718208657986 11802.1 102
1718208668013 11802.1 103
1718208678042 11802.1 104
1718208688071 11802.1 105
1718208698099 11802.1 106
1718208708126 11802.1 107
1718208718149 11802.1 108
1718208728175 11802.1 109
1718208738224 11802.1 110
1718208748250 11802.1 111
1718208758279 11802.1 112
1718208768352 11802.1 113
1718208778431 11802.1 114
1718208788513 11802.1 115
1718208798599 11802.1 116
1718208808677 11802.1 117
1718208818701 11802.1 118
1718208828776 11802.1 119
1718208838851 11802.1 120
1718208848917 11802.1 121
1718208858998 11802.1 122
1718208869079 11802.1 123
1718208879170 11802.1 124
1718208889235 11802.1 125
1718208899266 11802.0 126
1718208909341 11802.0 127
1718208919373 11802.0 128
1718208929399 11802.0 129
1718208939476 11802.0 130
1718208949550 11802.0 131
1718208959620 11802.0 132
1718208969648 11802.0 133
1718208979723 11802.0 134
1718208989796 11802.0 135
1718208999880 11802.0 136
1718209009908 11802.0 137
1718209019948 11802.0 138
1718209030022 11802.0 139
1718209040047 11802.0 140
1718209050125 11802.0 141
1718209060198 11802.0 142
1718209070275 11802.0 143
1718209080359 11802.0 144
1718209090382 11802.0 145
1718209100448 11802.0 146
1718209110485 11802.0 147
1718209120516 11802.0 148
1718209130594 11802.0 149
1718209140657 11802.0 150
1718209150680 11802.0 151
1718209160711 11844.5 152
1718209170783 11822.4 153
1718209180826 11822.4 154
1718209190903 11822.4 155
1718209200937 11818.2 156
1718209211012 11818.2 157
1718209221089 11818.2 158
1718209231170 11818.2 159
1718209241236 11818.2 160
1718209251268 11818.2 161
1718209261361 11818.2 162
1718209271392 11818.2 163
1718209281468 11818.2 164
1718209291543 11818.2 165
1718209301573 11818.2 166
1718209311635 11817.4 167
1718209321703 11817.4 168
1718209331735 11817.4 169
1718209341770 11817.4 170
1718209351847 11817.4 171
1718209361873 11817.4 172
1718209371953 11817.4 173
1718209382017 11817.4 174
1718209392099 11817.4 175
1718209402165 11817.4 176
1718209412188 11817.4 177
1718209422218 11817.4 178
1718209432296 11817.4 179
1718209442375 11817.4 180
1718209452399 11817.4 181
1718209462424 11817.8 182
1718209472501 11817.8 183
1718209482582 11817.8 184
1718209492655 11817.8 185
1718209502679 11817.8 186
1718209512711 11817.8 187
1718209522738 11817.8 188
1718209532762 11817.8 189
1718209542789 11817.8 190
1718209552819 11817.8 191
1718209562844 11817.8 192
1718209572869 11817.8 193
1718209582895 11817.8 194
1718209592921 11817.8 195
1718209602996 11817.8 196
1718209613077 11817.8 197
1718209623160 11817.8 198
1718209633232 11817.8 199
1718209643258 11801.5 200
1718209653292 11801.5 201
1718209663374 11801.5 202
1718209673444 11801.5 203
1718209683523 11801.5 204
1718209693599 11801.5 205
1718209703674 11801.5 206
1718209713702 11801.5 207
1718209723771 11801.5 208
1718209733838 11801.5 209
1718209743864 11801.5 210
1718209753946 11801.5 211
1718209764021 11801.5 212
1718209774093 11801.5 213
1718209784168 11801.5 214
1718209794234 11801.5 215
1718209804314 11801.5 216
1718209814395 11801.5 217
1718209824469 11801.5 218
1718209834493 11801.5 219
1718209844565 11801.5 220
1718209854588 11801.5 221
1718209864657 11801.5 222
1718209874731 11801.5 223
1718209884805 11801.5 224
1718209894894 11801.5 225
1718209904932 11801.5 226
1718209914999 11801.5 227
1718209925074 11801.5 228
1718209935095 11801.1 229
1718209945158 11801.1 230
1718209955236 11801.1 231
1718209965305 11801.1 232
1718209975384 11801.1 233
1718209985452 11801.1 234
1718209995523 11801.1 235
1718210005546 11801.1 236
1718210015619 11801.1 237
1718210025644 11801.1 238
1718210035713 11801.1 239
1718210045798 11801.1 240
1718210055869 11801.1 241
1718210065935 11801.1 242
1718210075997 11801.1 243
1718210086020 11801.1 244
1718210096044 11801.1 245
1718210106117 11801.1 246
1718210116144 11801.1 247
1718210126170 11801.1 248
1718210136242 11801.1 249
1718210146325 11801.1 250
1718210156351 11801.1 251
1718210166422 11801.1 252
1718210176493 11801.1 253
1718210186560 11801.1 254
1718210196626 11801.1 255
1718210206690 11801.1 256
1718210216731 11801.1 257
1718210226797 11801.1 258
1718210236826 11801.1 259
1718210246897 11801.1 260
1718210256973 11801.1 261
1718210267040 11801.1 262
1718210277111 11801.1 263
1718210287179 11801.1 264
1718210297207 11801.1 265
1718210307276 11801.1 266
1718210317349 11801.1 267
1718210327421 11801.1 268
1718210337486 11801.1 269
1718210347560 11801.1 270
1718210357590 11801.1 271
1718210367658 11801.1 272
1718210377727 11801.1 273
1718210387808 11801.1 274
1718210397833 11801.1 275
1718210407924 11801.1 276
1718210417994 11801.1 277
1718210428019 11801.1 278
1718210438093 11801.1 279
1718210448167 11801.1 280
1718210458241 11801.1 281
1718210468325 11801.1 282
1718210478353 11801.1 283
1718210488382 11801.1 284
1718210498422 11801.1 285
1718210508447 11801.1 286
1718210518480 11801.1 287
1718210528539 11801.1 288
1718210538567 11801.1 289
1718210548592 11801.1 290
1718210558663 11801.1 291
1718210568686 11801.1 292
1718210578758 11801.1 293
1718210588828 11801.1 294
1718210598903 11801.1 295
1718210608925 11801.1 296
1718210619000 11801.1 297
1718210629074 11801.1 298
1718210639103 11801.1 299
1718210649176 11801.1 300
1718210659204 11801.1 301
1718210669233 11801.1 302
1718210679303 11801.1 303
1718210689340 11801.1 304
1718210699367 11829.1 305
1718210709390 11884.2 306
1718210719419 12008.0 307
1718210729449 12073.6 308
1718210739483 12062.2 309
1718210749519 11989.0 310
1718210759636 11968.1 311
1718210769667 12075.4 312
1718210779696 12010.5 313
1718210789718 11964.3 314
1718210799756 11986.8 315
1718210809802 11984.8 316
1718210819832 11899.7 317
1718210829863 12049.1 318
1718210839893 11995.4 319
1718210849931 11969.7 320
1718210859965 11948.9 321
1718210870005 11981.4 322
1718210880042 11950.8 323
1718210890077 11941.6 324
1718210900114 11988.6 325
1718210910153 11869.2 326
1718210920238 11831.1 327
1718210930323 11831.1 328
1718210940388 11831.1 329
1718210950481 11831.1 330
1718210960571 11831.1 331
1718210970627 11831.1 332
1718210980666 11831.1 333
1718210990744 11831.1 334
1718211000824 11824.8 335
1718211010910 11824.8 336
1718211020996 11824.8 337
1718211031078 11824.8 338
1718211041116 11824.8 339
1718211051188 11824.8 340
1718211061216 11824.8 341
1718211071244 11824.8 342
1718211081318 11824.8 343
1718211091401 11824.8 344
1718211101490 11824.8 345
1718211111572 11824.8 346
1718211121660 11824.8 347
1718211131744 11824.8 348
1718211141791 11813.7 349
1718211151894 11813.7 350
1718211161936 11834.6 351
1718211172019 11813.2 352
1718211182057 11813.2 353
1718211192102 11813.2 354
1718211202189 11813.2 355
1718211212267 11813.2 356
1718211222347 11813.2 357
1718211232434 11813.2 358
1718211242515 11813.2 359
1718211252595 11813.2 360
1718211262627 11813.2 361
1718211272721 11813.2 362
1718211282763 11813.2 363
1718211292801 11805.9 364
1718211302839 11805.9 365
1718211312919 11805.9 366
1718211323003 11805.9 367
1718211333093 11805.9 368
1718211343131 11805.9 369
1718211353160 11805.9 370
1718211363239 11805.9 371
1718211373278 11807.8 372
1718211383362 11807.2 373
1718211393450 11807.2 374
1718211403491 11807.2 375
1718211413527 11807.2 376
1718211423563 11807.3 377
1718211433595 11807.3 378
1718211443630 11805.7 379
1718211453673 11805.7 380
1718211463710 11805.7 381
1718211473743 11805.7 382
1718211483777 11805.7 383
1718211493806 11805.7 384
1718211503886 11805.7 385
1718211513927 11805.7 386
1718211523960 11805.7 387
