1718207635556 0.0 0
1718207645574 0.0 1
1718207655592 0.004270000000019536 2
1718207665614 0.004270000000019536 3
1718207675633 0.004344000000003234 4
1718207685653 0.004344000000003234 5
1718207695671 0.004344000000003234 6
1718207705690 0.004491999999970631 7
1718207715708 0.008675999999979922 8
1718207725768 0.008675999999979922 9
1718207735786 0.008675999999979922 10
1718207745804 0.009720000000015716 11
1718207755878 0.009720000000015716 12
1718207765894 0.009829999999965366 13
1718207775914 0.014013999999974658 14
1718207785933 0.023780999999985397 15
1718207795952 0.024056999999970685 16
1718207805971 0.024056999999970685 17
1718207815990 0.02414299999998093 18
1718207826022 0.02431500000000142 19
1718207836044 0.029291999999998097 20
1718207846065 0.029378000000008342 21
1718207856102 0.029561999999998534 22
1718207866120 0.02962400000001253 23
1718207876143 0.029967999999996664 24
1718207886162 0.029967999999996664 25
1718207896175 0.034152000000005955 26
1718207906190 0.034152000000005955 27
1718207916223 0.03429999999997335 28
1718207926242 0.03437400000001389 29
1718207936263 0.03437400000001389 30
1718207946283 0.03437400000001389 31
1718207956302 0.038643999999976586 32
1718207966321 0.03870599999999058 33
1718207976340 0.03870599999999058 34
1718207986358 0.03870599999999058 35
1718207996406 0.03870599999999058 36
1718208006424 0.03885400000001482 37
1718208016444 0.04303799999996727 38
1718208026470 0.04303799999996727 39
1718208036494 0.04303799999996727 40
1718208046518 0.04408200000000306 41
1718208056537 0.04415599999998676 42
1718208066557 0.04415599999998676 43
1718208076577 0.04932600000000775 44
1718208086596 0.05821800000001076 45
1718208096616 0.058304000000021006 46
1718208106637 0.058304000000021006 47
1718208116687 0.0584519999999884 48
1718208126710 0.05862400000000889 49
1718208136735 0.06362500000000182 50
1718208146761 0.06371100000001206 51
1718208156797 0.06371100000001206 52
1718208166823 0.06379299999997556 53
1718208176849 0.06410099999999375 54
1718208186869 0.06410099999999375 55
1718208196901 0.06828500000000304 56
1718208206927 0.06828500000000304 57
1718208216952 0.06843299999997043 58
1718208226973 0.06843299999997043 59
1718208236993 0.06843299999997043 60
1718208247013 0.06843299999997043 61
1718208257039 0.07270299999998997 62
1718208267067 0.07276500000000397 63
1718208277094 0.07276500000000397 64
1718208287121 0.07276500000000397 65
1718208297152 0.07276500000000397 66
1718208307173 0.0729870000000119 67
1718208317192 0.0771710000000212 68
1718208327209 0.0771710000000212 69
1718208337231 0.11195900000001302 70
1718208347253 0.11308900000000222 71
1718208357275 0.11308900000000222 72
1718208367297 0.11308900000000222 73
1718208377344 0.13252999999997428 74
1718208387363 0.15329900000000407 75
1718208397380 0.15679899999997815 76
1718208407404 0.1577829999999949 77
1718208417421 0.1577829999999949 78
1718208427442 0.1580289999999991 79
1718208437461 0.16294399999998177 80
1718208447482 0.16300599999999577 81
1718208457498 0.16300599999999577 82
1718208467517 0.16300599999999577 83
1718208477537 0.1632399999999734 84
1718208487556 0.1632399999999734 85
1718208497583 0.1674859999999967 86
1718208507612 0.16788600000000997 87
1718208517641 0.16803399999997737 88
1718208527669 0.16803399999997737 89
1718208537697 0.16803399999997737 90
1718208547728 0.16803399999997737 91
1718208557757 0.1723779999999806 92
1718208567777 0.1724399999999946 93
1718208577801 0.1724399999999946 94
1718208587822 0.17546799999996665 95
1718208597848 0.17546799999996665 96
1718208607874 0.1755539999999769 97
1718208617896 0.1797379999999862 98
1718208627925 0.1797379999999862 99
1718208637945 0.1797379999999862 100
1718208647963 0.18078200000002198 101
1718208657986 0.18078200000002198 102
1718208668013 0.18078200000002198 103
1718208678042 0.18948599999998805 104
1718208688071 0.19528600000001006 105
1718208698099 0.1953720000000203 106
1718208708126 0.1953720000000203 107
1718208718149 0.1954579999999737 108
1718208728175 0.1956299999999942 109
1718208738224 0.20060699999999088 110
1718208748250 0.20069300000000112 111
1718208758279 0.20069300000000112 112
1718208768352 0.20069300000000112 113
1718208778431 0.20092699999997876 114
1718208788513 0.20092699999997876 115
1718208798599 0.20511099999998805 116
1718208808677 0.205270999999982 117
1718208818701 0.205332999999996 118
1718208828776 0.20551699999998618 119
1718208838851 0.20551699999998618 120
1718208848917 0.20551699999998618 121
1718208858998 0.20978700000000572 122
1718208869079 0.20984900000001971 123
1718208879170 0.20984900000001971 124
1718208889235 0.20984900000001971 125
1718208899266 0.20984900000001971 126
1718208909341 0.2099969999999871 127
1718208919373 0.2141809999999964 128
1718208929399 0.21460700000000088 129
1718208939476 0.21468099999998458 130
1718208949550 0.21572500000002037 131
1718208959620 0.21572500000002037 132
1718208969648 0.21572500000002037 133
1718208979723 0.2254310000000146 134
1718208989796 0.2300599999999804 135
1718208999880 0.23014599999999064 136
1718209009908 0.23023200000000088 137
1718209019948 0.23023200000000088 138
1718209030022 0.2311109999999985 139
1718209040047 0.2352950000000078 140
1718209050125 0.23538100000001805 141
1718209060198 0.23545500000000175 142
1718209070275 0.235541000000012 143
1718209080359 0.2356889999999794 144
1718209090382 0.2356889999999794 145
1718209100448 0.23987299999998868 146
1718209110485 0.23995899999999892 147
1718209120516 0.24002100000001292 148
1718209130594 0.24002100000001292 149
1718209140657 0.24002100000001292 150
1718209150680 0.24002100000001292 151
1718209160711 0.24905699999999342 152
1718209170783 0.2572829999999726 153
1718209180826 0.25736899999998286 154
1718209190903 0.25744299999996656 155
1718209200937 0.2575909999999908 156
1718209211012 0.2581409999999664 157
1718209221089 0.2623249999999757 158
1718209231170 0.26247299999999996 159
1718209241236 0.27383099999997285 160
1718209251268 0.2739169999999831 161
1718209261361 0.2740890000000036 162
1718209271392 0.2740890000000036 163
1718209281468 0.27827300000001287 164
1718209291543 0.2785910000000058 165
1718209301573 0.2786530000000198 166
1718209311635 0.2786530000000198 167
1718209321703 0.2787270000000035 168
1718209331735 0.27937199999996665 169
1718209341770 0.2836419999999862 170
1718209351847 0.2836419999999862 171
1718209361873 0.2836419999999862 172
1718209371953 0.2836419999999862 173
1718209382017 0.2837279999999964 174
1718209392099 0.2837900000000104 175
1718209402165 0.28803599999997687 176
1718209412188 0.28803599999997687 177
1718209422218 0.28803599999997687 178
1718209432296 0.2881840000000011 179
1718209442375 0.2882579999999848 180
1718209452399 0.2882579999999848 181
1718209462424 0.29678599999999733 182
1718209472501 0.30201099999999315 183
1718209482582 0.3020970000000034 184
1718209492655 0.3020970000000034 185
1718209502679 0.3022449999999708 186
1718209512711 0.3024169999999913 187
1718209522738 0.30660100000000057 188
1718209532762 0.3098009999999931 189
1718209542789 0.31069700000000466 190
1718209552819 0.3107830000000149 191
1718209562844 0.31465700000001107 192
1718209572869 0.31473099999999476 193
1718209582895 0.31891500000000406 194
1718209592921 0.319232999999997 195
1718209602996 0.319295000000011 196
1718209613077 0.31938100000002123 197
1718209623160 0.31938100000002123 198
1718209633232 0.3200259999999844 199
1718209643258 0.3242960000000039 200
1718209653292 0.32438200000001416 201
1718209663374 0.32438200000001416 202
1718209673444 0.32438200000001416 203
1718209683523 0.32446799999996756 204
1718209693599 0.32460399999996525 205
1718209703674 0.3288739999999848 206
1718209713702 0.3288739999999848 207
1718209723771 0.3288739999999848 208
1718209733838 0.32902200000000903 209
1718209743864 0.32954999999998336 210
1718209753946 0.32954999999998336 211
1718209764021 0.3432099999999991 212
1718209774093 0.34384299999999257 213
1718209784168 0.3439290000000028 214
1718209794234 0.34401500000001306 215
1718209804314 0.34401500000001306 216
1718209814395 0.3444329999999809 217
1718209824469 0.34870300000000043 218
1718209834493 0.34870300000000043 219
1718209844565 0.349599000000012 220
1718209854588 0.3496849999999654 221
1718209864657 0.3498329999999896 222
1718209874731 0.356269999999995 223
1718209884805 0.37254000000001497 224
1718209894894 0.38643600000000333 225
1718209904932 0.38754799999998113 226
1718209914999 0.3881139999999732 227
1718209925074 0.3883660000000191 228
1718209935095 0.38901099999998223 229
1718209945158 0.3935210000000211 230
1718209955236 0.3935210000000211 231
1718209965305 0.3935210000000211 232
1718209975384 0.3938349999999673 233
1718209985452 0.39392099999997754 234
1718209995523 0.39392099999997754 235
1718210005546 0.39810499999998683 236
1718210015619 0.39859100000001035 237
1718210025644 0.39859100000001035 238
1718210035713 0.39873899999997775 239
1718210045798 0.39873899999997775 240
1718210055869 0.39873899999997775 241
1718210065935 0.4125760000000014 242
1718210075997 0.41280899999998155 243
1718210086020 0.4128949999999918 244
1718210096044 0.41298100000000204 245
1718210106117 0.41298100000000204 246
1718210116144 0.4152710000000184 247
1718210126170 0.4174849999999992 248
1718210136242 0.4544309999999996 249
1718210146325 0.45547499999997854 250
1718210156351 0.455646999999999 251
1718210166422 0.455646999999999 252
1718210176493 0.4577029999999809 253
1718210186560 0.45994699999999966 254
1718210196626 0.46022299999998495 255
1718210206690 0.46028499999999894 256
1718210216731 0.46028499999999894 257
1718210226797 0.46028499999999894 258
1718210236826 0.4629860000000008 259
1718210246897 0.46519999999998163 260
1718210256973 0.46519999999998163 261
1718210267040 0.46519999999998163 262
1718210277111 0.46519999999998163 263
1718210287179 0.4652859999999919 264
1718210297207 0.46953200000001516 265
1718210307276 0.4695939999999723 266
1718210317349 0.4695939999999723 267
1718210327421 0.46966800000001285 268
1718210337486 0.46981599999998025 269
1718210347560 0.46981599999998025 270
1718210357590 0.47399999999998954 271
1718210367658 0.4838330000000042 272
1718210377727 0.4840049999999678 273
1718210387808 0.4840049999999678 274
1718210397833 0.48409099999997807 275
1718210407924 0.4841769999999883 276
1718210417994 0.48850900000002184 277
1718210428019 0.48859499999997524 278
1718210438093 0.48859499999997524 279
1718210448167 0.4895649999999705 280
1718210458241 0.489799000000005 281
1718210468325 0.489799000000005 282
1718210478353 0.4970109999999863 283
1718210488382 0.497242999999969 284
1718210498422 0.49742700000001605 285
1718210508447 0.49742700000001605 286
1718210518480 0.49742700000001605 287
1718210528539 0.49742700000001605 288
1718210538567 0.5022559999999885 289
1718210548592 0.5023419999999987 290
1718210558663 0.5023419999999987 291
1718210568686 0.5024159999999824 292
1718210578758 0.5024159999999824 293
1718210588828 0.5025019999999927 294
1718210598903 0.506748000000016 295
1718210608925 0.506748000000016 296
1718210619000 0.506748000000016 297
1718210629074 0.5068339999999694 298
1718210639103 0.5068339999999694 299
1718210649176 0.5068339999999694 300
1718210659204 0.5110179999999787 301
1718210669233 0.5228000000000179 302
1718210679303 0.5229719999999816 303
1718210689340 0.5229719999999816 304
1718210699367 0.5231319999999755 305
1718210709390 0.531659999999988 306
1718210719419 1.8831519999999955 307
1718210729449 6.229139999999973 308
1718210739483 6.898538999999971 309
1718210749519 7.230344000000002 310
1718210759636 7.611467000000005 311
1718210769667 7.666326999999967 312
1718210779696 7.976296999999988 313
1718210789718 8.13542000000001 314
1718210799756 8.698595000000012 315
1718210809802 9.186554000000001 316
1718210819832 9.424232000000018 317
1718210829863 10.07901800000002 318
1718210839893 11.452918000000011 319
1718210849931 12.101365999999985 320
1718210859965 12.140467000000001 321
1718210870005 12.146890999999982 322
1718210880042 12.15957400000002 323
1718210890077 12.32390399999997 324
1718210900114 12.602663000000007 325
1718210910153 12.655779999999993 326
1718210920238 12.658409000000006 327
1718210930323 12.658409000000006 328
1718210940388 12.658409000000006 329
1718210950481 12.65848299999999 330
1718210960571 12.66283900000002 331
1718210970627 12.66283900000002 332
1718210980666 12.66283900000002 333
1718210990744 12.662984999999992 334
1718211000824 12.663071000000002 335
1718211010910 12.66321899999997 336
1718211020996 12.667402999999979 337
1718211031078 12.667402999999979 338
1718211041116 12.678424000000007 339
1718211051188 12.678424000000007 340
1718211061216 12.678424000000007 341
1718211071244 12.67849799999999 342
1718211081318 12.682682 343
1718211091401 12.683062000000007 344
1718211101490 12.683062000000007 345
1718211111572 12.683062000000007 346
1718211121660 12.683062000000007 347
1718211131744 12.68379299999998 348
1718211141791 12.688039000000003 349
1718211151894 12.688039000000003 350
1718211161936 12.688039000000003 351
1718211172019 12.688039000000003 352
1718211182057 12.68818699999997 353
1718211192102 12.68818699999997 354
1718211202189 12.692432999999994 355
1718211212267 12.700683999999967 356
1718211222347 12.704125999999974 357
1718211232434 12.704211999999984 358
1718211242515 12.704297999999994 359
1718211252595 12.704360000000008 360
1718211262627 12.708801999999991 361
1718211272721 12.708801999999991 362
1718211282763 12.708950000000016 363
1718211292801 12.708950000000016 364
1718211302839 12.70903599999997 365
1718211312919 12.709270000000004 366
1718211323003 12.713454000000013 367
1718211333093 12.713527999999997 368
1718211343131 12.714510000000018 369
1718211353160 12.714571999999976 370
1718211363239 12.714571999999976 371
1718211373278 12.72630399999997 372
1718211383362 12.742412000000002 373
1718211393450 12.756427999999971 374
1718211403491 12.757011999999975 375
1718211413527 12.75821000000002 376
1718211423563 12.76148999999998 377
1718211433595 12.76238699999999 378
1718211443630 12.766822999999988 379
1718211453673 12.766896999999972 380
1718211463710 12.766896999999972 381
1718211473743 12.767149000000018 382
1718211483777 12.767210999999975 383
1718211493806 12.767210999999975 384
1718211503886 12.771394999999984 385
1718211513927 12.781228999999996 386
1718211523960 12.782570000000021 387
