1718207635556 0.0 0
1718207645574 0.00010300000030838419 1
1718207655592 0.004347000000052503 2
1718207665614 0.004347000000052503 3
1718207675633 0.00444700000116427 4
1718207685653 0.00444700000116427 5
1718207695671 0.00444700000116427 6
1718207705690 0.0045070000014675315 7
1718207715708 0.00875100000121165 8
1718207725768 0.00875100000121165 9
1718207735786 0.00875100000121165 10
1718207745804 0.009839000000283704 11
1718207755878 0.0107110000008106 12
1718207765894 0.010801000000355998 13
1718207775914 0.015148000000408501 14
1718207785933 0.03367400000024645 15
1718207795952 0.03409600000122737 16
1718207805971 0.034551000000647036 17
1718207815990 0.034551000000647036 18
1718207826022 0.034786000000167405 19
1718207836044 0.04025500000170723 20
1718207846065 0.04025500000170723 21
1718207856102 0.040477000000464614 22
1718207866120 0.04098100000010163 23
1718207876143 0.0417570000008709 24
1718207886162 0.0417570000008709 25
1718207896175 0.046044000000620144 26
1718207906190 0.046104000000923406 27
1718207916223 0.046230000001742155 28
1718207926242 0.04633000000103493 29
1718207936263 0.046390000001338194 30
1718207946283 0.046390000001338194 31
1718207956302 0.05057400000077905 32
1718207966321 0.05063400000108231 33
1718207976340 0.05063400000108231 34
1718207986358 0.050943000000188476 35
1718207996406 0.05100300000049174 36
1718208006424 0.051166000001103384 37
1718208016444 0.05535000000054424 38
1718208026470 0.055453000000852626 39
1718208036494 0.055453000000852626 40
1718208046518 0.05696600000010221 41
1718208056537 0.057367000001249835 42
1718208066557 0.057573000000047614 43
1718208076577 0.06281100000160222 44
1718208086596 0.08042700000078185 45
1718208096616 0.080736000001707 46
1718208106637 0.080736000001707 47
1718208116687 0.08095900000080292 48
1718208126710 0.0810910000000149 49
1718208136735 0.08619700000053854 50
1718208146761 0.08619700000053854 51
1718208156797 0.08630000000084692 52
1718208166823 0.08630000000084692 53
1718208176849 0.0869170000005397 54
1718208186869 0.08764300000075309 55
1718208196901 0.0919900000008056 56
1718208206927 0.09215300000141724 57
1718208216952 0.092279000000417 58
1718208226973 0.09238200000072538 59
1718208236993 0.09238200000072538 60
1718208247013 0.09248500000103377 61
1718208257039 0.09672900000077789 62
1718208267067 0.09689200000138953 63
1718208277094 0.09689200000138953 64
1718208287121 0.09699500000169792 65
1718208297152 0.0970950000009907 66
1718208307173 0.09725800000160234 67
1718208317192 0.10150200000134646 68
1718208327209 0.10160500000165484 69
1718208337231 0.16642200000023877 70
1718208347253 0.16787500000100408 71
1718208357275 0.16793500000130734 72
1718208367297 0.16803800000161573 73
1718208377344 0.2046440000012808 74
1718208387363 0.2182280000015453 75
1718208397380 0.22429100000044855 76
1718208407404 0.22510200000033365 77
1718208417421 0.2251620000006369 78
1718208427442 0.22549700000126904 79
1718208437461 0.23043000000143365 80
1718208447482 0.23083300000143936 81
1718208457498 0.23114200000054552 82
1718208467517 0.23114200000054552 83
1718208477537 0.23170300000128918 84
1718208487556 0.23226700000122946 85
1718208497583 0.23691400000097929 86
1718208507612 0.23729500000081316 87
1718208517641 0.2375240000001213 88
1718208527669 0.2375240000001213 89
1718208537697 0.2376270000004297 90
1718208547728 0.2376270000004297 91
1718208557757 0.2420140000012907 92
1718208567777 0.24207400000159396 93
1718208577801 0.24217700000008335 94
1718208587822 0.25131900000087626 95
1718208597848 0.2514820000014879 96
1718208607874 0.2514820000014879 97
1718208617896 0.25576900000123715 98
1718208627925 0.25576900000123715 99
1718208637945 0.25587200000154553 100
1718208647963 0.2569600000006176 101
1718208657986 0.25712300000122923 102
1718208668013 0.25712300000122923 103
1718208678042 0.2707380000010744 104
1718208688071 0.2802980000014941 105
1718208698099 0.28040099999998347 106
1718208708126 0.28040099999998347 107
1718208718149 0.28050400000029185 108
1718208728175 0.2806960000016261 109
1718208738224 0.2857960000001185 110
1718208748250 0.2857960000001185 111
1718208758279 0.2858990000004269 112
1718208768352 0.2858990000004269 113
1718208778431 0.2861940000002505 114
1718208788513 0.2862540000005538 115
1718208798599 0.29043799999999464 116
1718208808677 0.29066400000010617 117
1718208818701 0.29072400000040943 118
1718208828776 0.2909460000009858 119
1718208838851 0.29100600000128907 120
1718208848917 0.29100600000128907 121
1718208858998 0.29708300000129384 122
1718208869079 0.2971430000015971 123
1718208879170 0.2971430000015971 124
1718208889235 0.2971430000015971 125
1718208899266 0.2971430000015971 126
1718208909341 0.2972030000000814 127
1718208919373 0.3013870000013412 128
1718208929399 0.301487000000634 129
1718208939476 0.301487000000634 130
1718208949550 0.30257500000152504 131
1718208959620 0.30257500000152504 132
1718208969648 0.30257500000152504 133
1718208979723 0.3168370000003051 134
1718208989796 0.3254700000015873 135
1718208999880 0.3254700000015873 136
1718209009908 0.3254700000015873 137
1718209019948 0.3254700000015873 138
1718209030022 0.3264150000013615 139
1718209040047 0.33059900000080233 140
1718209050125 0.33059900000080233 141
1718209060198 0.3306990000000951 142
1718209070275 0.3307650000006106 143
1718209080359 0.33089100000142935 144
1718209090382 0.33089100000142935 145
1718209100448 0.3350750000008702 146
1718209110485 0.33520100000168895 147
1718209120516 0.3352610000001732 148
1718209130594 0.3352610000001732 149
1718209140657 0.3352610000001732 150
1718209150680 0.3352610000001732 151
1718209160711 0.3503130000008241 152
1718209170783 0.3676900000009482 153
1718209180826 0.36785000000054424 154
1718209190903 0.36785000000054424 155
1718209200937 0.3679100000008475 156
1718209211012 0.36817600000176753 157
1718209221089 0.3723600000012084 158
1718209231170 0.37242000000151165 159
1718209241236 0.3943310000013298 160
1718209251268 0.3943970000000263 161
1718209261361 0.3945290000010573 162
1718209271392 0.3945290000010573 163
1718209281468 0.39871300000049814 164
1718209291543 0.3991310000001249 165
1718209301573 0.39925100000073144 166
1718209311635 0.3993510000000242 167
1718209321703 0.3993510000000242 168
1718209331735 0.4001040000002831 169
1718209341770 0.40428800000154297 170
1718209351847 0.40428800000154297 171
1718209361873 0.40434800000002724 172
1718209371953 0.40434800000002724 173
1718209382017 0.40434800000002724 174
1718209392099 0.4044080000003305 175
1718209402165 0.40895200000159093 176
1718209412188 0.40895200000159093 177
1718209422218 0.4090120000000752 178
1718209432296 0.40917200000149023 179
1718209442375 0.40917200000149023 180
1718209452399 0.4095840000009048 181
1718209462424 0.42264800000157265 182
1718209472501 0.43209200000092096 183
1718209482582 0.4335320000009233 184
1718209492655 0.4335320000009233 185
1718209502679 0.4339010000003327 186
1718209512711 0.43409300000166695 187
1718209522738 0.4382770000011078 188
1718209532762 0.4473530000013852 189
1718209542789 0.448381000000154 190
1718209552819 0.4484470000006695 191
1718209562844 0.4580630000000383 192
1718209572869 0.45837200000096345 193
1718209582895 0.4626160000007076 194
1718209592921 0.46307700000033947 195
1718209602996 0.46313700000064273 196
1718209613077 0.4633060000014666 197
1718209623160 0.4633060000014666 198
1718209633232 0.4641620000002149 199
1718209643258 0.468406000001778 200
1718209653292 0.4685750000007829 201
1718209663374 0.4685750000007829 202
1718209673444 0.4686780000010913 203
1718209683523 0.46877800000038405 204
1718209693599 0.4689410000009957 205
1718209703674 0.4732510000012553 206
1718209713702 0.4733540000015637 207
1718209723771 0.4733540000015637 208
1718209733838 0.47351700000035635 209
1718209743864 0.47406000000046333 210
1718209753946 0.4741630000007717 211
1718209764021 0.49623500000052445 212
1718209774093 0.49730100000124366 213
1718209784168 0.49730100000124366 214
1718209794234 0.49740400000155205 215
1718209804314 0.49740400000155205 216
1718209814395 0.49788900000021385 217
1718209824469 0.502133000001777 218
1718209834493 0.5022360000002664 219
1718209844565 0.5037680000004912 220
1718209854588 0.503937000001315 221
1718209864657 0.5040630000003148 222
1718209874731 0.5129250000009051 223
1718209884805 0.5312550000016927 224
1718209894894 0.5437200000014855 225
1718209904932 0.5440410000010161 226
1718209914999 0.5444650000008551 227
1718209925074 0.5445310000013706 228
1718209935095 0.5454830000016955 229
1718209945158 0.5497270000014396 230
1718209955236 0.549830000001748 231
1718209965305 0.549830000001748 232
1718209975384 0.5500590000010561 233
1718209985452 0.5500590000010561 234
1718209995523 0.5501620000013645 235
1718210005546 0.5544660000014119 236
1718210015619 0.5548900000012509 237
1718210025644 0.5548900000012509 238
1718210035713 0.5550530000000435 239
1718210045798 0.5550530000000435 240
1718210055869 0.5551560000003519 241
1718210065935 0.5777170000001206 242
1718210075997 0.5778930000014952 243
1718210086020 0.5778930000014952 244
1718210096044 0.5779959999999846 245
1718210106117 0.5779959999999846 246
1718210116144 0.5803470000009838 247
1718210126170 0.5824750000010681 248
1718210136242 0.6536050000013347 249
1718210146325 0.6547490000011749 250
1718210156351 0.6549180000001797 251
1718210166422 0.6549180000001797 252
1718210176493 0.6569740000013553 253
1718210186560 0.6592780000009952 254
1718210196626 0.6596200000003591 255
1718210206690 0.6596800000006624 256
1718210216731 0.6596800000006624 257
1718210226797 0.6596800000006624 258
1718210236826 0.6624890000002779 259
1718210246897 0.6646170000003622 260
1718210256973 0.6646770000006654 261
1718210267040 0.6646770000006654 262
1718210277111 0.6646770000006654 263
1718210287179 0.6646770000006654 264
1718210297207 0.6689210000004095 265
1718210307276 0.6692210000001069 266
1718210317349 0.6693810000015219 267
1718210327421 0.6693810000015219 268
1718210337486 0.6694410000000062 269
1718210347560 0.6694410000000062 270
1718210357590 0.673625000001266 271
1718210367658 0.6921700000002602 272
1718210377727 0.6922300000005635 273
1718210387808 0.6922300000005635 274
1718210397833 0.6922300000005635 275
1718210407924 0.6922960000010789 276
1718210417994 0.6966060000013385 277
1718210428019 0.6966060000013385 278
1718210438093 0.6966660000016418 279
1718210448167 0.6977940000015224 280
1718210458241 0.6979860000010376 281
1718210468325 0.6979860000010376 282
1718210478353 0.7113120000012714 283
1718210488382 0.7115440000015951 284
1718210498422 0.7117960000014136 285
1718210508447 0.7117960000014136 286
1718210518480 0.7123000000010506 287
1718210528539 0.7123000000010506 288
1718210538567 0.7172330000012153 289
1718210548592 0.7172330000012153 290
1718210558663 0.7172930000015185 291
1718210568686 0.7173930000008113 292
1718210578758 0.7173930000008113 293
1718210588828 0.7173930000008113 294
1718210598903 0.7216370000005554 295
1718210608925 0.7216370000005554 296
1718210619000 0.7216970000008587 297
1718210629074 0.7216970000008587 298
1718210639103 0.7216970000008587 299
1718210649176 0.7216970000008587 300
1718210659204 0.7258810000002995 301
1718210669233 0.7517560000014782 302
1718210679303 0.7517560000014782 303
1718210689340 0.7517560000014782 304
1718210699367 0.751856000000771 305
1718210709390 0.8627980000001116 306
1718210719419 41.632604000000356 307
1718210729449 123.94245900000169 308
1718210739483 185.14690100000007 309
1718210749519 185.67889400000058 310
1718210759636 189.7299120000007 311
1718210769667 189.78506200000083 312
1718210779696 189.89418500000102 313
1718210789718 189.96623 314
1718210799756 190.4521470000018 315
1718210809802 190.94076300000052 316
1718210819832 191.24816700000156 317
1718210829863 202.12101900000016 318
1718210839893 267.8962190000002 319
1718210849931 340.7534140000007 320
1718210859965 340.88916300000164 321
1718210870005 340.89480000000003 322
1718210880042 340.9024980000013 323
1718210890077 340.95917400000144 324
1718210900114 341.19220900000073 325
1718210910153 341.2725480000008 326
1718210920238 341.27294900000015 327
1718210930323 341.27300900000046 328
1718210940388 341.27300900000046 329
1718210950481 341.27310900000157 330
1718210960571 341.2774250000002 331
1718210970627 341.2774250000002 332
1718210980666 341.2774250000002 333
1718210990744 341.27763100000084 334
1718211000824 341.27769700000135 335
1718211010910 341.27782300000035 336
1718211020996 341.2820070000016 337
1718211031078 341.2820070000016 338
1718211041116 341.30391800000143 339
1718211051188 341.30397800000173 340
1718211061216 341.30397800000173 341
1718211071244 341.304078000001 342
1718211081318 341.30826200000047 343
1718211091401 341.3085540000011 344
1718211101490 341.3085540000011 345
1718211111572 341.3086140000014 346
1718211121660 341.3086140000014 347
1718211131744 341.30936700000166 348
1718211141791 341.3136110000014 349
1718211151894 341.3136110000014 350
1718211161936 341.3136110000014 351
1718211172019 341.3136710000017 352
1718211182057 341.3137310000002 353
1718211192102 341.3137310000002 354
1718211202189 341.3187590000016 355
1718211212267 341.32992100000047 356
1718211222347 341.3445780000002 357
1718211232434 341.3446380000005 358
1718211242515 341.3446380000005 359
1718211252595 341.3446980000008 360
1718211262627 341.3490800000018 361
1718211272721 341.3490800000018 362
1718211282763 341.34914000000026 363
1718211292801 341.34920000000056 364
1718211302839 341.3492660000011 365
1718211312919 341.3494580000006 366
1718211323003 341.35374200000115 367
1718211333093 341.35374200000115 368
1718211343131 341.35495600000104 369
1718211353160 341.35507600000165 370
1718211363239 341.35507600000165 371
1718211373278 341.37943300000006 372
1718211383362 341.39832300000126 373
1718211393450 341.41055900000174 374
1718211403491 341.4109460000018 375
1718211413527 341.4113270000016 376
1718211423563 341.4204690000006 377
1718211433595 341.421284 378
1718211443630 341.4254680000013 379
1718211453673 341.42556800000057 380
1718211463710 341.42556800000057 381
1718211473743 341.4256940000014 382
1718211483777 341.4257540000017 383
1718211493806 341.4257540000017 384
1718211503886 341.42999800000143 385
1718211513927 341.4482910000006 386
1718211523960 341.44916900000135 387
