1718207635556 21.1 0
1718207645574 25.0 1
1718207655592 25.0 2
1718207665614 25.0 3
1718207675633 25.0 4
1718207685653 25.0 5
1718207695671 25.0 6
1718207705690 25.0 7
1718207715708 25.0 8
1718207725768 25.0 9
1718207735786 25.0 10
1718207745804 25.0 11
1718207755878 24.9 12
1718207765894 25.0 13
1718207775914 25.0 14
1718207785933 24.9 15
1718207795952 25.0 16
1718207805971 25.0 17
1718207815990 25.0 18
1718207826022 24.9 19
1718207836044 25.0 20
1718207846065 25.0 21
1718207856102 25.1 22
1718207866120 25.0 23
1718207876143 25.0 24
1718207886162 25.0 25
1718207896175 25.0 26
1718207906190 25.0 27
1718207916223 25.0 28
1718207926242 25.0 29
1718207936263 25.0 30
1718207946283 25.0 31
1718207956302 25.0 32
1718207966321 25.0 33
1718207976340 25.0 34
1718207986358 25.0 35
1718207996406 25.0 36
1718208006424 25.0 37
1718208016444 25.0 38
1718208026470 25.0 39
1718208036494 25.0 40
1718208046518 25.0 41
1718208056537 25.0 42
1718208066557 25.0 43
1718208076577 25.0 44
1718208086596 25.0 45
1718208096616 25.0 46
1718208106637 25.0 47
1718208116687 25.0 48
1718208126710 25.0 49
1718208136735 25.0 50
1718208146761 25.0 51
1718208156797 25.0 52
1718208166823 24.9 53
1718208176849 25.0 54
1718208186869 24.9 55
1718208196901 25.0 56
1718208206927 25.0 57
1718208216952 25.0 58
1718208226973 25.0 59
1718208236993 25.0 60
1718208247013 25.0 61
1718208257039 25.0 62
1718208267067 25.0 63
1718208277094 25.0 64
1718208287121 25.0 65
1718208297152 25.0 66
1718208307173 25.0 67
1718208317192 25.0 68
1718208327209 25.0 69
1718208337231 25.0 70
1718208347253 25.0 71
1718208357275 25.0 72
1718208367297 25.3 73
1718208377344 25.3 74
1718208387363 25.3 75
1718208397380 25.3 76
1718208407404 25.3 77
1718208417421 25.3 78
1718208427442 25.3 79
1718208437461 25.3 80
1718208447482 25.3 81
1718208457498 25.3 82
1718208467517 25.3 83
1718208477537 25.3 84
1718208487556 25.3 85
1718208497583 25.3 86
1718208507612 25.3 87
1718208517641 25.3 88
1718208527669 25.3 89
1718208537697 25.3 90
1718208547728 25.3 91
1718208557757 25.3 92
1718208567777 25.3 93
1718208577801 25.3 94
1718208587822 31.6 95
1718208597848 31.6 96
1718208607874 31.6 97
1718208617896 31.6 98
1718208627925 31.6 99
1718208637945 31.6 100
1718208647963 31.7 101
1718208657986 31.7 102
1718208668013 31.6 103
1718208678042 31.7 104
1718208688071 31.7 105
1718208698099 31.6 106
1718208708126 31.6 107
1718208718149 31.6 108
1718208728175 31.6 109
1718208738224 31.6 110
1718208748250 31.6 111
1718208758279 31.6 112
1718208768352 31.6 113
1718208778431 31.6 114
1718208788513 31.6 115
1718208798599 31.6 116
1718208808677 31.6 117
1718208818701 31.6 118
1718208828776 31.6 119
1718208838851 31.6 120
1718208848917 31.6 121
1718208858998 31.6 122
1718208869079 31.6 123
1718208879170 31.6 124
1718208889235 31.6 125
1718208899266 31.6 126
1718208909341 31.6 127
1718208919373 31.6 128
1718208929399 31.6 129
1718208939476 31.6 130
1718208949550 31.6 131
1718208959620 31.6 132
1718208969648 31.6 133
1718208979723 31.6 134
1718208989796 31.6 135
1718208999880 31.6 136
1718209009908 31.6 137
1718209019948 31.5 138
1718209030022 31.5 139
1718209040047 31.6 140
1718209050125 31.6 141
1718209060198 31.6 142
1718209070275 31.6 143
1718209080359 31.6 144
1718209090382 31.6 145
1718209100448 31.6 146
1718209110485 31.6 147
1718209120516 31.6 148
1718209130594 31.6 149
1718209140657 31.6 150
1718209150680 31.6 151
1718209160711 31.7 152
1718209170783 31.6 153
1718209180826 31.6 154
1718209190903 31.6 155
1718209200937 31.6 156
1718209211012 31.6 157
1718209221089 31.6 158
1718209231170 31.6 159
1718209241236 31.6 160
1718209251268 31.6 161
1718209261361 31.6 162
1718209271392 31.6 163
1718209281468 31.6 164
1718209291543 31.6 165
1718209301573 31.6 166
1718209311635 31.6 167
1718209321703 31.6 168
1718209331735 31.6 169
1718209341770 31.6 170
1718209351847 31.6 171
1718209361873 31.6 172
1718209371953 31.5 173
1718209382017 31.6 174
1718209392099 31.6 175
1718209402165 31.6 176
1718209412188 31.6 177
1718209422218 31.6 178
1718209432296 31.6 179
1718209442375 31.6 180
1718209452399 31.6 181
1718209462424 31.6 182
1718209472501 31.6 183
1718209482582 31.6 184
1718209492655 31.6 185
1718209502679 31.6 186
1718209512711 31.6 187
1718209522738 31.6 188
1718209532762 31.7 189
1718209542789 31.7 190
1718209552819 31.7 191
1718209562844 31.7 192
1718209572869 31.7 193
1718209582895 31.7 194
1718209592921 31.7 195
1718209602996 31.7 196
1718209613077 31.7 197
1718209623160 31.7 198
1718209633232 31.7 199
1718209643258 31.6 200
1718209653292 31.6 201
1718209663374 31.6 202
1718209673444 31.7 203
1718209683523 31.6 204
1718209693599 31.6 205
1718209703674 31.6 206
1718209713702 31.6 207
1718209723771 31.7 208
1718209733838 31.6 209
1718209743864 31.7 210
1718209753946 31.7 211
1718209764021 31.6 212
1718209774093 31.6 213
1718209784168 31.7 214
1718209794234 31.6 215
1718209804314 31.7 216
1718209814395 31.7 217
1718209824469 31.6 218
1718209834493 31.6 219
1718209844565 31.7 220
1718209854588 31.7 221
1718209864657 31.7 222
1718209874731 31.7 223
1718209884805 31.7 224
1718209894894 31.7 225
1718209904932 31.7 226
1718209914999 31.7 227
1718209925074 31.6 228
1718209935095 31.6 229
1718209945158 31.7 230
1718209955236 31.7 231
1718209965305 31.6 232
1718209975384 31.7 233
1718209985452 31.6 234
1718209995523 31.6 235
1718210005546 31.6 236
1718210015619 31.6 237
1718210025644 31.6 238
1718210035713 31.6 239
1718210045798 31.7 240
1718210055869 31.7 241
1718210065935 31.7 242
1718210075997 31.6 243
1718210086020 31.7 244
1718210096044 31.7 245
1718210106117 31.7 246
1718210116144 31.6 247
1718210126170 31.7 248
1718210136242 31.7 249
1718210146325 31.7 250
1718210156351 31.7 251
1718210166422 31.7 252
1718210176493 31.7 253
1718210186560 31.6 254
1718210196626 31.6 255
1718210206690 31.6 256
1718210216731 31.7 257
1718210226797 31.7 258
1718210236826 31.7 259
1718210246897 31.6 260
1718210256973 31.7 261
1718210267040 31.6 262
1718210277111 31.7 263
1718210287179 31.7 264
1718210297207 31.7 265
1718210307276 31.7 266
1718210317349 31.7 267
1718210327421 31.7 268
1718210337486 31.7 269
1718210347560 31.7 270
1718210357590 31.7 271
1718210367658 31.7 272
1718210377727 31.7 273
1718210387808 31.7 274
1718210397833 31.7 275
1718210407924 31.6 276
1718210417994 31.7 277
1718210428019 31.7 278
1718210438093 31.7 279
1718210448167 31.6 280
1718210458241 31.6 281
1718210468325 31.7 282
1718210478353 31.8 283
1718210488382 31.7 284
1718210498422 31.7 285
1718210508447 31.7 286
1718210518480 31.7 287
1718210528539 31.7 288
1718210538567 31.7 289
1718210548592 31.7 290
1718210558663 31.7 291
1718210568686 31.8 292
1718210578758 31.7 293
1718210588828 31.7 294
1718210598903 31.7 295
1718210608925 31.7 296
1718210619000 31.7 297
1718210629074 31.7 298
1718210639103 31.6 299
1718210649176 31.7 300
1718210659204 31.7 301
1718210669233 31.7 302
1718210679303 31.7 303
1718210689340 31.7 304
1718210699367 31.7 305
1718210709390 33.4 306
1718210719419 38.9 307
1718210729449 42.8 308
1718210739483 45.3 309
1718210749519 45.5 310
1718210759636 45.1 311
1718210769667 45.0 312
1718210779696 44.7 313
1718210789718 44.3 314
1718210799756 43.9 315
1718210809802 43.2 316
1718210819832 33.3 317
1718210829863 36.5 318
1718210839893 41.3 319
1718210849931 44.3 320
1718210859965 44.0 321
1718210870005 43.4 322
1718210880042 43.2 323
1718210890077 43.1 324
1718210900114 43.0 325
1718210910153 33.2 326
1718210920238 33.2 327
1718210930323 33.2 328
1718210940388 33.2 329
1718210950481 33.2 330
1718210960571 33.2 331
1718210970627 33.2 332
1718210980666 33.2 333
1718210990744 33.2 334
1718211000824 33.2 335
1718211010910 33.2 336
1718211020996 33.2 337
1718211031078 33.2 338
1718211041116 33.1 339
1718211051188 33.2 340
1718211061216 33.1 341
1718211071244 33.1 342
1718211081318 33.1 343
1718211091401 33.1 344
1718211101490 33.1 345
1718211111572 33.1 346
1718211121660 33.1 347
1718211131744 33.1 348
1718211141791 33.2 349
1718211151894 33.2 350
1718211161936 33.2 351
1718211172019 33.2 352
1718211182057 33.1 353
1718211192102 33.2 354
1718211202189 33.2 355
1718211212267 33.2 356
1718211222347 33.2 357
1718211232434 33.2 358
1718211242515 33.2 359
1718211252595 33.2 360
1718211262627 33.2 361
1718211272721 33.2 362
1718211282763 33.2 363
1718211292801 33.2 364
1718211302839 33.2 365
1718211312919 33.2 366
1718211323003 33.2 367
1718211333093 33.2 368
1718211343131 33.2 369
1718211353160 33.2 370
1718211363239 33.2 371
1718211373278 33.2 372
1718211383362 33.1 373
1718211393450 33.1 374
1718211403491 33.2 375
1718211413527 33.1 376
1718211423563 33.3 377
1718211433595 33.2 378
1718211443630 33.2 379
1718211453673 33.2 380
1718211463710 33.2 381
1718211473743 33.2 382
1718211483777 33.2 383
1718211493806 33.2 384
1718211503886 33.2 385
1718211513927 33.2 386
1718211523960 33.3 387
