1718207635556 7078.8 0
1718207645574 8397.6 1
1718207655592 8382.1 2
1718207665614 8371.2 3
1718207675633 8374.8 4
1718207685653 8370.7 5
1718207695671 8380.0 6
1718207705690 8380.6 7
1718207715708 8380.1 8
1718207725768 8383.0 9
1718207735786 8373.4 10
1718207745804 8367.7 11
1718207755878 8360.9 12
1718207765894 8382.2 13
1718207775914 8376.4 14
1718207785933 8367.1 15
1718207795952 8376.2 16
1718207805971 8383.3 17
1718207815990 8373.4 18
1718207826022 8362.5 19
1718207836044 8383.0 20
1718207846065 8372.4 21
1718207856102 8407.8 22
1718207866120 8380.8 23
1718207876143 8385.2 24
1718207886162 8379.1 25
1718207896175 8386.4 26
1718207906190 8381.6 27
1718207916223 8370.2 28
1718207926242 8387.1 29
1718207936263 8383.8 30
1718207946283 8374.2 31
1718207956302 8377.8 32
1718207966321 8380.5 33
1718207976340 8380.9 34
1718207986358 8378.6 35
1718207996406 8375.0 36
1718208006424 8370.1 37
1718208016444 8378.4 38
1718208026470 8388.4 39
1718208036494 8382.1 40
1718208046518 8388.1 41
1718208056537 8372.4 42
1718208066557 8382.6 43
1718208076577 8381.8 44
1718208086596 8373.6 45
1718208096616 8376.7 46
1718208106637 8369.4 47
1718208116687 8368.3 48
1718208126710 8381.8 49
1718208136735 8385.2 50
1718208146761 8375.8 51
1718208156797 8374.9 52
1718208166823 8366.7 53
1718208176849 8374.1 54
1718208186869 8365.7 55
1718208196901 8379.5 56
1718208206927 8378.2 57
1718208216952 8369.6 58
1718208226973 8375.3 59
1718208236993 8370.9 60
1718208247013 8380.0 61
1718208257039 8369.6 62
1718208267067 8372.6 63
1718208277094 8382.8 64
1718208287121 8381.9 65
1718208297152 8374.6 66
1718208307173 8378.9 67
1718208317192 8385.0 68
1718208327209 8390.5 69
1718208337231 8385.9 70
1718208347253 8384.3 71
1718208357275 8380.6 72
1718208367297 8476.6 73
1718208377344 8490.7 74
1718208387363 8481.0 75
1718208397380 8478.6 76
1718208407404 8482.7 77
1718208417421 8483.1 78
1718208427442 8485.4 79
1718208437461 8490.5 80
1718208447482 8501.3 81
1718208457498 8494.7 82
1718208467517 8489.5 83
1718208477537 8483.1 84
1718208487556 8486.7 85
1718208497583 8484.9 86
1718208507612 8495.4 87
1718208517641 8487.6 88
1718208527669 8484.8 89
1718208537697 8487.4 90
1718208547728 8495.0 91
1718208557757 8483.0 92
1718208567777 8485.3 93
1718208577801 8484.1 94
1718208587822 10597.4 95
1718208597848 10598.5 96
1718208607874 10613.7 97
1718208617896 10597.0 98
1718208627925 10614.1 99
1718208637945 10609.3 100
1718208647963 10616.1 101
1718208657986 10617.7 102
1718208668013 10614.1 103
1718208678042 10621.6 104
1718208688071 10619.0 105
1718208698099 10583.4 106
1718208708126 10588.1 107
1718208718149 10583.1 108
1718208728175 10587.3 109
1718208738224 10587.6 110
1718208748250 10584.3 111
1718208758279 10589.6 112
1718208768352 10589.1 113
1718208778431 10586.5 114
1718208788513 10586.9 115
1718208798599 10586.2 116
1718208808677 10593.8 117
1718208818701 10586.7 118
1718208828776 10585.7 119
1718208838851 10588.8 120
1718208848917 10592.5 121
1718208858998 10587.0 122
1718208869079 10586.6 123
1718208879170 10595.0 124
1718208889235 10596.4 125
1718208899266 10597.5 126
1718208909341 10588.6 127
1718208919373 10598.0 128
1718208929399 10605.8 129
1718208939476 10611.5 130
1718208949550 10600.5 131
1718208959620 10611.0 132
1718208969648 10593.5 133
1718208979723 10592.8 134
1718208989796 10588.7 135
1718208999880 10588.1 136
1718209009908 10586.0 137
1718209019948 10578.5 138
1718209030022 10578.6 139
1718209040047 10581.8 140
1718209050125 10592.7 141
1718209060198 10595.3 142
1718209070275 10590.9 143
1718209080359 10598.7 144
1718209090382 10590.6 145
1718209100448 10592.9 146
1718209110485 10593.9 147
1718209120516 10592.0 148
1718209130594 10583.8 149
1718209140657 10598.7 150
1718209150680 10586.8 151
1718209160711 10625.1 152
1718209170783 10596.8 153
1718209180826 10586.3 154
1718209190903 10588.6 155
1718209200937 10584.6 156
1718209211012 10588.6 157
1718209221089 10588.1 158
1718209231170 10592.4 159
1718209241236 10590.5 160
1718209251268 10599.1 161
1718209261361 10602.3 162
1718209271392 10589.1 163
1718209281468 10588.2 164
1718209291543 10589.0 165
1718209301573 10587.7 166
1718209311635 10593.7 167
1718209321703 10595.9 168
1718209331735 10593.4 169
1718209341770 10601.3 170
1718209351847 10592.9 171
1718209361873 10585.6 172
1718209371953 10580.8 173
1718209382017 10596.5 174
1718209392099 10589.3 175
1718209402165 10596.5 176
1718209412188 10594.0 177
1718209422218 10585.4 178
1718209432296 10590.5 179
1718209442375 10592.9 180
1718209452399 10600.7 181
1718209462424 10593.7 182
1718209472501 10583.2 183
1718209482582 10590.4 184
1718209492655 10597.6 185
1718209502679 10591.2 186
1718209512711 10594.5 187
1718209522738 10590.5 188
1718209532762 10647.2 189
1718209542789 10640.0 190
1718209552819 10620.4 191
1718209562844 10630.9 192
1718209572869 10634.5 193
1718209582895 10636.2 194
1718209592921 10630.3 195
1718209602996 10624.3 196
1718209613077 10634.6 197
1718209623160 10622.6 198
1718209633232 10643.0 199
1718209643258 10605.8 200
1718209653292 10605.2 201
1718209663374 10607.9 202
1718209673444 10615.3 203
1718209683523 10609.7 204
1718209693599 10607.6 205
1718209703674 10614.1 206
1718209713702 10613.5 207
1718209723771 10618.0 208
1718209733838 10609.0 209
1718209743864 10620.8 210
1718209753946 10618.4 211
1718209764021 10612.2 212
1718209774093 10608.2 213
1718209784168 10617.0 214
1718209794234 10612.1 215
1718209804314 10615.4 216
1718209814395 10619.5 217
1718209824469 10613.3 218
1718209834493 10613.3 219
1718209844565 10620.4 220
1718209854588 10617.5 221
1718209864657 10626.9 222
1718209874731 10614.5 223
1718209884805 10619.3 224
1718209894894 10622.4 225
1718209904932 10626.4 226
1718209914999 10624.1 227
1718209925074 10610.8 228
1718209935095 10611.2 229
1718209945158 10615.1 230
1718209955236 10618.4 231
1718209965305 10608.4 232
1718209975384 10616.4 233
1718209985452 10609.1 234
1718209995523 10612.8 235
1718210005546 10609.0 236
1718210015619 10607.5 237
1718210025644 10607.9 238
1718210035713 10611.3 239
1718210045798 10615.1 240
1718210055869 10617.3 241
1718210065935 10615.7 242
1718210075997 10613.8 243
1718210086020 10618.6 244
1718210096044 10615.8 245
1718210106117 10635.6 246
1718210116144 10614.3 247
1718210126170 10626.4 248
1718210136242 10626.4 249
1718210146325 10622.5 250
1718210156351 10627.7 251
1718210166422 10618.0 252
1718210176493 10614.9 253
1718210186560 10608.7 254
1718210196626 10613.3 255
1718210206690 10612.8 256
1718210216731 10624.9 257
1718210226797 10627.7 258
1718210236826 10623.0 259
1718210246897 10611.0 260
1718210256973 10624.9 261
1718210267040 10611.0 262
1718210277111 10625.3 263
1718210287179 10628.6 264
1718210297207 10620.7 265
1718210307276 10621.9 266
1718210317349 10629.7 267
1718210327421 10631.0 268
1718210337486 10630.6 269
1718210347560 10619.9 270
1718210357590 10627.1 271
1718210367658 10638.7 272
1718210377727 10622.3 273
1718210387808 10617.9 274
1718210397833 10615.9 275
1718210407924 10612.7 276
1718210417994 10619.3 277
1718210428019 10622.9 278
1718210438093 10622.1 279
1718210448167 10608.2 280
1718210458241 10613.8 281
1718210468325 10623.4 282
1718210478353 10653.5 283
1718210488382 10644.1 284
1718210498422 10628.9 285
1718210508447 10631.3 286
1718210518480 10641.7 287
1718210528539 10639.9 288
1718210538567 10645.7 289
1718210548592 10646.9 290
1718210558663 10645.4 291
1718210568686 10648.0 292
1718210578758 10647.5 293
1718210588828 10624.5 294
1718210598903 10633.6 295
1718210608925 10621.8 296
1718210619000 10617.1 297
1718210629074 10617.2 298
1718210639103 10612.6 299
1718210649176 10618.5 300
1718210659204 10623.1 301
1718210669233 10640.4 302
1718210679303 10627.4 303
1718210689340 10629.7 304
1718210699367 10641.5 305
1718210709390 11188.5 306
1718210719419 13054.6 307
1718210729449 14357.0 308
1718210739483 15176.5 309
1718210749519 15253.7 310
1718210759636 15112.1 311
1718210769667 15106.7 312
1718210779696 14976.1 313
1718210789718 14853.3 314
1718210799756 14724.5 315
1718210809802 14491.1 316
1718210819832 11153.6 317
1718210829863 12241.5 318
1718210839893 13851.7 319
1718210849931 14849.0 320
1718210859965 14768.1 321
1718210870005 14554.1 322
1718210880042 14502.8 323
1718210890077 14446.0 324
1718210900114 14411.6 325
1718210910153 11146.3 326
1718210920238 11132.8 327
1718210930323 11142.8 328
1718210940388 11126.4 329
1718210950481 11127.2 330
1718210960571 11129.2 331
1718210970627 11129.9 332
1718210980666 11127.5 333
1718210990744 11130.2 334
1718211000824 11134.2 335
1718211010910 11129.0 336
1718211020996 11140.0 337
1718211031078 11119.4 338
1718211041116 11113.1 339
1718211051188 11125.1 340
1718211061216 11113.8 341
1718211071244 11110.5 342
1718211081318 11111.9 343
1718211091401 11113.3 344
1718211101490 11115.6 345
1718211111572 11107.0 346
1718211121660 11113.9 347
1718211131744 11112.8 348
1718211141791 11120.9 349
1718211151894 11118.1 350
1718211161936 11131.9 351
1718211172019 11120.6 352
1718211182057 11114.7 353
1718211192102 11120.3 354
1718211202189 11123.9 355
1718211212267 11139.8 356
1718211222347 11131.2 357
1718211232434 11120.6 358
1718211242515 11131.9 359
1718211252595 11122.9 360
1718211262627 11128.9 361
1718211272721 11124.8 362
1718211282763 11119.5 363
1718211292801 11123.8 364
1718211302839 11125.0 365
1718211312919 11119.7 366
1718211323003 11129.7 367
1718211333093 11121.0 368
1718211343131 11122.0 369
1718211353160 11126.4 370
1718211363239 11126.4 371
1718211373278 11133.5 372
1718211383362 11111.9 373
1718211393450 11108.5 374
1718211403491 11120.6 375
1718211413527 11110.3 376
1718211423563 11160.2 377
1718211433595 11137.2 378
1718211443630 11130.2 379
1718211453673 11129.0 380
1718211463710 11144.4 381
1718211473743 11138.6 382
1718211483777 11141.2 383
1718211493806 11142.9 384
1718211503886 11150.8 385
1718211513927 11149.6 386
1718211523960 11157.9 387
