1718205885918 0.02 10
1718205909872 0.03 20
1718205933885 0.05 30
1718205957719 0.06 40
1718205980998 0.08 50
1718206005385 0.1 60
1718206029437 0.11 70
1718206053421 0.13 80
1718206077350 0.14 90
1718206100769 0.16 100
1718206124966 0.18 110
1718206148924 0.19 120
1718206172899 0.21 130
1718206196820 0.22 140
1718206220091 0.24 150
1718206244289 0.26 160
1718206268217 0.27 170
1718206292243 0.29 180
1718206316205 0.3 190
1718206339874 0.32 200
1718206364083 0.34 210
1718206388108 0.35 220
1718206412113 0.37 230
1718206436053 0.38 240
1718206459539 0.4 250
1718206483710 0.42 260
1718206507731 0.43 270
1718206531746 0.45 280
1718206555551 0.46 290
1718206579055 0.48 300
1718206691016 0.48 300
1718206720487 0.5 310
1718206744547 0.51 320
1718206768626 0.53 330
1718206792584 0.54 340
1718206816199 0.56 350
1718206840461 0.58 360
1718206864472 0.59 370
1718206888507 0.61 380
1718206912515 0.62 390
1718206936130 0.64 400
1718206960325 0.66 410
1718206984279 0.67 420
1718207008293 0.69 430
1718207032202 0.7 440
1718207055672 0.72 450
1718207079860 0.74 460
1718207103941 0.75 470
1718207127949 0.77 480
1718207151827 0.78 490
1718207174935 0.8 500
1718207199155 0.82 510
1718207223130 0.83 520
1718207247050 0.85 530
1718207271038 0.86 540
1718207294553 0.88 550
1718207318781 0.9 560
1718207342781 0.91 570
1718207366796 0.93 580
1718207390654 0.94 590
1718207413941 0.96 600
1718207525513 0.96 600
1718207552724 0.98 610
1718207576712 0.99 620
1718207588774 1.0 625
