1718205885918 16.508161544799805 10
1718205909872 6.2384843826293945 20
1718205933885 3.251293182373047 30
1718205957719 1.1012778282165527 40
1718205980998 7.91383171081543 50
1718206005385 122.39058685302734 60
1718206029437 59.08027267456055 70
1718206053421 12.10085678100586 80
1718206077350 4.512730121612549 90
1718206100769 10.319263458251953 100
1718206124966 20.37865447998047 110
1718206148924 14.575006484985352 120
1718206172899 nan 130
1718206196820 12.251996994018555 140
1718206220091 29.20016860961914 150
1718206244289 14.036908149719238 160
1718206268217 7.159278392791748 170
1718206292243 3.1436750888824463 180
1718206316205 4.556003093719482 190
1718206339874 2.2947769165039062 200
1718206364083 23.074487686157227 210
1718206388108 6.8576765060424805 220
1718206412113 175.61898803710938 230
1718206436053 2.0640223026275635 240
1718206459539 3.986173629760742 250
1718206483710 2.8381576538085938 260
1718206507731 3.4055535793304443 270
1718206531746 5.705049514770508 280
1718206555551 1.6054271459579468 290
1718206579055 1.7948676347732544 300
1718206720487 101.86287689208984 310
1718206744547 0.8284890651702881 320
1718206768626 13.333582878112793 330
1718206792584 11.971953392028809 340
1718206816199 2.0247271060943604 350
1718206840461 1.6545675992965698 360
1718206864472 0.7017669081687927 370
1718206888507 0.7167130708694458 380
1718206912515 0.505070686340332 390
1718206936130 1.3897124528884888 400
1718206960325 2.0806267261505127 410
1718206984279 0.9782715439796448 420
1718207008293 0.3480236828327179 430
1718207032202 1.1697636842727661 440
1718207055672 1.107791543006897 450
1718207079860 1.4201701879501343 460
1718207103941 1.2215558290481567 470
1718207127949 1.9755947589874268 480
1718207151827 1.0232832431793213 490
1718207174935 0.6170228719711304 500
1718207199155 1.3167951107025146 510
1718207223130 0.7553029656410217 520
1718207247050 1.4680742025375366 530
1718207271038 0.6322357058525085 540
1718207294553 0.2747601270675659 550
1718207318781 0.5082017183303833 560
1718207342781 1.3306158781051636 570
1718207366796 0.6995398998260498 580
1718207390654 0.6526085138320923 590
1718207413941 0.7079411149024963 600
1718207552724 0.5769057273864746 610
1718207576712 0.29641610383987427 620
