1718205885918 7.368421052631579e-05 10
1718205909872 0.00017894736842105264 20
1718205933885 0.00019993416256221895 30
1718205957719 0.0001996119021565693 40
1718205980998 0.00019902199100196697 50
1718206005385 0.00019816601415159263 60
1718206029437 0.00019704627155997108 70
1718206053421 0.00019566577190314197 80
1718206077350 0.00019402822449454153 90
1718206100769 0.00019213802931831696 100
1718206124966 0.00019000026520685302 110
1718206148924 0.00018762067619427746 120
1718206172899 0.00018527755711586678 130
1718206196820 0.00018245663893238075 140
1718206220091 0.00017941416508447536 150
1718206244289 0.0001761583105029213 160
1718206268217 0.00017269782345874203 170
1718206292243 0.0001690420020571747 180
1718206316205 0.00016520066925426144 190
1718206339874 0.0001611841464632011 200
1718206364083 0.00015700322582137827 210
1718206388108 0.000152669141192587 220
1718206412113 0.00014819353798236427 230
1718206436053 0.00014358844184753712 240
1718206459539 0.00013886622638405952 250
1718206483710 0.00013403957987995882 260
1718206507731 0.00012912147122272523 270
1718206531746 0.00012412511505274844 280
1718206555551 0.00011906393625643244 290
1718206579055 0.00011395153389439233 300
1718206720487 0.00010880164466165674 310
1718206744547 0.00010414612822264455 320
1718206768626 9.896318931807155e-05 330
1718206792584 9.378303625685195e-05 340
1718206816199 8.861958777576827e-05 350
1718206840461 8.348671772747487e-05 360
1718206864472 7.839821780235168e-05 370
1718206888507 7.336776047112276e-05 380
1718206912515 6.84088622478104e-05 390
1718206936130 6.35348473717345e-05 400
1718206960325 5.875881200614207e-05 410
1718206984279 5.4093589049662175e-05 420
1718207008293 4.955171365513603e-05 430
1718207032202 4.514538954847064e-05 440
1718207055672 4.088645623801534e-05 450
1718207079860 3.678635720256737e-05 460
1718207103941 3.285610914348332e-05 470
1718207127949 2.9106272383513835e-05 480
1718207151827 2.5546922491898495e-05 490
1718207174935 2.2187623211961562e-05 500
1718207199155 1.903740076395151e-05 510
1718207223130 1.6104719592169902e-05 520
1718207247050 1.339745962155613e-05 530
1718207271038 1.0922895084838037e-05 540
1718207294553 8.687674977138116e-06 550
1718207318781 6.6978051905530855e-06 560
1718207342781 4.95863237670956e-06 570
1718207366796 3.4748295806564356e-06 580
1718207390654 2.250383684694579e-06 590
1718207413941 1.2885846958814673e-06 600
1718207552724 5.920169059947411e-07 610
1718207576712 1.6255194770704586e-07 620
