1718205885918 8.0689 10
1718205909872 0.4001 20
1718205933885 0.2872 30
1718205957719 0.8331 40
1718205980998 0.4491 50
1718206005385 2.1229 60
1718206029437 8.0707 70
1718206053421 4.675 80
1718206077350 2.5591 90
1718206100769 1.8474 100
1718206124966 1.5898 110
1718206148924 1.5989 120
1718206172899 1.0155 130
1718206196820 0.8605 140
1718206220091 0.6706 150
1718206244289 1.0075 160
1718206268217 0.3708 170
1718206292243 0.4128 180
1718206316205 0.3438 190
1718206339874 0.2173 200
1718206364083 0.7123 210
1718206388108 0.4957 220
1718206412113 0.6003 230
1718206436053 0.2948 240
1718206459539 0.3652 250
1718206483710 0.2601 260
1718206507731 0.2249 270
1718206531746 0.3763 280
1718206555551 0.1719 290
1718206579055 0.1536 300
1718206720487 0.3921 310
1718206744547 0.9339 320
1718206768626 0.372 330
1718206792584 0.2326 340
1718206816199 0.2292 350
1718206840461 0.1532 360
1718206864472 0.1363 370
1718206888507 0.1181 380
1718206912515 0.1266 390
1718206936130 0.1234 400
1718206960325 0.1572 410
1718206984279 0.1456 420
1718207008293 0.122 430
1718207032202 0.1165 440
1718207055672 0.1105 450
1718207079860 0.0967 460
1718207103941 0.1355 470
1718207127949 0.1201 480
1718207151827 0.1359 490
1718207174935 0.1164 500
1718207199155 0.1325 510
1718207223130 0.1182 520
1718207247050 0.1241 530
1718207271038 0.1166 540
1718207294553 0.1151 550
1718207318781 0.1105 560
1718207342781 0.1045 570
1718207366796 0.1031 580
1718207390654 0.116 590
1718207413941 0.1144 600
1718207552724 0.114 610
1718207576712 0.1112 620
