1718205864432 14.3 0
1718205874457 7.6 1
1718205884486 6.1 2
1718205894517 6.2 3
1718205904546 6.3 4
1718205914572 6.3 5
1718205924595 6.4 6
1718205934624 6.2 7
1718205944645 6.4 8
1718205954664 6.1 9
1718205964685 6.2 10
1718205974705 6.2 11
1718205984724 6.5 12
1718205994744 6.3 13
1718206004763 6.1 14
1718206014783 6.2 15
1718206024805 6.4 16
1718206034832 6.3 17
1718206044857 6.4 18
1718206054883 6.2 19
1718206064906 6.1 20
1718206074939 6.2 21
1718206084965 6.1 22
1718206094986 6.3 23
1718206105021 6.3 24
1718206115049 6.5 25
1718206125074 6.1 26
1718206135099 6.2 27
1718206145124 6.3 28
1718206155143 6.2 29
1718206165163 6.1 30
1718206175183 6.2 31
1718206185203 6.3 32
1718206195220 6.1 33
1718206205245 6.1 34
1718206215269 6.4 35
1718206225316 6.4 36
1718206235346 6.4 37
1718206245366 6.5 38
1718206255390 6.1 39
1718206265421 6.6 40
1718206275450 6.3 41
1718206285478 6.2 42
1718206295501 6.0 43
1718206305529 6.3 44
1718206315566 6.3 45
1718206325589 6.4 46
1718206335608 6.4 47
1718206345634 6.2 48
1718206355659 6.1 49
1718206365683 6.1 50
1718206375710 6.1 51
1718206385741 6.1 52
1718206395769 6.1 53
1718206405793 6.3 54
1718206415864 6.2 55
1718206425893 6.2 56
1718206435918 6.2 57
1718206445943 6.1 58
1718206455966 6.2 59
1718206465993 6.0 60
1718206476022 6.4 61
1718206486052 6.2 62
1718206496074 6.3 63
1718206506102 6.3 64
1718206516131 6.3 65
1718206526160 6.5 66
1718206536184 6.3 67
1718206546211 6.2 68
1718206556232 6.0 69
1718206566267 6.7 70
1718206576310 6.5 71
1718206586336 6.1 72
1718206596363 6.5 73
1718206606389 6.5 74
1718206616417 6.5 75
1718206626443 6.5 76
1718206636481 6.9 77
1718206646510 6.7 78
1718206656541 6.5 79
1718206666573 6.5 80
1718206676600 6.6 81
1718206686627 6.8 82
1718206696698 6.4 83
1718206706719 7.7 84
1718206716741 10.7 85
1718206726763 10.0 86
1718206736781 10.1 87
1718206746803 10.3 88
1718206756826 10.2 89
1718206766848 10.1 90
1718206776870 10.1 91
1718206786895 10.1 92
1718206796918 6.3 93
1718206806943 6.3 94
1718206816970 6.3 95
1718206827001 6.4 96
1718206837034 6.3 97
1718206847064 6.3 98
1718206857092 6.2 99
1718206867124 6.5 100
1718206877148 6.3 101
1718206887176 6.2 102
1718206897207 6.1 103
1718206907239 6.3 104
1718206917290 6.2 105
1718206927318 6.4 106
1718206937362 6.3 107
1718206947391 6.4 108
1718206957423 6.1 109
1718206967450 6.2 110
1718206977479 6.4 111
1718206987510 6.1 112
1718206997541 6.5 113
1718207007611 6.2 114
1718207017687 6.2 115
1718207027761 6.3 116
1718207037788 6.3 117
1718207047817 6.3 118
1718207057841 6.2 119
1718207067870 6.2 120
1718207077900 6.1 121
1718207087932 6.2 122
1718207097964 6.3 123
1718207108048 6.5 124
1718207118115 6.6 125
1718207128142 6.2 126
1718207138171 6.5 127
1718207148202 6.2 128
1718207158276 6.0 129
1718207168336 6.7 130
1718207178426 6.0 131
1718207188450 6.3 132
1718207198521 6.2 133
1718207208601 6.2 134
1718207218678 6.3 135
1718207228765 6.2 136
1718207238805 6.4 137
1718207248833 6.2 138
1718207258908 6.0 139
1718207268938 6.1 140
1718207278961 6.2 141
1718207289031 6.2 142
1718207299098 6.2 143
1718207309153 6.3 144
1718207319176 6.2 145
1718207329248 6.4 146
1718207339278 6.3 147
1718207349316 6.2 148
1718207359388 6.2 149
1718207369469 6.1 150
1718207379550 6.3 151
1718207389634 6.1 152
1718207399715 6.0 153
1718207409799 6.2 154
1718207419823 6.3 155
1718207429897 6.5 156
1718207439930 7.0 157
1718207450010 6.3 158
1718207460081 6.5 159
1718207470114 6.5 160
1718207480190 6.9 161
1718207490260 6.3 162
1718207500328 6.8 163
1718207510411 6.7 164
1718207520485 6.9 165
1718207530509 6.6 166
1718207540536 7.4 167
1718207550561 10.4 168
1718207560586 10.1 169
1718207570620 10.2 170
1718207580646 10.3 171
