1718205864432 60.0 0
1718205874457 60.0 1
1718205884486 60.0 2
1718205894517 60.0 3
1718205904546 60.0 4
1718205914572 60.0 5
1718205924595 60.0 6
1718205934624 60.0 7
1718205944645 60.0 8
1718205954664 60.0 9
1718205964685 60.0 10
1718205974705 60.0 11
1718205984724 60.0 12
1718205994744 60.0 13
1718206004763 60.0 14
1718206014783 60.0 15
1718206024805 60.0 16
1718206034832 60.0 17
1718206044857 60.0 18
1718206054883 60.0 19
1718206064906 60.0 20
1718206074939 60.0 21
1718206084965 60.0 22
1718206094986 60.0 23
1718206105021 60.0 24
1718206115049 60.0 25
1718206125074 60.0 26
1718206135099 60.0 27
1718206145124 60.0 28
1718206155143 60.0 29
1718206165163 60.0 30
1718206175183 60.0 31
1718206185203 60.0 32
1718206195220 60.0 33
1718206205245 60.0 34
1718206215269 60.0 35
1718206225316 60.0 36
1718206235346 60.0 37
1718206245366 60.0 38
1718206255390 60.0 39
1718206265421 60.0 40
1718206275450 60.0 41
1718206285478 60.0 42
1718206295501 60.0 43
1718206305529 60.0 44
1718206315566 60.0 45
1718206325589 60.0 46
1718206335608 60.0 47
1718206345634 60.0 48
1718206355659 60.0 49
1718206365683 60.0 50
1718206375710 60.0 51
1718206385741 60.0 52
1718206395769 60.0 53
1718206405793 60.0 54
1718206415864 60.0 55
1718206425893 60.0 56
1718206435918 60.0 57
1718206445943 60.0 58
1718206455966 60.0 59
1718206465993 60.0 60
1718206476022 60.0 61
1718206486052 60.0 62
1718206496074 60.0 63
1718206506102 60.0 64
1718206516131 60.0 65
1718206526160 60.0 66
1718206536184 60.0 67
1718206546211 60.0 68
1718206556232 60.0 69
1718206566267 60.0 70
1718206576310 60.0 71
1718206586336 60.0 72
1718206596363 60.0 73
1718206606389 60.0 74
1718206616417 60.0 75
1718206626443 60.0 76
1718206636481 60.0 77
1718206646510 60.0 78
1718206656541 60.0 79
1718206666573 60.0 80
1718206676600 60.0 81
1718206686627 60.0 82
1718206696698 60.0 83
1718206706719 60.2 84
1718206716741 60.2 85
1718206726763 60.2 86
1718206736781 60.2 87
1718206746803 60.2 88
1718206756826 60.2 89
1718206766848 60.2 90
1718206776870 60.2 91
1718206786895 60.2 92
1718206796918 60.2 93
1718206806943 60.2 94
1718206816970 60.2 95
1718206827001 60.2 96
1718206837034 60.2 97
1718206847064 60.2 98
1718206857092 60.2 99
1718206867124 60.2 100
1718206877148 60.2 101
1718206887176 60.2 102
1718206897207 60.2 103
1718206907239 60.2 104
1718206917290 60.2 105
1718206927318 60.2 106
1718206937362 60.2 107
1718206947391 60.2 108
1718206957423 60.2 109
1718206967450 60.2 110
1718206977479 60.2 111
1718206987510 60.2 112
1718206997541 60.2 113
1718207007611 60.2 114
1718207017687 60.2 115
1718207027761 60.2 116
1718207037788 60.2 117
1718207047817 60.2 118
1718207057841 60.2 119
1718207067870 60.2 120
1718207077900 60.2 121
1718207087932 60.2 122
1718207097964 60.2 123
1718207108048 60.2 124
1718207118115 60.2 125
1718207128142 60.2 126
1718207138171 60.2 127
1718207148202 60.2 128
1718207158276 60.2 129
1718207168336 60.2 130
1718207178426 60.2 131
1718207188450 60.2 132
1718207198521 60.2 133
1718207208601 60.2 134
1718207218678 60.2 135
1718207228765 60.2 136
1718207238805 60.2 137
1718207248833 60.2 138
1718207258908 60.2 139
1718207268938 60.2 140
1718207278961 60.2 141
1718207289031 60.2 142
1718207299098 60.2 143
1718207309153 60.2 144
1718207319176 60.2 145
1718207329248 60.2 146
1718207339278 60.2 147
1718207349316 60.2 148
1718207359388 60.2 149
1718207369469 60.2 150
1718207379550 60.2 151
1718207389634 60.2 152
1718207399715 60.2 153
1718207409799 60.2 154
1718207419823 60.2 155
1718207429897 60.2 156
1718207439930 60.2 157
1718207450010 60.2 158
1718207460081 60.2 159
1718207470114 60.2 160
1718207480190 60.2 161
1718207490260 60.2 162
1718207500328 60.2 163
1718207510411 60.2 164
1718207520485 60.2 165
1718207530509 60.2 166
1718207540536 60.5 167
1718207550561 60.5 168
1718207560586 60.5 169
1718207570620 60.5 170
1718207580646 60.5 171
