1718205864432 372899.4 0
1718205874457 372898.6 1
1718205884486 372898.6 2
1718205894517 372898.6 3
1718205904546 372898.6 4
1718205914572 372898.6 5
1718205924595 372898.6 6
1718205934624 372898.6 7
1718205944645 372898.6 8
1718205954664 372898.6 9
1718205964685 372898.6 10
1718205974705 372898.6 11
1718205984724 372898.6 12
1718205994744 372898.6 13
1718206004763 372898.6 14
1718206014783 372898.6 15
1718206024805 372898.6 16
1718206034832 372898.6 17
1718206044857 372898.5 18
1718206054883 372898.5 19
1718206064906 372898.5 20
1718206074939 372898.5 21
1718206084965 372898.5 22
1718206094986 372898.5 23
1718206105021 372898.5 24
1718206115049 372898.5 25
1718206125074 372898.5 26
1718206135099 372898.5 27
1718206145124 372898.5 28
1718206155143 372898.5 29
1718206165163 372898.5 30
1718206175183 372898.5 31
1718206185203 372898.5 32
1718206195220 372898.5 33
1718206205245 372898.5 34
1718206215269 372898.5 35
1718206225316 372898.5 36
1718206235346 372898.5 37
1718206245366 372898.5 38
1718206255390 372898.5 39
1718206265421 372898.5 40
1718206275450 372898.5 41
1718206285478 372898.5 42
1718206295501 372898.5 43
1718206305529 372898.5 44
1718206315566 372898.5 45
1718206325589 372898.5 46
1718206335608 372898.5 47
1718206345634 372898.5 48
1718206355659 372898.5 49
1718206365683 372898.5 50
1718206375710 372898.5 51
1718206385741 372898.5 52
1718206395769 372898.5 53
1718206405793 372898.5 54
1718206415864 372898.5 55
1718206425893 372898.5 56
1718206435918 372898.5 57
1718206445943 372898.5 58
1718206455966 372898.5 59
1718206465993 372898.5 60
1718206476022 372898.5 61
1718206486052 372898.5 62
1718206496074 372898.5 63
1718206506102 372898.5 64
1718206516131 372898.5 65
1718206526160 372898.5 66
1718206536184 372898.5 67
1718206546211 372898.5 68
1718206556232 372898.5 69
1718206566267 372898.5 70
1718206576310 372898.5 71
1718206586336 372898.5 72
1718206596363 372898.5 73
1718206606389 372898.5 74
1718206616417 372898.5 75
1718206626443 372898.5 76
1718206636481 372898.5 77
1718206646510 372898.5 78
1718206656541 372898.5 79
1718206666573 372898.5 80
1718206676600 372898.5 81
1718206686627 372898.5 82
1718206696698 372898.5 83
1718206706719 370881.5 84
1718206716741 370881.5 85
1718206726763 370881.5 86
1718206736781 370881.5 87
1718206746803 370881.5 88
1718206756826 370881.5 89
1718206766848 370881.5 90
1718206776870 370881.5 91
1718206786895 370881.5 92
1718206796918 370881.5 93
1718206806943 370881.5 94
1718206816970 370881.5 95
1718206827001 370881.5 96
1718206837034 370881.5 97
1718206847064 370881.5 98
1718206857092 370881.5 99
1718206867124 370881.5 100
1718206877148 370881.5 101
1718206887176 370881.5 102
1718206897207 370881.5 103
1718206907239 370881.5 104
1718206917290 370881.5 105
1718206927318 370881.5 106
1718206937362 370881.5 107
1718206947391 370881.5 108
1718206957423 370881.5 109
1718206967450 370881.5 110
1718206977479 370881.5 111
1718206987510 370881.5 112
1718206997541 370881.5 113
1718207007611 370881.5 114
1718207017687 370881.5 115
1718207027761 370881.5 116
1718207037788 370881.5 117
1718207047817 370881.5 118
1718207057841 370881.5 119
1718207067870 370881.5 120
1718207077900 370881.5 121
1718207087932 370881.5 122
1718207097964 370881.5 123
1718207108048 370881.5 124
1718207118115 370881.5 125
1718207128142 370881.5 126
1718207138171 370881.5 127
1718207148202 370881.5 128
1718207158276 370881.5 129
1718207168336 370881.5 130
1718207178426 370881.5 131
1718207188450 370881.5 132
1718207198521 370881.5 133
1718207208601 370881.5 134
1718207218678 370881.5 135
1718207228765 370881.5 136
1718207238805 370881.5 137
1718207248833 370881.5 138
1718207258908 370881.5 139
1718207268938 370881.5 140
1718207278961 370881.5 141
1718207289031 370881.5 142
1718207299098 370881.5 143
1718207309153 370881.5 144
1718207319176 370881.5 145
1718207329248 370881.5 146
1718207339278 370881.5 147
1718207349316 370881.5 148
1718207359388 370881.5 149
1718207369469 370881.5 150
1718207379550 370881.5 151
1718207389634 370881.5 152
1718207399715 370881.5 153
1718207409799 370881.5 154
1718207419823 370881.5 155
1718207429897 370881.5 156
1718207439930 370881.5 157
1718207450010 370881.5 158
1718207460081 370881.5 159
1718207470114 370881.5 160
1718207480190 370881.4 161
1718207490260 370881.4 162
1718207500328 370881.4 163
1718207510411 370881.4 164
1718207520485 370881.4 165
1718207530509 370881.4 166
1718207540536 368864.4 167
1718207550561 368864.4 168
1718207560586 368864.4 169
1718207570620 368864.4 170
1718207580646 368864.4 171
