1718205864432 559921.4 0
1718205874457 559922.2 1
1718205884486 559922.2 2
1718205894517 559922.2 3
1718205904546 559922.3 4
1718205914572 559922.3 5
1718205924595 559922.3 6
1718205934624 559922.3 7
1718205944645 559922.3 8
1718205954664 559922.3 9
1718205964685 559922.3 10
1718205974705 559922.3 11
1718205984724 559922.3 12
1718205994744 559922.3 13
1718206004763 559922.3 14
1718206014783 559922.3 15
1718206024805 559922.3 16
1718206034832 559922.3 17
1718206044857 559922.3 18
1718206054883 559922.3 19
1718206064906 559922.3 20
1718206074939 559922.3 21
1718206084965 559922.3 22
1718206094986 559922.3 23
1718206105021 559922.3 24
1718206115049 559922.3 25
1718206125074 559922.3 26
1718206135099 559922.3 27
1718206145124 559922.3 28
1718206155143 559922.3 29
1718206165163 559922.3 30
1718206175183 559922.3 31
1718206185203 559922.3 32
1718206195220 559922.3 33
1718206205245 559922.3 34
1718206215269 559922.3 35
1718206225316 559922.3 36
1718206235346 559922.3 37
1718206245366 559922.3 38
1718206255390 559922.3 39
1718206265421 559922.3 40
1718206275450 559922.3 41
1718206285478 559922.3 42
1718206295501 559922.3 43
1718206305529 559922.3 44
1718206315566 559922.3 45
1718206325589 559922.3 46
1718206335608 559922.3 47
1718206345634 559922.3 48
1718206355659 559922.3 49
1718206365683 559922.3 50
1718206375710 559922.3 51
1718206385741 559922.3 52
1718206395769 559922.3 53
1718206405793 559922.3 54
1718206415864 559922.3 55
1718206425893 559922.3 56
1718206435918 559922.3 57
1718206445943 559922.3 58
1718206455966 559922.3 59
1718206465993 559922.3 60
1718206476022 559922.3 61
1718206486052 559922.3 62
1718206496074 559922.3 63
1718206506102 559922.3 64
1718206516131 559922.3 65
1718206526160 559922.3 66
1718206536184 559922.3 67
1718206546211 559922.3 68
1718206556232 559922.3 69
1718206566267 559922.3 70
1718206576310 559922.3 71
1718206586336 559922.3 72
1718206596363 559922.3 73
1718206606389 559922.3 74
1718206616417 559922.3 75
1718206626443 559922.3 76
1718206636481 559922.3 77
1718206646510 559922.3 78
1718206656541 559922.3 79
1718206666573 559922.3 80
1718206676600 559922.3 81
1718206686627 559922.3 82
1718206696698 559922.3 83
1718206706719 561939.3 84
1718206716741 561939.3 85
1718206726763 561939.3 86
1718206736781 561939.3 87
1718206746803 561939.3 88
1718206756826 561939.3 89
1718206766848 561939.3 90
1718206776870 561939.3 91
1718206786895 561939.3 92
1718206796918 561939.3 93
1718206806943 561939.3 94
1718206816970 561939.3 95
1718206827001 561939.3 96
1718206837034 561939.3 97
1718206847064 561939.3 98
1718206857092 561939.3 99
1718206867124 561939.3 100
1718206877148 561939.3 101
1718206887176 561939.3 102
1718206897207 561939.3 103
1718206907239 561939.3 104
1718206917290 561939.3 105
1718206927318 561939.3 106
1718206937362 561939.3 107
1718206947391 561939.3 108
1718206957423 561939.3 109
1718206967450 561939.3 110
1718206977479 561939.3 111
1718206987510 561939.3 112
1718206997541 561939.3 113
1718207007611 561939.3 114
1718207017687 561939.3 115
1718207027761 561939.3 116
1718207037788 561939.3 117
1718207047817 561939.3 118
1718207057841 561939.3 119
1718207067870 561939.3 120
1718207077900 561939.3 121
1718207087932 561939.3 122
1718207097964 561939.3 123
1718207108048 561939.3 124
1718207118115 561939.3 125
1718207128142 561939.3 126
1718207138171 561939.3 127
1718207148202 561939.3 128
1718207158276 561939.3 129
1718207168336 561939.3 130
1718207178426 561939.3 131
1718207188450 561939.3 132
1718207198521 561939.3 133
1718207208601 561939.3 134
1718207218678 561939.3 135
1718207228765 561939.3 136
1718207238805 561939.3 137
1718207248833 561939.3 138
1718207258908 561939.3 139
1718207268938 561939.3 140
1718207278961 561939.3 141
1718207289031 561939.3 142
1718207299098 561939.3 143
1718207309153 561939.3 144
1718207319176 561939.3 145
1718207329248 561939.3 146
1718207339278 561939.3 147
1718207349316 561939.3 148
1718207359388 561939.3 149
1718207369469 561939.3 150
1718207379550 561939.3 151
1718207389634 561939.3 152
1718207399715 561939.3 153
1718207409799 561939.3 154
1718207419823 561939.3 155
1718207429897 561939.4 156
1718207439930 561939.4 157
1718207450010 561939.4 158
1718207460081 561939.4 159
1718207470114 561939.4 160
1718207480190 561939.4 161
1718207490260 561939.4 162
1718207500328 561939.4 163
1718207510411 561939.4 164
1718207520485 561939.4 165
1718207530509 561939.4 166
1718207540536 563956.4 167
1718207550561 563956.4 168
1718207560586 563956.4 169
1718207570620 563956.4 170
1718207580646 563956.4 171
