1718205864432 61.4 0
1718205874457 85.2 1
1718205884486 91.4 2
1718205894517 91.4 3
1718205904546 91.4 4
1718205914572 91.4 5
1718205924595 91.4 6
1718205934624 91.4 7
1718205944645 91.4 8
1718205954664 91.4 9
1718205964685 91.4 10
1718205974705 91.4 11
1718205984724 91.4 12
1718205994744 91.6 13
1718206004763 91.6 14
1718206014783 91.6 15
1718206024805 91.6 16
1718206034832 91.6 17
1718206044857 91.6 18
1718206054883 91.6 19
1718206064906 91.6 20
1718206074939 91.6 21
1718206084965 91.6 22
1718206094986 91.6 23
1718206105021 91.6 24
1718206115049 91.6 25
1718206125074 91.6 26
1718206135099 91.6 27
1718206145124 91.6 28
1718206155143 91.6 29
1718206165163 91.6 30
1718206175183 91.6 31
1718206185203 91.6 32
1718206195220 91.6 33
1718206205245 91.6 34
1718206215269 91.6 35
1718206225316 91.6 36
1718206235346 91.6 37
1718206245366 91.6 38
1718206255390 91.6 39
1718206265421 91.6 40
1718206275450 91.6 41
1718206285478 91.6 42
1718206295501 91.6 43
1718206305529 91.6 44
1718206315566 91.6 45
1718206325589 91.6 46
1718206335608 91.6 47
1718206345634 91.6 48
1718206355659 91.6 49
1718206365683 91.6 50
1718206375710 91.6 51
1718206385741 91.6 52
1718206395769 91.6 53
1718206405793 91.6 54
1718206415864 91.6 55
1718206425893 91.6 56
1718206435918 91.6 57
1718206445943 91.6 58
1718206455966 91.6 59
1718206465993 91.6 60
1718206476022 91.6 61
1718206486052 91.6 62
1718206496074 91.6 63
1718206506102 91.6 64
1718206516131 91.6 65
1718206526160 91.6 66
1718206536184 91.6 67
1718206546211 91.6 68
1718206556232 91.6 69
1718206566267 91.6 70
1718206576310 91.6 71
1718206586336 91.6 72
1718206596363 91.6 73
1718206606389 91.6 74
1718206616417 91.6 75
1718206626443 91.6 76
1718206636481 91.6 77
1718206646510 91.6 78
1718206656541 91.6 79
1718206666573 91.6 80
1718206676600 91.6 81
1718206686627 91.6 82
1718206696698 91.6 83
1718206706719 91.6 84
1718206716741 91.6 85
1718206726763 91.6 86
1718206736781 91.6 87
1718206746803 91.6 88
1718206756826 91.6 89
1718206766848 91.6 90
1718206776870 91.6 91
1718206786895 91.6 92
1718206796918 91.6 93
1718206806943 91.6 94
1718206816970 91.6 95
1718206827001 91.6 96
1718206837034 91.6 97
1718206847064 91.6 98
1718206857092 91.6 99
1718206867124 91.6 100
1718206877148 91.6 101
1718206887176 91.6 102
1718206897207 91.6 103
1718206907239 91.6 104
1718206917290 91.6 105
1718206927318 91.6 106
1718206937362 91.6 107
1718206947391 91.6 108
1718206957423 91.6 109
1718206967450 91.6 110
1718206977479 91.6 111
1718206987510 91.6 112
1718206997541 91.6 113
1718207007611 91.6 114
1718207017687 91.6 115
1718207027761 91.6 116
1718207037788 91.6 117
1718207047817 91.6 118
1718207057841 91.6 119
1718207067870 91.6 120
1718207077900 91.6 121
1718207087932 91.6 122
1718207097964 91.6 123
1718207108048 91.8 124
1718207118115 91.8 125
1718207128142 91.6 126
1718207138171 91.6 127
1718207148202 91.6 128
1718207158276 91.6 129
1718207168336 91.6 130
1718207178426 91.6 131
1718207188450 91.6 132
1718207198521 91.6 133
1718207208601 91.6 134
1718207218678 91.6 135
1718207228765 91.6 136
1718207238805 91.6 137
1718207248833 91.6 138
1718207258908 91.6 139
1718207268938 91.6 140
1718207278961 91.6 141
1718207289031 91.6 142
1718207299098 91.6 143
1718207309153 91.6 144
1718207319176 91.6 145
1718207329248 91.6 146
1718207339278 91.6 147
1718207349316 91.6 148
1718207359388 91.6 149
1718207369469 91.6 150
1718207379550 91.6 151
1718207389634 91.6 152
1718207399715 91.6 153
1718207409799 91.6 154
1718207419823 91.6 155
1718207429897 91.6 156
1718207439930 91.6 157
1718207450010 91.6 158
1718207460081 91.6 159
1718207470114 91.6 160
1718207480190 91.6 161
1718207490260 91.6 162
1718207500328 91.6 163
1718207510411 91.6 164
1718207520485 91.6 165
1718207530509 91.6 166
1718207540536 91.8 167
1718207550561 91.6 168
1718207560586 91.6 169
1718207570620 91.6 170
1718207580646 91.6 171
