1718205864432 7912.2 0
1718205874457 10971.8 1
1718205884486 11777.1 2
1718205894517 11773.0 3
1718205904546 11773.0 4
1718205914572 11773.0 5
1718205924595 11773.0 6
1718205934624 11773.0 7
1718205944645 11773.0 8
1718205954664 11773.0 9
1718205964685 11773.0 10
1718205974705 11773.0 11
1718205984724 11773.0 12
1718205994744 11800.2 13
1718206004763 11800.2 14
1718206014783 11800.2 15
1718206024805 11800.2 16
1718206034832 11800.2 17
1718206044857 11800.2 18
1718206054883 11800.2 19
1718206064906 11800.2 20
1718206074939 11800.2 21
1718206084965 11800.2 22
1718206094986 11800.2 23
1718206105021 11800.2 24
1718206115049 11802.3 25
1718206125074 11802.3 26
1718206135099 11802.3 27
1718206145124 11802.3 28
1718206155143 11802.3 29
1718206165163 11802.3 30
1718206175183 11802.3 31
1718206185203 11802.3 32
1718206195220 11802.3 33
1718206205245 11802.3 34
1718206215269 11802.3 35
1718206225316 11802.3 36
1718206235346 11802.3 37
1718206245366 11802.3 38
1718206255390 11802.3 39
1718206265421 11802.3 40
1718206275450 11802.3 41
1718206285478 11802.3 42
1718206295501 11802.3 43
1718206305529 11802.3 44
1718206315566 11802.3 45
1718206325589 11802.3 46
1718206335608 11802.3 47
1718206345634 11802.3 48
1718206355659 11802.3 49
1718206365683 11802.3 50
1718206375710 11802.3 51
1718206385741 11802.3 52
1718206395769 11802.3 53
1718206405793 11802.3 54
1718206415864 11802.3 55
1718206425893 11802.3 56
1718206435918 11802.3 57
1718206445943 11802.3 58
1718206455966 11802.3 59
1718206465993 11802.3 60
1718206476022 11802.3 61
1718206486052 11802.3 62
1718206496074 11802.3 63
1718206506102 11802.3 64
1718206516131 11802.3 65
1718206526160 11802.3 66
1718206536184 11802.3 67
1718206546211 11802.3 68
1718206556232 11802.3 69
1718206566267 11802.3 70
1718206576310 11802.3 71
1718206586336 11802.3 72
1718206596363 11802.3 73
1718206606389 11802.3 74
1718206616417 11802.3 75
1718206626443 11802.3 76
1718206636481 11802.3 77
1718206646510 11802.3 78
1718206656541 11802.3 79
1718206666573 11802.3 80
1718206676600 11802.3 81
1718206686627 11802.3 82
1718206696698 11802.3 83
1718206706719 11802.3 84
1718206716741 11802.3 85
1718206726763 11802.3 86
1718206736781 11802.3 87
1718206746803 11802.3 88
1718206756826 11802.3 89
1718206766848 11802.3 90
1718206776870 11802.3 91
1718206786895 11802.3 92
1718206796918 11802.3 93
1718206806943 11802.3 94
1718206816970 11802.3 95
1718206827001 11802.3 96
1718206837034 11802.3 97
1718206847064 11802.3 98
1718206857092 11802.3 99
1718206867124 11802.3 100
1718206877148 11802.3 101
1718206887176 11802.3 102
1718206897207 11802.3 103
1718206907239 11802.3 104
1718206917290 11802.3 105
1718206927318 11802.3 106
1718206937362 11802.3 107
1718206947391 11802.3 108
1718206957423 11802.3 109
1718206967450 11802.3 110
1718206977479 11802.3 111
1718206987510 11802.3 112
1718206997541 11802.3 113
1718207007611 11802.3 114
1718207017687 11802.3 115
1718207027761 11802.3 116
1718207037788 11802.3 117
1718207047817 11802.3 118
1718207057841 11804.5 119
1718207067870 11804.5 120
1718207077900 11804.5 121
1718207087932 11804.5 122
1718207097964 11804.5 123
1718207108048 11831.2 124
1718207118115 11824.8 125
1718207128142 11808.8 126
1718207138171 11808.8 127
1718207148202 11808.8 128
1718207158276 11808.8 129
1718207168336 11808.8 130
1718207178426 11808.8 131
1718207188450 11808.8 132
1718207198521 11808.8 133
1718207208601 11808.8 134
1718207218678 11808.8 135
1718207228765 11808.8 136
1718207238805 11808.8 137
1718207248833 11808.8 138
1718207258908 11808.8 139
1718207268938 11808.8 140
1718207278961 11808.8 141
1718207289031 11808.8 142
1718207299098 11808.8 143
1718207309153 11808.8 144
1718207319176 11808.8 145
1718207329248 11808.8 146
1718207339278 11808.8 147
1718207349316 11808.8 148
1718207359388 11808.8 149
1718207369469 11808.8 150
1718207379550 11808.8 151
1718207389634 11808.8 152
1718207399715 11804.6 153
1718207409799 11804.6 154
1718207419823 11804.6 155
1718207429897 11804.6 156
1718207439930 11804.6 157
1718207450010 11804.6 158
1718207460081 11804.6 159
1718207470114 11804.6 160
1718207480190 11804.6 161
1718207490260 11804.6 162
1718207500328 11804.6 163
1718207510411 11804.6 164
1718207520485 11804.6 165
1718207530509 11804.6 166
1718207540536 11822.2 167
1718207550561 11806.4 168
1718207560586 11806.4 169
1718207570620 11806.4 170
1718207580646 11806.4 171
