1718205864432 10.0 0
1718205874457 96.0 1
1718205884486 97.0 2
1718205894517 95.0 3
1718205904546 94.0 4
1718205914572 91.0 5
1718205924595 94.0 6
1718205934624 97.0 7
1718205944645 96.0 8
1718205954664 96.0 9
1718205964685 96.0 10
1718205974705 97.0 11
1718205984724 76.0 12
1718205994744 96.0 13
1718206004763 91.0 14
1718206014783 97.0 15
1718206024805 96.0 16
1718206034832 82.0 17
1718206044857 89.0 18
1718206054883 94.0 19
1718206064906 96.0 20
1718206074939 89.0 21
1718206084965 96.0 22
1718206094986 97.0 23
1718206105021 97.0 24
1718206115049 95.0 25
1718206125074 91.0 26
1718206135099 74.0 27
1718206145124 95.0 28
1718206155143 97.0 29
1718206165163 91.0 30
1718206175183 96.0 31
1718206185203 96.0 32
1718206195220 77.0 33
1718206205245 90.0 34
1718206215269 91.0 35
1718206225316 90.0 36
1718206235346 85.0 37
1718206245366 93.0 38
1718206255390 97.0 39
1718206265421 96.0 40
1718206275450 91.0 41
1718206285478 96.0 42
1718206295501 97.0 43
1718206305529 91.0 44
1718206315566 94.0 45
1718206325589 95.0 46
1718206335608 96.0 47
1718206345634 95.0 48
1718206355659 91.0 49
1718206365683 95.0 50
1718206375710 96.0 51
1718206385741 90.0 52
1718206395769 95.0 53
1718206405793 97.0 54
1718206415864 95.0 55
1718206425893 91.0 56
1718206435918 95.0 57
1718206445943 97.0 58
1718206455966 86.0 59
1718206465993 92.0 60
1718206476022 96.0 61
1718206486052 91.0 62
1718206496074 96.0 63
1718206506102 78.0 64
1718206516131 96.0 65
1718206526160 96.0 66
1718206536184 94.0 67
1718206546211 92.0 68
1718206556232 76.0 69
1718206566267 97.0 70
1718206576310 90.0 71
1718206586336 94.0 72
1718206596363 94.0 73
1718206606389 97.0 74
1718206616417 97.0 75
1718206626443 96.0 76
1718206636481 97.0 77
1718206646510 97.0 78
1718206656541 97.0 79
1718206666573 97.0 80
1718206676600 97.0 81
1718206686627 97.0 82
1718206696698 96.0 83
1718206706719 95.0 84
1718206716741 92.0 85
1718206726763 94.0 86
1718206736781 90.0 87
1718206746803 94.0 88
1718206756826 96.0 89
1718206766848 74.0 90
1718206776870 97.0 91
1718206786895 96.0 92
1718206796918 90.0 93
1718206806943 92.0 94
1718206816970 94.0 95
1718206827001 96.0 96
1718206837034 96.0 97
1718206847064 92.0 98
1718206857092 95.0 99
1718206867124 96.0 100
1718206877148 74.0 101
1718206887176 97.0 102
1718206897207 95.0 103
1718206907239 97.0 104
1718206917290 91.0 105
1718206927318 96.0 106
1718206937362 97.0 107
1718206947391 93.0 108
1718206957423 96.0 109
1718206967450 92.0 110
1718206977479 95.0 111
1718206987510 96.0 112
1718206997541 89.0 113
1718207007611 89.0 114
1718207017687 93.0 115
1718207027761 97.0 116
1718207037788 72.0 117
1718207047817 96.0 118
1718207057841 91.0 119
1718207067870 98.0 120
1718207077900 95.0 121
1718207087932 97.0 122
1718207097964 92.0 123
1718207108048 91.0 124
1718207118115 95.0 125
1718207128142 91.0 126
1718207138171 74.0 127
1718207148202 97.0 128
1718207158276 95.0 129
1718207168336 96.0 130
1718207178426 97.0 131
1718207188450 98.0 132
1718207198521 95.0 133
1718207208601 94.0 134
1718207218678 95.0 135
1718207228765 74.0 136
1718207238805 89.0 137
1718207248833 91.0 138
1718207258908 96.0 139
1718207268938 96.0 140
1718207278961 84.0 141
1718207289031 91.0 142
1718207299098 92.0 143
1718207309153 90.0 144
1718207319176 95.0 145
1718207329248 97.0 146
1718207339278 91.0 147
1718207349316 91.0 148
1718207359388 96.0 149
1718207369469 97.0 150
1718207379550 92.0 151
1718207389634 90.0 152
1718207399715 95.0 153
1718207409799 91.0 154
1718207419823 90.0 155
1718207429897 94.0 156
1718207439930 95.0 157
1718207450010 97.0 158
1718207460081 96.0 159
1718207470114 96.0 160
1718207480190 97.0 161
1718207490260 97.0 162
1718207500328 96.0 163
1718207510411 96.0 164
1718207520485 97.0 165
1718207530509 95.0 166
1718207540536 95.0 167
1718207550561 97.0 168
1718207560586 75.0 169
1718207570620 97.0 170
1718207580646 96.0 171
