1718205864432 0.0 0
1718205874457 0.0 1
1718205884486 0.0 2
1718205894517 0.0 3
1718205904546 0.00015999999959603883 4
1718205914572 0.004343999999036896 5
1718205924595 0.004343999999036896 6
1718205934624 0.004343999999036896 7
1718205944645 0.005371999999624677 8
1718205954664 0.005431999999927939 9
1718205964685 0.014701000000059139 10
1718205974705 0.027764999998908024 11
1718205984724 0.03700599999865517 12
1718205994744 0.03712199999972654 13
1718206004763 0.0372479999987263 14
1718206014783 0.0372479999987263 15
1718206024805 0.037379999999757274 16
1718206034832 0.042416999998749816 17
1718206044857 0.042416999998749816 18
1718206054883 0.0424829999992653 19
1718206064906 0.0424829999992653 20
1718206074939 0.04261500000029628 21
1718206084965 0.04277100000035716 22
1718206094986 0.04708099999879778 23
1718206105021 0.04736299999967741 24
1718206115049 0.04736299999967741 25
1718206125074 0.04736299999967741 26
1718206135099 0.04736299999967741 27
1718206145124 0.04783399999905669 28
1718206155143 0.05211799999960931 29
1718206165163 0.05211799999960931 30
1718206175183 0.05211799999960931 31
1718206185203 0.05211799999960931 32
1718206195220 0.05211799999960931 33
1718206205245 0.05217799999991257 34
1718206215269 0.05636199999935343 35
1718206225316 0.05636199999935343 36
1718206235346 0.05636199999935343 37
1718206245366 0.05738999999994121 38
1718206255390 0.05738999999994121 39
1718206265421 0.05738999999994121 40
1718206275450 0.07080200000018522 41
1718206285478 0.08046199999989767 42
1718206295501 0.08057799999915005 43
1718206305529 0.08057799999915005 44
1718206315566 0.08057799999915005 45
1718206325589 0.08071000000018103 46
1718206335608 0.08570299999882991 47
1718206345634 0.08570299999882991 48
1718206355659 0.08570299999882991 49
1718206365683 0.08570299999882991 50
1718206375710 0.08595499999864842 51
1718206385741 0.08595499999864842 52
1718206395769 0.09013899999990826 53
1718206405793 0.09019900000021153 54
1718206415864 0.09036500000001979 55
1718206425893 0.09036500000001979 56
1718206435918 0.09036500000001979 57
1718206445943 0.09042500000032305 58
1718206455966 0.09511299999940093 59
1718206465993 0.09517299999970419 60
1718206476022 0.09524599999895145 61
1718206486052 0.09524599999895145 62
1718206496074 0.09524599999895145 63
1718206506102 0.09530599999925471 64
1718206516131 0.09948999999869557 65
1718206526160 0.09948999999869557 66
1718206536184 0.1820319999987987 67
1718206546211 0.18317599999863887 68
1718206556232 0.18317599999863887 69
1718206566267 0.18317599999863887 70
1718206576310 0.19671999999991385 71
1718206586336 0.20626400000037393 72
1718206596363 0.20626400000037393 73
1718206606389 0.20626400000037393 74
1718206616417 0.2063239999988582 75
1718206626443 0.20645599999988917 76
1718206636481 0.21139299999958894 77
1718206646510 0.21139299999958894 78
1718206656541 0.21139299999958894 79
1718206666573 0.2115589999993972 80
1718206676600 0.21168500000021595 81
1718206686627 0.21198499999991327 82
1718206696698 0.21616899999935413 83
1718206706719 0.22550299999966228 84
1718206716741 0.22550299999966228 85
1718206726763 0.22550299999966228 86
1718206736781 0.22550299999966228 87
1718206746803 0.22550299999966228 88
1718206756826 0.22968699999910314 89
1718206766848 0.2297469999994064 90
1718206776870 0.22980699999970966 91
1718206786895 0.22985700000026554 92
1718206796918 0.22985700000026554 93
1718206806943 0.22991699999874982 94
1718206816970 0.23410100000000966 95
1718206827001 0.23410100000000966 96
1718206837034 0.23410100000000966 97
1718206847064 0.23518899999908172 98
1718206857092 0.23518899999908172 99
1718206867124 0.23518899999908172 100
1718206877148 0.27971699999943667 101
1718206887176 0.29330899999877147 102
1718206897207 0.29944699999941804 103
1718206907239 0.30015499999899475 104
1718206917290 0.3002550000001065 105
1718206927318 0.3003869999993185 106
1718206937362 0.3053199999994831 107
1718206947391 0.305475999999544 108
1718206957423 0.305475999999544 109
1718206967450 0.3055420000000595 110
1718206977479 0.30566799999905925 111
1718206987510 0.30566799999905925 112
1718206997541 0.30991199999880337 113
1718207007611 0.31035899999915273 114
1718207017687 0.31035899999915273 115
1718207027761 0.31035899999915273 116
1718207037788 0.3104590000002645 117
1718207047817 0.31051899999874877 118
1718207057841 0.3147030000000086 119
1718207067870 0.3147630000003119 120
1718207077900 0.3147630000003119 121
1718207087932 0.3147630000003119 122
1718207097964 0.3147630000003119 123
1718207108048 0.3148829999990994 124
1718207118115 0.31906700000035926 125
1718207128142 0.3193219999993744 126
1718207138171 0.3193219999993744 127
1718207148202 0.3204100000002654 128
1718207158276 0.3204100000002654 129
1718207168336 0.32056999999986147 130
1718207178426 0.3423139999995328 131
1718207188450 0.343418999998903 132
1718207198521 0.343418999998903 133
1718207208601 0.343418999998903 134
1718207218678 0.343418999998903 135
1718207228765 0.3436709999987215 136
1718207238805 0.34860399999888614 137
1718207248833 0.34860399999888614 138
1718207258908 0.34860399999888614 139
1718207268938 0.3486699999994016 140
1718207278961 0.34900199999901815 141
1718207289031 0.3500339999991411 142
1718207299098 0.3545269999995071 143
1718207309153 0.35465300000032585 144
1718207319176 0.35475599999881524 145
1718207329248 0.35475599999881524 146
1718207339278 0.3548589999991236 147
1718207349316 0.3549189999994269 148
1718207359388 0.3592659999994794 149
1718207369469 0.3592659999994794 150
1718207379550 0.3593689999997878 151
1718207389634 0.3595150000001013 152
1718207399715 0.3601810000000114 153
1718207409799 0.36054999999942083 154
1718207419823 0.3648940000002767 155
1718207429897 0.3649969999987661 156
1718207439930 0.386715999999069 157
1718207450010 0.3868189999993774 158
1718207460081 0.3868189999993774 159
1718207470114 0.38698199999998906 160
1718207480190 0.4100249999992229 161
1718207490260 0.41035999999985506 162
1718207500328 0.41035999999985506 163
1718207510411 0.41046300000016345 164
1718207520485 0.41046300000016345 165
1718207530509 0.4115669999991951 166
1718207540536 0.42499299999872164 167
1718207550561 0.42509599999903 168
1718207560586 0.42509599999903 169
1718207570620 0.4253310000003694 170
1718207580646 0.4253310000003694 171
