1718205864432 0.0 0
1718205874457 0.0 1
1718205884486 0.0 2
1718205894517 0.0 3
1718205904546 0.00014800000002423985 4
1718205914572 0.0044060000000172295 5
1718205924595 0.0044060000000172295 6
1718205934624 0.0044060000000172295 7
1718205944645 0.005387999999982185 8
1718205954664 0.00544999999999618 9
1718205964685 0.009658999999999196 10
1718205974705 0.017757000000017342 11
1718205984724 0.02275200000002542 12
1718205994744 0.02295400000002701 13
1718206004763 0.02303999999998041 14
1718206014783 0.02303999999998041 15
1718206024805 0.0232120000000009 16
1718206034832 0.028286999999977525 17
1718206044857 0.028286999999977525 18
1718206054883 0.02837299999998777 19
1718206064906 0.02837299999998777 20
1718206074939 0.028545000000008258 21
1718206084965 0.028717000000028747 22
1718206094986 0.033049000000005435 23
1718206105021 0.033306999999979325 24
1718206115049 0.033306999999979325 25
1718206125074 0.033306999999979325 26
1718206135099 0.033306999999979325 27
1718206145124 0.03376300000002175 28
1718206155143 0.03803299999998444 29
1718206165163 0.03810700000002498 30
1718206175183 0.03810700000002498 31
1718206185203 0.03810700000002498 32
1718206195220 0.03819299999997838 33
1718206205245 0.03825499999999238 34
1718206215269 0.04243900000000167 35
1718206225316 0.04243900000000167 36
1718206235346 0.04243900000000167 37
1718206245366 0.04342100000002347 38
1718206255390 0.04342100000002347 39
1718206265421 0.04342100000002347 40
1718206275450 0.05212499999998954 41
1718206285478 0.05779699999999366 42
1718206295501 0.05799899999999525 43
1718206305529 0.05799899999999525 44
1718206315566 0.05808500000000549 45
1718206325589 0.05825700000002598 46
1718206335608 0.06314800000001242 47
1718206345634 0.06323400000002266 48
1718206355659 0.06323400000002266 49
1718206365683 0.06323400000002266 50
1718206375710 0.0634680000000003 51
1718206385741 0.0634680000000003 52
1718206395769 0.0676520000000096 53
1718206405793 0.0676520000000096 54
1718206415864 0.06781200000000354 55
1718206425893 0.06781200000000354 56
1718206435918 0.06781200000000354 57
1718206445943 0.06781200000000354 58
1718206455966 0.07208200000002307 59
1718206465993 0.07214399999998022 60
1718206476022 0.07221700000002329 61
1718206486052 0.07221700000002329 62
1718206496074 0.07221700000002329 63
1718206506102 0.07236499999999069 64
1718206516131 0.07654899999999998 65
1718206526160 0.07654899999999998 66
1718206536184 0.11151999999998452 67
1718206546211 0.11272400000001426 68
1718206556232 0.11272400000001426 69
1718206566267 0.11272400000001426 70
1718206576310 0.12151399999999057 71
1718206586336 0.12714299999998957 72
1718206596363 0.12722899999999981 73
1718206606389 0.12722899999999981 74
1718206616417 0.12737700000002405 75
1718206626443 0.1275489999999877 76
1718206636481 0.13246400000002723 77
1718206646510 0.13254999999998063 78
1718206656541 0.13254999999998063 79
1718206666573 0.13271000000003141 80
1718206676600 0.1328579999999988 81
1718206686627 0.1329200000000128 82
1718206696698 0.1371040000000221 83
1718206706719 0.1402180000000044 84
1718206716741 0.1402180000000044 85
1718206726763 0.1402180000000044 86
1718206736781 0.1402180000000044 87
1718206746803 0.1402180000000044 88
1718206756826 0.14448800000002393 89
1718206766848 0.14454999999998108 90
1718206776870 0.14454999999998108 91
1718206786895 0.14454999999998108 92
1718206796918 0.14462400000002162 93
1718206806943 0.14477199999998902 94
1718206816970 0.1489559999999983 95
1718206827001 0.1489559999999983 96
1718206837034 0.1489559999999983 97
1718206847064 0.14999999999997726 98
1718206857092 0.14999999999997726 99
1718206867124 0.14999999999997726 100
1718206877148 0.1722300000000132 101
1718206887176 0.1939530000000218 102
1718206897207 0.19882999999998674 103
1718206907239 0.20099199999998518 104
1718206917290 0.20189599999997654 105
1718206927318 0.20223399999997582 106
1718206937362 0.20731499999999414 107
1718206947391 0.20765299999999343 108
1718206957423 0.20765299999999343 109
1718206967450 0.20773900000000367 110
1718206977479 0.2082189999999855 111
1718206987510 0.2082189999999855 112
1718206997541 0.2124029999999948 113
1718207007611 0.21297500000002856 114
1718207017687 0.21297500000002856 115
1718207027761 0.21297500000002856 116
1718207037788 0.21297500000002856 117
1718207047817 0.21304900000001226 118
1718207057841 0.21731899999997495 119
1718207067870 0.21738099999998894 120
1718207077900 0.21738099999998894 121
1718207087932 0.21738099999998894 122
1718207097964 0.21738099999998894 123
1718207108048 0.21752900000001318 124
1718207118115 0.22171300000002248 125
1718207128142 0.22171300000002248 126
1718207138171 0.22171300000002248 127
1718207148202 0.22275700000000143 128
1718207158276 0.22275700000000143 129
1718207168336 0.22275700000000143 130
1718207178426 0.23633599999999433 131
1718207188450 0.23702900000000682 132
1718207198521 0.23711500000001706 133
1718207208601 0.2372010000000273 134
1718207218678 0.2372010000000273 135
1718207228765 0.23743500000000495 136
1718207238805 0.24247000000002572 137
1718207248833 0.24247000000002572 138
1718207258908 0.24247000000002572 139
1718207268938 0.24255599999997912 140
1718207278961 0.24270400000000336 141
1718207289031 0.24270400000000336 142
1718207299098 0.24696199999999635 143
1718207309153 0.2470480000000066 144
1718207319176 0.2470480000000066 145
1718207329248 0.2470480000000066 146
1718207339278 0.2470480000000066 147
1718207349316 0.2470480000000066 148
1718207359388 0.2513799999999833 149
1718207369469 0.2513799999999833 150
1718207379550 0.2513799999999833 151
1718207389634 0.2515260000000126 152
1718207399715 0.2516120000000228 153
1718207409799 0.25167399999997997 154
1718207419823 0.2559320000000298 155
1718207429897 0.2559320000000298 156
1718207439930 0.2672929999999951 157
1718207450010 0.26737900000000536 158
1718207460081 0.26737900000000536 159
1718207470114 0.26737900000000536 160
1718207480190 0.28146800000001804 161
1718207490260 0.28178600000001097 162
1718207500328 0.2818720000000212 163
1718207510411 0.28195800000003146 164
1718207520485 0.28195800000003146 165
1718207530509 0.2828370000000291 166
1718207540536 0.2902210000000309 167
1718207550561 0.2902950000000146 168
1718207560586 0.2902950000000146 169
1718207570620 0.29046699999997827 170
1718207580646 0.29046699999997827 171
