1718205864432 6954.5 0
1718205874457 8246.0 1
1718205884486 8246.8 2
1718205894517 8251.5 3
1718205904546 8254.8 4
1718205914572 8257.1 5
1718205924595 8252.5 6
1718205934624 8257.9 7
1718205944645 8266.5 8
1718205954664 8253.0 9
1718205964685 8269.8 10
1718205974705 8266.9 11
1718205984724 8254.0 12
1718205994744 8258.4 13
1718206004763 8255.7 14
1718206014783 8249.3 15
1718206024805 8258.5 16
1718206034832 8259.4 17
1718206044857 8252.2 18
1718206054883 8247.8 19
1718206064906 8255.6 20
1718206074939 8253.1 21
1718206084965 8243.3 22
1718206094986 8254.5 23
1718206105021 8243.3 24
1718206115049 8250.1 25
1718206125074 8258.0 26
1718206135099 8255.0 27
1718206145124 8258.4 28
1718206155143 8264.0 29
1718206165163 8263.5 30
1718206175183 8266.5 31
1718206185203 8256.1 32
1718206195220 8264.9 33
1718206205245 8259.3 34
1718206215269 8271.4 35
1718206225316 8266.4 36
1718206235346 8265.5 37
1718206245366 8265.4 38
1718206255390 8276.9 39
1718206265421 8260.3 40
1718206275450 8263.2 41
1718206285478 8269.2 42
1718206295501 8260.3 43
1718206305529 8263.2 44
1718206315566 8263.3 45
1718206325589 8263.6 46
1718206335608 8264.3 47
1718206345634 8255.3 48
1718206355659 8261.5 49
1718206365683 8263.7 50
1718206375710 8272.5 51
1718206385741 8265.3 52
1718206395769 8257.8 53
1718206405793 8263.3 54
1718206415864 8266.7 55
1718206425893 8262.0 56
1718206435918 8267.3 57
1718206445943 8257.0 58
1718206455966 8258.9 59
1718206465993 8256.1 60
1718206476022 8259.1 61
1718206486052 8252.7 62
1718206496074 8258.2 63
1718206506102 8262.4 64
1718206516131 8269.4 65
1718206526160 8264.4 66
1718206536184 8271.7 67
1718206546211 8269.1 68
1718206556232 8280.0 69
1718206566267 8265.8 70
1718206576310 8275.9 71
1718206586336 8281.4 72
1718206596363 8366.7 73
1718206606389 8367.4 74
1718206616417 8364.1 75
1718206626443 8365.0 76
1718206636481 8368.3 77
1718206646510 8358.8 78
1718206656541 8357.4 79
1718206666573 8364.8 80
1718206676600 8372.7 81
1718206686627 8363.1 82
1718206696698 8372.7 83
1718206706719 10511.6 84
1718206716741 10515.1 85
1718206726763 10518.4 86
1718206736781 10508.0 87
1718206746803 10517.0 88
1718206756826 10520.4 89
1718206766848 10517.8 90
1718206776870 10526.1 91
1718206786895 10527.6 92
1718206796918 10530.5 93
1718206806943 10536.5 94
1718206816970 10482.9 95
1718206827001 10478.0 96
1718206837034 10479.9 97
1718206847064 10487.9 98
1718206857092 10495.3 99
1718206867124 10494.8 100
1718206877148 10498.7 101
1718206887176 10494.4 102
1718206897207 10500.0 103
1718206907239 10490.6 104
1718206917290 10495.3 105
1718206927318 10502.0 106
1718206937362 10500.6 107
1718206947391 10491.8 108
1718206957423 10493.3 109
1718206967450 10495.1 110
1718206977479 10488.6 111
1718206987510 10490.8 112
1718206997541 10498.4 113
1718207007611 10487.4 114
1718207017687 10492.4 115
1718207027761 10495.1 116
1718207037788 10498.9 117
1718207047817 10497.5 118
1718207057841 10504.1 119
1718207067870 10503.1 120
1718207077900 10493.7 121
1718207087932 10490.9 122
1718207097964 10494.0 123
1718207108048 10509.7 124
1718207118115 10504.1 125
1718207128142 10490.5 126
1718207138171 10498.8 127
1718207148202 10493.4 128
1718207158276 10500.5 129
1718207168336 10506.7 130
1718207178426 10527.8 131
1718207188450 10507.8 132
1718207198521 10497.5 133
1718207208601 10496.6 134
1718207218678 10495.4 135
1718207228765 10506.4 136
1718207238805 10500.9 137
1718207248833 10500.9 138
1718207258908 10504.0 139
1718207268938 10508.2 140
1718207278961 10507.4 141
1718207289031 10505.1 142
1718207299098 10500.9 143
1718207309153 10504.7 144
1718207319176 10500.1 145
1718207329248 10505.7 146
1718207339278 10505.3 147
1718207349316 10509.2 148
1718207359388 10502.9 149
1718207369469 10502.1 150
1718207379550 10512.9 151
1718207389634 10505.8 152
1718207399715 10508.8 153
1718207409799 10504.2 154
1718207419823 10520.2 155
1718207429897 10506.2 156
1718207439930 10515.4 157
1718207450010 10504.7 158
1718207460081 10516.9 159
1718207470114 10512.4 160
1718207480190 10510.9 161
1718207490260 10512.2 162
1718207500328 10514.9 163
1718207510411 10517.9 164
1718207520485 10531.2 165
1718207530509 10508.3 166
1718207540536 10555.5 167
1718207550561 10542.6 168
1718207560586 10553.9 169
1718207570620 10531.3 170
1718207580646 10541.0 171
