1718205864432 20.7 0
1718205874457 24.6 1
1718205884486 24.6 2
1718205894517 24.6 3
1718205904546 24.6 4
1718205914572 24.6 5
1718205924595 24.6 6
1718205934624 24.6 7
1718205944645 24.6 8
1718205954664 24.6 9
1718205964685 24.7 10
1718205974705 24.7 11
1718205984724 24.6 12
1718205994744 24.6 13
1718206004763 24.6 14
1718206014783 24.6 15
1718206024805 24.6 16
1718206034832 24.6 17
1718206044857 24.6 18
1718206054883 24.6 19
1718206064906 24.6 20
1718206074939 24.6 21
1718206084965 24.6 22
1718206094986 24.6 23
1718206105021 24.6 24
1718206115049 24.6 25
1718206125074 24.6 26
1718206135099 24.6 27
1718206145124 24.6 28
1718206155143 24.6 29
1718206165163 24.6 30
1718206175183 24.6 31
1718206185203 24.6 32
1718206195220 24.6 33
1718206205245 24.6 34
1718206215269 24.7 35
1718206225316 24.6 36
1718206235346 24.6 37
1718206245366 24.6 38
1718206255390 24.7 39
1718206265421 24.6 40
1718206275450 24.6 41
1718206285478 24.7 42
1718206295501 24.6 43
1718206305529 24.6 44
1718206315566 24.6 45
1718206325589 24.6 46
1718206335608 24.6 47
1718206345634 24.6 48
1718206355659 24.6 49
1718206365683 24.6 50
1718206375710 24.7 51
1718206385741 24.6 52
1718206395769 24.6 53
1718206405793 24.6 54
1718206415864 24.6 55
1718206425893 24.6 56
1718206435918 24.7 57
1718206445943 24.6 58
1718206455966 24.6 59
1718206465993 24.6 60
1718206476022 24.6 61
1718206486052 24.6 62
1718206496074 24.6 63
1718206506102 24.6 64
1718206516131 24.7 65
1718206526160 24.6 66
1718206536184 24.7 67
1718206546211 24.7 68
1718206556232 24.7 69
1718206566267 24.6 70
1718206576310 24.7 71
1718206586336 24.7 72
1718206596363 24.9 73
1718206606389 24.9 74
1718206616417 24.9 75
1718206626443 24.9 76
1718206636481 25.0 77
1718206646510 24.9 78
1718206656541 24.9 79
1718206666573 24.9 80
1718206676600 25.0 81
1718206686627 24.9 82
1718206696698 25.0 83
1718206706719 31.3 84
1718206716741 31.4 85
1718206726763 31.4 86
1718206736781 31.3 87
1718206746803 31.4 88
1718206756826 31.4 89
1718206766848 31.4 90
1718206776870 31.4 91
1718206786895 31.4 92
1718206796918 31.4 93
1718206806943 31.4 94
1718206816970 31.3 95
1718206827001 31.2 96
1718206837034 31.2 97
1718206847064 31.3 98
1718206857092 31.3 99
1718206867124 31.3 100
1718206877148 31.3 101
1718206887176 31.3 102
1718206897207 31.3 103
1718206907239 31.3 104
1718206917290 31.3 105
1718206927318 31.3 106
1718206937362 31.3 107
1718206947391 31.3 108
1718206957423 31.3 109
1718206967450 31.3 110
1718206977479 31.3 111
1718206987510 31.3 112
1718206997541 31.3 113
1718207007611 31.3 114
1718207017687 31.3 115
1718207027761 31.3 116
1718207037788 31.3 117
1718207047817 31.3 118
1718207057841 31.3 119
1718207067870 31.3 120
1718207077900 31.3 121
1718207087932 31.3 122
1718207097964 31.3 123
1718207108048 31.3 124
1718207118115 31.3 125
1718207128142 31.3 126
1718207138171 31.3 127
1718207148202 31.3 128
1718207158276 31.3 129
1718207168336 31.3 130
1718207178426 31.4 131
1718207188450 31.3 132
1718207198521 31.3 133
1718207208601 31.3 134
1718207218678 31.3 135
1718207228765 31.3 136
1718207238805 31.3 137
1718207248833 31.3 138
1718207258908 31.3 139
1718207268938 31.3 140
1718207278961 31.3 141
1718207289031 31.3 142
1718207299098 31.3 143
1718207309153 31.3 144
1718207319176 31.3 145
1718207329248 31.3 146
1718207339278 31.3 147
1718207349316 31.3 148
1718207359388 31.3 149
1718207369469 31.3 150
1718207379550 31.3 151
1718207389634 31.3 152
1718207399715 31.3 153
1718207409799 31.3 154
1718207419823 31.4 155
1718207429897 31.3 156
1718207439930 31.4 157
1718207450010 31.3 158
1718207460081 31.4 159
1718207470114 31.3 160
1718207480190 31.3 161
1718207490260 31.3 162
1718207500328 31.4 163
1718207510411 31.4 164
1718207520485 31.4 165
1718207530509 31.3 166
1718207540536 31.5 167
1718207550561 31.4 168
1718207560586 31.5 169
1718207570620 31.4 170
1718207580646 31.4 171
