1717932928580 0.02 100
1717932938317 0.04 200
1717932948022 0.05 300
1717932957756 0.07 400
1717932967562 0.09 500
1717932977297 0.11 600
1717932987088 0.12 700
1717932996655 0.14 800
1717933006114 0.16 900
1717933015726 0.18 1000
1717933022432 0.18 1000
1717933032217 0.19 1100
1717933041962 0.21 1200
1717933051747 0.23 1300
1717933061601 0.25 1400
1717933071390 0.26 1500
1717933081140 0.28 1600
1717933091466 0.3 1700
1717933101562 0.32 1800
1717933111852 0.33 1900
1717933121556 0.35 2000
1717933128012 0.35 2000
1717933137578 0.37 2100
1717933146932 0.39 2200
1717933156295 0.4 2300
1717933165732 0.42 2400
1717933175246 0.44 2500
1717933184754 0.46 2600
1717933194209 0.47 2700
1717933203651 0.49 2800
1717933213405 0.51 2900
1717933222695 0.53 3000
1717933229099 0.53 3000
1717933239558 0.54 3100
1717933248874 0.56 3200
1717933258176 0.58 3300
1717933267544 0.6 3400
1717933277105 0.61 3500
1717933286804 0.63 3600
1717933296613 0.65 3700
1717933306493 0.67 3800
1717933316280 0.68 3900
1717933326070 0.7 4000
1717933332721 0.7 4000
1717933343031 0.72 4100
1717933353420 0.74 4200
1717933363365 0.75 4300
1717933373637 0.77 4400
1717933383460 0.79 4500
1717933393761 0.81 4600
1717933404284 0.82 4700
1717933414703 0.84 4800
1717933425072 0.86 4900
1717933435467 0.88 5000
1717933442448 0.88 5000
1717933452982 0.89 5100
1717933463123 0.91 5200
1717933473535 0.93 5300
1717933483971 0.95 5400
1717933494316 0.96 5500
1717933504700 0.98 5600
1717933515128 1.0 5700
1717933527185 1.02 5800
1717933538167 1.03 5900
1717933549107 1.05 6000
1717933556459 1.05 6000
1717933568402 1.07 6100
1717933579019 1.09 6200
1717933589485 1.1 6300
1717933599935 1.12 6400
1717933609898 1.14 6500
1717933620052 1.16 6600
1717933630597 1.18 6700
1717933641246 1.19 6800
1717933651739 1.21 6900
1717933661829 1.23 7000
1717933668561 1.23 7000
1717933678926 1.25 7100
1717933689360 1.26 7200
1717933699808 1.28 7300
1717933709965 1.3 7400
1717933719846 1.32 7500
1717933729749 1.33 7600
1717933739591 1.35 7700
1717933749533 1.37 7800
1717933759400 1.39 7900
1717933769267 1.4 8000
1717933776036 1.4 8000
1717933786496 1.42 8100
1717933796992 1.44 8200
1717933807329 1.46 8300
1717933818402 1.47 8400
1717933829153 1.49 8500
1717933839188 1.51 8600
1717933849447 1.53 8700
1717933859439 1.54 8800
1717933869684 1.56 8900
1717933879552 1.58 9000
1717933886437 1.58 9000
1717933898002 1.6 9100
1717933907896 1.61 9200
1717933917769 1.63 9300
1717933927683 1.65 9400
1717933937919 1.67 9500
1717933947793 1.68 9600
1717933957426 1.7 9700
1717933966840 1.72 9800
1717933976261 1.74 9900
1717933985677 1.75 10000
1717933992113 1.75 10000
1717934001516 1.77 10100
1717934010917 1.79 10200
1717934020350 1.81 10300
1717934029792 1.82 10400
1717934039195 1.84 10500
1717934048592 1.86 10600
1717934057990 1.88 10700
1717934067392 1.89 10800
1717934076794 1.91 10900
1717934086210 1.93 11000
1717934092652 1.93 11000
1717934102075 1.95 11100
1717934111467 1.96 11200
1717934120869 1.98 11300
1717934130278 2.0 11400
1717934139696 2.02 11500
1717934149111 2.03 11600
1717934158518 2.05 11700
1717934167930 2.07 11800
1717934177324 2.09 11900
1717934186715 2.1 12000
1717934193134 2.1 12000
1717934203777 2.12 12100
1717934213201 2.14 12200
1717934222622 2.16 12300
1717934232044 2.17 12400
1717934241466 2.19 12500
1717934250902 2.21 12600
1717934260339 2.23 12700
1717934269757 2.24 12800
1717934279157 2.26 12900
1717934288570 2.28 13000
1717934295003 2.28 13000
1717934304433 2.3 13100
1717934313840 2.31 13200
1717934323278 2.33 13300
1717934332837 2.35 13400
1717934342109 2.37 13500
1717934351277 2.39 13600
1717934360456 2.4 13700
1717934369625 2.42 13800
1717934378808 2.44 13900
1717934387974 2.46 14000
1717934394221 2.46 14000
1717934403389 2.47 14100
1717934412560 2.49 14200
1717934421739 2.51 14300
1717934430906 2.53 14400
1717934440088 2.54 14500
1717934449270 2.56 14600
1717934458438 2.58 14700
1717934467604 2.6 14800
1717934476786 2.61 14900
1717934485954 2.63 15000
1717934492211 2.63 15000
1717934502616 2.65 15100
1717934511803 2.67 15200
1717934520970 2.68 15300
1717934530134 2.7 15400
1717934539302 2.72 15500
1717934548485 2.74 15600
1717934557662 2.75 15700
1717934566833 2.77 15800
1717934575999 2.79 15900
1717934585166 2.81 16000
1717934591398 2.81 16000
1717934600580 2.82 16100
1717934609748 2.84 16200
1717934618922 2.86 16300
1717934628097 2.88 16400
1717934637264 2.89 16500
1717934646431 2.91 16600
1717934655596 2.93 16700
1717934664772 2.95 16800
1717934673945 2.96 16900
1717934683112 2.98 17000
1717934689352 2.98 17000
1717934698529 3.0 17100
1717934707693 3.02 17200
1717934716861 3.03 17300
1717934726026 3.05 17400
1717934735194 3.07 17500
1717934744376 3.09 17600
1717934753543 3.1 17700
1717934762725 3.12 17800
1717934771891 3.14 17900
1717934781058 3.16 18000
1717934787280 3.16 18000
1717934797622 3.17 18100
1717934806755 3.19 18200
1717934815898 3.21 18300
1717934825049 3.23 18400
1717934834183 3.24 18500
1717934843319 3.26 18600
1717934852459 3.28 18700
1717934861603 3.3 18800
1717934870721 3.31 18900
1717934879837 3.33 19000
1717934886068 3.33 19000
1717934895236 3.35 19100
1717934904402 3.37 19200
1717934913569 3.38 19300
1717934922736 3.4 19400
1717934931901 3.42 19500
1717934941068 3.44 19600
1717934950235 3.45 19700
1717934959402 3.47 19800
1717934968566 3.49 19900
1717934977733 3.51 20000
1717934984004 3.51 20000
1717934993182 3.53 20100
1717935002348 3.54 20200
1717935011515 3.56 20300
1717935020682 3.58 20400
1717935029847 3.6 20500
1717935039014 3.61 20600
1717935048195 3.63 20700
1717935057363 3.65 20800
1717935066529 3.67 20900
1717935075696 3.68 21000
1717935081920 3.68 21000
1717935092205 3.7 21100
1717935101336 3.72 21200
1717935110474 3.74 21300
1717935119618 3.75 21400
1717935128754 3.77 21500
1717935137893 3.79 21600
1717935147026 3.81 21700
1717935156162 3.82 21800
1717935165288 3.84 21900
1717935174412 3.86 22000
1717935180637 3.86 22000
1717935189808 3.88 22100
1717935198974 3.89 22200
1717935208140 3.91 22300
1717935217306 3.93 22400
1717935226474 3.95 22500
1717935235640 3.96 22600
1717935244809 3.98 22700
1717935253990 4.0 22800
1717935263157 4.02 22900
1717935272321 4.03 23000
1717935278587 4.03 23000
1717935287775 4.05 23100
1717935296954 4.07 23200
1717935306120 4.09 23300
1717935315286 4.1 23400
1717935324455 4.12 23500
1717935333619 4.14 23600
1717935342786 4.16 23700
1717935351968 4.17 23800
1717935361134 4.19 23900
1717935370300 4.21 24000
1717935376569 4.21 24000
1717935386858 4.23 24100
1717935396004 4.24 24200
1717935405148 4.26 24300
1717935414275 4.28 24400
1717935423427 4.3 24500
1717935432564 4.31 24600
1717935441713 4.33 24700
1717935450852 4.35 24800
1717935459993 4.37 24900
1717935469113 4.38 25000
1717935475340 4.38 25000
1717935484531 4.4 25100
1717935493713 4.42 25200
1717935502897 4.44 25300
1717935512078 4.45 25400
1717935521245 4.47 25500
1717935530412 4.49 25600
1717935539577 4.51 25700
1717935548761 4.52 25800
1717935557928 4.54 25900
1717935567093 4.56 26000
1717935573327 4.56 26000
1717935582510 4.58 26100
1717935591691 4.59 26200
1717935600858 4.61 26300
1717935610026 4.63 26400
1717935619207 4.65 26500
1717935628374 4.67 26600
1717935637540 4.68 26700
1717935646707 4.7 26800
1717935655877 4.72 26900
1717935665049 4.74 27000
1717935671310 4.74 27000
1717935681604 4.75 27100
1717935690736 4.77 27200
1717935699866 4.79 27300
1717935708987 4.81 27400
1717935718114 4.82 27500
1717935727253 4.84 27600
1717935736393 4.86 27700
1717935745526 4.88 27800
1717935754618 4.89 27900
1717935763728 4.91 28000
1717935769954 4.91 28000
1717935779118 4.93 28100
1717935788284 4.95 28200
1717935797450 4.96 28300
1717935806611 4.98 28400
1717935815763 5.0 28500
1717935816726 5.0 28510
