1717932928580 2.0987682342529297 100
1717932938317 1.986549735069275 200
1717932948022 2.7380707263946533 300
1717932957756 2.950594425201416 400
1717932967562 7.391362190246582 500
1717932977297 8.96690845489502 600
1717932987088 6.919534683227539 700
1717932996655 15.32642650604248 800
1717933006114 11.374404907226562 900
1717933015726 12.467268943786621 1000
1717933032217 8.960932731628418 1100
1717933041962 9.746175765991211 1200
1717933051747 7.251516819000244 1300
1717933061601 10.464621543884277 1400
1717933071390 10.683642387390137 1500
1717933081140 19.018537521362305 1600
1717933091466 9.820300102233887 1700
1717933101562 8.717873573303223 1800
1717933111852 12.279561042785645 1900
1717933121556 9.771831512451172 2000
1717933137578 11.024188041687012 2100
1717933146932 7.183481693267822 2200
1717933156295 9.965986251831055 2300
1717933165732 11.68891716003418 2400
1717933175246 5.292161464691162 2500
1717933184754 10.636382102966309 2600
1717933194209 5.564350128173828 2700
1717933203651 7.453114986419678 2800
1717933213405 6.480815410614014 2900
1717933222695 5.096131324768066 3000
1717933239558 9.0316743850708 3100
1717933248874 8.356821060180664 3200
1717933258176 5.038768768310547 3300
1717933267544 7.3112969398498535 3400
1717933277105 6.590780735015869 3500
1717933286804 8.846845626831055 3600
1717933296613 6.426229953765869 3700
1717933306493 6.674633979797363 3800
1717933316280 4.572620868682861 3900
1717933326070 5.063352108001709 4000
1717933343031 11.038265228271484 4100
1717933353420 8.032374382019043 4200
1717933363365 6.646204471588135 4300
1717933373637 6.217105388641357 4400
1717933383460 7.334606170654297 4500
1717933393761 11.255998611450195 4600
1717933404284 7.931448459625244 4700
1717933414703 14.453103065490723 4800
1717933425072 6.494058609008789 4900
1717933435467 9.57399845123291 5000
1717933452982 6.302175521850586 5100
1717933463123 7.381775379180908 5200
1717933473535 10.51074504852295 5300
1717933483971 9.40775203704834 5400
1717933494316 5.858322620391846 5500
1717933504700 12.07899284362793 5600
1717933515128 7.042190074920654 5700
1717933527185 6.217770099639893 5800
1717933538167 4.6773362159729 5900
1717933549107 9.08366870880127 6000
1717933568402 5.40571928024292 6100
1717933579019 9.612458229064941 6200
1717933589485 8.097091674804688 6300
1717933599935 9.161577224731445 6400
1717933609898 11.868735313415527 6500
1717933620052 11.4743070602417 6600
1717933630597 5.0137152671813965 6700
1717933641246 16.971561431884766 6800
1717933651739 12.047560691833496 6900
1717933661829 7.006862163543701 7000
1717933678926 5.882709980010986 7100
1717933689360 10.190241813659668 7200
1717933699808 3.128998041152954 7300
1717933709965 3.2892956733703613 7400
1717933719846 6.5322265625 7500
1717933729749 10.456504821777344 7600
1717933739591 9.482675552368164 7700
1717933749533 4.2117018699646 7800
1717933759400 8.479474067687988 7900
1717933769267 8.485735893249512 8000
1717933786496 5.038798809051514 8100
1717933796992 7.877207279205322 8200
1717933807329 13.77008056640625 8300
1717933818402 8.682538986206055 8400
1717933829153 14.554984092712402 8500
1717933839188 16.268596649169922 8600
1717933849447 6.0877532958984375 8700
1717933859439 14.459872245788574 8800
1717933869684 4.704525947570801 8900
1717933879552 8.620133399963379 9000
1717933898002 17.415590286254883 9100
1717933907896 6.5383782386779785 9200
1717933917769 5.840290069580078 9300
1717933927683 4.886615753173828 9400
1717933937919 12.272480964660645 9500
1717933947793 7.8274664878845215 9600
1717933957426 7.498345851898193 9700
1717933966840 9.631190299987793 9800
1717933976261 12.698138236999512 9900
1717933985677 13.214797973632812 10000
1717934001516 19.53260612487793 10100
1717934010917 5.679964065551758 10200
1717934020350 7.680079936981201 10300
1717934029792 9.065205574035645 10400
1717934039195 6.528477191925049 10500
1717934048592 17.161727905273438 10600
1717934057990 6.5330915451049805 10700
1717934067392 6.7977213859558105 10800
1717934076794 11.609417915344238 10900
1717934086210 12.462417602539062 11000
1717934102075 9.263969421386719 11100
1717934111467 11.968179702758789 11200
1717934120869 9.50775146484375 11300
1717934130278 12.396369934082031 11400
1717934139696 21.229141235351562 11500
1717934149111 18.1704158782959 11600
1717934158518 12.943387985229492 11700
1717934167930 2.5396862030029297 11800
1717934177324 17.97066879272461 11900
1717934186715 24.006271362304688 12000
1717934203777 23.469829559326172 12100
1717934213201 32.93291473388672 12200
1717934222622 12.959084510803223 12300
1717934232044 17.775327682495117 12400
1717934241466 9.801904678344727 12500
1717934250902 26.02506446838379 12600
1717934260339 15.868560791015625 12700
1717934269757 2.254948377609253 12800
1717934279157 2.147439956665039 12900
1717934288570 5.047152042388916 13000
1717934304433 28.49208641052246 13100
1717934313840 6.754607200622559 13200
1717934323278 40.588348388671875 13300
1717934332837 11.875276565551758 13400
1717934342109 20.944854736328125 13500
1717934351277 25.96433448791504 13600
1717934360456 20.07237434387207 13700
1717934369625 10.636906623840332 13800
1717934378808 4.462348461151123 13900
1717934387974 12.97421646118164 14000
1717934403389 14.679291725158691 14100
1717934412560 32.309425354003906 14200
1717934421739 2.556913137435913 14300
1717934430906 9.637252807617188 14400
1717934440088 2.1317386627197266 14500
1717934449270 4.389172554016113 14600
1717934458438 22.692337036132812 14700
1717934467604 17.320173263549805 14800
1717934476786 41.595977783203125 14900
1717934485954 35.96044158935547 15000
1717934502616 23.281333923339844 15100
1717934511803 7.472256183624268 15200
1717934520970 16.26392936706543 15300
1717934530134 38.39764404296875 15400
1717934539302 2.973482370376587 15500
1717934548485 1.9742953777313232 15600
1717934557662 3.2142879962921143 15700
1717934566833 16.291601181030273 15800
1717934575999 11.406333923339844 15900
1717934585166 5.175419330596924 16000
1717934600580 15.923811912536621 16100
1717934609748 20.1356143951416 16200
1717934618922 7.551617622375488 16300
1717934628097 39.908836364746094 16400
1717934637264 19.122081756591797 16500
1717934646431 28.637285232543945 16600
1717934655596 0.6917006373405457 16700
1717934664772 23.61632537841797 16800
1717934673945 33.063026428222656 16900
1717934683112 19.990802764892578 17000
1717934698529 7.016795635223389 17100
1717934707693 16.914379119873047 17200
1717934716861 0.3809015452861786 17300
1717934726026 35.154510498046875 17400
1717934735194 0.4099501073360443 17500
1717934744376 0.05445593595504761 17600
1717934753543 0.39408475160598755 17700
1717934762725 0.06900276988744736 17800
1717934771891 0.08374637365341187 17900
1717934781058 73.34379577636719 18000
1717934797622 2.6473259925842285 18100
1717934806755 43.042789459228516 18200
1717934815898 69.22174072265625 18300
1717934825049 65.11467742919922 18400
1717934834183 0.1250145435333252 18500
1717934843319 0.4806969463825226 18600
1717934852459 0.688390851020813 18700
1717934861603 0.6864606738090515 18800
1717934870721 49.0593376159668 18900
1717934879837 39.75827407836914 19000
1717934895236 4.990799427032471 19100
1717934904402 54.57861328125 19200
1717934913569 91.55071258544922 19300
1717934922736 0.33296722173690796 19400
1717934931901 8.96129035949707 19500
1717934941068 0.2439122051000595 19600
1717934950235 17.781572341918945 19700
1717934959402 0.26273611187934875 19800
1717934968566 24.16330909729004 19900
1717934977733 0.11625772714614868 20000
1717934993182 0.050530869513750076 20100
1717935002348 2.8737339973449707 20200
1717935011515 38.88411331176758 20300
1717935020682 0.1181168332695961 20400
1717935029847 25.448335647583008 20500
1717935039014 21.296058654785156 20600
1717935048195 75.80550384521484 20700
1717935057363 35.21854782104492 20800
1717935066529 0.05136416107416153 20900
1717935075696 0.9018713235855103 21000
1717935092205 2.2946789264678955 21100
1717935101336 0.1652265191078186 21200
1717935110474 31.26249122619629 21300
1717935119618 12.625017166137695 21400
1717935128754 0.09897224605083466 21500
1717935137893 26.703889846801758 21600
1717935147026 0.07038000226020813 21700
1717935156162 0.4859626889228821 21800
1717935165288 12.578014373779297 21900
1717935174412 0.20559585094451904 22000
1717935189808 28.538122177124023 22100
1717935198974 97.60958862304688 22200
1717935208140 0.04173768311738968 22300
1717935217306 46.62682342529297 22400
1717935226474 0.08095123618841171 22500
1717935235640 0.2556206285953522 22600
1717935244809 0.19165854156017303 22700
1717935253990 84.11640930175781 22800
1717935263157 0.03568786010146141 22900
1717935272321 8.059510231018066 23000
1717935287775 0.0684153139591217 23100
1717935296954 0.024043506011366844 23200
1717935306120 18.451814651489258 23300
1717935315286 38.041053771972656 23400
1717935324455 0.6542794108390808 23500
1717935333619 0.08790260553359985 23600
1717935342786 0.1496506929397583 23700
1717935351968 0.1722036451101303 23800
1717935361134 52.66143035888672 23900
1717935370300 0.8689576983451843 24000
1717935386858 0.45616036653518677 24100
1717935396004 60.41079330444336 24200
1717935405148 26.06980323791504 24300
1717935414275 73.50727081298828 24400
1717935423427 0.056913621723651886 24500
1717935432564 94.23098754882812 24600
1717935441713 0.02329663373529911 24700
1717935450852 0.2501438856124878 24800
1717935459993 0.05300566554069519 24900
1717935469113 0.7853066921234131 25000
1717935484531 0.2757730185985565 25100
1717935493713 0.03072003647685051 25200
1717935502897 35.009132385253906 25300
1717935512078 6.281059265136719 25400
1717935521245 27.04553985595703 25500
1717935530412 0.04608328267931938 25600
1717935539577 0.08013468235731125 25700
1717935548761 1.459970235824585 25800
1717935557928 7.237059593200684 25900
1717935567093 0.035365309566259384 26000
1717935582510 69.80545806884766 26100
1717935591691 0.10097847133874893 26200
1717935600858 0.03283063322305679 26300
1717935610026 32.95377731323242 26400
1717935619207 0.32038670778274536 26500
1717935628374 51.47975540161133 26600
1717935637540 0.06331794708967209 26700
1717935646707 0.15580560266971588 26800
1717935655877 0.2321031540632248 26900
1717935665049 94.05548095703125 27000
1717935681604 3.1994800567626953 27100
1717935690736 29.997440338134766 27200
1717935699866 0.05656786635518074 27300
1717935708987 13.27800178527832 27400
1717935718114 0.020555833354592323 27500
1717935727253 0.1531558334827423 27600
1717935736393 0.33709365129470825 27700
1717935745526 59.31492614746094 27800
1717935754618 0.018946398049592972 27900
1717935763728 0.4015240967273712 28000
1717935779118 0.30893829464912415 28100
1717935788284 0.029507162049412727 28200
1717935797450 7.003320217132568 28300
1717935806611 2.3941328525543213 28400
1717935815763 0.7121339440345764 28500
