1717932928580 1.0675 100
1717932938317 1.0332 200
1717932948022 1.0177 300
1717932957756 0.9857 400
1717932967562 0.9299 500
1717932977297 0.8392 600
1717932987088 0.8124 700
1717932996655 0.7964 800
1717933006114 0.7454 900
1717933015726 0.7683 1000
1717933032217 0.7595 1100
1717933041962 0.7614 1200
1717933051747 0.7555 1300
1717933061601 0.7413 1400
1717933071390 0.7229 1500
1717933081140 0.7012 1600
1717933091466 0.7211 1700
1717933101562 0.7341 1800
1717933111852 0.6883 1900
1717933121556 0.722 2000
1717933137578 0.724 2100
1717933146932 0.6801 2200
1717933156295 0.7322 2300
1717933165732 0.7289 2400
1717933175246 0.7227 2500
1717933184754 0.7076 2600
1717933194209 0.7346 2700
1717933203651 0.7562 2800
1717933213405 0.7006 2900
1717933222695 0.6798 3000
1717933239558 0.6966 3100
1717933248874 0.7264 3200
1717933258176 0.6876 3300
1717933267544 0.7104 3400
1717933277105 0.7245 3500
1717933286804 0.7183 3600
1717933296613 0.6845 3700
1717933306493 0.7027 3800
1717933316280 0.6807 3900
1717933326070 0.7373 4000
1717933343031 0.6326 4100
1717933353420 0.6983 4200
1717933363365 0.6864 4300
1717933373637 0.6925 4400
1717933383460 0.673 4500
1717933393761 0.6767 4600
1717933404284 0.6392 4700
1717933414703 0.6858 4800
1717933425072 0.6284 4900
1717933435467 0.677 5000
1717933452982 0.7307 5100
1717933463123 0.6876 5200
1717933473535 0.667 5300
1717933483971 0.6493 5400
1717933494316 0.6327 5500
1717933504700 0.6692 5600
1717933515128 0.6751 5700
1717933527185 0.5665 5800
1717933538167 0.5625 5900
1717933549107 0.4895 6000
1717933568402 0.5352 6100
1717933579019 0.5746 6200
1717933589485 0.5053 6300
1717933599935 0.5749 6400
1717933609898 0.5554 6500
1717933620052 0.5744 6600
1717933630597 0.5837 6700
1717933641246 0.592 6800
1717933651739 0.5958 6900
1717933661829 0.5977 7000
1717933678926 0.5941 7100
1717933689360 0.5551 7200
1717933699808 0.5619 7300
1717933709965 0.5355 7400
1717933719846 0.5168 7500
1717933729749 0.577 7600
1717933739591 0.5521 7700
1717933749533 0.5095 7800
1717933759400 0.5752 7900
1717933769267 0.5433 8000
1717933786496 0.5324 8100
1717933796992 0.5348 8200
1717933807329 0.5313 8300
1717933818402 0.5659 8400
1717933829153 0.5414 8500
1717933839188 0.5304 8600
1717933849447 0.5324 8700
1717933859439 0.5822 8800
1717933869684 0.535 8900
1717933879552 0.5677 9000
1717933898002 0.5349 9100
1717933907896 0.5701 9200
1717933917769 0.5736 9300
1717933927683 0.5566 9400
1717933937919 0.5195 9500
1717933947793 0.5672 9600
1717933957426 0.517 9700
1717933966840 0.5531 9800
1717933976261 0.5206 9900
1717933985677 0.5495 10000
1717934001516 0.5533 10100
1717934010917 0.5992 10200
1717934020350 0.5432 10300
1717934029792 0.5603 10400
1717934039195 0.5221 10500
1717934048592 0.5624 10600
1717934057990 0.5868 10700
1717934067392 0.5487 10800
1717934076794 0.5331 10900
1717934086210 0.544 11000
1717934102075 0.5126 11100
1717934111467 0.5687 11200
1717934120869 0.6073 11300
1717934130278 0.562 11400
1717934139696 0.3914 11500
1717934149111 0.3428 11600
1717934158518 0.3626 11700
1717934167930 0.362 11800
1717934177324 0.4016 11900
1717934186715 0.3645 12000
1717934203777 0.356 12100
1717934213201 0.3517 12200
1717934222622 0.3158 12300
1717934232044 0.391 12400
1717934241466 0.3858 12500
1717934250902 0.4112 12600
1717934260339 0.3155 12700
1717934269757 0.333 12800
1717934279157 0.3987 12900
1717934288570 0.3682 13000
1717934304433 0.3437 13100
1717934313840 0.423 13200
1717934323278 0.33 13300
1717934332837 0.3541 13400
1717934342109 0.3594 13500
1717934351277 0.3745 13600
1717934360456 0.3463 13700
1717934369625 0.3905 13800
1717934378808 0.3744 13900
1717934387974 0.3548 14000
1717934403389 0.3736 14100
1717934412560 0.2993 14200
1717934421739 0.3752 14300
1717934430906 0.3465 14400
1717934440088 0.3689 14500
1717934449270 0.3462 14600
1717934458438 0.3424 14700
1717934467604 0.3891 14800
1717934476786 0.3386 14900
1717934485954 0.3625 15000
1717934502616 0.4029 15100
1717934511803 0.3621 15200
1717934520970 0.3638 15300
1717934530134 0.3542 15400
1717934539302 0.3643 15500
1717934548485 0.3816 15600
1717934557662 0.3928 15700
1717934566833 0.3906 15800
1717934575999 0.3768 15900
1717934585166 0.3703 16000
1717934600580 0.3539 16100
1717934609748 0.4302 16200
1717934618922 0.3424 16300
1717934628097 0.3664 16400
1717934637264 0.3588 16500
1717934646431 0.3386 16600
1717934655596 0.3317 16700
1717934664772 0.3794 16800
1717934673945 0.3441 16900
1717934683112 0.3968 17000
1717934698529 0.3747 17100
1717934707693 0.2492 17200
1717934716861 0.2191 17300
1717934726026 0.2109 17400
1717934735194 0.197 17500
1717934744376 0.2108 17600
1717934753543 0.217 17700
1717934762725 0.2594 17800
1717934771891 0.215 17900
1717934781058 0.2161 18000
1717934797622 0.2696 18100
1717934806755 0.2014 18200
1717934815898 0.2782 18300
1717934825049 0.2476 18400
1717934834183 0.3092 18500
1717934843319 0.2465 18600
1717934852459 0.2395 18700
1717934861603 0.2174 18800
1717934870721 0.2294 18900
1717934879837 0.2786 19000
1717934895236 0.2608 19100
1717934904402 0.1649 19200
1717934913569 0.2472 19300
1717934922736 0.2738 19400
1717934931901 0.2311 19500
1717934941068 0.2652 19600
1717934950235 0.2747 19700
1717934959402 0.1365 19800
1717934968566 0.2411 19900
1717934977733 0.2405 20000
1717934993182 0.2911 20100
1717935002348 0.2009 20200
1717935011515 0.2478 20300
1717935020682 0.2079 20400
1717935029847 0.2855 20500
1717935039014 0.2848 20600
1717935048195 0.1773 20700
1717935057363 0.2661 20800
1717935066529 0.2036 20900
1717935075696 0.2345 21000
1717935092205 0.2419 21100
1717935101336 0.2029 21200
1717935110474 0.2342 21300
1717935119618 0.2946 21400
1717935128754 0.1763 21500
1717935137893 0.2346 21600
1717935147026 0.248 21700
1717935156162 0.1894 21800
1717935165288 0.1698 21900
1717935174412 0.1826 22000
1717935189808 0.223 22100
1717935198974 0.2072 22200
1717935208140 0.248 22300
1717935217306 0.2061 22400
1717935226474 0.2194 22500
1717935235640 0.2273 22600
1717935244809 0.2325 22700
1717935253990 0.2423 22800
1717935263157 0.1435 22900
1717935272321 0.0965 23000
1717935287775 0.1871 23100
1717935296954 0.1428 23200
1717935306120 0.1844 23300
1717935315286 0.1723 23400
1717935324455 0.1617 23500
1717935333619 0.1592 23600
1717935342786 0.1638 23700
1717935351968 0.1727 23800
1717935361134 0.1543 23900
1717935370300 0.1308 24000
1717935386858 0.1521 24100
1717935396004 0.1452 24200
1717935405148 0.1303 24300
1717935414275 0.1655 24400
1717935423427 0.1241 24500
1717935432564 0.092 24600
1717935441713 0.173 24700
1717935450852 0.1184 24800
1717935459993 0.2279 24900
1717935469113 0.128 25000
1717935484531 0.134 25100
1717935493713 0.0934 25200
1717935502897 0.1876 25300
1717935512078 0.1287 25400
1717935521245 0.1281 25500
1717935530412 0.1304 25600
1717935539577 0.1445 25700
1717935548761 0.1527 25800
1717935557928 0.1506 25900
1717935567093 0.134 26000
1717935582510 0.1063 26100
1717935591691 0.183 26200
1717935600858 0.1517 26300
1717935610026 0.1404 26400
1717935619207 0.1567 26500
1717935628374 0.1304 26600
1717935637540 0.1455 26700
1717935646707 0.1803 26800
1717935655877 0.1134 26900
1717935665049 0.1544 27000
1717935681604 0.1145 27100
1717935690736 0.1486 27200
1717935699866 0.1638 27300
1717935708987 0.1848 27400
1717935718114 0.1213 27500
1717935727253 0.1386 27600
1717935736393 0.1369 27700
1717935745526 0.1137 27800
1717935754618 0.1113 27900
1717935763728 0.1299 28000
1717935779118 0.1708 28100
1717935788284 0.1425 28200
1717935797450 0.2149 28300
1717935806611 0.1068 28400
1717935815763 0.1342 28500
