1717942450334 0.0 0
1717942460345 11.2 1
1717942470356 11.0 2
1717942480368 11.0 3
1717942490379 10.7 4
1717942500389 11.0 5
1717942510400 10.5 6
1717942520415 10.7 7
1717942530427 11.0 8
1717942540438 11.0 9
1717942550455 10.7 10
1717942560468 11.0 11
1717942570480 11.5 12
1717942580491 12.5 13
1717942590502 10.4 14
1717942600515 9.2 15
1717942610532 9.0 16
1717942620553 8.8 17
1717942630568 8.7 18
1717942640582 10.2 19
1717942650601 9.1 20
1717942660623 9.2 21
1717942670645 9.6 22
1717942680659 7.9 23
1717942690673 8.5 24
1717942700689 8.8 25
1717942710704 9.1 26
1717942720726 8.3 27
1717942730742 8.7 28
1717942740755 8.3 29
1717942750773 8.6 30
1717942760787 8.6 31
1717942770800 8.4 32
1717942780822 9.5 33
1717942790836 8.4 34
1717942800850 8.4 35
1717942810864 8.4 36
1717942820881 8.7 37
1717942830897 9.6 38
1717942840912 8.9 39
1717942850932 8.9 40
1717942860955 9.7 41
1717942870971 10.4 42
1717942880984 9.5 43
1717942890996 8.5 44
1717942901018 10.7 45
1717942911034 8.4 46
1717942921049 8.5 47
1717942931069 9.2 48
1717942941089 8.7 49
1717942951105 9.0 50
1717942961128 9.0 51
1717942971144 9.2 52
1717942981158 10.4 53
1717942991173 9.5 54
1717943001191 9.0 55
1717943011207 9.2 56
1717943021221 8.6 57
1717943031236 8.9 58
1717943041251 8.9 59
1717943051266 9.1 60
1717943061281 8.8 61
1717943071296 9.3 62
1717943082573 8.7 63
1717943092599 9.7 64
1717943102616 12.9 65
1717943112631 12.8 66
1717943122646 12.5 67
1717943132661 13.3 68
1717943142681 13.3 69
1717943152697 12.6 70
1717943162718 14.0 71
1717943172735 10.8 72
1717943182750 9.4 73
1717943192768 10.4 74
1717943202787 8.9 75
1717943212806 8.1 76
1717943222829 7.8 77
1717943232844 8.3 78
1717943242859 8.3 79
1717943252876 8.5 80
1717943262895 9.6 81
1717943272910 9.5 82
1717943282925 9.0 83
1717943292940 9.2 84
1717943302957 8.7 85
1717943312977 8.5 86
1717943322993 8.4 87
1717943333016 8.4 88
1717943343034 8.9 89
1717943353054 7.5 90
1717943363069 11.3 91
1717943373085 9.1 92
1717943383101 9.8 93
1717943393116 9.8 94
1717943403133 9.2 95
1717943413149 8.0 96
1717943423164 8.6 97
1717943433180 6.9 98
1717943443200 8.9 99
1717943453226 8.1 100
1717943463242 12.1 101
1717943473258 12.4 102
1717943483274 11.3 103
1717943493291 9.6 104
1717943503312 7.2 105
1717943513329 7.1 106
1717943523345 6.9 107
1717943533362 6.3 108
1717943543387 7.5 109
1717943553404 6.5 110
1717943563420 6.6 111
1717943573442 7.9 112
1717943583463 6.9 113
1717943593477 6.2 114
1717943603493 7.6 115
1717943613521 7.5 116
1717943623539 7.9 117
