1717942450334 81.9 0
1717942460345 81.9 1
1717942470356 81.9 2
1717942480368 81.9 3
1717942490379 81.9 4
1717942500389 81.9 5
1717942510400 81.9 6
1717942520415 81.9 7
1717942530427 81.9 8
1717942540438 81.9 9
1717942550455 81.9 10
1717942560468 81.9 11
1717942570480 81.9 12
1717942580491 81.9 13
1717942590502 81.9 14
1717942600515 81.9 15
1717942610532 81.9 16
1717942620553 81.9 17
1717942630568 81.9 18
1717942640582 81.9 19
1717942650601 81.9 20
1717942660623 81.9 21
1717942670645 81.9 22
1717942680659 81.9 23
1717942690673 81.9 24
1717942700689 81.9 25
1717942710704 81.9 26
1717942720726 81.9 27
1717942730742 81.9 28
1717942740755 81.9 29
1717942750773 81.9 30
1717942760787 81.9 31
1717942770800 81.9 32
1717942780822 81.9 33
1717942790836 81.9 34
1717942800850 81.9 35
1717942810864 81.9 36
1717942820881 81.9 37
1717942830897 81.9 38
1717942840912 81.9 39
1717942850932 81.9 40
1717942860955 81.9 41
1717942870971 81.9 42
1717942880984 81.9 43
1717942890996 81.9 44
1717942901018 81.9 45
1717942911034 81.9 46
1717942921049 81.9 47
1717942931069 81.9 48
1717942941089 81.9 49
1717942951105 81.9 50
1717942961128 81.9 51
1717942971144 81.9 52
1717942981158 81.9 53
1717942991173 81.9 54
1717943001191 81.9 55
1717943011207 81.9 56
1717943021221 81.9 57
1717943031236 81.9 58
1717943041251 81.9 59
1717943051266 81.9 60
1717943061281 81.9 61
1717943071296 81.9 62
1717943082573 81.9 63
1717943092599 82.1 64
1717943102616 82.1 65
1717943112631 82.1 66
1717943122646 82.1 67
1717943132661 82.1 68
1717943142681 82.1 69
1717943152697 82.1 70
1717943162718 82.1 71
1717943172735 82.1 72
1717943182750 82.1 73
1717943192768 82.1 74
1717943202787 82.1 75
1717943212806 82.1 76
1717943222829 82.1 77
1717943232844 82.1 78
1717943242859 82.1 79
1717943252876 82.1 80
1717943262895 82.1 81
1717943272910 82.1 82
1717943282925 82.1 83
1717943292940 82.1 84
1717943302957 82.1 85
1717943312977 82.1 86
1717943322993 82.1 87
1717943333016 82.1 88
1717943343034 82.1 89
1717943353054 82.1 90
1717943363069 82.1 91
1717943373085 82.1 92
1717943383101 82.1 93
1717943393116 82.1 94
1717943403133 82.1 95
1717943413149 82.1 96
1717943423164 82.1 97
1717943433180 82.1 98
1717943443200 82.1 99
1717943453226 82.1 100
1717943463242 82.1 101
1717943473258 82.1 102
1717943483274 82.1 103
1717943493291 82.1 104
1717943503312 82.1 105
1717943513329 82.1 106
1717943523345 82.1 107
1717943533362 82.1 108
1717943543387 82.1 109
1717943553404 82.1 110
1717943563420 82.1 111
1717943573442 82.1 112
1717943583463 82.1 113
1717943593477 82.1 114
1717943603493 82.1 115
1717943613521 82.1 116
1717943623539 82.1 117
