1717942450334 764054.5 0
1717942460345 764060.1 1
1717942470356 764063.3 2
1717942480368 764050.6 3
1717942490379 764054.3 4
1717942500389 764058.6 5
1717942510400 764062.9 6
1717942520415 764050.1 7
1717942530427 764054.4 8
1717942540438 764058.8 9
1717942550455 764063.2 10
1717942560468 764050.3 11
1717942570480 764052.3 12
1717942580491 764058.2 13
1717942590502 764063.4 14
1717942600515 764060.7 15
1717942610532 764062.0 16
1717942620553 764063.2 17
1717942630568 764060.3 18
1717942640582 764061.7 19
1717942650601 764062.8 20
1717942660623 764063.4 21
1717942670645 764064.0 22
1717942680659 764064.1 23
1717942690673 764064.1 24
1717942700689 764064.1 25
1717942710704 764064.1 26
1717942720726 764064.1 27
1717942730742 764064.1 28
1717942740755 764064.1 29
1717942750773 764064.1 30
1717942760787 764064.1 31
1717942770800 764063.2 32
1717942780822 764061.6 33
1717942790836 764062.2 34
1717942800850 764062.4 35
1717942810864 764062.4 36
1717942820881 764062.4 37
1717942830897 764062.4 38
1717942840912 764063.1 39
1717942850932 764063.9 40
1717942860955 764063.9 41
1717942870971 764064.0 42
1717942880984 764060.7 43
1717942890996 764061.1 44
1717942901018 764051.8 45
1717942911034 764052.5 46
1717942921049 764052.8 47
1717942931069 764060.4 48
1717942941089 764057.4 49
1717942951105 764058.6 50
1717942961128 764059.0 51
1717942971144 764059.0 52
1717942981158 764059.6 53
1717942991173 764063.6 54
1717943001191 764064.6 55
1717943011207 764064.9 56
1717943021221 764062.7 57
1717943031236 764062.9 58
1717943041251 764063.2 59
1717943051266 764064.1 60
1717943061281 764064.6 61
1717943071296 764064.9 62
1717943082573 764064.9 63
1717943092599 765564.2 64
1717943102616 765564.1 65
1717943112631 765564.1 66
1717943122646 765561.6 67
1717943132661 765561.8 68
1717943142681 765562.1 69
1717943152697 765563.3 70
1717943162718 765563.5 71
1717943172735 765564.4 72
1717943182750 765564.1 73
1717943192768 765564.2 74
1717943202787 765564.2 75
1717943212806 765564.2 76
1717943222829 765564.3 77
1717943232844 765561.9 78
1717943242859 765562.5 79
1717943252876 765563.2 80
1717943262895 765563.4 81
1717943272910 765563.7 82
1717943282925 765563.7 83
1717943292940 765563.8 84
1717943302957 765564.1 85
1717943312977 765565.0 86
1717943322993 765568.4 87
1717943333016 765562.4 88
1717943343034 765562.7 89
1717943353054 765562.7 90
1717943363069 765563.2 91
1717943373085 765564.4 92
1717943383101 765567.0 93
1717943393116 765567.7 94
1717943403133 765568.0 95
1717943413149 765568.2 96
1717943423164 765568.2 97
1717943433180 765569.3 98
1717943443200 765568.5 99
1717943453226 765568.5 100
1717943463242 765572.3 101
1717943473258 765559.6 102
1717943483274 765559.8 103
1717943493291 765517.7 104
1717943503312 765517.7 105
1717943513329 765517.7 106
1717943523345 765517.7 107
1717943533362 765517.7 108
1717943543387 765517.7 109
1717943553404 765517.7 110
1717943563420 765517.8 111
1717943573442 765518.2 112
1717943583463 765518.4 113
1717943593477 765518.5 114
1717943603493 765518.6 115
1717943613521 765518.6 116
1717943623539 765518.6 117
