1717942450334 168766.3 0
1717942460345 168760.7 1
1717942470356 168757.5 2
1717942480368 168770.3 3
1717942490379 168766.5 4
1717942500389 168762.2 5
1717942510400 168757.9 6
1717942520415 168770.7 7
1717942530427 168766.4 8
1717942540438 168762.0 9
1717942550455 168757.6 10
1717942560468 168770.5 11
1717942570480 168768.6 12
1717942580491 168762.6 13
1717942590502 168757.4 14
1717942600515 168760.2 15
1717942610532 168758.8 16
1717942620553 168757.6 17
1717942630568 168760.5 18
1717942640582 168759.1 19
1717942650601 168758.1 20
1717942660623 168757.4 21
1717942670645 168756.8 22
1717942680659 168756.8 23
1717942690673 168756.8 24
1717942700689 168756.8 25
1717942710704 168756.8 26
1717942720726 168756.8 27
1717942730742 168756.7 28
1717942740755 168756.7 29
1717942750773 168756.7 30
1717942760787 168756.7 31
1717942770800 168757.6 32
1717942780822 168759.2 33
1717942790836 168758.6 34
1717942800850 168758.4 35
1717942810864 168758.4 36
1717942820881 168758.4 37
1717942830897 168758.4 38
1717942840912 168757.7 39
1717942850932 168756.9 40
1717942860955 168756.9 41
1717942870971 168756.8 42
1717942880984 168760.1 43
1717942890996 168759.8 44
1717942901018 168769.0 45
1717942911034 168768.3 46
1717942921049 168768.0 47
1717942931069 168760.5 48
1717942941089 168763.4 49
1717942951105 168762.3 50
1717942961128 168761.8 51
1717942971144 168761.8 52
1717942981158 168761.2 53
1717942991173 168757.2 54
1717943001191 168756.2 55
1717943011207 168755.9 56
1717943021221 168758.1 57
1717943031236 168757.9 58
1717943041251 168757.6 59
1717943051266 168756.7 60
1717943061281 168756.2 61
1717943071296 168755.9 62
1717943082573 168755.9 63
1717943092599 167256.6 64
1717943102616 167256.7 65
1717943112631 167256.7 66
1717943122646 167259.2 67
1717943132661 167259.0 68
1717943142681 167258.7 69
1717943152697 167257.6 70
1717943162718 167257.3 71
1717943172735 167256.5 72
1717943182750 167256.7 73
1717943192768 167256.6 74
1717943202787 167256.6 75
1717943212806 167256.6 76
1717943222829 167256.5 77
1717943232844 167258.9 78
1717943242859 167258.3 79
1717943252876 167257.6 80
1717943262895 167257.4 81
1717943272910 167257.2 82
1717943282925 167257.1 83
1717943292940 167257.0 84
1717943302957 167256.8 85
1717943312977 167255.9 86
1717943322993 167252.4 87
1717943333016 167258.4 88
1717943343034 167258.2 89
1717943353054 167258.1 90
1717943363069 167257.6 91
1717943373085 167256.4 92
1717943383101 167253.8 93
1717943393116 167253.1 94
1717943403133 167252.8 95
1717943413149 167252.6 96
1717943423164 167252.6 97
1717943433180 167251.5 98
1717943443200 167252.3 99
1717943453226 167252.4 100
1717943463242 167248.5 101
1717943473258 167261.2 102
1717943483274 167261.0 103
1717943493291 167303.1 104
1717943503312 167303.1 105
1717943513329 167303.1 106
1717943523345 167303.1 107
1717943533362 167303.1 108
1717943543387 167303.1 109
1717943553404 167303.1 110
1717943563420 167303.0 111
1717943573442 167302.7 112
1717943583463 167302.4 113
1717943593477 167302.4 114
1717943603493 167302.2 115
1717943613521 167302.2 116
1717943623539 167302.2 117
