1717942450334 4.0 0
1717942460345 97.0 1
1717942470356 97.0 2
1717942480368 97.0 3
1717942490379 97.0 4
1717942500389 98.0 5
1717942510400 97.0 6
1717942520415 97.0 7
1717942530427 97.0 8
1717942540438 97.0 9
1717942550455 97.0 10
1717942560468 97.0 11
1717942570480 97.0 12
1717942580491 95.0 13
1717942590502 97.0 14
1717942600515 97.0 15
1717942610532 97.0 16
1717942620553 96.0 17
1717942630568 96.0 18
1717942640582 97.0 19
1717942650601 97.0 20
1717942660623 93.0 21
1717942670645 97.0 22
1717942680659 97.0 23
1717942690673 97.0 24
1717942700689 97.0 25
1717942710704 98.0 26
1717942720726 97.0 27
1717942730742 98.0 28
1717942740755 97.0 29
1717942750773 97.0 30
1717942760787 98.0 31
1717942770800 97.0 32
1717942780822 96.0 33
1717942790836 98.0 34
1717942800850 97.0 35
1717942810864 97.0 36
1717942820881 97.0 37
1717942830897 98.0 38
1717942840912 97.0 39
1717942850932 98.0 40
1717942860955 94.0 41
1717942870971 95.0 42
1717942880984 90.0 43
1717942890996 98.0 44
1717942901018 97.0 45
1717942911034 97.0 46
1717942921049 96.0 47
1717942931069 96.0 48
1717942941089 96.0 49
1717942951105 97.0 50
1717942961128 95.0 51
1717942971144 96.0 52
1717942981158 97.0 53
1717942991173 97.0 54
1717943001191 96.0 55
1717943011207 96.0 56
1717943021221 97.0 57
1717943031236 96.0 58
1717943041251 97.0 59
1717943051266 97.0 60
1717943061281 97.0 61
1717943071296 96.0 62
1717943082573 93.0 63
1717943092599 15.0 64
1717943102616 96.0 65
1717943112631 96.0 66
1717943122646 96.0 67
1717943132661 97.0 68
1717943142681 97.0 69
1717943152697 97.0 70
1717943162718 97.0 71
1717943172735 97.0 72
1717943182750 97.0 73
1717943192768 98.0 74
1717943202787 96.0 75
1717943212806 94.0 76
1717943222829 97.0 77
1717943232844 97.0 78
1717943242859 97.0 79
1717943252876 97.0 80
1717943262895 97.0 81
1717943272910 97.0 82
1717943282925 96.0 83
1717943292940 94.0 84
1717943302957 96.0 85
1717943312977 97.0 86
1717943322993 96.0 87
1717943333016 97.0 88
1717943343034 97.0 89
1717943353054 97.0 90
1717943363069 97.0 91
1717943373085 97.0 92
1717943383101 97.0 93
1717943393116 97.0 94
1717943403133 98.0 95
1717943413149 97.0 96
1717943423164 98.0 97
1717943433180 96.0 98
1717943443200 95.0 99
1717943453226 96.0 100
1717943463242 97.0 101
1717943473258 98.0 102
1717943483274 97.0 103
1717943493291 97.0 104
1717943503312 94.0 105
1717943513329 97.0 106
1717943523345 95.0 107
1717943533362 97.0 108
1717943543387 94.0 109
1717943553404 97.0 110
1717943563420 95.0 111
1717943573442 96.0 112
1717943583463 96.0 113
1717943593477 95.0 114
1717943603493 96.0 115
1717943613521 97.0 116
1717943623539 97.0 117
