1717942450334 2007.8 0
1717942460345 8782.0 1
1717942470356 8743.4 2
1717942480368 8702.3 3
1717942490379 8693.9 4
1717942500389 8686.5 5
1717942510400 8685.2 6
1717942520415 8668.3 7
1717942530427 8754.0 8
1717942540438 8702.7 9
1717942550455 8671.8 10
1717942560468 8662.9 11
1717942570480 8799.5 12
1717942580491 8772.0 13
1717942590502 8715.3 14
1717942600515 8791.5 15
1717942610532 8721.9 16
1717942620553 8778.2 17
1717942630568 8772.4 18
1717942640582 8779.2 19
1717942650601 8777.2 20
1717942660623 8777.6 21
1717942670645 8777.6 22
1717942680659 8700.3 23
1717942690673 8704.1 24
1717942700689 8698.3 25
1717942710704 8697.7 26
1717942720726 8691.9 27
1717942730742 8631.2 28
1717942740755 8625.5 29
1717942750773 8631.2 30
1717942760787 8625.5 31
1717942770800 8713.1 32
1717942780822 8709.9 33
1717942790836 8645.3 34
1717942800850 8647.7 35
1717942810864 8644.9 36
1717942820881 8721.8 37
1717942830897 8651.1 38
1717942840912 8712.1 39
1717942850932 8755.1 40
1717942860955 8755.9 41
1717942870971 8886.4 42
1717942880984 8792.8 43
1717942890996 8782.7 44
1717942901018 8854.3 45
1717942911034 8790.0 46
1717942921049 8854.4 47
1717942931069 8792.6 48
1717942941089 8864.5 49
1717942951105 8810.7 50
1717942961128 8881.4 51
1717942971144 8820.6 52
1717942981158 8833.2 53
1717942991173 8840.7 54
1717943001191 8827.6 55
1717943011207 8902.7 56
1717943021221 8905.7 57
1717943031236 8837.6 58
1717943041251 8915.1 59
1717943051266 8920.2 60
1717943061281 8901.0 61
1717943071296 8845.5 62
1717943082573 8912.2 63
1717943092599 8903.7 64
1717943102616 8828.7 65
1717943112631 8820.0 66
1717943122646 8880.7 67
1717943132661 8903.1 68
1717943142681 8878.2 69
1717943152697 8878.9 70
1717943162718 8893.4 71
1717943172735 8864.1 72
1717943182750 8894.8 73
1717943192768 8909.8 74
1717943202787 8833.4 75
1717943212806 8824.9 76
1717943222829 8894.5 77
1717943232844 8818.1 78
1717943242859 8880.4 79
1717943252876 8876.7 80
1717943262895 8896.2 81
1717943272910 8831.2 82
1717943282925 8847.2 83
1717943292940 8851.8 84
1717943302957 8834.1 85
1717943312977 8891.7 86
1717943322993 8905.2 87
1717943333016 8757.8 88
1717943343034 8783.5 89
1717943353054 8775.3 90
1717943363069 8775.1 91
1717943373085 8764.5 92
1717943383101 8831.0 93
1717943393116 8780.6 94
1717943403133 8798.0 95
1717943413149 8862.3 96
1717943423164 8922.5 97
1717943433180 8878.3 98
1717943443200 8683.2 99
1717943453226 8688.4 100
1717943463242 8836.0 101
1717943473258 8855.7 102
1717943483274 8852.5 103
1717943493291 8756.0 104
1717943503312 8843.8 105
1717943513329 8792.0 106
1717943523345 8803.7 107
1717943533362 8802.3 108
1717943543387 8829.9 109
1717943553404 8771.8 110
1717943563420 8819.6 111
1717943573442 8813.7 112
1717943583463 8756.8 113
1717943593477 8750.2 114
1717943603493 8776.9 115
1717943613521 8777.6 116
1717943623539 8832.9 117
