1717942450334 15.6 0
1717942460345 68.2 1
1717942470356 67.9 2
1717942480368 67.5 3
1717942490379 67.5 4
1717942500389 67.4 5
1717942510400 67.4 6
1717942520415 67.3 7
1717942530427 67.9 8
1717942540438 67.5 9
1717942550455 67.3 10
1717942560468 67.2 11
1717942570480 68.3 12
1717942580491 68.1 13
1717942590502 67.6 14
1717942600515 68.2 15
1717942610532 67.7 16
1717942620553 68.1 17
1717942630568 68.1 18
1717942640582 68.1 19
1717942650601 68.1 20
1717942660623 68.1 21
1717942670645 68.1 22
1717942680659 67.5 23
1717942690673 67.6 24
1717942700689 67.5 25
1717942710704 67.5 26
1717942720726 67.5 27
1717942730742 67.0 28
1717942740755 66.9 29
1717942750773 67.0 30
1717942760787 66.9 31
1717942770800 67.6 32
1717942780822 67.6 33
1717942790836 67.1 34
1717942800850 67.1 35
1717942810864 67.1 36
1717942820881 67.7 37
1717942830897 67.1 38
1717942840912 67.6 39
1717942850932 67.9 40
1717942860955 68.0 41
1717942870971 69.0 42
1717942880984 68.2 43
1717942890996 68.2 44
1717942901018 68.7 45
1717942911034 68.2 46
1717942921049 68.7 47
1717942931069 68.2 48
1717942941089 68.8 49
1717942951105 68.4 50
1717942961128 68.9 51
1717942971144 68.5 52
1717942981158 68.6 53
1717942991173 68.6 54
1717943001191 68.5 55
1717943011207 69.1 56
1717943021221 69.1 57
1717943031236 68.6 58
1717943041251 69.2 59
1717943051266 69.2 60
1717943061281 69.1 61
1717943071296 68.7 62
1717943082573 69.2 63
1717943092599 69.1 64
1717943102616 68.5 65
1717943112631 68.5 66
1717943122646 68.9 67
1717943132661 69.1 68
1717943142681 68.9 69
1717943152697 68.9 70
1717943162718 69.0 71
1717943172735 68.8 72
1717943182750 69.0 73
1717943192768 69.1 74
1717943202787 68.6 75
1717943212806 68.5 76
1717943222829 69.0 77
1717943232844 68.4 78
1717943242859 68.9 79
1717943252876 68.9 80
1717943262895 69.0 81
1717943272910 68.5 82
1717943282925 68.7 83
1717943292940 68.7 84
1717943302957 68.6 85
1717943312977 69.0 86
1717943322993 69.1 87
1717943333016 68.0 88
1717943343034 68.2 89
1717943353054 68.1 90
1717943363069 68.1 91
1717943373085 68.0 92
1717943383101 68.5 93
1717943393116 68.1 94
1717943403133 68.3 95
1717943413149 68.8 96
1717943423164 69.2 97
1717943433180 68.9 98
1717943443200 67.4 99
1717943453226 67.4 100
1717943463242 68.6 101
1717943473258 68.7 102
1717943483274 68.7 103
1717943493291 68.0 104
1717943503312 68.6 105
1717943513329 68.2 106
1717943523345 68.3 107
1717943533362 68.3 108
1717943543387 68.5 109
1717943553404 68.1 110
1717943563420 68.4 111
1717943573442 68.4 112
1717943583463 68.0 113
1717943593477 67.9 114
1717943603493 68.1 115
1717943613521 68.1 116
1717943623539 68.6 117
