1717942450334 0.0 0
1717942460345 0.16032099999999616 1
1717942470356 0.2951920000000001 2
1717942480368 0.4398559999999918 3
1717942490379 0.5685979999999944 4
1717942500389 0.7078449999999918 5
1717942510400 0.8120309999999904 6
1717942520415 0.9348189999999903 7
1717942530427 1.042231000000001 8
1717942540438 1.1483530000000002 9
1717942550455 1.2433690000000013 10
1717942560468 1.3350559999999945 11
1717942570480 1.464326999999983 12
1717942580491 1.6648919999999947 13
1717942590502 1.8168500000000023 14
1717942600515 1.8990830000000045 15
1717942610532 1.966932 16
1717942620553 2.04865199999999 17
1717942630568 2.1162470000000013 18
1717942640582 2.2384489999999886 19
1717942650601 2.2941009999999977 20
1717942660623 2.340919999999997 21
1717942670645 2.377432999999982 22
1717942680659 2.382525000000001 23
1717942690673 2.3876749999999873 24
1717942700689 2.4134240000000062 25
1717942710704 2.4294359999999955 26
1717942720726 2.4746300000000048 27
1717942730742 2.476247999999984 28
1717942740755 2.484111999999996 29
1717942750773 2.4901919999999933 30
1717942760787 2.513483999999991 31
1717942770800 2.5305560000000042 32
1717942780822 2.6084100000000063 33
1717942790836 2.638975000000002 34
1717942800850 2.6641130000000004 35
1717942810864 2.6748620000000045 36
1717942820881 2.691861000000003 37
1717942830897 2.6949320000000085 38
1717942840912 2.7447509999999937 39
1717942850932 2.786124999999984 40
1717942860955 2.787877999999992 41
1717942870971 2.8363159999999965 42
1717942880984 2.9195370000000054 43
1717942890996 2.965229000000008 44
1717942901018 3.194110000000009 45
1717942911034 3.2618289999999917 46
1717942921049 3.2826069999999987 47
1717942931069 3.340935999999985 48
1717942941089 3.411202999999986 49
1717942951105 3.581713999999991 50
1717942961128 3.595702000000003 51
1717942971144 3.6100860000000097 52
1717942981158 3.6446030000000036 53
1717942991173 3.7088969999999932 54
1717943001191 3.7803109999999975 55
1717943011207 3.8900660000000045 56
1717943021221 3.9329350000000005 57
1717943031236 3.9464219999999983 58
1717943041251 4.020581000000007 59
1717943051266 4.083927000000003 60
1717943061281 4.151666999999989 61
1717943071296 4.289077000000006 62
1717943082573 4.298319000000006 63
1717943092599 4.33135399999999 64
1717943102616 4.388894000000008 65
1717943112631 4.398340000000005 66
1717943122646 4.44120199999999 67
1717943132661 4.472767999999988 68
1717943142681 4.5336870000000005 69
1717943152697 4.6242679999999865 70
1717943162718 4.66931799999999 71
1717943172735 4.745103999999984 72
1717943182750 4.814878000000007 73
1717943192768 4.842146 74
1717943202787 4.856915000000001 75
1717943212806 4.870649999999998 76
1717943222829 4.9008349999999865 77
1717943232844 4.931415000000001 78
1717943242859 4.962902999999997 79
1717943252876 5.00996099999999 80
1717943262895 5.035942999999989 81
1717943272910 5.052759999999992 82
1717943282925 5.061963000000006 83
1717943292940 5.097943000000001 84
1717943302957 5.148997999999992 85
1717943312977 5.249311999999989 86
1717943322993 5.29230299999999 87
1717943333016 5.337286999999989 88
1717943343034 5.373721000000003 89
1717943353054 5.384207999999987 90
1717943363069 5.439085999999989 91
1717943373085 5.468216999999996 92
1717943383101 5.546785999999983 93
1717943393116 5.560656000000009 94
1717943403133 5.5638640000000095 95
1717943413149 5.572431000000009 96
1717943423164 5.591059999999985 97
1717943433180 5.592697000000001 98
1717943443200 5.611946000000003 99
1717943453226 5.614336999999992 100
1717943463242 5.763863000000001 101
1717943473258 5.909835000000001 102
1717943483274 6.121641999999994 103
1717943493291 6.196802000000005 104
1717943503312 6.214300999999992 105
1717943513329 6.230555999999993 106
1717943523345 6.2370460000000065 107
1717943533362 6.243719999999982 108
1717943543387 6.275447 109
1717943553404 6.29207000000001 110
1717943563420 6.3112469999999945 111
1717943573442 6.338029999999989 112
1717943583463 6.350865999999982 113
1717943593477 6.361846 114
1717943603493 6.439554000000001 115
1717943613521 6.466400000000007 116
1717943623539 6.475338000000008 117
