1717942450334 0.0 0
1717942460345 4.5626179999999295 1
1717942470356 9.036127000001215 2
1717942480368 13.553273000001354 3
1717942490379 18.07219400000031 4
1717942500389 22.61324500000046 5
1717942510400 27.196383000000424 6
1717942520415 31.726693000000523 7
1717942530427 36.21107699999993 8
1717942540438 40.74628000000121 9
1717942550455 45.331985000000714 10
1717942560468 49.87279500000113 11
1717942570480 54.37840000000142 12
1717942580491 59.156732000001284 13
1717942590502 63.716685000001235 14
1717942600515 63.84766200000013 15
1717942610532 63.97078599999986 16
1717942620553 64.08976299999995 17
1717942630568 64.19860700000027 18
1717942640582 64.36228300000039 19
1717942650601 64.45501599999989 20
1717942660623 64.51815499999975 21
1717942670645 64.57091300000138 22
1717942680659 64.57806600000004 23
1717942690673 64.58304599999974 24
1717942700689 64.59880300000077 25
1717942710704 64.61076300000059 26
1717942720726 64.64163000000008 27
1717942730742 64.64297299999998 28
1717942740755 64.6538700000001 29
1717942750773 64.65971600000012 30
1717942760787 64.67342300000018 31
1717942770800 64.68893900000148 32
1717942780822 64.82109000000128 33
1717942790836 64.87387900000067 34
1717942800850 64.91072400000121 35
1717942810864 64.92417100000057 36
1717942820881 64.93327400000089 37
1717942830897 64.93774900000062 38
1717942840912 64.99929800000064 39
1717942850932 65.07339800000045 40
1717942860955 65.07484100000147 41
1717942870971 65.1503560000001 42
1717942880984 65.22778199999993 43
1717942890996 65.28152600000067 44
1717942901018 72.84833500000059 45
1717942911034 72.94491200000084 46
1717942921049 72.96967200000108 47
1717942931069 73.06823000000077 48
1717942941089 73.16446800000085 49
1717942951105 73.27461500000027 50
1717942961128 73.28570600000057 51
1717942971144 73.3016430000007 52
1717942981158 73.90605900000082 53
1717942991173 77.80841000000146 54
1717943001191 77.91496400000142 55
1717943011207 78.06330500000149 56
1717943021221 78.12307099999998 57
1717943031236 78.1412049999999 58
1717943041251 78.21498500000052 59
1717943051266 78.31815000000097 60
1717943061281 78.41086400000131 61
1717943071296 78.43555800000104 62
1717943082573 78.43974400000116 63
1717943092599 78.48245500000121 64
1717943102616 78.58293100000083 65
1717943112631 78.59473900000012 66
1717943122646 78.64102900000034 67
1717943132661 78.64935900000091 68
1717943142681 78.68219700000009 69
1717943152697 78.81982700000117 70
1717943162718 78.83383400000093 71
1717943172735 78.93350900000041 72
1717943182750 79.02463400000124 73
1717943192768 79.03497500000049 74
1717943202787 79.04310100000112 75
1717943212806 79.07019700000092 76
1717943222829 79.08828499999981 77
1717943232844 79.12629100000049 78
1717943242859 79.16454300000078 79
1717943252876 79.22529100000065 80
1717943262895 79.2377120000001 81
1717943272910 79.29696599999988 82
1717943282925 79.31244599999991 83
1717943292940 79.34336700000131 84
1717943302957 79.40309900000102 85
1717943312977 79.55429600000025 86
1717943322993 79.60665400000107 87
1717943333016 79.67257200000131 88
1717943343034 79.72714000000087 89
1717943353054 79.73798600000009 90
1717943363069 80.23268400000052 91
1717943373085 80.36728300000141 92
1717943383101 81.8170740000005 93
1717943393116 82.58020700000088 94
1717943403133 82.65134500000022 95
1717943413149 82.65929300000062 96
1717943423164 82.66941300000144 97
1717943433180 82.67108400000143 98
1717943443200 82.67662900000141 99
1717943453226 82.6807090000002 100
1717943463242 87.22910500000035 101
1717943473258 91.99034000000029 102
1717943483274 92.00884800000131 103
1717943493291 95.22883700000057 104
1717943503312 95.24170400000003 105
1717943513329 95.25804000000062 106
1717943523345 95.2640760000013 107
1717943533362 95.27056900000025 108
1717943543387 95.30219000000034 109
1717943553404 95.33018700000139 110
1717943563420 95.34921899999972 111
1717943573442 95.37269100000049 112
1717943583463 95.39542500000061 113
1717943593477 95.41027200000099 114
1717943603493 95.47895600000084 115
1717943613521 95.50946900000054 116
1717943623539 95.5131280000005 117
