1717942450334 29.1 0
1717942460345 29.9 1
1717942470356 29.8 2
1717942480368 29.9 3
1717942490379 29.8 4
1717942500389 29.9 5
1717942510400 29.7 6
1717942520415 29.7 7
1717942530427 29.7 8
1717942540438 29.6 9
1717942550455 29.7 10
1717942560468 29.7 11
1717942570480 29.9 12
1717942580491 29.9 13
1717942590502 29.8 14
1717942600515 29.8 15
1717942610532 29.7 16
1717942620553 29.7 17
1717942630568 29.9 18
1717942640582 29.9 19
1717942650601 29.7 20
1717942660623 29.7 21
1717942670645 29.7 22
1717942680659 29.6 23
1717942690673 29.6 24
1717942700689 29.6 25
1717942710704 29.6 26
1717942720726 29.6 27
1717942730742 29.5 28
1717942740755 29.5 29
1717942750773 29.5 30
1717942760787 29.6 31
1717942770800 29.6 32
1717942780822 29.6 33
1717942790836 29.5 34
1717942800850 29.6 35
1717942810864 29.6 36
1717942820881 29.6 37
1717942830897 29.6 38
1717942840912 29.6 39
1717942850932 29.5 40
1717942860955 29.4 41
1717942870971 29.5 42
1717942880984 29.4 43
1717942890996 29.4 44
1717942901018 29.5 45
1717942911034 29.5 46
1717942921049 29.5 47
1717942931069 29.4 48
1717942941089 29.4 49
1717942951105 29.4 50
1717942961128 29.4 51
1717942971144 29.4 52
1717942981158 29.4 53
1717942991173 29.4 54
1717943001191 29.4 55
1717943011207 29.4 56
1717943021221 29.4 57
1717943031236 29.3 58
1717943041251 29.4 59
1717943051266 29.4 60
1717943061281 29.4 61
1717943071296 29.1 62
1717943082573 29.1 63
1717943092599 30.1 64
1717943102616 29.2 65
1717943112631 29.1 66
1717943122646 29.2 67
1717943132661 29.2 68
1717943142681 29.2 69
1717943152697 29.3 70
1717943162718 29.3 71
1717943172735 29.6 72
1717943182750 29.4 73
1717943192768 29.3 74
1717943202787 29.3 75
1717943212806 29.3 76
1717943222829 29.4 77
1717943232844 29.3 78
1717943242859 29.4 79
1717943252876 29.4 80
1717943262895 29.5 81
1717943272910 29.4 82
1717943282925 29.2 83
1717943292940 29.2 84
1717943302957 29.3 85
1717943312977 29.2 86
1717943322993 29.3 87
1717943333016 29.5 88
1717943343034 29.6 89
1717943353054 29.5 90
1717943363069 29.8 91
1717943373085 30.0 92
1717943383101 30.2 93
1717943393116 30.1 94
1717943403133 30.2 95
1717943413149 30.0 96
1717943423164 30.0 97
1717943433180 30.0 98
1717943443200 29.6 99
1717943453226 29.6 100
1717943463242 29.6 101
1717943473258 29.7 102
1717943483274 29.7 103
1717943493291 29.9 104
1717943503312 29.7 105
1717943513329 29.7 106
1717943523345 29.7 107
1717943533362 29.6 108
1717943543387 29.6 109
1717943553404 29.6 110
1717943563420 29.6 111
1717943573442 29.6 112
1717943583463 29.6 113
1717943593477 29.5 114
1717943603493 29.6 115
1717943613521 29.6 116
1717943623539 29.6 117
