1717942450334 9750.1 0
1717942460345 10037.3 1
1717942470356 10008.5 2
1717942480368 10026.2 3
1717942490379 9992.7 4
1717942500389 10031.5 5
1717942510400 9958.1 6
1717942520415 9963.7 7
1717942530427 9958.9 8
1717942540438 9941.0 9
1717942550455 9951.5 10
1717942560468 9960.9 11
1717942570480 10022.7 12
1717942580491 10040.1 13
1717942590502 9986.8 14
1717942600515 9986.3 15
1717942610532 9972.1 16
1717942620553 9974.9 17
1717942630568 10027.4 18
1717942640582 10013.7 19
1717942650601 9971.0 20
1717942660623 9955.4 21
1717942670645 9958.8 22
1717942680659 9921.0 23
1717942690673 9936.1 24
1717942700689 9922.4 25
1717942710704 9917.3 26
1717942720726 9913.9 27
1717942730742 9904.3 28
1717942740755 9899.3 29
1717942750773 9898.4 30
1717942760787 9914.0 31
1717942770800 9916.1 32
1717942780822 9922.6 33
1717942790836 9905.8 34
1717942800850 9933.3 35
1717942810864 9916.0 36
1717942820881 9928.7 37
1717942830897 9921.0 38
1717942840912 9926.2 39
1717942850932 9907.6 40
1717942860955 9865.1 41
1717942870971 9892.5 42
1717942880984 9875.8 43
1717942890996 9843.2 44
1717942901018 9905.8 45
1717942911034 9907.3 46
1717942921049 9880.2 47
1717942931069 9859.2 48
1717942941089 9875.0 49
1717942951105 9867.5 50
1717942961128 9854.8 51
1717942971144 9850.3 52
1717942981158 9869.8 53
1717942991173 9856.9 54
1717943001191 9852.6 55
1717943011207 9847.4 56
1717943021221 9847.4 57
1717943031236 9838.0 58
1717943041251 9859.5 59
1717943051266 9868.3 60
1717943061281 9863.9 61
1717943071296 9764.0 62
1717943082573 9762.3 63
1717943092599 10102.1 64
1717943102616 9780.0 65
1717943112631 9766.0 66
1717943122646 9790.9 67
1717943132661 9787.0 68
1717943142681 9797.8 69
1717943152697 9813.2 70
1717943162718 9812.2 71
1717943172735 9915.8 72
1717943182750 9873.1 73
1717943192768 9842.8 74
1717943202787 9838.1 75
1717943212806 9825.8 76
1717943222829 9845.0 77
1717943232844 9841.8 78
1717943242859 9849.4 79
1717943252876 9846.8 80
1717943262895 9877.0 81
1717943272910 9845.8 82
1717943282925 9803.9 83
1717943292940 9801.0 84
1717943302957 9809.8 85
1717943312977 9800.6 86
1717943322993 9812.0 87
1717943333016 9908.3 88
1717943343034 9922.2 89
1717943353054 9890.9 90
1717943363069 9987.4 91
1717943373085 10044.5 92
1717943383101 10138.0 93
1717943393116 10110.3 94
1717943403133 10114.6 95
1717943413149 10072.4 96
1717943423164 10075.8 97
1717943433180 10052.7 98
1717943443200 9937.3 99
1717943453226 9939.5 100
1717943463242 9922.2 101
1717943473258 9974.8 102
1717943483274 9955.3 103
1717943493291 10019.6 104
1717943503312 9948.3 105
1717943513329 9958.9 106
1717943523345 9951.7 107
1717943533362 9927.3 108
1717943543387 9939.3 109
1717943553404 9929.3 110
1717943563420 9917.0 111
1717943573442 9920.6 112
1717943583463 9920.9 113
1717943593477 9908.5 114
1717943603493 9936.7 115
1717943613521 9932.4 116
1717943623539 9940.0 117
