1717929838875 0.0 0
1717929848901 6.2 1
1717929858918 6.3 2
1717929868934 6.5 3
1717929878953 6.6 4
1717929888967 6.3 5
1717929898986 6.3 6
1717929909005 6.6 7
1717929919021 6.3 8
1717929929048 6.0 9
1717929939066 6.4 10
1717929949085 6.2 11
1717929959105 6.0 12
1717929969117 6.4 13
1717929979137 6.5 14
1717929989153 6.1 15
1717929999181 6.0 16
1717930009202 6.3 17
1717930019221 6.1 18
1717930029246 6.0 19
1717930039267 6.7 20
1717930049294 6.1 21
1717930059312 6.4 22
1717930069337 6.1 23
1717930079361 10.4 24
1717930089378 10.0 25
1717930099392 12.4 26
1717930109412 10.4 27
1717930119426 13.4 28
1717930129440 12.7 29
1717930139458 11.4 30
1717930149474 17.2 31
1717930159489 20.6 32
1717930169507 20.7 33
1717930179524 21.6 34
1717930189542 19.8 35
1717930199562 20.3 36
1717930209578 18.2 37
1717930219595 17.9 38
1717930229622 17.8 39
1717930239643 14.0 40
1717930249662 13.0 41
1717930259683 7.4 42
1717930269705 6.0 43
1717930279722 6.0 44
1717930289745 6.1 45
1717930299761 5.7 46
1717930309776 5.8 47
1717930319793 5.8 48
1717930329806 6.1 49
1717930339821 5.9 50
1717930349844 6.1 51
1717930359865 6.4 52
1717930369884 5.9 53
1717930379904 5.7 54
1717930389919 6.3 55
1717930399938 6.0 56
1717930409952 5.7 57
