1717929838875 735431.6 0
1717929848901 735432.5 1
1717929858918 735432.5 2
1717929868934 735432.5 3
1717929878953 735432.5 4
1717929888967 735432.5 5
1717929898986 735432.5 6
1717929909005 735432.5 7
1717929919021 735432.5 8
1717929929048 735432.5 9
1717929939066 735432.5 10
1717929949085 735432.6 11
1717929959105 735432.5 12
1717929969117 735432.5 13
1717929979137 735432.5 14
1717929989153 735432.6 15
1717929999181 735432.6 16
1717930009202 735432.6 17
1717930019221 735432.6 18
1717930029246 735432.5 19
1717930039267 735432.6 20
1717930049294 735432.6 21
1717930059312 735432.6 22
1717930069337 735432.6 23
1717930079361 735432.6 24
1717930089378 735432.6 25
1717930099392 735434.2 26
1717930109412 735435.1 27
1717930119426 735436.1 28
1717930129440 735436.9 29
1717930139458 735436.9 30
1717930149474 736241.5 31
1717930159489 736241.5 32
1717930169507 736244.6 33
1717930179524 736244.4 34
1717930189542 736244.5 35
1717930199562 736244.4 36
1717930209578 736244.4 37
1717930219595 736244.4 38
1717930229622 736244.4 39
1717930239643 736244.4 40
1717930249662 736244.4 41
1717930259683 736244.4 42
1717930269705 736244.4 43
1717930279722 736244.4 44
1717930289745 736244.4 45
1717930299761 736244.4 46
1717930309776 736244.4 47
1717930319793 736244.4 48
1717930329806 736244.4 49
1717930339821 736244.4 50
1717930349844 736244.4 51
1717930359865 736244.4 52
1717930369884 736244.4 53
1717930379904 736244.4 54
1717930389919 736244.4 55
1717930399938 736244.4 56
1717930409952 736244.4 57
