1717929838875 197389.2 0
1717929848901 197388.3 1
1717929858918 197388.3 2
1717929868934 197388.3 3
1717929878953 197388.3 4
1717929888967 197388.3 5
1717929898986 197388.3 6
1717929909005 197388.3 7
1717929919021 197388.3 8
1717929929048 197388.3 9
1717929939066 197388.3 10
1717929949085 197388.2 11
1717929959105 197388.3 12
1717929969117 197388.3 13
1717929979137 197388.3 14
1717929989153 197388.3 15
1717929999181 197388.3 16
1717930009202 197388.3 17
1717930019221 197388.3 18
1717930029246 197388.3 19
1717930039267 197388.3 20
1717930049294 197388.3 21
1717930059312 197388.3 22
1717930069337 197388.3 23
1717930079361 197388.3 24
1717930089378 197388.3 25
1717930099392 197386.6 26
1717930109412 197385.7 27
1717930119426 197384.7 28
1717930129440 197383.9 29
1717930139458 197383.9 30
1717930149474 196579.3 31
1717930159489 196579.3 32
1717930169507 196576.2 33
1717930179524 196576.4 34
1717930189542 196576.3 35
1717930199562 196576.4 36
1717930209578 196576.4 37
1717930219595 196576.4 38
1717930229622 196576.4 39
1717930239643 196576.4 40
1717930249662 196576.4 41
1717930259683 196576.4 42
1717930269705 196576.4 43
1717930279722 196576.4 44
1717930289745 196576.4 45
1717930299761 196576.4 46
1717930309776 196576.4 47
1717930319793 196576.4 48
1717930329806 196576.4 49
1717930339821 196576.4 50
1717930349844 196576.4 51
1717930359865 196576.4 52
1717930369884 196576.4 53
1717930379904 196576.4 54
1717930389919 196576.4 55
1717930399938 196576.4 56
1717930409952 196576.4 57
