1717929838875 78.8 0
1717929848901 78.8 1
1717929858918 78.8 2
1717929868934 78.8 3
1717929878953 78.8 4
1717929888967 78.8 5
1717929898986 78.8 6
1717929909005 78.8 7
1717929919021 78.8 8
1717929929048 78.8 9
1717929939066 78.8 10
1717929949085 78.8 11
1717929959105 78.8 12
1717929969117 78.8 13
1717929979137 78.8 14
1717929989153 78.8 15
1717929999181 78.8 16
1717930009202 78.8 17
1717930019221 78.8 18
1717930029246 78.8 19
1717930039267 78.8 20
1717930049294 78.8 21
1717930059312 78.8 22
1717930069337 78.8 23
1717930079361 78.8 24
1717930089378 78.8 25
1717930099392 78.8 26
1717930109412 78.8 27
1717930119426 78.8 28
1717930129440 78.8 29
1717930139458 78.8 30
1717930149474 78.9 31
1717930159489 78.9 32
1717930169507 78.9 33
1717930179524 78.9 34
1717930189542 78.9 35
1717930199562 78.9 36
1717930209578 78.9 37
1717930219595 78.9 38
1717930229622 78.9 39
1717930239643 78.9 40
1717930249662 78.9 41
1717930259683 78.9 42
1717930269705 78.9 43
1717930279722 78.9 44
1717930289745 78.9 45
1717930299761 78.9 46
1717930309776 78.9 47
1717930319793 78.9 48
1717930329806 78.9 49
1717930339821 78.9 50
1717930349844 78.9 51
1717930359865 78.9 52
1717930369884 78.9 53
1717930379904 78.9 54
1717930389919 78.9 55
1717930399938 78.9 56
1717930409952 78.9 57
