1717929838875 1.0 0
1717929848901 95.0 1
1717929858918 95.0 2
1717929868934 95.0 3
1717929878953 95.0 4
1717929888967 95.0 5
1717929898986 95.0 6
1717929909005 95.0 7
1717929919021 94.0 8
1717929929048 95.0 9
1717929939066 87.0 10
1717929949085 95.0 11
1717929959105 96.0 12
1717929969117 96.0 13
1717929979137 94.0 14
1717929989153 95.0 15
1717929999181 95.0 16
1717930009202 94.0 17
1717930019221 96.0 18
1717930029246 95.0 19
1717930039267 85.0 20
1717930049294 96.0 21
1717930059312 95.0 22
1717930069337 95.0 23
1717930079361 94.0 24
1717930089378 95.0 25
1717930099392 93.0 26
1717930109412 95.0 27
1717930119426 94.0 28
1717930129440 94.0 29
1717930139458 94.0 30
1717930149474 90.0 31
1717930159489 96.0 32
1717930169507 91.0 33
1717930179524 94.0 34
1717930189542 93.0 35
1717930199562 94.0 36
1717930209578 95.0 37
1717930219595 95.0 38
1717930229622 93.0 39
1717930239643 94.0 40
1717930249662 95.0 41
1717930259683 93.0 42
1717930269705 96.0 43
1717930279722 95.0 44
1717930289745 94.0 45
1717930299761 96.0 46
1717930309776 95.0 47
1717930319793 96.0 48
1717930329806 95.0 49
1717930339821 94.0 50
1717930349844 95.0 51
1717930359865 94.0 52
1717930369884 96.0 53
1717930379904 94.0 54
1717930389919 96.0 55
1717930399938 95.0 56
1717930409952 95.0 57
