1717929838875 1944.3 0
1717929848901 5413.6 1
1717929858918 5413.1 2
1717929868934 5429.7 3
1717929878953 5427.8 4
1717929888967 5427.8 5
1717929898986 5427.8 6
1717929909005 5427.8 7
1717929919021 5427.8 8
1717929929048 5427.8 9
1717929939066 5427.8 10
1717929949085 5413.1 11
1717929959105 5339.0 12
1717929969117 5339.0 13
1717929979137 5353.7 14
1717929989153 5353.7 15
1717929999181 5353.7 16
1717930009202 5353.7 17
1717930019221 5353.7 18
1717930029246 5353.7 19
1717930039267 5353.7 20
1717930049294 5339.0 21
1717930059312 5339.0 22
1717930069337 5339.0 23
1717930079361 5504.7 24
1717930089378 5459.0 25
1717930099392 5461.6 26
1717930109412 5426.3 27
1717930119426 5487.3 28
1717930129440 5465.2 29
1717930139458 5530.8 30
1717930149474 5518.9 31
1717930159489 5564.1 32
1717930169507 5397.9 33
1717930179524 5274.2 34
1717930189542 5225.5 35
1717930199562 5269.6 36
1717930209578 5186.6 37
1717930219595 5186.6 38
1717930229622 5186.3 39
1717930239643 5186.6 40
1717930249662 5220.3 41
1717930259683 5213.8 42
1717930269705 5199.2 43
1717930279722 5213.8 44
1717930289745 5213.8 45
1717930299761 5199.2 46
1717930309776 5199.2 47
1717930319793 5199.2 48
1717930329806 5199.2 49
1717930339821 5199.2 50
1717930349844 5199.2 51
1717930359865 5213.8 52
1717930369884 5199.2 53
1717930379904 5213.8 54
1717930389919 5199.2 55
1717930399938 5199.2 56
1717930409952 5180.1 57
