1717929838875 15.1 0
1717929848901 42.0 1
1717929858918 42.0 2
1717929868934 42.1 3
1717929878953 42.1 4
1717929888967 42.1 5
1717929898986 42.1 6
1717929909005 42.1 7
1717929919021 42.1 8
1717929929048 42.1 9
1717929939066 42.1 10
1717929949085 42.0 11
1717929959105 41.4 12
1717929969117 41.4 13
1717929979137 41.6 14
1717929989153 41.6 15
1717929999181 41.6 16
1717930009202 41.6 17
1717930019221 41.6 18
1717930029246 41.6 19
1717930039267 41.6 20
1717930049294 41.4 21
1717930059312 41.4 22
1717930069337 41.4 23
1717930079361 42.7 24
1717930089378 42.4 25
1717930099392 42.4 26
1717930109412 42.1 27
1717930119426 42.6 28
1717930129440 42.4 29
1717930139458 42.9 30
1717930149474 42.8 31
1717930159489 43.2 32
1717930169507 41.9 33
1717930179524 40.9 34
1717930189542 40.6 35
1717930199562 40.9 36
1717930209578 40.3 37
1717930219595 40.3 38
1717930229622 40.3 39
1717930239643 40.3 40
1717930249662 40.5 41
1717930259683 40.5 42
1717930269705 40.4 43
1717930279722 40.5 44
1717930289745 40.5 45
1717930299761 40.4 46
1717930309776 40.4 47
1717930319793 40.4 48
1717930329806 40.4 49
1717930339821 40.4 50
1717930349844 40.4 51
1717930359865 40.5 52
1717930369884 40.4 53
1717930379904 40.5 54
1717930389919 40.4 55
1717930399938 40.4 56
1717930409952 40.2 57
