1717929838875 0.0 0
1717929848901 0.0010900000000049204 1
1717929858918 0.0021600000000034925 2
1717929868934 0.05206599999999639 3
1717929878953 0.052831999999995105 4
1717929888967 0.05384700000000464 5
1717929898986 0.05849100000000362 6
1717929909005 0.06071500000000185 7
1717929919021 0.06833799999999712 8
1717929929048 0.08206799999999248 9
1717929939066 0.09863400000000411 10
1717929949085 0.09980299999999431 11
1717929959105 0.10585199999999872 12
1717929969117 0.10701999999999146 13
1717929979137 0.11531599999999287 14
1717929989153 0.1258229999999969 15
1717929999181 0.12691099999999267 16
1717930009202 0.1305329999999998 17
1717930019221 0.137833999999998 18
1717930029246 0.14087999999999568 19
1717930039267 0.15415299999999377 20
1717930049294 0.16072799999999177 21
1717930059312 0.16727899999999352 22
1717930069337 0.16842499999999916 23
1717930079361 0.1790110000000027 24
1717930089378 0.22661399999999787 25
1717930099392 0.27346400000000415 26
1717930109412 0.33468899999999735 27
1717930119426 0.523809 28
1717930129440 0.6051779999999951 29
1717930139458 0.6874549999999999 30
1717930149474 0.8799139999999994 31
1717930159489 1.1456639999999965 32
1717930169507 1.4955539999999985 33
1717930179524 1.8660720000000026 34
1717930189542 2.2344849999999923 35
1717930199562 2.300555000000003 36
1717930209578 2.5747070000000036 37
1717930219595 2.6667269999999945 38
1717930229622 2.8367920000000026 39
1717930239643 2.923807999999994 40
1717930249662 3.017060999999998 41
1717930259683 3.2463949999999926 42
1717930269705 3.251541000000003 43
1717930279722 3.2694249999999982 44
1717930289745 3.2856009999999998 45
1717930299761 3.286958999999996 46
1717930309776 3.290103000000002 47
1717930319793 3.303329000000005 48
1717930329806 3.304760999999999 49
1717930339821 3.328746999999993 50
1717930349844 3.3434349999999995 51
1717930359865 3.3435209999999955 52
1717930369884 3.3459940000000046 53
1717930379904 3.352632 54
1717930389919 3.358576999999997 55
1717930399938 3.3939730000000026 56
1717930409952 3.4110270000000043 57
