1717929838875 0.0 0
1717929848901 0.0012549999992188532 1
1717929858918 0.002261999999973341 2
1717929868934 0.03238599999986036 3
1717929878953 0.03347299999950337 4
1717929888967 0.03447699999924225 5
1717929898986 0.03908099999989645 6
1717929909005 0.04022099999929196 7
1717929919021 0.042230999999446794 8
1717929929048 0.05150899999989633 9
1717929939066 0.07790599999952974 10
1717929949085 0.07890899999983958 11
1717929959105 0.0844649999999092 12
1717929969117 0.08570499999950698 13
1717929979137 0.08825999999953638 14
1717929989153 0.09473699999944074 15
1717929999181 0.09555899999941175 16
1717930009202 0.09984499999973195 17
1717930019221 0.10791799999969953 18
1717930029246 0.11006199999974342 19
1717930039267 0.11554699999942386 20
1717930049294 0.1167089999999007 21
1717930059312 0.12328699999943638 22
1717930069337 0.12446599999930186 23
1717930079361 0.13344099999994796 24
1717930089378 2.7701259999994363 25
1717930099392 2.785370999999941 26
1717930109412 4.646853999999621 27
1717930119426 20.559987999999976 28
1717930129440 28.172292999999627 29
1717930139458 39.278126999999586 30
1717930149474 76.12066099999993 31
1717930159489 102.21131999999943 32
1717930169507 110.99432099999922 33
1717930179524 146.0607540000001 34
1717930189542 183.63498099999924 35
1717930199562 188.65525799999978 36
1717930209578 221.47698199999923 37
1717930219595 229.08532599999944 38
1717930229622 248.49305599999934 39
1717930239643 258.7144079999998 40
1717930249662 268.5795129999997 41
1717930259683 300.07013299999926 42
1717930269705 300.07494700000007 43
1717930279722 300.08737699999983 44
1717930289745 300.09784299999956 45
1717930299761 300.09906599999977 46
1717930309776 300.1018180000001 47
1717930319793 300.11238799999956 48
1717930329806 300.11403399999926 49
1717930339821 300.1233750000001 50
1717930349844 300.13114099999984 51
1717930359865 300.13114099999984 52
1717930369884 300.13351799999964 53
1717930379904 300.1399969999993 54
1717930389919 300.14967199999955 55
1717930399938 300.1941309999993 56
1717930409952 300.20714899999984 57
