1717929838875 9110.1 0
1717929848901 9397.1 1
1717929858918 9414.3 2
1717929868934 9450.3 3
1717929878953 9416.8 4
1717929888967 9419.7 5
1717929898986 9416.6 6
1717929909005 9401.8 7
1717929919021 9404.7 8
1717929929048 9434.2 9
1717929939066 9437.3 10
1717929949085 9413.4 11
1717929959105 9450.7 12
1717929969117 9442.9 13
1717929979137 9462.2 14
1717929989153 9464.6 15
1717929999181 9462.0 16
1717930009202 9484.3 17
1717930019221 9494.4 18
1717930029246 9470.0 19
1717930039267 9475.6 20
1717930049294 9452.2 21
1717930059312 9446.4 22
1717930069337 9431.4 23
1717930079361 9657.1 24
1717930089378 9552.0 25
1717930099392 9707.9 26
1717930109412 9749.2 27
1717930119426 9861.1 28
1717930129440 9832.3 29
1717930139458 9791.2 30
1717930149474 9846.4 31
1717930159489 9890.0 32
1717930169507 9765.0 33
1717930179524 9848.1 34
1717930189542 10003.5 35
1717930199562 9756.6 36
1717930209578 9667.6 37
1717930219595 9652.3 38
1717930229622 9653.1 39
1717930239643 9653.8 40
1717930249662 9531.5 41
1717930259683 9571.6 42
1717930269705 9494.6 43
1717930279722 9449.5 44
1717930289745 9353.3 45
1717930299761 9355.8 46
1717930309776 9360.9 47
1717930319793 9353.3 48
1717930329806 9350.2 49
1717930339821 9377.3 50
1717930349844 9362.2 51
1717930359865 9371.1 52
1717930369884 9354.4 53
1717930379904 9349.9 54
1717930389919 9353.5 55
1717930399938 9375.9 56
1717930409952 9390.0 57
