1717929838875 27.2 0
1717929848901 28.0 1
1717929858918 28.1 2
1717929868934 28.2 3
1717929878953 28.1 4
1717929888967 28.1 5
1717929898986 28.1 6
1717929909005 28.0 7
1717929919021 28.0 8
1717929929048 28.1 9
1717929939066 28.1 10
1717929949085 28.1 11
1717929959105 28.2 12
1717929969117 28.2 13
1717929979137 28.2 14
1717929989153 28.2 15
1717929999181 28.2 16
1717930009202 28.3 17
1717930019221 28.3 18
1717930029246 28.2 19
1717930039267 28.3 20
1717930049294 28.2 21
1717930059312 28.2 22
1717930069337 28.1 23
1717930079361 28.8 24
1717930089378 28.5 25
1717930099392 28.9 26
1717930109412 29.1 27
1717930119426 29.4 28
1717930129440 29.3 29
1717930139458 29.2 30
1717930149474 29.4 31
1717930159489 29.5 32
1717930169507 29.1 33
1717930179524 29.4 34
1717930189542 29.8 35
1717930199562 29.1 36
1717930209578 28.8 37
1717930219595 28.8 38
1717930229622 28.8 39
1717930239643 28.8 40
1717930249662 28.4 41
1717930259683 28.5 42
1717930269705 28.3 43
1717930279722 28.2 44
1717930289745 27.9 45
1717930299761 27.9 46
1717930309776 27.9 47
1717930319793 27.9 48
1717930329806 27.9 49
1717930339821 28.0 50
1717930349844 27.9 51
1717930359865 27.9 52
1717930369884 27.9 53
1717930379904 27.9 54
1717930389919 27.9 55
1717930399938 28.0 56
1717930409952 28.0 57
