1718211960174 0.02 10
1718211973450 0.03 20
1718211986780 0.05 30
1718211999960 0.06 40
1718212012855 0.08 50
1718212026365 0.1 60
1718212039758 0.11 70
1718212053060 0.13 80
1718212066306 0.14 90
1718212079283 0.16 100
1718212092711 0.18 110
1718212106067 0.19 120
1718212119355 0.21 130
1718212132515 0.22 140
1718212145501 0.24 150
1718212158887 0.26 160
1718212172387 0.27 170
1718212185761 0.29 180
1718212198964 0.3 190
1718212211976 0.32 200
1718212225398 0.34 210
1718212238716 0.35 220
1718212251975 0.37 230
1718212265071 0.38 240
1718212278233 0.4 250
1718212291672 0.42 260
1718212305027 0.43 270
1718212318230 0.45 280
1718212331349 0.46 290
1718212344274 0.48 300
1718212407313 0.48 300
1718212423268 0.5 310
1718212436630 0.51 320
1718212449877 0.53 330
1718212463111 0.54 340
1718212476198 0.56 350
1718212489668 0.58 360
1718212503017 0.59 370
1718212516278 0.61 380
1718212529368 0.62 390
1718212542412 0.64 400
1718212555812 0.66 410
1718212569119 0.67 420
1718212582363 0.69 430
1718212595526 0.7 440
1718212608416 0.72 450
1718212621842 0.74 460
1718212635198 0.75 470
1718212648508 0.77 480
1718212661677 0.78 490
1718212674412 0.8 500
1718212687876 0.82 510
1718212701267 0.83 520
1718212714741 0.85 530
1718212727923 0.86 540
1718212740884 0.88 550
1718212754257 0.9 560
1718212767613 0.91 570
1718212780907 0.93 580
1718212794105 0.94 590
1718212806977 0.96 600
1718212870245 0.96 600
1718212885595 0.98 610
1718212898901 0.99 620
1718212905573 1.0 625
