1718211960174 3.2290921211242676 10
1718211973450 1.082875370979309 20
1718211986780 2.667448043823242 30
1718211999960 0.8058270215988159 40
1718212012855 0.8346189260482788 50
1718212026365 0.6595407128334045 60
1718212039758 0.5385342240333557 70
1718212053060 0.48558712005615234 80
1718212066306 0.6924790143966675 90
1718212079283 0.05008223280310631 100
1718212092711 0.7917848229408264 110
1718212106067 0.22811603546142578 120
1718212119355 0.377523809671402 130
1718212132515 0.7970911860466003 140
1718212145501 0.5889438986778259 150
1718212158887 0.277286171913147 160
1718212172387 0.7690889239311218 170
1718212185761 0.7843412756919861 180
1718212198964 0.853083074092865 190
1718212211976 0.14578355848789215 200
1718212225398 0.20072893798351288 210
1718212238716 0.9587493538856506 220
1718212251975 0.22426997125148773 230
1718212265071 1.4225660562515259 240
1718212278233 0.26227039098739624 250
1718212291672 0.4976483881473541 260
1718212305027 0.22554412484169006 270
1718212318230 0.19179688394069672 280
1718212331349 0.3068085014820099 290
1718212344274 0.08103694766759872 300
1718212423268 0.39981555938720703 310
1718212436630 0.5881890058517456 320
1718212449877 0.9297650456428528 330
1718212463111 0.29620516300201416 340
1718212476198 0.7604991793632507 350
1718212489668 0.37186649441719055 360
1718212503017 0.08630838245153427 370
1718212516278 0.6132594347000122 380
1718212529368 0.25612780451774597 390
1718212542412 0.15135535597801208 400
1718212555812 0.5313951969146729 410
1718212569119 0.20669995248317719 420
1718212582363 0.12496348470449448 430
1718212595526 0.47078195214271545 440
1718212608416 0.34474414587020874 450
1718212621842 0.060171738266944885 460
1718212635198 0.9677431583404541 470
1718212648508 0.4483562111854553 480
1718212661677 0.6968883872032166 490
1718212674412 0.4385766386985779 500
1718212687876 0.2260715216398239 510
1718212701267 0.37221571803092957 520
1718212714741 0.6743233799934387 530
1718212727923 0.40292850136756897 540
1718212740884 0.08482374250888824 550
1718212754257 0.24350935220718384 560
1718212767613 0.19029583036899567 570
1718212780907 0.22900930047035217 580
1718212794105 0.49507924914360046 590
1718212806977 0.17746217548847198 600
1718212885595 0.21507228910923004 610
1718212898901 0.3429262936115265 620
