1718211960174 9.473684210526316e-05 10
1718211973450 0.0002 20
1718211986780 0.00019986565322860115 30
1718211999960 0.00019946297389550433 40
1718212012855 0.0001987930439740757 50
1718212026365 0.00019785766352275542 60
1718212039758 0.00019665934584841682 70
1718212053060 0.00019520131075327298 80
1718212066306 0.00019348747588347637 90
1718212079283 0.0001915224462026563 100
1718212092711 0.00018931150161867916 110
1718212106067 0.00018686058279687698 120
1718212119355 0.00018417627519786315 130
1718212132515 0.00018126579138282503 140
1718212145501 0.0001781369516338378 150
1718212158887 0.00017479816294127152 160
1718212172387 0.00017125839641475072 170
1718212185761 0.00016752716317836229 180
1718212198964 0.00016361448881487914 190
1718212211976 0.0001595308864276666 200
1718212225398 0.00015528732839265272 210
1718212238716 0.00015089521687626243 220
1718212251975 0.00014636635319853275 230
1718212265071 0.0001417129061237278 240
1718212278233 0.00013694737916365517 250
1718212291672 0.00013208257698153677 260
1718212305027 0.0001271315709867059 270
1718212318230 0.0001221076642125742 280
1718212331349 0.00011702435557223987 290
1718212344274 0.00011189530358778005 300
1718212423268 0.00010673428969068364 310
1718212436630 0.0001015551811920351 320
1718212449877 9.637189402194476e-05 330
1718212463111 9.119835533834331e-05 340
1718212476198 8.604846610560771e-05 350
1718212489668 8.093606374356759e-05 360
1718212503017 7.587488494725157e-05 370
1718212516278 7.087852877727481e-05 380
1718212529368 6.59604201200412e-05 390
1718212542412 6.113377361594049e-05 400
1718212555812 5.6411558152462894e-05 410
1718212569119 5.180646201763577e-05 420
1718212582363 4.733085880741301e-05 430
1718212595526 4.2996774178621736e-05 440
1718212608416 3.8815853536798904e-05 450
1718212621842 3.479933074573858e-05 460
1718212635198 3.0957997942825336e-05 470
1718212648508 2.7302176541257986e-05 480
1718212661677 2.3841689497078746e-05 490
1718212674412 2.058583491552465e-05 500
1718212687876 1.754336106761927e-05 510
1718212701267 1.4722442884133214e-05 520
1718212714741 1.2130659990073146e-05 530
1718212727923 9.774976338718677e-06 540
1718212740884 7.661721499929753e-06 550
1718212754257 5.7965736530010916e-06 560
1718212767613 4.184544329761009e-06 570
1718212780907 2.8299649489090475e-06 580
1718212794105 1.7364751777736332e-06 590
1718212806977 9.070131527609604e-07 600
1718212885595 3.4380758477219333e-07 610
1718212898901 4.837177080119215e-08 620
