1718211960174 2.2123 10
1718211973450 0.2702 20
1718211986780 0.1535 30
1718211999960 0.1919 40
1718212012855 0.1533 50
1718212026365 0.2134 60
1718212039758 0.1294 70
1718212053060 0.1619 80
1718212066306 0.1273 90
1718212079283 0.1024 100
1718212092711 0.1197 110
1718212106067 0.1625 120
1718212119355 0.1783 130
1718212132515 0.1601 140
1718212145501 0.1134 150
1718212158887 0.1582 160
1718212172387 0.1448 170
1718212185761 0.1373 180
1718212198964 0.1641 190
1718212211976 0.1441 200
1718212225398 0.1479 210
1718212238716 0.103 220
1718212251975 0.0817 230
1718212265071 0.1329 240
1718212278233 0.227 250
1718212291672 0.1262 260
1718212305027 0.1216 270
1718212318230 0.1167 280
1718212331349 0.0917 290
1718212344274 0.085 300
1718212423268 0.1023 310
1718212436630 0.1004 320
1718212449877 0.1433 330
1718212463111 0.0867 340
1718212476198 0.1309 350
1718212489668 0.1084 360
1718212503017 0.1016 370
1718212516278 0.1268 380
1718212529368 0.1586 390
1718212542412 0.1028 400
1718212555812 0.1571 410
1718212569119 0.1221 420
1718212582363 0.094 430
1718212595526 0.0773 440
1718212608416 0.0916 450
1718212621842 0.0692 460
1718212635198 0.0981 470
1718212648508 0.1546 480
1718212661677 0.1121 490
1718212674412 0.0972 500
1718212687876 0.1176 510
1718212701267 0.141 520
1718212714741 0.1147 530
1718212727923 0.0941 540
1718212740884 0.086 550
1718212754257 0.123 560
1718212767613 0.097 570
1718212780907 0.0879 580
1718212794105 0.095 590
1718212806977 0.0882 600
1718212885595 0.1049 610
1718212898901 0.0968 620
