1718310719795 0.04 10
1718310740074 0.08 20
1718310760306 0.12 30
1718310780552 0.16 40
1718310800756 0.2 50
1718310821379 0.24 60
1718310841835 0.28 70
1718310862467 0.32 80
1718310883060 0.36 90
1718310904171 0.4 100
1718310925691 0.44 110
1718310946793 0.48 120
1718310968267 0.52 130
1718310989639 0.56 140
1718311010803 0.6 150
1718311032345 0.64 160
1718311053829 0.68 170
1718311075090 0.72 180
1718311096363 0.76 190
1718311117433 0.8 200
1718311138790 0.84 210
1718311159333 0.88 220
1718311179920 0.92 230
1718311200411 0.96 240
1718311220499 1.0 250
1718311220500 1.0 250
