1718310719795 6.161754131317139 10
1718310740074 2.450716972351074 20
1718310760306 4.677870750427246 30
1718310780552 2.8419382572174072 40
1718310800756 2.6395785808563232 50
1718310821379 0.6827896237373352 60
1718310841835 0.7445923089981079 70
1718310862467 3.6156561374664307 80
1718310883060 1.3062095642089844 90
1718310904171 2.7252683639526367 100
1718310925691 0.8364038467407227 110
1718310946793 3.4863803386688232 120
1718310968267 1.4852678775787354 130
1718310989639 1.9617104530334473 140
1718311010803 8.937270164489746 150
1718311032345 1.1019368171691895 160
1718311053829 2.148648977279663 170
1718311075090 2.5431225299835205 180
1718311096363 1.0343444347381592 190
1718311117433 2.852499008178711 200
1718311138790 2.929022789001465 210
1718311159333 1.527646780014038 220
1718311179920 0.8697349429130554 230
1718311200411 1.2463067770004272 240
1718311220499 0.9306738972663879 250
