1718310719795 0.0002 10
1718310740074 0.00019915854864676664 20
1718310760306 0.0001966483553946637 30
1718310780552 0.0001925116643538684 40
1718310800756 0.0001868180920098644 50
1718310821379 0.0001796634556457236 60
1718310841835 0.00017116816083045602 70
1718310862467 0.0001614751751104301 80
1718310883060 0.00015074762200466556 90
1718310904171 0.00013916603579471705 100
1718310925691 0.00012692532330836346 110
1718310946793 0.00011423148382732853 120
1718310968267 0.0001012981423197931 130
1718310989639 8.83429543400241e-05 140
1718311010803 7.558394309716088e-05 150
1718311032345 6.323583033672799e-05 160
1718311053829 5.1506422782568345e-05 170
1718311075090 4.059311495186338e-05 180
1718311096363 3.0679567197461134e-05 190
1718311117433 2.1932614882827197e-05 200
1718311138790 1.4499460705197998e-05 210
1718311159333 8.505197417404687e-06 220
1718311179920 4.050702638550275e-06 230
1718311200411 1.2109411818274852e-06 240
1718311220499 3.370346964876036e-08 250
