1718310719795 7.5723 10
1718310740074 0.1835 20
1718310760306 0.1658 30
1718310780552 0.1333 40
1718310800756 0.1503 50
1718310821379 0.1319 60
1718310841835 0.1208 70
1718310862467 0.1301 80
1718310883060 0.0973 90
1718310904171 0.1433 100
1718310925691 0.1072 110
1718310946793 0.1474 120
1718310968267 0.1173 130
1718310989639 0.1143 140
1718311010803 0.1228 150
1718311032345 0.1188 160
1718311053829 0.0643 170
1718311075090 0.0769 180
1718311096363 0.1058 190
1718311117433 0.0998 200
1718311138790 0.0952 210
1718311159333 0.0906 220
1718311179920 0.0696 230
1718311200411 0.0719 240
1718311220499 0.0593 250
