1717932927152 0.0 0
1717932937172 7.6 1
1717932947187 7.6 2
1717932957207 7.1 3
1717932967228 7.3 4
1717932977244 7.3 5
1717932987256 7.1 6
1717932997271 7.8 7
1717933007291 8.8 8
1717933017321 7.7 9
1717933027341 7.7 10
1717933037355 7.0 11
1717933047369 7.5 12
1717933057384 7.5 13
1717933067397 8.2 14
1717933077415 7.5 15
1717933087437 6.6 16
1717933097454 8.9 17
1717933107481 10.2 18
1717933117496 9.1 19
1717933127514 8.2 20
1717933137535 7.6 21
1717933147554 7.3 22
1717933157569 6.7 23
1717933167586 6.8 24
1717933177599 7.2 25
1717933187622 6.9 26
1717933197646 7.1 27
1717933207666 7.2 28
1717933217687 8.2 29
1717933227750 7.6 30
1717933237816 6.6 31
1717933247839 10.0 32
1717933257853 10.6 33
1717933267865 10.3 34
1717933277877 10.6 35
1717933287913 11.1 36
1717933297929 11.5 37
1717933307945 11.6 38
1717933317965 11.3 39
1717933327987 7.5 40
1717933338006 10.1 41
1717933348025 7.9 42
1717933358039 10.0 43
1717933368052 8.5 44
1717933378065 8.5 45
1717933388078 7.3 46
1717933398091 7.8 47
1717933408106 9.8 48
1717933418119 9.6 49
1717933428132 9.4 50
1717933438154 9.7 51
1717933448169 9.6 52
1717933458188 9.7 53
1717933468204 9.7 54
1717933478224 8.9 55
1717933488249 9.6 56
1717933498271 9.0 57
1717933508285 9.1 58
1717933518298 9.9 59
1717933528312 10.1 60
1717933538326 12.4 61
1717933548346 15.8 62
1717933558367 14.7 63
1717933568386 14.3 64
1717933578402 15.0 65
1717933588418 14.9 66
1717933598437 13.8 67
1717933608453 13.8 68
1717933618468 11.9 69
1717933628490 12.4 70
1717933638507 14.5 71
1717933648531 14.5 72
1717933658550 10.4 73
1717933668589 8.9 74
1717933678606 7.1 75
1717933688621 9.4 76
1717933698644 9.1 77
1717933708662 9.6 78
1717933718693 9.0 79
1717933728713 7.0 80
1717933738732 8.2 81
1717933748753 6.6 82
1717933758767 7.2 83
1717933768788 7.1 84
1717933778802 9.5 85
1717933788827 8.2 86
1717933798852 9.0 87
1717933808867 9.5 88
1717933818881 9.1 89
1717933828896 16.1 90
1717933838911 12.9 91
1717933848929 7.7 92
1717933858950 8.7 93
1717933868963 8.0 94
1717933878980 9.0 95
1717933888995 6.8 96
1717933899013 9.0 97
1717933909027 12.8 98
1717933919074 11.3 99
1717933929090 10.8 100
1717933939111 11.2 101
1717933949128 13.7 102
1717933959151 11.2 103
1717933969171 13.1 104
1717933979198 6.8 105
1717933989224 5.9 106
1717933999239 5.8 107
1717934009286 5.7 108
1717934019333 5.9 109
1717934029379 5.7 110
1717934039402 5.9 111
1717934049419 6.2 112
1717934059435 5.8 113
1717934069452 5.8 114
1717934079466 5.7 115
1717934089541 5.8 116
1717934099556 5.9 117
1717934109573 6.1 118
1717934119639 5.7 119
1717934129705 5.8 120
1717934139762 5.7 121
1717934149786 5.9 122
1717934159804 5.9 123
1717934169826 5.7 124
1717934179895 5.8 125
1717934189962 5.5 126
1717934199996 6.0 127
1717934210039 8.4 128
1717934220053 9.9 129
1717934230075 9.9 130
1717934240093 9.7 131
1717934250111 9.9 132
1717934260129 10.1 133
1717934270155 10.1 134
1717934280174 8.7 135
1717934290195 6.0 136
1717934300267 6.0 137
1717934310285 6.1 138
1717934320304 5.7 139
1717934330334 5.7 140
1717934340408 5.9 141
1717934350486 6.3 142
1717934360537 5.6 143
1717934370568 5.7 144
1717934380592 5.3 145
1717934390670 5.4 146
1717934400689 5.4 147
1717934410710 5.5 148
1717934420777 5.4 149
1717934430850 5.6 150
1717934440871 5.5 151
1717934450894 5.6 152
1717934460967 5.6 153
1717934470990 5.5 154
1717934481054 5.5 155
1717934491088 5.3 156
1717934501158 5.5 157
1717934511185 8.7 158
1717934521200 9.7 159
1717934531221 9.6 160
1717934541248 9.5 161
1717934551271 9.5 162
1717934561290 9.7 163
1717934571361 9.6 164
1717934581431 7.1 165
1717934591448 5.4 166
1717934601465 5.5 167
1717934611483 5.4 168
1717934621550 5.5 169
1717934631614 5.4 170
1717934641686 5.4 171
1717934651709 5.5 172
1717934661736 5.4 173
1717934671766 5.5 174
1717934681796 5.4 175
1717934691876 5.4 176
1717934701904 5.7 177
1717934711978 5.6 178
1717934722016 5.5 179
1717934732038 5.5 180
1717934742055 5.4 181
1717934752123 5.6 182
1717934762192 5.6 183
1717934772210 5.6 184
1717934782231 5.4 185
1717934792297 5.3 186
1717934802313 7.3 187
1717934812331 9.4 188
1717934822348 9.3 189
1717934832371 9.7 190
1717934842392 9.5 191
1717934852408 9.4 192
1717934862427 9.6 193
1717934872451 9.2 194
1717934882524 5.3 195
1717934892542 5.5 196
1717934902561 5.4 197
1717934912593 5.4 198
1717934922663 5.4 199
1717934932683 5.4 200
1717934942706 5.6 201
1717934952774 5.5 202
1717934962833 5.5 203
1717934972900 5.6 204
1717934982975 5.4 205
1717934993046 5.5 206
1717935003071 5.6 207
1717935013103 5.4 208
1717935023126 5.5 209
1717935033193 5.5 210
1717935043264 5.5 211
1717935053327 5.8 212
1717935063350 5.5 213
1717935073372 5.6 214
1717935083405 5.3 215
1717935093424 5.9 216
1717935103452 9.5 217
1717935113472 9.4 218
1717935123493 9.5 219
1717935133520 9.6 220
1717935143543 9.5 221
1717935153563 9.6 222
1717935163588 9.6 223
1717935173625 6.5 224
1717935183723 5.5 225
1717935193796 5.6 226
1717935203818 5.3 227
1717935213892 5.5 228
1717935223925 5.3 229
1717935233996 5.4 230
1717935244070 5.5 231
1717935254098 5.7 232
1717935264118 5.6 233
1717935274162 5.7 234
1717935284192 5.5 235
1717935294224 5.4 236
1717935304307 5.5 237
1717935314392 5.3 238
1717935324480 5.4 239
1717935334504 5.5 240
1717935344526 5.4 241
1717935354562 5.5 242
1717935364591 5.7 243
1717935374627 5.6 244
1717935384652 5.4 245
1717935394673 8.5 246
1717935404702 9.5 247
1717935414726 9.5 248
1717935424748 9.6 249
1717935434789 9.7 250
1717935444810 9.4 251
1717935454896 9.5 252
1717935464923 7.7 253
1717935474952 5.7 254
1717935484980 5.5 255
1717935495007 5.6 256
1717935505038 5.4 257
1717935515060 5.5 258
1717935525131 5.5 259
1717935535211 5.4 260
1717935545236 5.4 261
1717935555280 5.7 262
1717935565313 5.6 263
1717935575350 5.5 264
1717935585431 5.7 265
1717935595501 5.4 266
1717935605525 5.4 267
1717935615554 5.4 268
1717935625576 5.4 269
1717935635599 5.4 270
1717935645636 5.5 271
1717935655712 5.5 272
1717935665741 5.8 273
1717935675764 5.6 274
1717935685792 7.0 275
1717935695814 9.5 276
1717935705837 9.3 277
1717935715856 9.5 278
1717935725888 9.4 279
1717935735912 9.6 280
1717935745936 9.5 281
1717935755959 9.4 282
1717935766038 5.6 283
1717935776060 5.6 284
1717935786083 5.4 285
1717935796157 5.5 286
1717935806237 5.4 287
1717935816259 5.4 288
