1717932927152 191993.3 0
1717932937172 191992.4 1
1717932947187 191992.4 2
1717932957207 191992.4 3
1717932967228 191992.4 4
1717932977244 191992.3 5
1717932987256 191992.3 6
1717932997271 191992.3 7
1717933007291 191992.2 8
1717933017321 191992.2 9
1717933027341 191992.2 10
1717933037355 191992.2 11
1717933047369 191992.2 12
1717933057384 191992.3 13
1717933067397 191992.2 14
1717933077415 191992.2 15
1717933087437 191992.2 16
1717933097454 191991.9 17
1717933107481 191992.0 18
1717933117496 191991.8 19
1717933127514 191991.4 20
1717933137535 191990.7 21
1717933147554 191990.4 22
1717933157569 191990.8 23
1717933167586 191990.8 24
1717933177599 191990.8 25
1717933187622 191990.8 26
1717933197646 191990.8 27
1717933207666 191990.8 28
1717933217687 191990.7 29
1717933227750 191990.7 30
1717933237816 191990.7 31
1717933247839 191186.1 32
1717933257853 191186.1 33
1717933267865 191186.1 34
1717933277877 191186.1 35
1717933287913 191186.1 36
1717933297929 191185.9 37
1717933307945 191185.9 38
1717933317965 191185.8 39
1717933327987 191185.8 40
1717933338006 191185.8 41
1717933348025 191185.6 42
1717933358039 191185.5 43
1717933368052 191185.4 44
1717933378065 191185.9 45
1717933388078 191185.9 46
1717933398091 191185.8 47
1717933408106 191184.9 48
1717933418119 191184.7 49
1717933428132 191184.7 50
1717933438154 191184.7 51
1717933448169 191188.0 52
1717933458188 191187.6 53
1717933468204 191187.6 54
1717933478224 191187.6 55
1717933488249 191187.6 56
1717933498271 191187.6 57
1717933508285 191187.6 58
1717933518298 191187.6 59
1717933528312 191187.6 60
1717933538326 191187.6 61
1717933548346 191187.6 62
1717933558367 191187.6 63
1717933568386 190383.0 64
1717933578402 190380.2 65
1717933588418 190380.3 66
1717933598437 190380.3 67
1717933608453 190380.4 68
1717933618468 190380.3 69
1717933628490 190380.3 70
1717933638507 190380.3 71
1717933648531 190380.2 72
1717933658550 190379.6 73
1717933668589 190378.8 74
1717933678606 190378.8 75
1717933688621 190377.4 76
1717933698644 190377.2 77
1717933708662 190380.2 78
1717933718693 190379.9 79
1717933728713 190379.9 80
1717933738732 190379.8 81
1717933748753 190379.8 82
1717933758767 190379.8 83
1717933768788 190380.1 84
1717933778802 190380.1 85
1717933788827 190380.0 86
1717933798852 190379.6 87
1717933808867 190379.6 88
1717933818881 190379.6 89
1717933828896 190379.6 90
1717933838911 190379.5 91
1717933848929 190379.5 92
1717933858950 190379.5 93
1717933868963 190379.5 94
1717933878980 190379.1 95
1717933888995 190379.1 96
1717933899013 189574.5 97
1717933909027 189574.9 98
1717933919074 189574.8 99
1717933929090 189574.7 100
1717933939111 189574.7 101
1717933949128 189574.3 102
1717933959151 189576.0 103
1717933969171 189701.3 104
1717933979198 189701.3 105
1717933989224 189701.3 106
1717933999239 189701.3 107
1717934009286 189701.3 108
1717934019333 189701.3 109
1717934029379 189701.3 110
1717934039402 189701.3 111
1717934049419 189701.3 112
1717934059435 189701.3 113
1717934069452 189701.3 114
1717934079466 189701.3 115
1717934089541 189701.3 116
1717934099556 189701.3 117
1717934109573 189701.3 118
1717934119639 189701.2 119
1717934129705 189701.2 120
1717934139762 189701.2 121
1717934149786 189701.2 122
1717934159804 189701.2 123
1717934169826 189701.2 124
1717934179895 189701.2 125
1717934189962 189701.2 126
1717934199996 189701.2 127
1717934210039 188896.6 128
1717934220053 188896.6 129
1717934230075 188896.6 130
1717934240093 188896.6 131
1717934250111 188896.6 132
1717934260129 188896.6 133
1717934270155 188896.6 134
1717934280174 188896.6 135
1717934290195 188896.6 136
1717934300267 188896.6 137
1717934310285 188896.6 138
1717934320304 188896.6 139
1717934330334 188896.6 140
1717934340408 188896.6 141
1717934350486 188896.6 142
1717934360537 188896.6 143
1717934370568 188896.6 144
1717934380592 188896.6 145
1717934390670 188896.6 146
1717934400689 188896.6 147
1717934410710 188896.6 148
1717934420777 188896.6 149
1717934430850 188896.6 150
1717934440871 188896.6 151
1717934450894 188896.6 152
1717934460967 188896.6 153
1717934470990 188896.6 154
1717934481054 188896.6 155
1717934491088 188896.6 156
1717934501158 188896.6 157
1717934511185 188092.0 158
1717934521200 188092.0 159
1717934531221 188092.0 160
1717934541248 188092.0 161
1717934551271 188092.0 162
1717934561290 188092.0 163
1717934571361 188092.0 164
1717934581431 188092.0 165
1717934591448 188092.0 166
1717934601465 188092.0 167
1717934611483 188092.0 168
1717934621550 188092.0 169
1717934631614 188092.0 170
1717934641686 188092.0 171
1717934651709 188092.0 172
1717934661736 188092.0 173
1717934671766 188092.0 174
1717934681796 188092.0 175
1717934691876 188092.0 176
1717934701904 188092.0 177
1717934711978 188092.0 178
1717934722016 188092.0 179
1717934732038 188092.0 180
1717934742055 188092.0 181
1717934752123 188092.0 182
1717934762192 188092.0 183
1717934772210 188092.0 184
1717934782231 188092.0 185
1717934792297 188092.0 186
1717934802313 187287.4 187
1717934812331 187287.4 188
1717934822348 187287.4 189
1717934832371 187287.4 190
1717934842392 187287.4 191
1717934852408 187287.4 192
1717934862427 187287.4 193
1717934872451 187287.4 194
1717934882524 187287.4 195
1717934892542 187287.4 196
1717934902561 187287.4 197
1717934912593 187287.4 198
1717934922663 187287.4 199
1717934932683 187287.4 200
1717934942706 187287.4 201
1717934952774 187287.4 202
1717934962833 187287.4 203
1717934972900 187287.4 204
1717934982975 187287.4 205
1717934993046 187287.4 206
1717935003071 187287.4 207
1717935013103 187287.4 208
1717935023126 187287.4 209
1717935033193 187287.4 210
1717935043264 187287.4 211
1717935053327 187287.4 212
1717935063350 187287.4 213
1717935073372 187287.4 214
1717935083405 187287.4 215
1717935093424 186482.8 216
1717935103452 186482.8 217
1717935113472 186482.8 218
1717935123493 186482.8 219
1717935133520 186482.7 220
1717935143543 186482.7 221
1717935153563 186482.7 222
1717935163588 186482.7 223
1717935173625 186482.7 224
1717935183723 186482.7 225
1717935193796 186482.7 226
1717935203818 186482.7 227
1717935213892 186482.7 228
1717935223925 186482.7 229
1717935233996 186482.7 230
1717935244070 186482.7 231
1717935254098 186482.7 232
1717935264118 186482.7 233
1717935274162 186482.7 234
1717935284192 186482.7 235
1717935294224 186482.7 236
1717935304307 186482.7 237
1717935314392 186482.7 238
1717935324480 186482.7 239
1717935334504 186482.7 240
1717935344526 186482.7 241
1717935354562 186482.7 242
1717935364591 186482.7 243
1717935374627 186482.7 244
1717935384652 186482.7 245
1717935394673 185678.1 246
1717935404702 185678.1 247
1717935414726 185678.1 248
1717935424748 185678.1 249
1717935434789 185678.1 250
1717935444810 185678.1 251
1717935454896 185678.1 252
1717935464923 185678.1 253
1717935474952 185678.1 254
1717935484980 185678.1 255
1717935495007 185678.1 256
1717935505038 185678.1 257
1717935515060 185678.1 258
1717935525131 185678.1 259
1717935535211 185678.1 260
1717935545236 185678.1 261
1717935555280 185678.1 262
1717935565313 185678.1 263
1717935575350 185678.1 264
1717935585431 185678.1 265
1717935595501 185678.1 266
1717935605525 185678.1 267
1717935615554 185678.1 268
1717935625576 185678.1 269
1717935635599 185678.1 270
1717935645636 185678.1 271
1717935655712 185678.1 272
1717935665741 185678.1 273
1717935675764 185678.1 274
1717935685792 184873.5 275
1717935695814 184873.5 276
1717935705837 184873.5 277
1717935715856 184873.5 278
1717935725888 184873.5 279
1717935735912 184873.5 280
1717935745936 184873.5 281
1717935755959 184873.5 282
1717935766038 184873.5 283
1717935776060 184873.5 284
1717935786083 184873.5 285
1717935796157 184873.5 286
1717935806237 184873.5 287
1717935816259 184873.5 288
