1717932927152 79.4 0
1717932937172 79.4 1
1717932947187 79.4 2
1717932957207 79.4 3
1717932967228 79.4 4
1717932977244 79.4 5
1717932987256 79.4 6
1717932997271 79.4 7
1717933007291 79.4 8
1717933017321 79.4 9
1717933027341 79.4 10
1717933037355 79.4 11
1717933047369 79.4 12
1717933057384 79.4 13
1717933067397 79.4 14
1717933077415 79.4 15
1717933087437 79.4 16
1717933097454 79.4 17
1717933107481 79.4 18
1717933117496 79.4 19
1717933127514 79.4 20
1717933137535 79.4 21
1717933147554 79.4 22
1717933157569 79.4 23
1717933167586 79.4 24
1717933177599 79.4 25
1717933187622 79.4 26
1717933197646 79.4 27
1717933207666 79.4 28
1717933217687 79.4 29
1717933227750 79.4 30
1717933237816 79.4 31
1717933247839 79.5 32
1717933257853 79.5 33
1717933267865 79.5 34
1717933277877 79.5 35
1717933287913 79.5 36
1717933297929 79.5 37
1717933307945 79.5 38
1717933317965 79.5 39
1717933327987 79.5 40
1717933338006 79.5 41
1717933348025 79.5 42
1717933358039 79.5 43
1717933368052 79.5 44
1717933378065 79.5 45
1717933388078 79.5 46
1717933398091 79.5 47
1717933408106 79.5 48
1717933418119 79.5 49
1717933428132 79.5 50
1717933438154 79.5 51
1717933448169 79.5 52
1717933458188 79.5 53
1717933468204 79.5 54
1717933478224 79.5 55
1717933488249 79.5 56
1717933498271 79.5 57
1717933508285 79.5 58
1717933518298 79.5 59
1717933528312 79.5 60
1717933538326 79.5 61
1717933548346 79.5 62
1717933558367 79.5 63
1717933568386 79.6 64
1717933578402 79.6 65
1717933588418 79.6 66
1717933598437 79.6 67
1717933608453 79.6 68
1717933618468 79.6 69
1717933628490 79.6 70
1717933638507 79.6 71
1717933648531 79.6 72
1717933658550 79.6 73
1717933668589 79.6 74
1717933678606 79.6 75
1717933688621 79.6 76
1717933698644 79.6 77
1717933708662 79.6 78
1717933718693 79.6 79
1717933728713 79.6 80
1717933738732 79.6 81
1717933748753 79.6 82
1717933758767 79.6 83
1717933768788 79.6 84
1717933778802 79.6 85
1717933788827 79.6 86
1717933798852 79.6 87
1717933808867 79.6 88
1717933818881 79.6 89
1717933828896 79.6 90
1717933838911 79.6 91
1717933848929 79.6 92
1717933858950 79.6 93
1717933868963 79.6 94
1717933878980 79.6 95
1717933888995 79.6 96
1717933899013 79.7 97
1717933909027 79.7 98
1717933919074 79.7 99
1717933929090 79.7 100
1717933939111 79.7 101
1717933949128 79.7 102
1717933959151 79.7 103
1717933969171 79.7 104
1717933979198 79.7 105
1717933989224 79.7 106
1717933999239 79.7 107
1717934009286 79.7 108
1717934019333 79.7 109
1717934029379 79.7 110
1717934039402 79.7 111
1717934049419 79.7 112
1717934059435 79.7 113
1717934069452 79.7 114
1717934079466 79.7 115
1717934089541 79.7 116
1717934099556 79.7 117
1717934109573 79.7 118
1717934119639 79.7 119
1717934129705 79.7 120
1717934139762 79.7 121
1717934149786 79.7 122
1717934159804 79.7 123
1717934169826 79.7 124
1717934179895 79.7 125
1717934189962 79.7 126
1717934199996 79.7 127
1717934210039 79.7 128
1717934220053 79.7 129
1717934230075 79.7 130
1717934240093 79.7 131
1717934250111 79.7 132
1717934260129 79.7 133
1717934270155 79.7 134
1717934280174 79.7 135
1717934290195 79.7 136
1717934300267 79.7 137
1717934310285 79.7 138
1717934320304 79.7 139
1717934330334 79.7 140
1717934340408 79.7 141
1717934350486 79.7 142
1717934360537 79.7 143
1717934370568 79.7 144
1717934380592 79.7 145
1717934390670 79.7 146
1717934400689 79.7 147
1717934410710 79.7 148
1717934420777 79.7 149
1717934430850 79.7 150
1717934440871 79.7 151
1717934450894 79.7 152
1717934460967 79.7 153
1717934470990 79.7 154
1717934481054 79.7 155
1717934491088 79.7 156
1717934501158 79.7 157
1717934511185 79.8 158
1717934521200 79.8 159
1717934531221 79.8 160
1717934541248 79.8 161
1717934551271 79.8 162
1717934561290 79.8 163
1717934571361 79.8 164
1717934581431 79.8 165
1717934591448 79.8 166
1717934601465 79.8 167
1717934611483 79.8 168
1717934621550 79.8 169
1717934631614 79.8 170
1717934641686 79.8 171
1717934651709 79.8 172
1717934661736 79.8 173
1717934671766 79.8 174
1717934681796 79.8 175
1717934691876 79.8 176
1717934701904 79.8 177
1717934711978 79.8 178
1717934722016 79.8 179
1717934732038 79.8 180
1717934742055 79.8 181
1717934752123 79.8 182
1717934762192 79.8 183
1717934772210 79.8 184
1717934782231 79.8 185
1717934792297 79.8 186
1717934802313 79.9 187
1717934812331 79.9 188
1717934822348 79.9 189
1717934832371 79.9 190
1717934842392 79.9 191
1717934852408 79.9 192
1717934862427 79.9 193
1717934872451 79.9 194
1717934882524 79.9 195
1717934892542 79.9 196
1717934902561 79.9 197
1717934912593 79.9 198
1717934922663 79.9 199
1717934932683 79.9 200
1717934942706 79.9 201
1717934952774 79.9 202
1717934962833 79.9 203
1717934972900 79.9 204
1717934982975 79.9 205
1717934993046 79.9 206
1717935003071 79.9 207
1717935013103 79.9 208
1717935023126 79.9 209
1717935033193 79.9 210
1717935043264 79.9 211
1717935053327 79.9 212
1717935063350 79.9 213
1717935073372 79.9 214
1717935083405 79.9 215
1717935093424 80.0 216
1717935103452 80.0 217
1717935113472 80.0 218
1717935123493 80.0 219
1717935133520 80.0 220
1717935143543 80.0 221
1717935153563 80.0 222
1717935163588 80.0 223
1717935173625 80.0 224
1717935183723 80.0 225
1717935193796 80.0 226
1717935203818 80.0 227
1717935213892 80.0 228
1717935223925 80.0 229
1717935233996 80.0 230
1717935244070 80.0 231
1717935254098 80.0 232
1717935264118 80.0 233
1717935274162 80.0 234
1717935284192 80.0 235
1717935294224 80.0 236
1717935304307 80.0 237
1717935314392 80.0 238
1717935324480 80.0 239
1717935334504 80.0 240
1717935344526 80.0 241
1717935354562 80.0 242
1717935364591 80.0 243
1717935374627 80.0 244
1717935384652 80.0 245
1717935394673 80.1 246
1717935404702 80.1 247
1717935414726 80.1 248
1717935424748 80.1 249
1717935434789 80.1 250
1717935444810 80.1 251
1717935454896 80.1 252
1717935464923 80.1 253
1717935474952 80.1 254
1717935484980 80.1 255
1717935495007 80.1 256
1717935505038 80.1 257
1717935515060 80.1 258
1717935525131 80.1 259
1717935535211 80.1 260
1717935545236 80.1 261
1717935555280 80.1 262
1717935565313 80.1 263
1717935575350 80.1 264
1717935585431 80.1 265
1717935595501 80.1 266
1717935605525 80.1 267
1717935615554 80.1 268
1717935625576 80.1 269
1717935635599 80.1 270
1717935645636 80.1 271
1717935655712 80.1 272
1717935665741 80.1 273
1717935675764 80.1 274
1717935685792 80.2 275
1717935695814 80.2 276
1717935705837 80.2 277
1717935715856 80.2 278
1717935725888 80.2 279
1717935735912 80.2 280
1717935745936 80.2 281
1717935755959 80.2 282
1717935766038 80.2 283
1717935776060 80.2 284
1717935786083 80.2 285
1717935796157 80.2 286
1717935806237 80.2 287
1717935816259 80.2 288
