1717932927152 740827.5 0
1717932937172 740828.4 1
1717932947187 740828.4 2
1717932957207 740828.4 3
1717932967228 740828.5 4
1717932977244 740828.5 5
1717932987256 740828.5 6
1717932997271 740828.6 7
1717933007291 740828.6 8
1717933017321 740828.6 9
1717933027341 740828.6 10
1717933037355 740828.6 11
1717933047369 740828.6 12
1717933057384 740828.6 13
1717933067397 740828.6 14
1717933077415 740828.6 15
1717933087437 740828.6 16
1717933097454 740828.9 17
1717933107481 740828.8 18
1717933117496 740829.0 19
1717933127514 740829.5 20
1717933137535 740830.2 21
1717933147554 740830.5 22
1717933157569 740830.0 23
1717933167586 740830.0 24
1717933177599 740830.0 25
1717933187622 740830.0 26
1717933197646 740830.0 27
1717933207666 740830.0 28
1717933217687 740830.1 29
1717933227750 740830.1 30
1717933237816 740830.1 31
1717933247839 741634.7 32
1717933257853 741634.7 33
1717933267865 741634.7 34
1717933277877 741634.7 35
1717933287913 741634.7 36
1717933297929 741634.9 37
1717933307945 741634.9 38
1717933317965 741635.0 39
1717933327987 741635.0 40
1717933338006 741635.0 41
1717933348025 741635.2 42
1717933358039 741635.3 43
1717933368052 741635.4 44
1717933378065 741635.0 45
1717933388078 741635.0 46
1717933398091 741635.0 47
1717933408106 741635.9 48
1717933418119 741636.1 49
1717933428132 741636.1 50
1717933438154 741636.1 51
1717933448169 741632.8 52
1717933458188 741633.2 53
1717933468204 741633.2 54
1717933478224 741633.2 55
1717933488249 741633.2 56
1717933498271 741633.2 57
1717933508285 741633.2 58
1717933518298 741633.3 59
1717933528312 741633.2 60
1717933538326 741633.2 61
1717933548346 741633.2 62
1717933558367 741633.2 63
1717933568386 742437.8 64
1717933578402 742440.6 65
1717933588418 742440.5 66
1717933598437 742440.5 67
1717933608453 742440.5 68
1717933618468 742440.5 69
1717933628490 742440.5 70
1717933638507 742440.5 71
1717933648531 742440.6 72
1717933658550 742441.2 73
1717933668589 742442.0 74
1717933678606 742442.0 75
1717933688621 742443.4 76
1717933698644 742443.6 77
1717933708662 742440.7 78
1717933718693 742440.9 79
1717933728713 742440.9 80
1717933738732 742441.0 81
1717933748753 742441.0 82
1717933758767 742441.0 83
1717933768788 742440.7 84
1717933778802 742440.8 85
1717933788827 742440.8 86
1717933798852 742441.2 87
1717933808867 742441.2 88
1717933818881 742441.2 89
1717933828896 742441.2 90
1717933838911 742441.4 91
1717933848929 742441.3 92
1717933858950 742441.3 93
1717933868963 742441.3 94
1717933878980 742441.7 95
1717933888995 742441.7 96
1717933899013 743246.3 97
1717933909027 743245.9 98
1717933919074 743246.0 99
1717933929090 743246.1 100
1717933939111 743246.1 101
1717933949128 743246.5 102
1717933959151 743244.8 103
1717933969171 743119.5 104
1717933979198 743119.5 105
1717933989224 743119.6 106
1717933999239 743119.6 107
1717934009286 743119.6 108
1717934019333 743119.6 109
1717934029379 743119.6 110
1717934039402 743119.6 111
1717934049419 743119.6 112
1717934059435 743119.6 113
1717934069452 743119.6 114
1717934079466 743119.6 115
1717934089541 743119.6 116
1717934099556 743119.6 117
1717934109573 743119.6 118
1717934119639 743119.6 119
1717934129705 743119.6 120
1717934139762 743119.6 121
1717934149786 743119.6 122
1717934159804 743119.6 123
1717934169826 743119.6 124
1717934179895 743119.6 125
1717934189962 743119.6 126
1717934199996 743119.6 127
1717934210039 743924.2 128
1717934220053 743924.2 129
1717934230075 743924.2 130
1717934240093 743924.2 131
1717934250111 743924.2 132
1717934260129 743924.2 133
1717934270155 743924.2 134
1717934280174 743924.2 135
1717934290195 743924.2 136
1717934300267 743924.2 137
1717934310285 743924.2 138
1717934320304 743924.2 139
1717934330334 743924.2 140
1717934340408 743924.2 141
1717934350486 743924.2 142
1717934360537 743924.2 143
1717934370568 743924.2 144
1717934380592 743924.2 145
1717934390670 743924.2 146
1717934400689 743924.2 147
1717934410710 743924.2 148
1717934420777 743924.2 149
1717934430850 743924.2 150
1717934440871 743924.2 151
1717934450894 743924.2 152
1717934460967 743924.2 153
1717934470990 743924.2 154
1717934481054 743924.2 155
1717934491088 743924.2 156
1717934501158 743924.2 157
1717934511185 744728.8 158
1717934521200 744728.8 159
1717934531221 744728.8 160
1717934541248 744728.8 161
1717934551271 744728.8 162
1717934561290 744728.8 163
1717934571361 744728.8 164
1717934581431 744728.8 165
1717934591448 744728.8 166
1717934601465 744728.8 167
1717934611483 744728.8 168
1717934621550 744728.8 169
1717934631614 744728.8 170
1717934641686 744728.8 171
1717934651709 744728.8 172
1717934661736 744728.8 173
1717934671766 744728.8 174
1717934681796 744728.8 175
1717934691876 744728.8 176
1717934701904 744728.8 177
1717934711978 744728.8 178
1717934722016 744728.8 179
1717934732038 744728.8 180
1717934742055 744728.8 181
1717934752123 744728.8 182
1717934762192 744728.8 183
1717934772210 744728.8 184
1717934782231 744728.8 185
1717934792297 744728.8 186
1717934802313 745533.4 187
1717934812331 745533.4 188
1717934822348 745533.4 189
1717934832371 745533.4 190
1717934842392 745533.4 191
1717934852408 745533.4 192
1717934862427 745533.4 193
1717934872451 745533.4 194
1717934882524 745533.4 195
1717934892542 745533.4 196
1717934902561 745533.4 197
1717934912593 745533.4 198
1717934922663 745533.4 199
1717934932683 745533.4 200
1717934942706 745533.4 201
1717934952774 745533.5 202
1717934962833 745533.5 203
1717934972900 745533.5 204
1717934982975 745533.5 205
1717934993046 745533.5 206
1717935003071 745533.5 207
1717935013103 745533.5 208
1717935023126 745533.5 209
1717935033193 745533.5 210
1717935043264 745533.5 211
1717935053327 745533.5 212
1717935063350 745533.5 213
1717935073372 745533.5 214
1717935083405 745533.5 215
1717935093424 746338.1 216
1717935103452 746338.1 217
1717935113472 746338.1 218
1717935123493 746338.1 219
1717935133520 746338.1 220
1717935143543 746338.1 221
1717935153563 746338.1 222
1717935163588 746338.1 223
1717935173625 746338.1 224
1717935183723 746338.1 225
1717935193796 746338.1 226
1717935203818 746338.1 227
1717935213892 746338.1 228
1717935223925 746338.1 229
1717935233996 746338.1 230
1717935244070 746338.1 231
1717935254098 746338.1 232
1717935264118 746338.1 233
1717935274162 746338.1 234
1717935284192 746338.1 235
1717935294224 746338.1 236
1717935304307 746338.1 237
1717935314392 746338.1 238
1717935324480 746338.1 239
1717935334504 746338.1 240
1717935344526 746338.1 241
1717935354562 746338.1 242
1717935364591 746338.1 243
1717935374627 746338.1 244
1717935384652 746338.1 245
1717935394673 747142.7 246
1717935404702 747142.7 247
1717935414726 747142.7 248
1717935424748 747142.7 249
1717935434789 747142.7 250
1717935444810 747142.7 251
1717935454896 747142.7 252
1717935464923 747142.7 253
1717935474952 747142.7 254
1717935484980 747142.7 255
1717935495007 747142.7 256
1717935505038 747142.7 257
1717935515060 747142.7 258
1717935525131 747142.7 259
1717935535211 747142.7 260
1717935545236 747142.7 261
1717935555280 747142.7 262
1717935565313 747142.7 263
1717935575350 747142.7 264
1717935585431 747142.7 265
1717935595501 747142.7 266
1717935605525 747142.7 267
1717935615554 747142.7 268
1717935625576 747142.7 269
1717935635599 747142.7 270
1717935645636 747142.7 271
1717935655712 747142.7 272
1717935665741 747142.7 273
1717935675764 747142.7 274
1717935685792 747947.3 275
1717935695814 747947.3 276
1717935705837 747947.3 277
1717935715856 747947.3 278
1717935725888 747947.3 279
1717935735912 747947.3 280
1717935745936 747947.3 281
1717935755959 747947.3 282
1717935766038 747947.3 283
1717935776060 747947.3 284
1717935786083 747947.3 285
1717935796157 747947.3 286
1717935806237 747947.3 287
1717935816259 747947.3 288
