1717932927152 4.0 0
1717932937172 95.0 1
1717932947187 95.0 2
1717932957207 96.0 3
1717932967228 93.0 4
1717932977244 94.0 5
1717932987256 95.0 6
1717932997271 94.0 7
1717933007291 95.0 8
1717933017321 94.0 9
1717933027341 86.0 10
1717933037355 95.0 11
1717933047369 94.0 12
1717933057384 94.0 13
1717933067397 94.0 14
1717933077415 95.0 15
1717933087437 93.0 16
1717933097454 96.0 17
1717933107481 96.0 18
1717933117496 95.0 19
1717933127514 96.0 20
1717933137535 86.0 21
1717933147554 95.0 22
1717933157569 95.0 23
1717933167586 95.0 24
1717933177599 96.0 25
1717933187622 94.0 26
1717933197646 96.0 27
1717933207666 94.0 28
1717933217687 93.0 29
1717933227750 94.0 30
1717933237816 86.0 31
1717933247839 95.0 32
1717933257853 95.0 33
1717933267865 95.0 34
1717933277877 95.0 35
1717933287913 94.0 36
1717933297929 94.0 37
1717933307945 93.0 38
1717933317965 95.0 39
1717933327987 95.0 40
1717933338006 86.0 41
1717933348025 95.0 42
1717933358039 96.0 43
1717933368052 95.0 44
1717933378065 96.0 45
1717933388078 93.0 46
1717933398091 95.0 47
1717933408106 96.0 48
1717933418119 96.0 49
1717933428132 97.0 50
1717933438154 96.0 51
1717933448169 89.0 52
1717933458188 92.0 53
1717933468204 96.0 54
1717933478224 96.0 55
1717933488249 95.0 56
1717933498271 95.0 57
1717933508285 94.0 58
1717933518298 96.0 59
1717933528312 98.0 60
1717933538326 95.0 61
1717933548346 95.0 62
1717933558367 95.0 63
1717933568386 96.0 64
1717933578402 94.0 65
1717933588418 96.0 66
1717933598437 95.0 67
1717933608453 95.0 68
1717933618468 95.0 69
1717933628490 96.0 70
1717933638507 95.0 71
1717933648531 95.0 72
1717933658550 96.0 73
1717933668589 94.0 74
1717933678606 86.0 75
1717933688621 95.0 76
1717933698644 96.0 77
1717933708662 96.0 78
1717933718693 94.0 79
1717933728713 95.0 80
1717933738732 95.0 81
1717933748753 94.0 82
1717933758767 94.0 83
1717933768788 95.0 84
1717933778802 95.0 85
1717933788827 96.0 86
1717933798852 95.0 87
1717933808867 94.0 88
1717933818881 98.0 89
1717933828896 96.0 90
1717933838911 96.0 91
1717933848929 96.0 92
1717933858950 93.0 93
1717933868963 94.0 94
1717933878980 95.0 95
1717933888995 94.0 96
1717933899013 96.0 97
1717933909027 96.0 98
1717933919074 94.0 99
1717933929090 94.0 100
1717933939111 93.0 101
1717933949128 95.0 102
1717933959151 95.0 103
1717933969171 94.0 104
1717933979198 95.0 105
1717933989224 96.0 106
1717933999239 86.0 107
1717934009286 95.0 108
1717934019333 94.0 109
1717934029379 94.0 110
1717934039402 94.0 111
1717934049419 96.0 112
1717934059435 95.0 113
1717934069452 95.0 114
1717934079466 96.0 115
1717934089541 95.0 116
1717934099556 87.0 117
1717934109573 95.0 118
1717934119639 95.0 119
1717934129705 96.0 120
1717934139762 95.0 121
1717934149786 94.0 122
1717934159804 95.0 123
1717934169826 94.0 124
1717934179895 96.0 125
1717934189962 94.0 126
1717934199996 88.0 127
1717934210039 95.0 128
1717934220053 96.0 129
1717934230075 94.0 130
1717934240093 96.0 131
1717934250111 96.0 132
1717934260129 93.0 133
1717934270155 93.0 134
1717934280174 95.0 135
1717934290195 95.0 136
1717934300267 86.0 137
1717934310285 96.0 138
1717934320304 95.0 139
1717934330334 95.0 140
1717934340408 94.0 141
1717934350486 95.0 142
1717934360537 96.0 143
1717934370568 96.0 144
1717934380592 96.0 145
1717934390670 95.0 146
1717934400689 87.0 147
1717934410710 96.0 148
1717934420777 95.0 149
1717934430850 95.0 150
1717934440871 95.0 151
1717934450894 96.0 152
1717934460967 96.0 153
1717934470990 96.0 154
1717934481054 95.0 155
1717934491088 95.0 156
1717934501158 85.0 157
1717934511185 94.0 158
1717934521200 94.0 159
1717934531221 93.0 160
1717934541248 94.0 161
1717934551271 95.0 162
1717934561290 94.0 163
1717934571361 93.0 164
1717934581431 96.0 165
1717934591448 96.0 166
1717934601465 87.0 167
1717934611483 96.0 168
1717934621550 96.0 169
1717934631614 96.0 170
1717934641686 96.0 171
1717934651709 95.0 172
1717934661736 96.0 173
1717934671766 95.0 174
1717934681796 95.0 175
1717934691876 95.0 176
1717934701904 95.0 177
1717934711978 95.0 178
1717934722016 94.0 179
1717934732038 93.0 180
1717934742055 94.0 181
1717934752123 94.0 182
1717934762192 94.0 183
1717934772210 95.0 184
1717934782231 95.0 185
1717934792297 87.0 186
1717934802313 96.0 187
1717934812331 96.0 188
1717934822348 96.0 189
1717934832371 95.0 190
1717934842392 94.0 191
1717934852408 95.0 192
1717934862427 95.0 193
1717934872451 96.0 194
1717934882524 94.0 195
1717934892542 87.0 196
1717934902561 96.0 197
1717934912593 95.0 198
1717934922663 95.0 199
1717934932683 95.0 200
1717934942706 95.0 201
1717934952774 96.0 202
1717934962833 96.0 203
1717934972900 96.0 204
1717934982975 96.0 205
1717934993046 86.0 206
1717935003071 94.0 207
1717935013103 94.0 208
1717935023126 96.0 209
1717935033193 96.0 210
1717935043264 96.0 211
1717935053327 96.0 212
1717935063350 96.0 213
1717935073372 96.0 214
1717935083405 95.0 215
1717935093424 58.0 216
1717935103452 95.0 217
1717935113472 96.0 218
1717935123493 95.0 219
1717935133520 95.0 220
1717935143543 96.0 221
1717935153563 94.0 222
1717935163588 95.0 223
1717935173625 96.0 224
1717935183723 96.0 225
1717935193796 95.0 226
1717935203818 96.0 227
1717935213892 95.0 228
1717935223925 96.0 229
1717935233996 96.0 230
1717935244070 96.0 231
1717935254098 96.0 232
1717935264118 96.0 233
1717935274162 96.0 234
1717935284192 87.0 235
1717935294224 95.0 236
1717935304307 94.0 237
1717935314392 96.0 238
1717935324480 96.0 239
1717935334504 96.0 240
1717935344526 96.0 241
1717935354562 94.0 242
1717935364591 96.0 243
1717935374627 95.0 244
1717935384652 87.0 245
1717935394673 94.0 246
1717935404702 95.0 247
1717935414726 95.0 248
1717935424748 95.0 249
1717935434789 96.0 250
1717935444810 94.0 251
1717935454896 96.0 252
1717935464923 95.0 253
1717935474952 96.0 254
1717935484980 86.0 255
1717935495007 95.0 256
1717935505038 96.0 257
1717935515060 95.0 258
1717935525131 96.0 259
1717935535211 96.0 260
1717935545236 96.0 261
1717935555280 95.0 262
1717935565313 96.0 263
1717935575350 96.0 264
1717935585431 95.0 265
1717935595501 95.0 266
1717935605525 94.0 267
1717935615554 95.0 268
1717935625576 95.0 269
1717935635599 95.0 270
1717935645636 96.0 271
1717935655712 94.0 272
1717935665741 96.0 273
1717935675764 87.0 274
1717935685792 95.0 275
1717935695814 95.0 276
1717935705837 96.0 277
1717935715856 95.0 278
1717935725888 96.0 279
1717935735912 94.0 280
1717935745936 96.0 281
1717935755959 96.0 282
1717935766038 95.0 283
1717935776060 87.0 284
1717935786083 96.0 285
1717935796157 96.0 286
1717935806237 95.0 287
1717935816259 94.0 288
