1717932927152 2131.2 0
1717932937172 5607.5 1
1717932947187 5629.6 2
1717932957207 5568.0 3
1717932967228 5564.5 4
1717932977244 5557.5 5
1717932987256 5558.5 6
1717932997271 5574.4 7
1717933007291 5562.4 8
1717933017321 5551.7 9
1717933027341 5545.7 10
1717933037355 5541.6 11
1717933047369 5549.9 12
1717933057384 5549.7 13
1717933067397 5580.3 14
1717933077415 5566.4 15
1717933087437 5564.0 16
1717933097454 5593.8 17
1717933107481 5473.8 18
1717933117496 5461.7 19
1717933127514 5469.4 20
1717933137535 5436.1 21
1717933147554 5481.0 22
1717933157569 5453.1 23
1717933167586 5465.6 24
1717933177599 5577.2 25
1717933187622 5603.2 26
1717933197646 5580.7 27
1717933207666 5545.1 28
1717933217687 5556.1 29
1717933227750 5475.1 30
1717933237816 5475.1 31
1717933247839 5475.1 32
1717933257853 5455.8 33
1717933267865 5455.8 34
1717933277877 5527.7 35
1717933287913 5556.7 36
1717933297929 5520.8 37
1717933307945 5531.6 38
1717933317965 5481.1 39
1717933327987 5481.3 40
1717933338006 5495.1 41
1717933348025 5498.1 42
1717933358039 5479.9 43
1717933368052 5473.6 44
1717933378065 5522.2 45
1717933388078 5464.6 46
1717933398091 5538.2 47
1717933408106 5433.2 48
1717933418119 5395.4 49
1717933428132 5470.0 50
1717933438154 5388.6 51
1717933448169 5446.6 52
1717933458188 5408.9 53
1717933468204 5391.5 54
1717933478224 5383.3 55
1717933488249 5390.6 56
1717933498271 5385.6 57
1717933508285 5416.0 58
1717933518298 5422.4 59
1717933528312 5416.0 60
1717933538326 5467.9 61
1717933548346 5439.4 62
1717933558367 5409.6 63
1717933568386 5409.3 64
1717933578402 5450.8 65
1717933588418 5463.6 66
1717933598437 5462.1 67
1717933608453 5417.1 68
1717933618468 5414.8 69
1717933628490 5409.8 70
1717933638507 5446.4 71
1717933648531 5527.4 72
1717933658550 5389.4 73
1717933668589 5317.2 74
1717933678606 5305.5 75
1717933688621 5375.1 76
1717933698644 5289.9 77
1717933708662 5368.4 78
1717933718693 5348.4 79
1717933728713 5343.2 80
1717933738732 5362.5 81
1717933748753 5347.0 82
1717933758767 5326.8 83
1717933768788 5309.9 84
1717933778802 5344.3 85
1717933788827 5395.4 86
1717933798852 5318.3 87
1717933808867 5351.8 88
1717933818881 5323.2 89
1717933828896 5371.1 90
1717933838911 5509.8 91
1717933848929 5468.8 92
1717933858950 5469.1 93
1717933868963 5417.6 94
1717933878980 5492.4 95
1717933888995 5441.5 96
1717933899013 5448.2 97
1717933909027 5562.0 98
1717933919074 5472.1 99
1717933929090 5437.1 100
1717933939111 5429.0 101
1717933949128 5393.6 102
1717933959151 5290.8 103
1717933969171 4876.0 104
1717933979198 4874.8 105
1717933989224 4874.8 106
1717933999239 4874.8 107
1717934009286 4874.8 108
1717934019333 4874.8 109
1717934029379 4874.8 110
1717934039402 4874.8 111
1717934049419 4874.8 112
1717934059435 4874.8 113
1717934069452 4874.8 114
1717934079466 4874.8 115
1717934089541 4874.8 116
1717934099556 4874.8 117
1717934109573 4874.8 118
1717934119639 4874.8 119
1717934129705 4874.8 120
1717934139762 4874.8 121
1717934149786 4874.8 122
1717934159804 4848.1 123
1717934169826 4848.1 124
1717934179895 4848.1 125
1717934189962 4848.1 126
1717934199996 4848.1 127
1717934210039 4848.1 128
1717934220053 4848.1 129
1717934230075 4848.1 130
1717934240093 4848.1 131
1717934250111 4848.1 132
1717934260129 4848.1 133
1717934270155 4848.1 134
1717934280174 4848.1 135
1717934290195 4848.1 136
1717934300267 4848.1 137
1717934310285 4848.1 138
1717934320304 4848.1 139
1717934330334 4848.1 140
1717934340408 4848.1 141
1717934350486 4832.4 142
1717934360537 4677.6 143
1717934370568 4660.9 144
1717934380592 4660.9 145
1717934390670 4660.9 146
1717934400689 4660.9 147
1717934410710 4660.9 148
1717934420777 4660.9 149
1717934430850 4660.9 150
1717934440871 4660.9 151
1717934450894 4660.9 152
1717934460967 4647.7 153
1717934470990 4647.7 154
1717934481054 4647.7 155
1717934491088 4647.7 156
1717934501158 4647.7 157
1717934511185 4647.7 158
1717934521200 4647.7 159
1717934531221 4647.7 160
1717934541248 4647.7 161
1717934551271 4647.7 162
1717934561290 4647.7 163
1717934571361 4647.7 164
1717934581431 4647.7 165
1717934591448 4647.7 166
1717934601465 4647.7 167
1717934611483 4647.7 168
1717934621550 4647.7 169
1717934631614 4647.7 170
1717934641686 4647.7 171
1717934651709 4647.7 172
1717934661736 4647.7 173
1717934671766 4647.7 174
1717934681796 4647.7 175
1717934691876 4647.7 176
1717934701904 4641.9 177
1717934711978 4641.9 178
1717934722016 4641.9 179
1717934732038 4641.9 180
1717934742055 4641.9 181
1717934752123 4641.9 182
1717934762192 4637.7 183
1717934772210 4637.7 184
1717934782231 4637.7 185
1717934792297 4637.7 186
1717934802313 4637.7 187
1717934812331 4637.7 188
1717934822348 4637.7 189
1717934832371 4637.7 190
1717934842392 4637.7 191
1717934852408 4637.7 192
1717934862427 4637.7 193
1717934872451 4637.7 194
1717934882524 4637.7 195
1717934892542 4637.7 196
1717934902561 4637.7 197
1717934912593 4637.7 198
1717934922663 4637.7 199
1717934932683 4637.7 200
1717934942706 4637.7 201
1717934952774 4637.7 202
1717934962833 4637.7 203
1717934972900 4637.7 204
1717934982975 4637.7 205
1717934993046 4637.7 206
1717935003071 4637.7 207
1717935013103 4637.7 208
1717935023126 4637.7 209
1717935033193 4637.7 210
1717935043264 4637.7 211
1717935053327 4637.7 212
1717935063350 4637.7 213
1717935073372 4637.7 214
1717935083405 4637.7 215
1717935093424 4637.7 216
1717935103452 4637.7 217
1717935113472 4637.7 218
1717935123493 4637.7 219
1717935133520 4637.7 220
1717935143543 4637.7 221
1717935153563 4637.7 222
1717935163588 4637.7 223
1717935173625 4637.7 224
1717935183723 4637.7 225
1717935193796 4637.7 226
1717935203818 4637.7 227
1717935213892 4637.7 228
1717935223925 4637.7 229
1717935233996 4637.7 230
1717935244070 4637.7 231
1717935254098 4637.7 232
1717935264118 4637.7 233
1717935274162 4637.7 234
1717935284192 4637.7 235
1717935294224 4637.7 236
1717935304307 4637.7 237
1717935314392 4637.7 238
1717935324480 4637.7 239
1717935334504 4637.7 240
1717935344526 4637.7 241
1717935354562 4637.7 242
1717935364591 4637.7 243
1717935374627 4637.7 244
1717935384652 4637.7 245
1717935394673 4637.7 246
1717935404702 4637.7 247
1717935414726 4637.7 248
1717935424748 4637.7 249
1717935434789 4637.7 250
1717935444810 4637.7 251
1717935454896 4637.7 252
1717935464923 4637.7 253
1717935474952 4637.7 254
1717935484980 4637.7 255
1717935495007 4637.7 256
1717935505038 4637.7 257
1717935515060 4637.7 258
1717935525131 4637.7 259
1717935535211 4637.7 260
1717935545236 4637.7 261
1717935555280 4637.7 262
1717935565313 4637.7 263
1717935575350 4637.7 264
1717935585431 4637.7 265
1717935595501 4637.7 266
1717935605525 4637.7 267
1717935615554 4637.7 268
1717935625576 4637.7 269
1717935635599 4637.7 270
1717935645636 4637.7 271
1717935655712 4637.7 272
1717935665741 4637.7 273
1717935675764 4637.7 274
1717935685792 4637.7 275
1717935695814 4637.7 276
1717935705837 4637.7 277
1717935715856 4637.7 278
1717935725888 4637.7 279
1717935735912 4637.7 280
1717935745936 4637.7 281
1717935755959 4637.7 282
1717935766038 4637.7 283
1717935776060 4637.7 284
1717935786083 4637.7 285
1717935796157 4637.7 286
1717935806237 4637.7 287
1717935816259 4637.7 288
