1717932927152 16.5 0
1717932937172 43.5 1
1717932947187 43.7 2
1717932957207 43.2 3
1717932967228 43.2 4
1717932977244 43.1 5
1717932987256 43.1 6
1717932997271 43.3 7
1717933007291 43.2 8
1717933017321 43.1 9
1717933027341 43.0 10
1717933037355 43.0 11
1717933047369 43.1 12
1717933057384 43.1 13
1717933067397 43.3 14
1717933077415 43.2 15
1717933087437 43.2 16
1717933097454 43.4 17
1717933107481 42.5 18
1717933117496 42.4 19
1717933127514 42.4 20
1717933137535 42.2 21
1717933147554 42.5 22
1717933157569 42.3 23
1717933167586 42.4 24
1717933177599 43.3 25
1717933187622 43.5 26
1717933197646 43.3 27
1717933207666 43.0 28
1717933217687 43.1 29
1717933227750 42.5 30
1717933237816 42.5 31
1717933247839 42.5 32
1717933257853 42.3 33
1717933267865 42.3 34
1717933277877 42.9 35
1717933287913 43.1 36
1717933297929 42.8 37
1717933307945 42.9 38
1717933317965 42.5 39
1717933327987 42.5 40
1717933338006 42.6 41
1717933348025 42.7 42
1717933358039 42.5 43
1717933368052 42.5 44
1717933378065 42.9 45
1717933388078 42.4 46
1717933398091 43.0 47
1717933408106 42.2 48
1717933418119 41.9 49
1717933428132 42.5 50
1717933438154 41.8 51
1717933448169 42.3 52
1717933458188 42.0 53
1717933468204 41.8 54
1717933478224 41.8 55
1717933488249 41.8 56
1717933498271 41.8 57
1717933508285 42.0 58
1717933518298 42.1 59
1717933528312 42.0 60
1717933538326 42.4 61
1717933548346 42.2 62
1717933558367 42.0 63
1717933568386 42.0 64
1717933578402 42.3 65
1717933588418 42.4 66
1717933598437 42.4 67
1717933608453 42.0 68
1717933618468 42.0 69
1717933628490 42.0 70
1717933638507 42.3 71
1717933648531 42.9 72
1717933658550 41.8 73
1717933668589 41.3 74
1717933678606 41.2 75
1717933688621 41.7 76
1717933698644 41.1 77
1717933708662 41.7 78
1717933718693 41.5 79
1717933728713 41.5 80
1717933738732 41.6 81
1717933748753 41.5 82
1717933758767 41.3 83
1717933768788 41.2 84
1717933778802 41.5 85
1717933788827 41.9 86
1717933798852 41.3 87
1717933808867 41.5 88
1717933818881 41.3 89
1717933828896 41.7 90
1717933838911 42.8 91
1717933848929 42.4 92
1717933858950 42.4 93
1717933868963 42.0 94
1717933878980 42.6 95
1717933888995 42.2 96
1717933899013 42.3 97
1717933909027 43.2 98
1717933919074 42.5 99
1717933929090 42.2 100
1717933939111 42.1 101
1717933949128 41.9 102
1717933959151 41.1 103
1717933969171 37.8 104
1717933979198 37.8 105
1717933989224 37.8 106
1717933999239 37.8 107
1717934009286 37.8 108
1717934019333 37.8 109
1717934029379 37.8 110
1717934039402 37.8 111
1717934049419 37.8 112
1717934059435 37.8 113
1717934069452 37.8 114
1717934079466 37.8 115
1717934089541 37.8 116
1717934099556 37.8 117
1717934109573 37.8 118
1717934119639 37.8 119
1717934129705 37.8 120
1717934139762 37.8 121
1717934149786 37.8 122
1717934159804 37.6 123
1717934169826 37.6 124
1717934179895 37.6 125
1717934189962 37.6 126
1717934199996 37.6 127
1717934210039 37.6 128
1717934220053 37.6 129
1717934230075 37.6 130
1717934240093 37.6 131
1717934250111 37.6 132
1717934260129 37.6 133
1717934270155 37.6 134
1717934280174 37.6 135
1717934290195 37.6 136
1717934300267 37.6 137
1717934310285 37.6 138
1717934320304 37.6 139
1717934330334 37.6 140
1717934340408 37.6 141
1717934350486 37.5 142
1717934360537 36.3 143
1717934370568 36.2 144
1717934380592 36.2 145
1717934390670 36.2 146
1717934400689 36.2 147
1717934410710 36.2 148
1717934420777 36.2 149
1717934430850 36.2 150
1717934440871 36.2 151
1717934450894 36.2 152
1717934460967 36.1 153
1717934470990 36.1 154
1717934481054 36.1 155
1717934491088 36.1 156
1717934501158 36.1 157
1717934511185 36.1 158
1717934521200 36.1 159
1717934531221 36.1 160
1717934541248 36.1 161
1717934551271 36.1 162
1717934561290 36.1 163
1717934571361 36.1 164
1717934581431 36.1 165
1717934591448 36.1 166
1717934601465 36.1 167
1717934611483 36.1 168
1717934621550 36.1 169
1717934631614 36.1 170
1717934641686 36.1 171
1717934651709 36.1 172
1717934661736 36.1 173
1717934671766 36.1 174
1717934681796 36.1 175
1717934691876 36.1 176
1717934701904 36.0 177
1717934711978 36.0 178
1717934722016 36.0 179
1717934732038 36.0 180
1717934742055 36.0 181
1717934752123 36.0 182
1717934762192 36.0 183
1717934772210 36.0 184
1717934782231 36.0 185
1717934792297 36.0 186
1717934802313 36.0 187
1717934812331 36.0 188
1717934822348 36.0 189
1717934832371 36.0 190
1717934842392 36.0 191
1717934852408 36.0 192
1717934862427 36.0 193
1717934872451 36.0 194
1717934882524 36.0 195
1717934892542 36.0 196
1717934902561 36.0 197
1717934912593 36.0 198
1717934922663 36.0 199
1717934932683 36.0 200
1717934942706 36.0 201
1717934952774 36.0 202
1717934962833 36.0 203
1717934972900 36.0 204
1717934982975 36.0 205
1717934993046 36.0 206
1717935003071 36.0 207
1717935013103 36.0 208
1717935023126 36.0 209
1717935033193 36.0 210
1717935043264 36.0 211
1717935053327 36.0 212
1717935063350 36.0 213
1717935073372 36.0 214
1717935083405 36.0 215
1717935093424 36.0 216
1717935103452 36.0 217
1717935113472 36.0 218
1717935123493 36.0 219
1717935133520 36.0 220
1717935143543 36.0 221
1717935153563 36.0 222
1717935163588 36.0 223
1717935173625 36.0 224
1717935183723 36.0 225
1717935193796 36.0 226
1717935203818 36.0 227
1717935213892 36.0 228
1717935223925 36.0 229
1717935233996 36.0 230
1717935244070 36.0 231
1717935254098 36.0 232
1717935264118 36.0 233
1717935274162 36.0 234
1717935284192 36.0 235
1717935294224 36.0 236
1717935304307 36.0 237
1717935314392 36.0 238
1717935324480 36.0 239
1717935334504 36.0 240
1717935344526 36.0 241
1717935354562 36.0 242
1717935364591 36.0 243
1717935374627 36.0 244
1717935384652 36.0 245
1717935394673 36.0 246
1717935404702 36.0 247
1717935414726 36.0 248
1717935424748 36.0 249
1717935434789 36.0 250
1717935444810 36.0 251
1717935454896 36.0 252
1717935464923 36.0 253
1717935474952 36.0 254
1717935484980 36.0 255
1717935495007 36.0 256
1717935505038 36.0 257
1717935515060 36.0 258
1717935525131 36.0 259
1717935535211 36.0 260
1717935545236 36.0 261
1717935555280 36.0 262
1717935565313 36.0 263
1717935575350 36.0 264
1717935585431 36.0 265
1717935595501 36.0 266
1717935605525 36.0 267
1717935615554 36.0 268
1717935625576 36.0 269
1717935635599 36.0 270
1717935645636 36.0 271
1717935655712 36.0 272
1717935665741 36.0 273
1717935675764 36.0 274
1717935685792 36.0 275
1717935695814 36.0 276
1717935705837 36.0 277
1717935715856 36.0 278
1717935725888 36.0 279
1717935735912 36.0 280
1717935745936 36.0 281
1717935755959 36.0 282
1717935766038 36.0 283
1717935776060 36.0 284
1717935786083 36.0 285
1717935796157 36.0 286
1717935806237 36.0 287
1717935816259 36.0 288
