1717932927152 0.0 0
1717932937172 0.008369000000129745 1
1717932947187 0.04925699999967037 2
1717932957207 0.052093999999669904 3
1717932967228 0.058202000000164844 4
1717932977244 0.06339899999966292 5
1717932987256 0.11561299999993935 6
1717932997271 0.19047200000022713 7
1717933007291 0.31347399999958725 8
1717933017321 0.31450299999960407 9
1717933027341 0.3268639999996594 10
1717933037355 0.331199000000197 11
1717933047369 0.3996530000003986 12
1717933057384 0.4120519999996759 13
1717933067397 0.505366999999751 14
1717933077415 0.5815540000003239 15
1717933087437 0.5878270000002885 16
1717933097454 0.6385700000000725 17
1717933107481 0.6882610000002387 18
1717933117496 0.7050579999995534 19
1717933127514 0.781833000000006 20
1717933137535 0.8365690000000541 21
1717933147554 0.8583600000001752 22
1717933157569 0.8621119999997973 23
1717933167586 0.9226609999996072 24
1717933177599 0.9336069999999381 25
1717933187622 0.9406129999997574 26
1717933197646 0.9474350000000413 27
1717933207666 0.9604229999995368 28
1717933217687 0.969927999999527 29
1717933227750 1.0209830000003421 30
1717933237816 1.0273360000001048 31
1717933247839 1.0850179999997636 32
1717933257853 1.1115710000003673 33
1717933267865 1.1176100000002407 34
1717933277877 1.12519599999996 35
1717933287913 1.1789419999995516 36
1717933297929 1.2406099999998332 37
1717933307945 1.30709300000035 38
1717933317965 1.4067459999996572 39
1717933327987 1.4257669999997233 40
1717933338006 1.5906180000001768 41
1717933348025 1.690309999999954 42
1717933358039 1.7032749999998487 43
1717933368052 1.720419999999649 44
1717933378065 1.7245320000001811 45
1717933388078 1.731474000000162 46
1717933398091 1.732398000000103 47
1717933408106 1.8920749999997497 48
1717933418119 1.9100330000001122 49
1717933428132 1.9426979999998366 50
1717933438154 1.955192999999781 51
1717933448169 2.0147420000002967 52
1717933458188 2.0534719999996014 53
1717933468204 2.124547000000348 54
1717933478224 2.1273959999998624 55
1717933488249 2.1588810000002923 56
1717933498271 2.1829760000000533 57
1717933508285 2.1885009999996328 58
1717933518298 2.2089500000001863 59
1717933528312 2.2623050000001967 60
1717933538326 2.2747980000003736 61
1717933548346 2.8953499999997803 62
1717933558367 14.231767999999647 63
1717933568386 14.241052000000309 64
1717933578402 17.194550000000163 65
1717933588418 17.25736500000039 66
1717933598437 17.25870599999962 67
1717933608453 17.260873000000174 68
1717933618468 17.268160999999964 69
1717933628490 17.2782729999999 70
1717933638507 17.333722999999736 71
1717933648531 17.388214999999946 72
1717933658550 17.4548649999997 73
1717933668589 17.53926500000034 74
1717933678606 17.54070700000011 75
1717933688621 17.66614699999991 76
1717933698644 17.682926999999836 77
1717933708662 17.821388000000297 78
1717933718693 17.88979500000005 79
1717933728713 17.910581999999522 80
1717933738732 17.984204999999747 81
1717933748753 17.99542399999973 82
1717933758767 18.001170999999886 83
1717933768788 18.068403999999646 84
1717933778802 18.178979000000254 85
1717933788827 18.19055599999956 86
1717933798852 18.227600999999595 87
1717933808867 18.244775000000118 88
1717933818881 18.24911499999962 89
1717933828896 24.633590999999797 90
1717933838911 25.06642600000032 91
1717933848929 25.079789999999775 92
1717933858950 25.08658000000014 93
1717933868963 25.135285999999724 94
1717933878980 25.246210000000247 95
1717933888995 25.31303399999979 96
1717933899013 25.323163000000022 97
1717933909027 25.328190000000177 98
1717933919074 25.329843999999866 99
1717933929090 25.336591999999655 100
1717933939111 25.38854900000024 101
1717933949128 25.453048000000308 102
1717933959151 25.469841000000088 103
1717933969171 25.53817799999979 104
1717933979198 25.53817799999979 105
1717933989224 25.54236200000014 106
1717933999239 25.54273099999955 107
1717934009286 25.543112000000292 108
1717934019333 25.54432799999995 109
1717934029379 25.54432799999995 110
1717934039402 25.54443100000026 111
1717934049419 25.5486149999997 112
1717934059435 25.548909999999523 113
1717934069452 25.548969999999827 114
1717934079466 25.549173000000337 115
1717934089541 25.549173000000337 116
1717934099556 25.549401999999645 117
1717934109573 25.5536460000003 118
1717934119639 25.553809 119
1717934129705 25.553809 120
1717934139762 25.55391200000031 121
1717934149786 25.574609000000237 122
1717934159804 25.574711999999636 123
1717934169826 25.578895999999986 124
1717934179895 25.57905899999969 125
1717934189962 25.57905899999969 126
1717934199996 25.5792220000003 127
1717934210039 25.579681999999593 128
1717934220053 25.581841000000168 129
1717934230075 25.585057000000234 130
1717934240093 25.585159999999632 131
1717934250111 25.585219999999936 132
1717934260129 25.585323000000244 133
1717934270155 25.611369999999624 134
1717934280174 25.6135290000002 135
1717934290195 25.615657000000283 136
1717934300267 25.615759999999682 137
1717934310285 25.61588000000029 138
1717934320304 25.61736800000017 139
1717934330334 25.617779999999584 140
1717934340408 25.62009500000022 141
1717934350486 25.622282999999697 142
1717934360537 25.622583999999733 143
1717934370568 25.622644000000037 144
1717934380592 25.62270400000034 145
1717934390670 25.62270400000034 146
1717934400689 25.62494599999991 147
1717934410710 25.627134000000297 148
1717934420777 25.627134000000297 149
1717934430850 25.627134000000297 150
1717934440871 25.627134000000297 151
1717934450894 25.62719399999969 152
1717934460967 25.62935000000016 153
1717934470990 25.631478000000243 154
1717934481054 25.631478000000243 155
1717934491088 25.631478000000243 156
1717934501158 25.631537999999637 157
1717934511185 25.631537999999637 158
1717934521200 25.636749999999665 159
1717934531221 25.63680999999997 160
1717934541248 25.636870000000272 161
1717934551271 25.636870000000272 162
1717934561290 25.636870000000272 163
1717934571361 25.66273900000033 164
1717934581431 25.667022999999972 165
1717934591448 25.667022999999972 166
1717934601465 25.667022999999972 167
1717934611483 25.667771999999786 168
1717934621550 25.668201999999837 169
1717934631614 25.668201999999837 170
1717934641686 25.672889999999825 171
1717934651709 25.672889999999825 172
1717934661736 25.673087999999552 173
1717934671766 25.673147999999856 174
1717934681796 25.673147999999856 175
1717934691876 25.673147999999856 176
1717934701904 25.67751800000042 177
1717934711978 25.67761799999971 178
1717934722016 25.67761799999971 179
1717934732038 25.67761799999971 180
1717934742055 25.677678000000014 181
1717934752123 25.677738000000318 182
1717934762192 25.68192199999976 183
1717934772210 25.682230999999774 184
1717934782231 25.68235100000038 185
1717934792297 25.68245399999978 186
1717934802313 25.682514000000083 187
1717934812331 25.68261700000039 188
1717934822348 25.68782900000042 189
1717934832371 25.688092000000324 190
1717934842392 25.688151999999718 191
1717934852408 25.688255000000026 192
1717934862427 25.688255000000026 193
1717934872451 25.70695799999976 194
1717934882524 25.71114200000011 195
1717934892542 25.711245000000417 196
1717934902561 25.71130499999981 197
1717934912593 25.71281100000033 198
1717934922663 25.71310900000026 199
1717934932683 25.713211999999658 200
1717934942706 25.71745600000031 201
1717934952774 25.71755899999971 202
1717934962833 25.71791099999973 203
1717934972900 25.718383000000358 204
1717934982975 25.718383000000358 205
1717934993046 25.71864900000037 206
1717935003071 25.72295899999972 207
1717935013103 25.723165000000336 208
1717935023126 25.72322499999973 209
1717935033193 25.72349099999974 210
1717935043264 25.789488999999776 211
1717935053327 27.63753799999995 212
1717935063350 27.642133999999714 213
1717935073372 27.64234000000033 214
1717935083405 27.64234000000033 215
1717935093424 27.64264600000024 216
1717935103452 27.642888000000312 217
1717935113472 27.643393999999716 218
1717935123493 27.64866600000005 219
1717935133520 27.648871999999756 220
1717935143543 27.648987999999918 221
1717935153563 27.649319999999534 222
1717935163588 27.649379999999837 223
1717935173625 27.660761000000093 224
1717935183723 27.665004999999837 225
1717935193796 27.665210999999545 226
1717935203818 27.665270999999848 227
1717935213892 27.666392000000087 228
1717935223925 27.66675000000032 229
1717935233996 27.666956000000027 230
1717935244070 27.671140000000378 231
1717935254098 27.671346000000085 232
1717935264118 27.671597999999904 233
1717935274162 27.67180399999961 234
1717935284192 27.671863999999914 235
1717935294224 27.67206999999962 236
1717935304307 27.676440000000184 237
1717935314392 27.67714999999953 238
1717935324480 27.677209999999832 239
1717935334504 27.67741599999954 240
1717935344526 27.677576000000045 241
1717935354562 27.677781999999752 242
1717935364591 27.68252500000017 243
1717935374627 27.711785999999847 244
1717935384652 27.723544000000402 245
1717935394673 27.72375000000011 246
1717935404702 27.724583999999595 247
1717935414726 27.724855999999818 248
1717935424748 27.730141000000003 249
1717935434789 27.73034699999971 250
1717935444810 27.730407000000014 251
1717935454896 27.730673000000024 252
1717935464923 27.730899000000136 253
1717935474952 27.742279000000053 254
1717935484980 27.746463000000404 255
1717935495007 27.746758999999656 256
1717935505038 27.747080000000096 257
1717935515060 27.748227000000043 258
1717935525131 27.74851899999976 259
1717935535211 27.748725000000377 260
1717935545236 27.752908999999818 261
1717935555280 27.753114999999525 262
1717935565313 27.75330699999995 263
1717935575350 27.75357299999996 264
1717935585431 27.753633000000264 265
1717935595501 27.753939000000173 266
1717935605525 27.758248999999523 267
1717935615554 27.75845500000014 268
1717935625576 27.75845500000014 269
1717935635599 27.75872100000015 270
1717935645636 27.758780999999544 271
1717935655712 27.759046999999555 272
1717935665741 27.763230999999905 273
1717935675764 27.763334000000214 274
1717935685792 27.763334000000214 275
1717935695814 27.7635650000002 276
1717935705837 27.763624999999593 277
1717935715856 27.763828000000103 278
1717935725888 27.76924599999984 279
1717935735912 27.769349000000147 280
1717935745936 27.76940899999954 281
1717935755959 27.76951199999985 282
1717935766038 27.769572000000153 283
1717935776060 27.802278000000115 284
1717935786083 27.806461999999556 285
1717935796157 27.806564999999864 286
1717935806237 27.806564999999864 287
1717935816259 27.807840999999826 288
