1717932927152 0.0 0
1717932937172 0.01055499999999654 1
1717932947187 0.028613000000007105 2
1717932957207 0.03439000000000192 3
1717932967228 0.0405410000000046 4
1717932977244 0.045059000000009064 5
1717932987256 0.11378899999999703 6
1717932997271 0.12795400000000257 7
1717933007291 0.14066100000000858 8
1717933017321 0.1417550000000034 9
1717933027341 0.15457399999999666 10
1717933037355 0.15813599999999894 11
1717933047369 0.24607799999999713 12
1717933057384 0.25348100000000784 13
1717933067397 0.27167300000000694 14
1717933077415 0.2806460000000044 15
1717933087437 0.28709100000000376 16
1717933097454 0.29527500000000373 17
1717933107481 0.3561470000000071 18
1717933117496 0.38041700000000844 19
1717933127514 0.40025200000000893 20
1717933137535 0.43429199999999923 21
1717933147554 0.45404800000000023 22
1717933157569 0.45913699999999835 23
1717933167586 0.5293350000000032 24
1717933177599 0.5381789999999995 25
1717933187622 0.5462150000000037 26
1717933197646 0.551045000000002 27
1717933207666 0.5637889999999999 28
1717933217687 0.5967449999999985 29
1717933227750 0.6592899999999986 30
1717933237816 0.6685560000000095 31
1717933247839 0.6977609999999999 32
1717933257853 0.7134920000000022 33
1717933267865 0.7205770000000058 34
1717933277877 0.7299550000000039 35
1717933287913 0.8002950000000055 36
1717933297929 0.8192800000000062 37
1717933307945 0.831308000000007 38
1717933317965 0.8505470000000059 39
1717933327987 0.8734600000000086 40
1717933338006 0.8934009999999972 41
1717933348025 0.9609250000000031 42
1717933358039 0.9697120000000012 43
1717933368052 0.9800809999999984 44
1717933378065 0.9830650000000105 45
1717933388078 0.9909360000000049 46
1717933398091 0.9954880000000088 47
1717933408106 1.1321140000000014 48
1717933418119 1.1441010000000063 49
1717933428132 1.1568129999999996 50
1717933438154 1.1681200000000018 51
1717933448169 1.2063130000000086 52
1717933458188 1.2269229999999993 53
1717933468204 1.2923230000000103 54
1717933478224 1.2982879999999994 55
1717933488249 1.3029140000000012 56
1717933498271 1.3217950000000087 57
1717933508285 1.3285380000000089 58
1717933518298 1.3338520000000074 59
1717933528312 1.401297999999997 60
1717933538326 1.4165980000000076 61
1717933548346 1.4386240000000043 62
1717933558367 1.5483880000000028 63
1717933568386 1.5569300000000084 64
1717933578402 1.5856870000000072 65
1717933588418 1.6717600000000061 66
1717933598437 1.6736819999999994 67
1717933608453 1.675376 68
1717933618468 1.6814889999999991 69
1717933628490 1.6956729999999993 70
1717933638507 1.7130539999999996 71
1717933648531 1.7840830000000096 72
1717933658550 1.8284629999999993 73
1717933668589 1.8724270000000018 74
1717933678606 1.8742220000000032 75
1717933688621 1.9486890000000017 76
1717933698644 1.9583820000000003 77
1717933708662 2.074427 78
1717933718693 2.0963780000000014 79
1717933728713 2.1400270000000035 80
1717933738732 2.1521960000000036 81
1717933748753 2.162278999999998 82
1717933758767 2.168537999999998 83
1717933768788 2.249417000000008 84
1717933778802 2.2700060000000093 85
1717933788827 2.2835350000000005 86
1717933798852 2.307457999999997 87
1717933808867 2.3233490000000074 88
1717933818881 2.3277960000000064 89
1717933828896 2.483608000000004 90
1717933838911 2.5299619999999976 91
1717933848929 2.5414130000000057 92
1717933858950 2.5502540000000096 93
1717933868963 2.589937000000006 94
1717933878980 2.6154160000000104 95
1717933888995 2.6950530000000015 96
1717933899013 2.7037619999999976 97
1717933909027 2.711256000000006 98
1717933919074 2.713155999999998 99
1717933929090 2.7198900000000066 100
1717933939111 2.7818280000000044 101
1717933949128 2.814942000000002 102
1717933959151 2.8292610000000025 103
1717933969171 2.8786309999999986 104
1717933979198 2.8786309999999986 105
1717933989224 2.882815000000008 106
1717933999239 2.882815000000008 107
1717934009286 2.8839090000000027 108
1717934019333 2.8851240000000047 109
1717934029379 2.8852899999999977 110
1717934039402 2.8852899999999977 111
1717934049419 2.88964 112
1717934059435 2.8898120000000063 113
1717934069452 2.889874000000006 114
1717934079466 2.889948000000004 115
1717934089541 2.890113999999997 116
1717934099556 2.890200000000007 117
1717934109573 2.894446000000002 118
1717934119639 2.894446000000002 119
1717934129705 2.894446000000002 120
1717934139762 2.894508000000002 121
1717934149786 2.9050880000000063 122
1717934159804 2.9050880000000063 123
1717934169826 2.9092720000000014 124
1717934179895 2.9092720000000014 125
1717934189962 2.9093579999999974 126
1717934199996 2.9094199999999972 127
1717934210039 2.909556000000009 128
1717934220053 2.911612000000005 129
1717934230075 2.9146980000000013 130
1717934240093 2.9147839999999974 131
1717934250111 2.9147839999999974 132
1717934260129 2.9147839999999974 133
1717934270155 2.9263930000000045 134
1717934280174 2.9285349999999966 135
1717934290195 2.930749000000006 136
1717934300267 2.930835000000002 137
1717934310285 2.9308970000000016 138
1717934320304 2.9320320000000066 139
1717934330334 2.9321920000000006 140
1717934340408 2.9342479999999966 141
1717934350486 2.93637600000001 142
1717934360537 2.936633999999998 143
1717934370568 2.9366959999999978 144
1717934380592 2.9366959999999978 145
1717934390670 2.9366959999999978 146
1717934400689 2.938838000000004 147
1717934410710 2.941028000000003 148
1717934420777 2.941028000000003 149
1717934430850 2.941028000000003 150
1717934440871 2.941028000000003 151
1717934450894 2.9411759999999987 152
1717934460967 2.943306000000007 153
1717934470990 2.945434000000006 154
1717934481054 2.945434000000006 155
1717934491088 2.945520000000002 156
1717934501158 2.9455820000000017 157
1717934511185 2.9455820000000017 158
1717934521200 2.9506620000000083 159
1717934531221 2.9506620000000083 160
1717934541248 2.950810000000004 161
1717934551271 2.950810000000004 162
1717934561290 2.950810000000004 163
1717934571361 2.9625050000000073 164
1717934581431 2.9669350000000065 165
1717934591448 2.9669350000000065 166
1717934601465 2.9670210000000026 167
1717934611483 2.9676660000000084 168
1717934621550 2.9681560000000076 169
1717934631614 2.9682420000000036 170
1717934641686 2.9724259999999987 171
1717934651709 2.9724259999999987 172
1717934661736 2.972684000000001 173
1717934671766 2.9727460000000008 174
1717934681796 2.9727460000000008 175
1717934691876 2.9727460000000008 176
1717934701904 2.977016000000006 177
1717934711978 2.977090000000004 178
1717934722016 2.977090000000004 179
1717934732038 2.977090000000004 180
1717934742055 2.977090000000004 181
1717934752123 2.977238 182
1717934762192 2.981422000000009 183
1717934772210 2.981422000000009 184
1717934782231 2.981422000000009 185
1717934792297 2.981508000000005 186
1717934802313 2.981570000000005 187
1717934812331 2.981570000000005 188
1717934822348 2.9866499999999974 189
1717934832371 2.986711999999997 190
1717934842392 2.9868720000000053 191
1717934852408 2.9868720000000053 192
1717934862427 2.9868720000000053 193
1717934872451 2.9966170000000005 194
1717934882524 3.000973000000002 195
1717934892542 3.000973000000002 196
1717934902561 3.001058999999998 197
1717934912593 3.0026960000000003 198
1717934922663 3.0030140000000074 199
1717934932683 3.0031820000000096 200
1717934942706 3.0074280000000044 201
1717934952774 3.0074280000000044 202
1717934962833 3.0076620000000105 203
1717934972900 3.0077360000000084 204
1717934982975 3.0077360000000084 205
1717934993046 3.0077360000000084 206
1717935003071 3.0120679999999993 207
1717935013103 3.0120679999999993 208
1717935023126 3.0120679999999993 209
1717935033193 3.0120679999999993 210
1717935043264 3.041431000000003 211
1717935053327 3.0824929999999995 212
1717935063350 3.0921239999999983 213
1717935073372 3.0922100000000086 214
1717935083405 3.0922960000000046 215
1717935093424 3.0923700000000025 216
1717935103452 3.0925920000000104 217
1717935113472 3.0926540000000102 218
1717935123493 3.0978199999999987 219
1717935133520 3.0978199999999987 220
1717935143543 3.0978939999999966 221
1717935153563 3.0980420000000066 222
1717935163588 3.0980420000000066 223
1717935173625 3.105181999999999 224
1717935183723 3.1093660000000085 225
1717935193796 3.1093660000000085 226
1717935203818 3.1093660000000085 227
1717935213892 3.1101710000000082 228
1717935223925 3.110489000000001 229
1717935233996 3.110489000000001 230
1717935244070 3.1146730000000105 231
1717935254098 3.1146730000000105 232
1717935264118 3.1149070000000023 233
1717935274162 3.1149070000000023 234
1717935284192 3.1149070000000023 235
1717935294224 3.1149070000000023 236
1717935304307 3.1192390000000074 237
1717935314392 3.1192390000000074 238
1717935324480 3.1192390000000074 239
1717935334504 3.1192390000000074 240
1717935344526 3.1193990000000014 241
1717935354562 3.1193990000000014 242
1717935364591 3.124251000000001 243
1717935374627 3.1434349999999966 244
1717935384652 3.1569450000000074 245
1717935394673 3.1569450000000074 246
1717935404702 3.157854999999998 247
1717935414726 3.157941000000008 248
1717935424748 3.163328000000007 249
1717935434789 3.163328000000007 250
1717935444810 3.163476000000003 251
1717935454896 3.163476000000003 252
1717935464923 3.163635999999997 253
1717935474952 3.1707760000000036 254
1717935484980 3.1749599999999987 255
1717935495007 3.175070000000005 256
1717935505038 3.175936000000007 257
1717935515060 3.1770850000000053 258
1717935525131 3.1774830000000094 259
1717935535211 3.1774830000000094 260
1717935545236 3.1816670000000045 261
1717935555280 3.1818329999999975 262
1717935565313 3.1820670000000035 263
1717935575350 3.1820670000000035 264
1717935585431 3.1820670000000035 265
1717935595501 3.1821410000000014 266
1717935605525 3.1865769999999998 267
1717935615554 3.1865769999999998 268
1717935625576 3.1865769999999998 269
1717935635599 3.1865769999999998 270
1717935645636 3.18666300000001 271
1717935655712 3.18672500000001 272
1717935665741 3.190909000000005 273
1717935675764 3.190909000000005 274
1717935685792 3.190909000000005 275
1717935695814 3.1913490000000024 276
1717935705837 3.1913490000000024 277
1717935715856 3.1913490000000024 278
1717935725888 3.196503000000007 279
1717935735912 3.196589000000003 280
1717935745936 3.196651000000003 281
1717935755959 3.196651000000003 282
1717935766038 3.196651000000003 283
1717935776060 3.2103060000000028 284
1717935786083 3.214576000000008 285
1717935796157 3.214576000000008 286
1717935806237 3.214662000000004 287
1717935816259 3.2157729999999987 288
