1717932927152 28.0 0
1717932937172 28.8 1
1717932947187 28.9 2
1717932957207 28.5 3
1717932967228 28.5 4
1717932977244 28.5 5
1717932987256 28.5 6
1717932997271 28.6 7
1717933007291 28.9 8
1717933017321 28.4 9
1717933027341 28.0 10
1717933037355 28.1 11
1717933047369 28.1 12
1717933057384 28.2 13
1717933067397 28.2 14
1717933077415 28.3 15
1717933087437 28.2 16
1717933097454 28.3 17
1717933107481 28.4 18
1717933117496 28.5 19
1717933127514 28.5 20
1717933137535 28.5 21
1717933147554 28.5 22
1717933157569 28.4 23
1717933167586 28.4 24
1717933177599 28.4 25
1717933187622 28.3 26
1717933197646 28.5 27
1717933207666 28.4 28
1717933217687 28.4 29
1717933227750 28.4 30
1717933237816 28.4 31
1717933247839 28.4 32
1717933257853 28.4 33
1717933267865 28.3 34
1717933277877 28.5 35
1717933287913 28.6 36
1717933297929 28.6 37
1717933307945 28.7 38
1717933317965 29.0 39
1717933327987 28.7 40
1717933338006 29.0 41
1717933348025 28.9 42
1717933358039 28.6 43
1717933368052 28.6 44
1717933378065 28.6 45
1717933388078 28.7 46
1717933398091 28.7 47
1717933408106 28.9 48
1717933418119 28.9 49
1717933428132 29.0 50
1717933438154 29.0 51
1717933448169 29.1 52
1717933458188 29.1 53
1717933468204 29.0 54
1717933478224 29.1 55
1717933488249 29.1 56
1717933498271 29.0 57
1717933508285 29.0 58
1717933518298 29.3 59
1717933528312 29.2 60
1717933538326 29.5 61
1717933548346 29.4 62
1717933558367 29.3 63
1717933568386 29.4 64
1717933578402 29.7 65
1717933588418 29.4 66
1717933598437 29.4 67
1717933608453 29.3 68
1717933618468 29.4 69
1717933628490 29.3 70
1717933638507 29.5 71
1717933648531 29.5 72
1717933658550 29.4 73
1717933668589 29.4 74
1717933678606 29.2 75
1717933688621 29.3 76
1717933698644 29.2 77
1717933708662 29.3 78
1717933718693 29.4 79
1717933728713 29.4 80
1717933738732 29.4 81
1717933748753 29.3 82
1717933758767 29.4 83
1717933768788 29.4 84
1717933778802 29.3 85
1717933788827 29.4 86
1717933798852 29.4 87
1717933808867 29.3 88
1717933818881 29.3 89
1717933828896 29.8 90
1717933838911 30.0 91
1717933848929 29.6 92
1717933858950 29.5 93
1717933868963 29.4 94
1717933878980 29.7 95
1717933888995 29.4 96
1717933899013 29.4 97
1717933909027 29.5 98
1717933919074 29.3 99
1717933929090 29.3 100
1717933939111 29.4 101
1717933949128 29.2 102
1717933959151 28.6 103
1717933969171 14.9 104
1717933979198 15.0 105
1717933989224 14.9 106
1717933999239 14.9 107
1717934009286 14.9 108
1717934019333 14.8 109
1717934029379 14.9 110
1717934039402 14.9 111
1717934049419 14.8 112
1717934059435 14.8 113
1717934069452 14.9 114
1717934079466 14.9 115
1717934089541 14.8 116
1717934099556 14.9 117
1717934109573 14.9 118
1717934119639 14.8 119
1717934129705 14.9 120
1717934139762 14.8 121
1717934149786 14.8 122
1717934159804 14.8 123
1717934169826 14.9 124
1717934179895 14.8 125
1717934189962 14.8 126
1717934199996 14.8 127
1717934210039 14.9 128
1717934220053 14.9 129
1717934230075 14.8 130
1717934240093 14.8 131
1717934250111 14.9 132
1717934260129 14.9 133
1717934270155 14.9 134
1717934280174 14.9 135
1717934290195 14.9 136
1717934300267 14.9 137
1717934310285 14.8 138
1717934320304 14.8 139
1717934330334 14.8 140
1717934340408 14.8 141
1717934350486 14.8 142
1717934360537 14.8 143
1717934370568 14.7 144
1717934380592 14.8 145
1717934390670 14.8 146
1717934400689 14.7 147
1717934410710 14.8 148
1717934420777 14.8 149
1717934430850 14.8 150
1717934440871 14.7 151
1717934450894 14.8 152
1717934460967 14.7 153
1717934470990 14.8 154
1717934481054 14.7 155
1717934491088 14.7 156
1717934501158 14.7 157
1717934511185 14.8 158
1717934521200 14.8 159
1717934531221 14.8 160
1717934541248 14.9 161
1717934551271 14.9 162
1717934561290 14.9 163
1717934571361 14.9 164
1717934581431 14.9 165
1717934591448 14.9 166
1717934601465 14.9 167
1717934611483 14.8 168
1717934621550 14.8 169
1717934631614 14.8 170
1717934641686 14.8 171
1717934651709 14.8 172
1717934661736 14.8 173
1717934671766 14.8 174
1717934681796 14.8 175
1717934691876 14.8 176
1717934701904 14.8 177
1717934711978 14.8 178
1717934722016 14.8 179
1717934732038 14.8 180
1717934742055 14.8 181
1717934752123 14.8 182
1717934762192 14.7 183
1717934772210 14.7 184
1717934782231 14.7 185
1717934792297 14.7 186
1717934802313 14.8 187
1717934812331 14.7 188
1717934822348 14.7 189
1717934832371 14.8 190
1717934842392 14.8 191
1717934852408 14.8 192
1717934862427 14.8 193
1717934872451 14.8 194
1717934882524 14.8 195
1717934892542 14.8 196
1717934902561 14.8 197
1717934912593 14.8 198
1717934922663 14.7 199
1717934932683 14.7 200
1717934942706 14.7 201
1717934952774 14.7 202
1717934962833 14.8 203
1717934972900 14.7 204
1717934982975 14.7 205
1717934993046 14.8 206
1717935003071 14.7 207
1717935013103 14.7 208
1717935023126 14.8 209
1717935033193 14.7 210
1717935043264 14.8 211
1717935053327 15.2 212
1717935063350 15.2 213
1717935073372 15.2 214
1717935083405 15.2 215
1717935093424 15.3 216
1717935103452 14.9 217
1717935113472 14.9 218
1717935123493 14.9 219
1717935133520 14.9 220
1717935143543 14.9 221
1717935153563 14.9 222
1717935163588 14.8 223
1717935173625 14.9 224
1717935183723 14.9 225
1717935193796 14.9 226
1717935203818 14.8 227
1717935213892 14.8 228
1717935223925 14.8 229
1717935233996 14.8 230
1717935244070 14.8 231
1717935254098 14.8 232
1717935264118 14.8 233
1717935274162 14.8 234
1717935284192 14.8 235
1717935294224 14.8 236
1717935304307 14.8 237
1717935314392 14.8 238
1717935324480 14.8 239
1717935334504 14.8 240
1717935344526 14.8 241
1717935354562 14.8 242
1717935364591 14.8 243
1717935374627 14.8 244
1717935384652 14.8 245
1717935394673 14.9 246
1717935404702 14.9 247
1717935414726 14.9 248
1717935424748 14.9 249
1717935434789 14.9 250
1717935444810 14.9 251
1717935454896 14.9 252
1717935464923 14.9 253
1717935474952 14.9 254
1717935484980 14.9 255
1717935495007 14.8 256
1717935505038 14.8 257
1717935515060 14.8 258
1717935525131 14.8 259
1717935535211 14.8 260
1717935545236 14.8 261
1717935555280 14.8 262
1717935565313 14.8 263
1717935575350 14.8 264
1717935585431 14.8 265
1717935595501 14.8 266
1717935605525 14.8 267
1717935615554 14.8 268
1717935625576 14.8 269
1717935635599 14.8 270
1717935645636 14.8 271
1717935655712 14.8 272
1717935665741 14.8 273
1717935675764 14.8 274
1717935685792 14.9 275
1717935695814 14.9 276
1717935705837 14.9 277
1717935715856 14.8 278
1717935725888 14.9 279
1717935735912 14.9 280
1717935745936 14.9 281
1717935755959 14.9 282
1717935766038 14.9 283
1717935776060 14.9 284
1717935786083 14.8 285
1717935796157 14.8 286
1717935806237 14.8 287
1717935816259 14.8 288
