1717932927152 9394.6 0
1717932937172 9670.4 1
1717932947187 9700.3 2
1717932957207 9546.0 3
1717932967228 9551.1 4
1717932977244 9572.4 5
1717932987256 9564.4 6
1717932997271 9601.5 7
1717933007291 9692.1 8
1717933017321 9513.7 9
1717933027341 9404.2 10
1717933037355 9411.7 11
1717933047369 9435.9 12
1717933057384 9447.0 13
1717933067397 9468.5 14
1717933077415 9477.3 15
1717933087437 9447.6 16
1717933097454 9505.6 17
1717933107481 9539.8 18
1717933117496 9563.5 19
1717933127514 9565.0 20
1717933137535 9556.4 21
1717933147554 9553.5 22
1717933157569 9508.6 23
1717933167586 9511.5 24
1717933177599 9509.4 25
1717933187622 9491.4 26
1717933197646 9541.8 27
1717933207666 9516.6 28
1717933217687 9525.6 29
1717933227750 9538.5 30
1717933237816 9534.0 31
1717933247839 9523.2 32
1717933257853 9520.2 33
1717933267865 9506.5 34
1717933277877 9568.8 35
1717933287913 9593.8 36
1717933297929 9600.3 37
1717933307945 9623.5 38
1717933317965 9724.7 39
1717933327987 9614.3 40
1717933338006 9717.9 41
1717933348025 9689.6 42
1717933358039 9602.6 43
1717933368052 9589.0 44
1717933378065 9601.4 45
1717933388078 9608.9 46
1717933398091 9618.6 47
1717933408106 9697.4 48
1717933418119 9705.3 49
1717933428132 9724.2 50
1717933438154 9734.6 51
1717933448169 9757.1 52
1717933458188 9765.0 53
1717933468204 9737.6 54
1717933478224 9753.9 55
1717933488249 9754.5 56
1717933498271 9739.9 57
1717933508285 9736.0 58
1717933518298 9811.4 59
1717933528312 9778.7 60
1717933538326 9894.2 61
1717933548346 9875.8 62
1717933558367 9836.4 63
1717933568386 9861.2 64
1717933578402 9952.4 65
1717933588418 9862.3 66
1717933598437 9851.0 67
1717933608453 9810.6 68
1717933618468 9846.4 69
1717933628490 9841.0 70
1717933638507 9888.3 71
1717933648531 9894.9 72
1717933658550 9868.5 73
1717933668589 9856.2 74
1717933678606 9790.2 75
1717933688621 9820.4 76
1717933698644 9802.0 77
1717933708662 9815.1 78
1717933718693 9845.2 79
1717933728713 9845.3 80
1717933738732 9858.9 81
1717933748753 9835.0 82
1717933758767 9847.2 83
1717933768788 9850.3 84
1717933778802 9841.3 85
1717933788827 9846.2 86
1717933798852 9845.1 87
1717933808867 9842.0 88
1717933818881 9834.2 89
1717933828896 9985.9 90
1717933838911 10064.4 91
1717933848929 9934.6 92
1717933858950 9896.2 93
1717933868963 9872.5 94
1717933878980 9943.9 95
1717933888995 9873.5 96
1717933899013 9856.8 97
1717933909027 9877.0 98
1717933919074 9836.8 99
1717933929090 9810.5 100
1717933939111 9843.7 101
1717933949128 9809.0 102
1717933959151 9576.6 103
1717933969171 5012.0 104
1717933979198 5016.0 105
1717933989224 5009.3 106
1717933999239 5012.7 107
1717934009286 4987.2 108
1717934019333 4979.1 109
1717934029379 4983.3 110
1717934039402 4984.4 111
1717934049419 4972.6 112
1717934059435 4976.8 113
1717934069452 4989.8 114
1717934079466 4981.2 115
1717934089541 4976.8 116
1717934099556 4982.5 117
1717934109573 4984.0 118
1717934119639 4979.9 119
1717934129705 4981.0 120
1717934139762 4979.3 121
1717934149786 4966.3 122
1717934159804 4963.8 123
1717934169826 4982.0 124
1717934179895 4969.8 125
1717934189962 4969.8 126
1717934199996 4974.1 127
1717934210039 4986.9 128
1717934220053 4981.1 129
1717934230075 4969.3 130
1717934240093 4977.8 131
1717934250111 4992.7 132
1717934260129 4995.1 133
1717934270155 5006.3 134
1717934280174 5002.4 135
1717934290195 5000.2 136
1717934300267 5013.3 137
1717934310285 4969.4 138
1717934320304 4971.0 139
1717934330334 4969.5 140
1717934340408 4962.6 141
1717934350486 4965.2 142
1717934360537 4951.4 143
1717934370568 4942.6 144
1717934380592 4947.7 145
1717934390670 4949.1 146
1717934400689 4940.1 147
1717934410710 4963.3 148
1717934420777 4949.1 149
1717934430850 4948.2 150
1717934440871 4940.5 151
1717934450894 4947.5 152
1717934460967 4938.2 153
1717934470990 4949.6 154
1717934481054 4935.5 155
1717934491088 4940.7 156
1717934501158 4943.3 157
1717934511185 4975.8 158
1717934521200 4971.4 159
1717934531221 4976.5 160
1717934541248 4985.2 161
1717934551271 4989.8 162
1717934561290 4981.2 163
1717934571361 4988.8 164
1717934581431 4995.5 165
1717934591448 4988.5 166
1717934601465 4998.9 167
1717934611483 4970.8 168
1717934621550 4962.9 169
1717934631614 4965.1 170
1717934641686 4971.0 171
1717934651709 4953.2 172
1717934661736 4959.6 173
1717934671766 4972.4 174
1717934681796 4958.8 175
1717934691876 4965.9 176
1717934701904 4967.7 177
1717934711978 4948.9 178
1717934722016 4951.3 179
1717934732038 4947.7 180
1717934742055 4957.2 181
1717934752123 4953.9 182
1717934762192 4939.1 183
1717934772210 4936.7 184
1717934782231 4934.7 185
1717934792297 4941.7 186
1717934802313 4968.9 187
1717934812331 4940.0 188
1717934822348 4944.8 189
1717934832371 4955.7 190
1717934842392 4964.5 191
1717934852408 4949.5 192
1717934862427 4956.5 193
1717934872451 4976.5 194
1717934882524 4978.4 195
1717934892542 4971.6 196
1717934902561 4949.6 197
1717934912593 4948.1 198
1717934922663 4935.8 199
1717934932683 4935.2 200
1717934942706 4938.5 201
1717934952774 4938.3 202
1717934962833 4947.3 203
1717934972900 4942.4 204
1717934982975 4943.2 205
1717934993046 4949.9 206
1717935003071 4942.7 207
1717935013103 4946.5 208
1717935023126 4952.6 209
1717935033193 4945.6 210
1717935043264 4951.2 211
1717935053327 5100.3 212
1717935063350 5089.9 213
1717935073372 5089.4 214
1717935083405 5092.9 215
1717935093424 5138.4 216
1717935103452 4984.3 217
1717935113472 4986.7 218
1717935123493 4980.3 219
1717935133520 4993.3 220
1717935143543 4992.5 221
1717935153563 4991.9 222
1717935163588 4976.7 223
1717935173625 4998.9 224
1717935183723 5005.9 225
1717935193796 4999.9 226
1717935203818 4967.5 227
1717935213892 4957.8 228
1717935223925 4968.6 229
1717935233996 4974.7 230
1717935244070 4969.4 231
1717935254098 4974.4 232
1717935264118 4971.5 233
1717935274162 4950.1 234
1717935284192 4951.8 235
1717935294224 4954.0 236
1717935304307 4953.3 237
1717935314392 4961.3 238
1717935324480 4963.1 239
1717935334504 4948.4 240
1717935344526 4954.7 241
1717935354562 4955.3 242
1717935364591 4975.2 243
1717935374627 4946.7 244
1717935384652 4957.0 245
1717935394673 4996.1 246
1717935404702 4986.5 247
1717935414726 4997.2 248
1717935424748 5000.6 249
1717935434789 4989.8 250
1717935444810 4993.2 251
1717935454896 5005.7 252
1717935464923 5003.4 253
1717935474952 5004.5 254
1717935484980 4997.4 255
1717935495007 4952.8 256
1717935505038 4953.6 257
1717935515060 4957.9 258
1717935525131 4952.0 259
1717935535211 4948.9 260
1717935545236 4956.0 261
1717935555280 4948.7 262
1717935565313 4958.2 263
1717935575350 4954.1 264
1717935585431 4956.7 265
1717935595501 4959.4 266
1717935605525 4950.9 267
1717935615554 4954.6 268
1717935625576 4959.8 269
1717935635599 4963.7 270
1717935645636 4955.7 271
1717935655712 4959.7 272
1717935665741 4956.5 273
1717935675764 4959.6 274
1717935685792 5002.4 275
1717935695814 4991.3 276
1717935705837 4985.3 277
1717935715856 4971.0 278
1717935725888 4988.0 279
1717935735912 4986.8 280
1717935745936 4980.6 281
1717935755959 4998.4 282
1717935766038 5001.6 283
1717935776060 4999.5 284
1717935786083 4966.4 285
1717935796157 4958.9 286
1717935806237 4964.0 287
1717935816259 4969.2 288
