1718440755627 0.0 0
1718440765653 6.6 1
1718440775679 5.3 2
1718440785706 5.2 3
1718440795724 5.1 4
1718440805749 5.3 5
1718440815776 5.1 6
1718440825804 5.3 7
1718440835831 5.1 8
1718440845857 5.3 9
1718440855878 5.2 10
1718440865901 5.3 11
1718440875923 5.2 12
1718440885943 5.2 13
1718440895977 5.1 14
1718440906004 5.3 15
1718440916031 5.2 16
1718440926053 5.3 17
1718440936073 5.1 18
1718440946099 5.2 19
1718440956127 5.1 20
1718440966150 5.2 21
1718440976173 5.2 22
1718440986201 5.2 23
1718440996235 5.1 24
1718441006257 5.2 25
1718441016276 5.1 26
1718441026294 5.2 27
1718441036315 5.1 28
1718441046335 5.3 29
1718441056354 5.2 30
1718441066374 5.4 31
1718441076393 5.2 32
1718441086411 5.2 33
1718441096431 5.1 34
1718441106481 5.2 35
1718441116507 5.2 36
1718441126527 5.3 37
1718441136548 5.2 38
1718441146572 5.3 39
1718441156593 5.2 40
1718441166628 5.3 41
1718441176651 5.3 42
1718441186674 5.3 43
1718441196692 5.0 44
1718441206713 5.2 45
1718441216739 5.2 46
1718441226759 5.2 47
1718441236780 5.1 48
1718441246847 5.2 49
1718441256881 5.2 50
1718441266962 5.3 51
1718441276983 5.3 52
1718441287015 5.2 53
1718441297053 5.0 54
1718441307131 5.1 55
1718441317153 5.1 56
1718441327216 5.2 57
1718441337236 5.2 58
1718441347258 5.2 59
1718441357274 5.1 60
1718441367337 5.3 61
1718441377358 5.9 62
1718441387385 5.4 63
1718441397407 5.7 64
1718441407442 5.6 65
1718441417468 5.7 66
1718441427514 5.7 67
1718441437534 5.6 68
1718441447556 5.7 69
1718441457582 5.8 70
1718441467605 5.7 71
1718441477626 5.7 72
1718441487647 5.6 73
1718441497669 5.5 74
1718441507705 5.6 75
1718441517730 5.6 76
1718441527805 5.7 77
1718441537833 5.5 78
1718441547863 5.8 79
1718441562231 5.8 80
1718441572254 3.8 81
1718441582273 5.4 82
1718441592294 5.1 83
1718441602327 5.2 84
1718441612349 5.2 85
1718441622371 5.2 86
1718441632434 5.1 87
1718441642456 5.3 88
1718441652479 5.2 89
1718441662501 5.3 90
1718441672523 5.2 91
1718441682546 5.3 92
1718441692567 5.1 93
1718441702594 5.3 94
1718441712635 5.1 95
1718441722706 5.4 96
1718441732728 5.2 97
1718441742763 5.4 98
1718441752797 5.3 99
1718441762827 5.3 100
1718441772861 5.2 101
1718441782893 5.2 102
1718441792922 5.2 103
1718441802946 5.3 104
1718441812969 5.1 105
1718441823036 5.4 106
1718441833057 5.1 107
1718441843079 5.3 108
1718441853102 5.2 109
1718441863124 5.3 110
1718441873176 5.2 111
1718441883200 5.4 112
1718441893227 5.2 113
1718441903290 5.2 114
1718441913358 5.1 115
1718441923426 5.2 116
1718441933498 5.2 117
1718441943569 5.3 118
1718441953593 5.3 119
1718441963616 5.3 120
1718441973640 5.3 121
1718441983706 5.3 122
1718441993729 5.1 123
1718442003804 5.3 124
1718442013838 5.1 125
1718442023933 5.4 126
1718442033976 5.1 127
1718442044049 5.4 128
1718442054074 5.3 129
1718442064150 5.4 130
1718442074181 5.3 131
1718442084256 5.2 132
1718442094286 5.1 133
1718442104356 5.2 134
1718442114380 5.1 135
1718442124403 5.2 136
1718442134433 5.1 137
1718442144502 5.3 138
1718442154528 5.1 139
1718442164598 5.4 140
1718442174638 5.2 141
1718442184682 5.7 142
1718442194749 5.8 143
1718442204811 5.7 144
1718442214878 5.5 145
1718442224946 5.6 146
1718442235034 5.5 147
1718442245118 5.6 148
1718442255184 5.8 149
1718442265267 5.7 150
1718442275294 5.7 151
1718442285373 5.6 152
1718442295397 5.6 153
1718442305462 5.4 154
1718442315484 5.6 155
1718442325548 5.7 156
1718442335616 5.6 157
1718442345668 5.7 158
1718442355755 5.6 159
1718442368637 5.7 160
1718442378660 4.7 161
1718442388735 5.0 162
1718442398825 5.2 163
1718442408904 5.2 164
1718442418971 5.1 165
1718442429041 5.3 166
1718442439118 5.3 167
1718442449197 5.3 168
1718442459277 5.2 169
1718442469304 5.4 170
1718442479330 5.2 171
1718442489394 5.2 172
1718442499461 5.1 173
1718442509538 5.1 174
1718442519608 5.1 175
1718442529681 5.3 176
1718442539754 5.3 177
1718442549834 5.3 178
1718442559916 5.4 179
1718442569986 5.4 180
1718442580057 5.2 181
1718442590138 5.3 182
1718442600209 5.1 183
1718442610272 5.3 184
1718442620335 5.1 185
1718442630413 5.3 186
1718442640487 5.1 187
1718442650559 5.3 188
1718442660653 5.2 189
1718442670751 5.6 190
1718442680823 5.3 191
1718442690890 5.3 192
1718442700965 5.1 193
1718442711032 5.2 194
1718442721107 5.2 195
1718442731173 5.2 196
1718442741241 5.1 197
1718442751305 5.4 198
1718442761368 5.2 199
1718442771451 5.3 200
1718442781520 5.2 201
1718442791595 5.2 202
1718442801683 5.2 203
1718442811752 5.3 204
1718442821829 5.1 205
1718442831896 5.3 206
1718442841972 5.1 207
1718442851996 5.4 208
1718442862093 5.3 209
1718442872172 5.4 210
1718442882240 5.1 211
1718442892319 5.3 212
1718442902355 5.1 213
1718442912440 5.3 214
1718442922525 5.3 215
1718442932602 5.3 216
1718442942678 5.2 217
1718442952764 5.3 218
1718442962843 5.2 219
1718442972912 5.3 220
1718442982995 5.1 221
1718442993073 5.7 222
1718443003153 5.7 223
1718443013247 5.6 224
1718443023278 5.6 225
1718443033357 5.7 226
1718443043387 5.9 227
1718443053470 5.6 228
1718443063547 5.7 229
1718443073634 5.8 230
1718443083715 5.8 231
1718443093788 5.6 232
1718443103862 5.8 233
1718443113942 5.5 234
1718443124013 5.6 235
1718443134086 5.8 236
1718443144151 5.5 237
1718443154226 5.7 238
1718443164298 5.9 239
1718443174327 5.8 240
1718443184413 5.4 241
1718443194440 5.2 242
1718443204512 5.2 243
1718443214539 5.2 244
1718443224612 5.4 245
1718443234637 5.1 246
1718443244743 5.4 247
1718443254768 5.5 248
1718443264840 5.3 249
1718443274866 5.2 250
1718443284935 5.2 251
1718443294961 5.0 252
1718443304986 5.3 253
1718443315018 5.1 254
1718443325106 5.2 255
1718443335131 5.2 256
1718443345203 5.3 257
1718443355230 5.3 258
1718443365305 5.3 259
1718443375348 5.2 260
1718443385390 5.3 261
1718443395419 5.6 262
1718443405447 5.7 263
1718443415478 5.2 264
1718443425554 5.2 265
1718443435634 5.1 266
1718443445709 5.3 267
1718443455799 5.2 268
1718443465868 5.4 269
1718443475901 5.3 270
1718443485946 6.0 271
1718443496010 6.1 272
1718443506077 5.6 273
1718443516104 6.6 274
1718443526130 9.8 275
1718443536159 25.4 276
1718443546189 7.2 277
1718443556216 9.1 278
1718443566268 26.8 279
1718443576298 18.8 280
1718443586324 11.5 281
1718443596353 10.4 282
1718443606379 7.2 283
1718443616410 7.0 284
1718443626437 8.6 285
1718443636483 7.8 286
1718443646527 6.3 287
1718443656566 5.9 288
1718443666598 6.7 289
1718443676648 5.9 290
1718443686712 5.3 291
1718443696759 7.0 292
1718443706786 7.4 293
1718443716814 6.7 294
1718443726852 7.1 295
1718443736886 6.2 296
1718443746913 5.5 297
1718443756938 5.8 298
1718443766964 6.8 299
1718443777000 7.4 300
1718443787034 8.2 301
1718443797073 5.7 302
1718443807104 5.9 303
1718443817187 6.1 304
1718443827221 8.5 305
1718443837303 8.7 306
1718443847328 6.1 307
1718443857418 8.1 308
1718443867464 7.5 309
1718443877517 7.9 310
1718443887557 6.9 311
1718443897588 6.7 312
1718443907670 8.1 313
1718443917721 8.7 314
1718443927753 7.4 315
1718443937784 6.1 316
1718443947811 6.5 317
1718443957893 5.9 318
1718443967927 5.9 319
1718443977955 6.5 320
1718443987987 7.0 321
1718443998710 7.1 322
1718444008738 4.0 323
1718444018796 7.0 324
1718444028856 6.5 325
1718444038930 7.1 326
1718444049032 7.8 327
1718444059063 7.3 328
1718444069104 6.1 329
1718444079136 5.7 330
1718444089164 6.7 331
1718444099193 21.1 332
