1718440755627 286779.0 0
1718440765653 286778.0 1
1718440775679 286777.9 2
1718440785706 286777.8 3
1718440795724 286777.8 4
1718440805749 286777.8 5
1718440815776 286777.8 6
1718440825804 286777.8 7
1718440835831 286777.8 8
1718440845857 286777.8 9
1718440855878 286777.8 10
1718440865901 286777.8 11
1718440875923 286777.8 12
1718440885943 286777.8 13
1718440895977 286777.8 14
1718440906004 286777.8 15
1718440916031 286777.8 16
1718440926053 286777.8 17
1718440936073 286777.8 18
1718440946099 286777.8 19
1718440956127 286777.8 20
1718440966150 286777.8 21
1718440976173 286777.8 22
1718440986201 286777.8 23
1718440996235 286777.8 24
1718441006257 286777.8 25
1718441016276 286777.8 26
1718441026294 286777.8 27
1718441036315 286777.8 28
1718441046335 286777.8 29
1718441056354 286777.8 30
1718441066374 286777.8 31
1718441076393 286777.8 32
1718441086411 286777.8 33
1718441096431 286777.8 34
1718441106481 286777.8 35
1718441116507 286777.8 36
1718441126527 286777.8 37
1718441136548 286777.8 38
1718441146572 286777.8 39
1718441156593 286777.8 40
1718441166628 286777.8 41
1718441176651 286777.8 42
1718441186674 286777.8 43
1718441196692 286777.8 44
1718441206713 286777.8 45
1718441216739 286777.8 46
1718441226759 286777.8 47
1718441236780 286777.8 48
1718441246847 286777.8 49
1718441256881 286777.8 50
1718441266962 286777.8 51
1718441276983 286777.8 52
1718441287015 286777.8 53
1718441297053 286777.8 54
1718441307131 286777.8 55
1718441317153 286777.8 56
1718441327216 286777.8 57
1718441337236 286777.8 58
1718441347258 286777.8 59
1718441357274 286777.8 60
1718441367337 286777.8 61
1718441377358 286777.8 62
1718441387385 286777.8 63
1718441397407 286777.8 64
1718441407442 286777.8 65
1718441417468 286777.8 66
1718441427514 286777.8 67
1718441437534 286777.8 68
1718441447556 286777.8 69
1718441457582 286777.8 70
1718441467605 286777.8 71
1718441477626 286777.8 72
1718441487647 286777.8 73
1718441497669 286777.8 74
1718441507705 286777.8 75
1718441517730 286777.8 76
1718441527805 286777.8 77
1718441537833 286777.8 78
1718441547863 286777.8 79
1718441562231 286777.8 80
1718441572254 286777.7 81
1718441582273 286777.7 82
1718441592294 286777.7 83
1718441602327 286777.7 84
1718441612349 286777.7 85
1718441622371 286777.7 86
1718441632434 286777.7 87
1718441642456 286777.7 88
1718441652479 286777.7 89
1718441662501 286777.7 90
1718441672523 286777.7 91
1718441682546 286777.7 92
1718441692567 286777.7 93
1718441702594 286777.7 94
1718441712635 286777.7 95
1718441722706 286777.7 96
1718441732728 286777.7 97
1718441742763 286777.7 98
1718441752797 286777.7 99
1718441762827 286777.7 100
1718441772861 286777.7 101
1718441782893 286777.7 102
1718441792922 286777.7 103
1718441802946 286777.7 104
1718441812969 286777.7 105
1718441823036 286777.7 106
1718441833057 286777.7 107
1718441843079 286777.7 108
1718441853102 286777.7 109
1718441863124 286777.7 110
1718441873176 286777.7 111
1718441883200 286777.7 112
1718441893227 286777.7 113
1718441903290 286777.7 114
1718441913358 286777.7 115
1718441923426 286777.7 116
1718441933498 286777.7 117
1718441943569 286777.6 118
1718441953593 286777.6 119
1718441963616 286777.6 120
1718441973640 286777.6 121
1718441983706 286777.6 122
1718441993729 286777.6 123
1718442003804 286777.6 124
1718442013838 286777.6 125
1718442023933 286777.6 126
1718442033976 286777.6 127
1718442044049 286777.6 128
1718442054074 286777.6 129
1718442064150 286777.6 130
1718442074181 286777.6 131
1718442084256 286777.6 132
1718442094286 286777.6 133
1718442104356 286777.6 134
1718442114380 286777.6 135
1718442124403 286777.6 136
1718442134433 286777.6 137
1718442144502 286777.6 138
1718442154528 286777.6 139
1718442164598 286777.6 140
1718442174638 286777.6 141
1718442184682 286777.6 142
1718442194749 286777.6 143
1718442204811 286777.6 144
1718442214878 286777.6 145
1718442224946 286777.6 146
1718442235034 286777.6 147
1718442245118 286777.6 148
1718442255184 286777.6 149
1718442265267 286777.6 150
1718442275294 286777.6 151
1718442285373 286777.6 152
1718442295397 286777.6 153
1718442305462 286777.6 154
1718442315484 286777.6 155
1718442325548 286777.6 156
1718442335616 286777.6 157
1718442345668 286777.6 158
1718442355755 286777.6 159
1718442368637 286777.6 160
1718442378660 286777.6 161
1718442388735 286777.6 162
1718442398825 286777.6 163
1718442408904 286777.6 164
1718442418971 286777.6 165
1718442429041 286777.6 166
1718442439118 286777.6 167
1718442449197 286777.6 168
1718442459277 286777.6 169
1718442469304 286777.6 170
1718442479330 286777.6 171
1718442489394 286777.6 172
1718442499461 286777.6 173
1718442509538 286777.6 174
1718442519608 286777.6 175
1718442529681 286777.6 176
1718442539754 286777.6 177
1718442549834 286777.6 178
1718442559916 286777.6 179
1718442569986 286777.6 180
1718442580057 286777.6 181
1718442590138 286777.6 182
1718442600209 286777.6 183
1718442610272 286777.6 184
1718442620335 286777.6 185
1718442630413 286777.6 186
1718442640487 286777.6 187
1718442650559 286777.6 188
1718442660653 286777.6 189
1718442670751 286777.6 190
1718442680823 286777.6 191
1718442690890 286777.6 192
1718442700965 286777.6 193
1718442711032 286777.6 194
1718442721107 286777.6 195
1718442731173 286777.6 196
1718442741241 286777.6 197
1718442751305 286777.6 198
1718442761368 286777.6 199
1718442771451 286777.6 200
1718442781520 286777.6 201
1718442791595 286777.6 202
1718442801683 286777.6 203
1718442811752 286777.6 204
1718442821829 286777.6 205
1718442831896 286777.6 206
1718442841972 286777.6 207
1718442851996 286777.6 208
1718442862093 286777.6 209
1718442872172 286777.6 210
1718442882240 286777.6 211
1718442892319 286777.6 212
1718442902355 286777.6 213
1718442912440 286777.6 214
1718442922525 286777.6 215
1718442932602 286777.6 216
1718442942678 286777.6 217
1718442952764 286777.6 218
1718442962843 286777.6 219
1718442972912 286777.6 220
1718442982995 286777.6 221
1718442993073 286777.6 222
1718443003153 286777.6 223
1718443013247 286777.6 224
1718443023278 286777.6 225
1718443033357 286777.6 226
1718443043387 286777.6 227
1718443053470 286777.6 228
1718443063547 286777.6 229
1718443073634 286777.6 230
1718443083715 286777.6 231
1718443093788 286777.6 232
1718443103862 286777.6 233
1718443113942 286777.6 234
1718443124013 286777.6 235
1718443134086 286777.6 236
1718443144151 286777.6 237
1718443154226 286777.6 238
1718443164298 286777.6 239
1718443174327 286777.6 240
1718443184413 286777.6 241
1718443194440 286777.6 242
1718443204512 286777.6 243
1718443214539 286777.6 244
1718443224612 286777.6 245
1718443234637 286777.6 246
1718443244743 286777.6 247
1718443254768 286777.6 248
1718443264840 286777.6 249
1718443274866 286777.6 250
1718443284935 286777.6 251
1718443294961 286777.6 252
1718443304986 286777.6 253
1718443315018 286777.6 254
1718443325106 286777.6 255
1718443335131 286777.6 256
1718443345203 286777.6 257
1718443355230 286777.6 258
1718443365305 286777.6 259
1718443375348 286777.6 260
1718443385390 286777.6 261
1718443395419 286777.6 262
1718443405447 286777.6 263
1718443415478 286777.6 264
1718443425554 286777.6 265
1718443435634 286777.6 266
1718443445709 286777.6 267
1718443455799 286777.6 268
1718443465868 286777.6 269
1718443475901 286777.6 270
1718443485946 286777.6 271
1718443496010 286777.6 272
1718443506077 286777.6 273
1718443516104 286777.6 274
1718443526130 286779.4 275
1718443536159 286732.0 276
1718443546189 286725.5 277
1718443556216 286710.0 278
1718443566268 286750.5 279
1718443576298 286718.4 280
1718443586324 286737.2 281
1718443596353 286728.4 282
1718443606379 286713.7 283
1718443616410 286708.8 284
1718443626437 286700.7 285
1718443636483 286678.6 286
1718443646527 286672.9 287
1718443656566 286678.2 288
1718443666598 286677.6 289
1718443676648 286677.5 290
1718443686712 286677.5 291
1718443696759 286677.5 292
1718443706786 286677.5 293
1718443716814 286677.5 294
1718443726852 286677.4 295
1718443736886 286677.5 296
1718443746913 286677.4 297
1718443756938 286677.4 298
1718443766964 286678.0 299
1718443777000 286677.9 300
1718443787034 286674.4 301
1718443797073 286674.4 302
1718443807104 286674.5 303
1718443817187 286674.5 304
1718443827221 286674.5 305
1718443837303 286674.3 306
1718443847328 286674.3 307
1718443857418 286674.2 308
1718443867464 286673.8 309
1718443877517 286674.6 310
1718443887557 286674.2 311
1718443897588 286674.1 312
1718443907670 286674.1 313
1718443917721 286674.1 314
1718443927753 286673.8 315
1718443937784 286673.6 316
1718443947811 286673.3 317
1718443957893 286673.3 318
1718443967927 286673.3 319
1718443977955 286673.3 320
1718443987987 286673.3 321
1718443998710 286673.2 322
1718444008738 286673.2 323
1718444018796 286673.2 324
1718444028856 286673.2 325
1718444038930 286673.2 326
1718444049032 286673.0 327
1718444059063 286674.8 328
1718444069104 286674.8 329
1718444079136 286674.7 330
1718444089164 286668.2 331
1718444099193 286657.6 332
