1718440755627 69.3 0
1718440765653 69.3 1
1718440775679 69.3 2
1718440785706 69.3 3
1718440795724 69.3 4
1718440805749 69.3 5
1718440815776 69.3 6
1718440825804 69.3 7
1718440835831 69.3 8
1718440845857 69.3 9
1718440855878 69.3 10
1718440865901 69.3 11
1718440875923 69.3 12
1718440885943 69.3 13
1718440895977 69.3 14
1718440906004 69.3 15
1718440916031 69.3 16
1718440926053 69.3 17
1718440936073 69.3 18
1718440946099 69.3 19
1718440956127 69.3 20
1718440966150 69.3 21
1718440976173 69.3 22
1718440986201 69.3 23
1718440996235 69.3 24
1718441006257 69.3 25
1718441016276 69.3 26
1718441026294 69.3 27
1718441036315 69.3 28
1718441046335 69.3 29
1718441056354 69.3 30
1718441066374 69.3 31
1718441076393 69.3 32
1718441086411 69.3 33
1718441096431 69.3 34
1718441106481 69.3 35
1718441116507 69.3 36
1718441126527 69.3 37
1718441136548 69.3 38
1718441146572 69.3 39
1718441156593 69.3 40
1718441166628 69.3 41
1718441176651 69.3 42
1718441186674 69.3 43
1718441196692 69.3 44
1718441206713 69.3 45
1718441216739 69.3 46
1718441226759 69.3 47
1718441236780 69.3 48
1718441246847 69.3 49
1718441256881 69.3 50
1718441266962 69.3 51
1718441276983 69.3 52
1718441287015 69.3 53
1718441297053 69.3 54
1718441307131 69.3 55
1718441317153 69.3 56
1718441327216 69.3 57
1718441337236 69.3 58
1718441347258 69.3 59
1718441357274 69.3 60
1718441367337 69.3 61
1718441377358 69.3 62
1718441387385 69.3 63
1718441397407 69.3 64
1718441407442 69.3 65
1718441417468 69.3 66
1718441427514 69.3 67
1718441437534 69.3 68
1718441447556 69.3 69
1718441457582 69.3 70
1718441467605 69.3 71
1718441477626 69.3 72
1718441487647 69.3 73
1718441497669 69.3 74
1718441507705 69.3 75
1718441517730 69.3 76
1718441527805 69.3 77
1718441537833 69.3 78
1718441547863 69.3 79
1718441562231 69.3 80
1718441572254 69.3 81
1718441582273 69.3 82
1718441592294 69.3 83
1718441602327 69.3 84
1718441612349 69.3 85
1718441622371 69.3 86
1718441632434 69.3 87
1718441642456 69.3 88
1718441652479 69.3 89
1718441662501 69.3 90
1718441672523 69.3 91
1718441682546 69.3 92
1718441692567 69.3 93
1718441702594 69.3 94
1718441712635 69.3 95
1718441722706 69.3 96
1718441732728 69.3 97
1718441742763 69.3 98
1718441752797 69.3 99
1718441762827 69.3 100
1718441772861 69.3 101
1718441782893 69.3 102
1718441792922 69.3 103
1718441802946 69.3 104
1718441812969 69.3 105
1718441823036 69.3 106
1718441833057 69.3 107
1718441843079 69.3 108
1718441853102 69.3 109
1718441863124 69.3 110
1718441873176 69.3 111
1718441883200 69.3 112
1718441893227 69.3 113
1718441903290 69.3 114
1718441913358 69.3 115
1718441923426 69.3 116
1718441933498 69.3 117
1718441943569 69.3 118
1718441953593 69.3 119
1718441963616 69.3 120
1718441973640 69.3 121
1718441983706 69.3 122
1718441993729 69.3 123
1718442003804 69.3 124
1718442013838 69.3 125
1718442023933 69.3 126
1718442033976 69.3 127
1718442044049 69.3 128
1718442054074 69.3 129
1718442064150 69.3 130
1718442074181 69.3 131
1718442084256 69.3 132
1718442094286 69.3 133
1718442104356 69.3 134
1718442114380 69.3 135
1718442124403 69.3 136
1718442134433 69.3 137
1718442144502 69.3 138
1718442154528 69.3 139
1718442164598 69.3 140
1718442174638 69.3 141
1718442184682 69.3 142
1718442194749 69.3 143
1718442204811 69.3 144
1718442214878 69.3 145
1718442224946 69.3 146
1718442235034 69.3 147
1718442245118 69.3 148
1718442255184 69.3 149
1718442265267 69.3 150
1718442275294 69.3 151
1718442285373 69.3 152
1718442295397 69.3 153
1718442305462 69.3 154
1718442315484 69.3 155
1718442325548 69.3 156
1718442335616 69.3 157
1718442345668 69.3 158
1718442355755 69.3 159
1718442368637 69.3 160
1718442378660 69.3 161
1718442388735 69.3 162
1718442398825 69.3 163
1718442408904 69.3 164
1718442418971 69.3 165
1718442429041 69.3 166
1718442439118 69.3 167
1718442449197 69.3 168
1718442459277 69.3 169
1718442469304 69.3 170
1718442479330 69.3 171
1718442489394 69.3 172
1718442499461 69.3 173
1718442509538 69.3 174
1718442519608 69.3 175
1718442529681 69.3 176
1718442539754 69.3 177
1718442549834 69.3 178
1718442559916 69.3 179
1718442569986 69.3 180
1718442580057 69.3 181
1718442590138 69.3 182
1718442600209 69.3 183
1718442610272 69.3 184
1718442620335 69.3 185
1718442630413 69.3 186
1718442640487 69.3 187
1718442650559 69.3 188
1718442660653 69.3 189
1718442670751 69.3 190
1718442680823 69.3 191
1718442690890 69.3 192
1718442700965 69.3 193
1718442711032 69.3 194
1718442721107 69.3 195
1718442731173 69.3 196
1718442741241 69.3 197
1718442751305 69.3 198
1718442761368 69.3 199
1718442771451 69.3 200
1718442781520 69.3 201
1718442791595 69.3 202
1718442801683 69.3 203
1718442811752 69.3 204
1718442821829 69.3 205
1718442831896 69.3 206
1718442841972 69.3 207
1718442851996 69.3 208
1718442862093 69.3 209
1718442872172 69.3 210
1718442882240 69.3 211
1718442892319 69.3 212
1718442902355 69.3 213
1718442912440 69.3 214
1718442922525 69.3 215
1718442932602 69.3 216
1718442942678 69.3 217
1718442952764 69.3 218
1718442962843 69.3 219
1718442972912 69.3 220
1718442982995 69.3 221
1718442993073 69.3 222
1718443003153 69.3 223
1718443013247 69.3 224
1718443023278 69.3 225
1718443033357 69.3 226
1718443043387 69.3 227
1718443053470 69.3 228
1718443063547 69.3 229
1718443073634 69.3 230
1718443083715 69.3 231
1718443093788 69.3 232
1718443103862 69.3 233
1718443113942 69.3 234
1718443124013 69.3 235
1718443134086 69.3 236
1718443144151 69.3 237
1718443154226 69.3 238
1718443164298 69.3 239
1718443174327 69.3 240
1718443184413 69.3 241
1718443194440 69.3 242
1718443204512 69.3 243
1718443214539 69.3 244
1718443224612 69.3 245
1718443234637 69.3 246
1718443244743 69.3 247
1718443254768 69.3 248
1718443264840 69.3 249
1718443274866 69.3 250
1718443284935 69.3 251
1718443294961 69.3 252
1718443304986 69.3 253
1718443315018 69.3 254
1718443325106 69.3 255
1718443335131 69.3 256
1718443345203 69.3 257
1718443355230 69.3 258
1718443365305 69.3 259
1718443375348 69.3 260
1718443385390 69.3 261
1718443395419 69.3 262
1718443405447 69.3 263
1718443415478 69.3 264
1718443425554 69.3 265
1718443435634 69.3 266
1718443445709 69.3 267
1718443455799 69.3 268
1718443465868 69.3 269
1718443475901 69.3 270
1718443485946 69.3 271
1718443496010 69.3 272
1718443506077 69.3 273
1718443516104 69.3 274
1718443526130 69.3 275
1718443536159 69.3 276
1718443546189 69.3 277
1718443556216 69.3 278
1718443566268 69.3 279
1718443576298 69.3 280
1718443586324 69.3 281
1718443596353 69.3 282
1718443606379 69.3 283
1718443616410 69.3 284
1718443626437 69.3 285
1718443636483 69.3 286
1718443646527 69.3 287
1718443656566 69.3 288
1718443666598 69.3 289
1718443676648 69.3 290
1718443686712 69.3 291
1718443696759 69.3 292
1718443706786 69.3 293
1718443716814 69.3 294
1718443726852 69.3 295
1718443736886 69.3 296
1718443746913 69.3 297
1718443756938 69.3 298
1718443766964 69.3 299
1718443777000 69.3 300
1718443787034 69.3 301
1718443797073 69.3 302
1718443807104 69.3 303
1718443817187 69.3 304
1718443827221 69.3 305
1718443837303 69.3 306
1718443847328 69.3 307
1718443857418 69.3 308
1718443867464 69.3 309
1718443877517 69.3 310
1718443887557 69.3 311
1718443897588 69.3 312
1718443907670 69.3 313
1718443917721 69.3 314
1718443927753 69.3 315
1718443937784 69.3 316
1718443947811 69.3 317
1718443957893 69.3 318
1718443967927 69.3 319
1718443977955 69.3 320
1718443987987 69.3 321
1718443998710 69.3 322
1718444008738 69.3 323
1718444018796 69.3 324
1718444028856 69.3 325
1718444038930 69.3 326
1718444049032 69.3 327
1718444059063 69.3 328
1718444069104 69.3 329
1718444079136 69.3 330
1718444089164 69.3 331
1718444099193 69.3 332
