1718440755627 646041.8 0
1718440765653 646042.9 1
1718440775679 646043.0 2
1718440785706 646043.0 3
1718440795724 646043.0 4
1718440805749 646043.0 5
1718440815776 646043.0 6
1718440825804 646043.0 7
1718440835831 646043.0 8
1718440845857 646043.0 9
1718440855878 646043.0 10
1718440865901 646043.0 11
1718440875923 646043.0 12
1718440885943 646043.0 13
1718440895977 646043.0 14
1718440906004 646043.0 15
1718440916031 646043.0 16
1718440926053 646043.0 17
1718440936073 646043.0 18
1718440946099 646043.0 19
1718440956127 646043.0 20
1718440966150 646043.0 21
1718440976173 646043.0 22
1718440986201 646043.0 23
1718440996235 646043.0 24
1718441006257 646043.0 25
1718441016276 646043.0 26
1718441026294 646043.0 27
1718441036315 646043.0 28
1718441046335 646043.0 29
1718441056354 646043.0 30
1718441066374 646043.0 31
1718441076393 646043.0 32
1718441086411 646043.0 33
1718441096431 646043.0 34
1718441106481 646043.0 35
1718441116507 646043.0 36
1718441126527 646043.0 37
1718441136548 646043.0 38
1718441146572 646043.0 39
1718441156593 646043.0 40
1718441166628 646043.0 41
1718441176651 646043.0 42
1718441186674 646043.0 43
1718441196692 646043.0 44
1718441206713 646043.0 45
1718441216739 646043.0 46
1718441226759 646043.0 47
1718441236780 646043.0 48
1718441246847 646043.0 49
1718441256881 646043.0 50
1718441266962 646043.0 51
1718441276983 646043.0 52
1718441287015 646043.0 53
1718441297053 646043.0 54
1718441307131 646043.0 55
1718441317153 646043.0 56
1718441327216 646043.0 57
1718441337236 646043.0 58
1718441347258 646043.0 59
1718441357274 646043.0 60
1718441367337 646043.0 61
1718441377358 646043.0 62
1718441387385 646043.0 63
1718441397407 646043.0 64
1718441407442 646043.0 65
1718441417468 646043.0 66
1718441427514 646043.0 67
1718441437534 646043.0 68
1718441447556 646043.0 69
1718441457582 646043.0 70
1718441467605 646043.0 71
1718441477626 646043.0 72
1718441487647 646043.0 73
1718441497669 646043.0 74
1718441507705 646043.0 75
1718441517730 646043.0 76
1718441527805 646043.0 77
1718441537833 646043.0 78
1718441547863 646043.0 79
1718441562231 646043.0 80
1718441572254 646043.2 81
1718441582273 646043.2 82
1718441592294 646043.2 83
1718441602327 646043.2 84
1718441612349 646043.2 85
1718441622371 646043.2 86
1718441632434 646043.2 87
1718441642456 646043.2 88
1718441652479 646043.2 89
1718441662501 646043.2 90
1718441672523 646043.2 91
1718441682546 646043.2 92
1718441692567 646043.2 93
1718441702594 646043.2 94
1718441712635 646043.2 95
1718441722706 646043.2 96
1718441732728 646043.2 97
1718441742763 646043.2 98
1718441752797 646043.2 99
1718441762827 646043.2 100
1718441772861 646043.2 101
1718441782893 646043.2 102
1718441792922 646043.2 103
1718441802946 646043.2 104
1718441812969 646043.2 105
1718441823036 646043.2 106
1718441833057 646043.2 107
1718441843079 646043.2 108
1718441853102 646043.2 109
1718441863124 646043.2 110
1718441873176 646043.2 111
1718441883200 646043.2 112
1718441893227 646043.2 113
1718441903290 646043.2 114
1718441913358 646043.2 115
1718441923426 646043.2 116
1718441933498 646043.2 117
1718441943569 646043.2 118
1718441953593 646043.2 119
1718441963616 646043.2 120
1718441973640 646043.2 121
1718441983706 646043.2 122
1718441993729 646043.2 123
1718442003804 646043.2 124
1718442013838 646043.2 125
1718442023933 646043.2 126
1718442033976 646043.2 127
1718442044049 646043.2 128
1718442054074 646043.2 129
1718442064150 646043.2 130
1718442074181 646043.2 131
1718442084256 646043.2 132
1718442094286 646043.2 133
1718442104356 646043.2 134
1718442114380 646043.2 135
1718442124403 646043.2 136
1718442134433 646043.2 137
1718442144502 646043.2 138
1718442154528 646043.2 139
1718442164598 646043.2 140
1718442174638 646043.2 141
1718442184682 646043.2 142
1718442194749 646043.2 143
1718442204811 646043.2 144
1718442214878 646043.2 145
1718442224946 646043.2 146
1718442235034 646043.2 147
1718442245118 646043.2 148
1718442255184 646043.2 149
1718442265267 646043.2 150
1718442275294 646043.2 151
1718442285373 646043.2 152
1718442295397 646043.2 153
1718442305462 646043.2 154
1718442315484 646043.2 155
1718442325548 646043.2 156
1718442335616 646043.2 157
1718442345668 646043.2 158
1718442355755 646043.2 159
1718442368637 646043.2 160
1718442378660 646043.2 161
1718442388735 646043.2 162
1718442398825 646043.2 163
1718442408904 646043.2 164
1718442418971 646043.2 165
1718442429041 646043.2 166
1718442439118 646043.2 167
1718442449197 646043.2 168
1718442459277 646043.2 169
1718442469304 646043.2 170
1718442479330 646043.2 171
1718442489394 646043.2 172
1718442499461 646043.2 173
1718442509538 646043.2 174
1718442519608 646043.2 175
1718442529681 646043.2 176
1718442539754 646043.2 177
1718442549834 646043.2 178
1718442559916 646043.2 179
1718442569986 646043.2 180
1718442580057 646043.2 181
1718442590138 646043.2 182
1718442600209 646043.2 183
1718442610272 646043.2 184
1718442620335 646043.2 185
1718442630413 646043.2 186
1718442640487 646043.2 187
1718442650559 646043.2 188
1718442660653 646043.2 189
1718442670751 646043.2 190
1718442680823 646043.2 191
1718442690890 646043.2 192
1718442700965 646043.2 193
1718442711032 646043.2 194
1718442721107 646043.2 195
1718442731173 646043.2 196
1718442741241 646043.2 197
1718442751305 646043.2 198
1718442761368 646043.2 199
1718442771451 646043.2 200
1718442781520 646043.2 201
1718442791595 646043.2 202
1718442801683 646043.2 203
1718442811752 646043.2 204
1718442821829 646043.2 205
1718442831896 646043.2 206
1718442841972 646043.2 207
1718442851996 646043.2 208
1718442862093 646043.2 209
1718442872172 646043.2 210
1718442882240 646043.2 211
1718442892319 646043.2 212
1718442902355 646043.2 213
1718442912440 646043.2 214
1718442922525 646043.2 215
1718442932602 646043.2 216
1718442942678 646043.2 217
1718442952764 646043.2 218
1718442962843 646043.2 219
1718442972912 646043.2 220
1718442982995 646043.2 221
1718442993073 646043.2 222
1718443003153 646043.2 223
1718443013247 646043.2 224
1718443023278 646043.2 225
1718443033357 646043.2 226
1718443043387 646043.2 227
1718443053470 646043.2 228
1718443063547 646043.2 229
1718443073634 646043.2 230
1718443083715 646043.2 231
1718443093788 646043.2 232
1718443103862 646043.2 233
1718443113942 646043.2 234
1718443124013 646043.2 235
1718443134086 646043.2 236
1718443144151 646043.2 237
1718443154226 646043.2 238
1718443164298 646043.2 239
1718443174327 646043.2 240
1718443184413 646043.2 241
1718443194440 646043.2 242
1718443204512 646043.2 243
1718443214539 646043.2 244
1718443224612 646043.2 245
1718443234637 646043.2 246
1718443244743 646043.2 247
1718443254768 646043.2 248
1718443264840 646043.2 249
1718443274866 646043.2 250
1718443284935 646043.2 251
1718443294961 646043.2 252
1718443304986 646043.2 253
1718443315018 646043.2 254
1718443325106 646043.2 255
1718443335131 646043.2 256
1718443345203 646043.2 257
1718443355230 646043.2 258
1718443365305 646043.2 259
1718443375348 646043.2 260
1718443385390 646043.2 261
1718443395419 646043.2 262
1718443405447 646043.2 263
1718443415478 646043.2 264
1718443425554 646043.2 265
1718443435634 646043.2 266
1718443445709 646043.2 267
1718443455799 646043.2 268
1718443465868 646043.2 269
1718443475901 646043.2 270
1718443485946 646043.2 271
1718443496010 646043.2 272
1718443506077 646043.2 273
1718443516104 646043.2 274
1718443526130 646041.4 275
1718443536159 646088.8 276
1718443546189 646095.3 277
1718443556216 646110.8 278
1718443566268 646070.3 279
1718443576298 646102.4 280
1718443586324 646083.6 281
1718443596353 646092.4 282
1718443606379 646107.1 283
1718443616410 646112.0 284
1718443626437 646120.1 285
1718443636483 646142.2 286
1718443646527 646147.9 287
1718443656566 646142.6 288
1718443666598 646143.2 289
1718443676648 646143.4 290
1718443686712 646143.4 291
1718443696759 646143.4 292
1718443706786 646143.4 293
1718443716814 646143.4 294
1718443726852 646143.4 295
1718443736886 646143.3 296
1718443746913 646143.4 297
1718443756938 646143.4 298
1718443766964 646142.8 299
1718443777000 646142.9 300
1718443787034 646146.4 301
1718443797073 646146.4 302
1718443807104 646146.4 303
1718443817187 646146.4 304
1718443827221 646146.3 305
1718443837303 646146.5 306
1718443847328 646146.5 307
1718443857418 646146.6 308
1718443867464 646147.1 309
1718443877517 646146.2 310
1718443887557 646146.6 311
1718443897588 646146.7 312
1718443907670 646146.7 313
1718443917721 646146.8 314
1718443927753 646147.0 315
1718443937784 646147.2 316
1718443947811 646147.5 317
1718443957893 646147.6 318
1718443967927 646147.5 319
1718443977955 646147.6 320
1718443987987 646147.6 321
1718443998710 646147.6 322
1718444008738 646147.6 323
1718444018796 646147.6 324
1718444028856 646147.6 325
1718444038930 646147.6 326
1718444049032 646147.8 327
1718444059063 646146.0 328
1718444069104 646146.0 329
1718444079136 646146.1 330
1718444089164 646152.6 331
1718444099193 646163.2 332
