1718440755627 7318.3 0
1718440765653 9281.1 1
1718440775679 9698.5 2
1718440785706 9698.5 3
1718440795724 9698.4 4
1718440805749 9698.5 5
1718440815776 9697.6 6
1718440825804 9697.7 7
1718440835831 9681.6 8
1718440845857 9690.2 9
1718440855878 9685.9 10
1718440865901 9725.9 11
1718440875923 9721.5 12
1718440885943 9725.8 13
1718440895977 9721.5 14
1718440906004 9725.8 15
1718440916031 9721.5 16
1718440926053 9746.7 17
1718440936073 9725.7 18
1718440946099 9750.9 19
1718440956127 9729.9 20
1718440966150 9763.5 21
1718440976173 9742.5 22
1718440986201 9763.5 23
1718440996235 9742.5 24
1718441006257 9767.7 25
1718441016276 9746.7 26
1718441026294 9771.9 27
1718441036315 9742.5 28
1718441046335 9767.7 29
1718441056354 9746.7 30
1718441066374 9771.9 31
1718441076393 9742.5 32
1718441086411 9767.7 33
1718441096431 9746.7 34
1718441106481 9767.7 35
1718441116507 9739.4 36
1718441126527 9760.3 37
1718441136548 9679.4 38
1718441146572 9704.6 39
1718441156593 9683.6 40
1718441166628 9708.8 41
1718441176651 9687.8 42
1718441186674 9713.0 43
1718441196692 9692.0 44
1718441206713 9717.2 45
1718441216739 9696.2 46
1718441226759 9721.3 47
1718441236780 9692.0 48
1718441246847 9713.0 49
1718441256881 9692.0 50
1718441266962 9713.0 51
1718441276983 9692.0 52
1718441287015 9717.2 53
1718441297053 9696.2 54
1718441307131 9721.3 55
1718441317153 9700.4 56
1718441327216 9692.0 57
1718441337236 9696.2 58
1718441347258 9696.2 59
1718441357274 9700.4 60
1718441367337 9717.2 61
1718441377358 9700.3 62
1718441387385 9700.3 63
1718441397407 9691.9 64
1718441407442 9691.9 65
1718441417468 9696.1 66
1718441427514 9696.1 67
1718441437534 9683.5 68
1718441447556 9683.5 69
1718441457582 9683.5 70
1718441467605 9683.5 71
1718441477626 9683.5 72
1718441487647 9683.5 73
1718441497669 9683.5 74
1718441507705 9683.5 75
1718441517730 9683.5 76
1718441527805 9683.5 77
1718441537833 9683.5 78
1718441547863 9683.5 79
1718441562231 9683.5 80
1718441572254 9691.9 81
1718441582273 9687.7 82
1718441592294 9687.7 83
1718441602327 9696.2 84
1718441612349 9696.2 85
1718441622371 9700.4 86
1718441632434 9700.4 87
1718441642456 9696.2 88
1718441652479 9696.2 89
1718441662501 9700.4 90
1718441672523 9700.4 91
1718441682546 9696.2 92
1718441692567 9696.2 93
1718441702594 9696.2 94
1718441712635 9696.2 95
1718441722706 9696.2 96
1718441732728 9683.6 97
1718441742763 9687.8 98
1718441752797 9687.8 99
1718441762827 9692.0 100
1718441772861 9692.0 101
1718441782893 9696.2 102
1718441792922 9696.2 103
1718441802946 9700.4 104
1718441812969 9700.4 105
1718441823036 9696.2 106
1718441833057 9696.2 107
1718441843079 9700.4 108
1718441853102 9700.4 109
1718441863124 9700.4 110
1718441873176 9700.4 111
1718441883200 9696.2 112
1718441893227 9696.2 113
1718441903290 9700.4 114
1718441913358 9700.4 115
1718441923426 9696.2 116
1718441933498 9696.2 117
1718441943569 9700.4 118
1718441953593 9700.4 119
1718441963616 9704.6 120
1718441973640 9696.2 121
1718441983706 9700.4 122
1718441993729 9700.4 123
1718442003804 9700.4 124
1718442013838 9700.4 125
1718442023933 9700.4 126
1718442033976 9679.4 127
1718442044049 9683.6 128
1718442054074 9683.6 129
1718442064150 9687.8 130
1718442074181 9687.8 131
1718442084256 9692.0 132
1718442094286 9692.0 133
1718442104356 9696.2 134
1718442114380 9696.2 135
1718442124403 9700.4 136
1718442134433 9692.0 137
1718442144502 9692.0 138
1718442154528 9692.0 139
1718442164598 9696.2 140
1718442174638 9696.2 141
1718442184682 9704.5 142
1718442194749 9704.5 143
1718442204811 9700.3 144
1718442214878 9700.3 145
1718442224946 9700.3 146
1718442235034 9700.3 147
1718442245118 9700.3 148
1718442255184 9700.3 149
1718442265267 9700.3 150
1718442275294 9700.3 151
1718442285373 9691.9 152
1718442295397 9691.9 153
1718442305462 9691.9 154
1718442315484 9691.9 155
1718442325548 9691.9 156
1718442335616 9683.5 157
1718442345668 9683.5 158
1718442355755 9683.5 159
1718442368637 9683.5 160
1718442378660 9687.7 161
1718442388735 9683.5 162
1718442398825 9683.5 163
1718442408904 9692.0 164
1718442418971 9692.0 165
1718442429041 9696.2 166
1718442439118 9696.2 167
1718442449197 9696.2 168
1718442459277 9696.2 169
1718442469304 9700.4 170
1718442479330 9700.4 171
1718442489394 9696.2 172
1718442499461 9696.2 173
1718442509538 9700.4 174
1718442519608 9700.4 175
1718442529681 9696.2 176
1718442539754 9696.2 177
1718442549834 9700.4 178
1718442559916 9700.4 179
1718442569986 9696.2 180
1718442580057 9696.2 181
1718442590138 9696.2 182
1718442600209 9696.2 183
1718442610272 9700.4 184
1718442620335 9700.4 185
1718442630413 9704.6 186
1718442640487 9683.6 187
1718442650559 9687.8 188
1718442660653 9687.8 189
1718442670751 9711.1 190
1718442680823 9711.1 191
1718442690890 9715.3 192
1718442700965 9715.3 193
1718442711032 9719.4 194
1718442721107 9719.4 195
1718442731173 9719.4 196
1718442741241 9719.4 197
1718442751305 9719.4 198
1718442761368 9719.4 199
1718442771451 9723.6 200
1718442781520 9715.3 201
1718442791595 9719.4 202
1718442801683 9719.4 203
1718442811752 9723.6 204
1718442821829 9715.3 205
1718442831896 9719.4 206
1718442841972 9719.4 207
1718442851996 9722.8 208
1718442862093 9714.4 209
1718442872172 9714.4 210
1718442882240 9714.4 211
1718442892319 9714.4 212
1718442902355 9714.4 213
1718442912440 9718.6 214
1718442922525 9711.2 215
1718442932602 9715.4 216
1718442942678 9694.4 217
1718442952764 9698.6 218
1718442962843 9698.6 219
1718442972912 9702.8 220
1718442982995 9702.8 221
1718442993073 9715.3 222
1718443003153 9715.3 223
1718443013247 9706.9 224
1718443023278 9706.9 225
1718443033357 9706.9 226
1718443043387 9706.9 227
1718443053470 9706.9 228
1718443063547 9706.9 229
1718443073634 9706.9 230
1718443083715 9706.9 231
1718443093788 9706.9 232
1718443103862 9706.9 233
1718443113942 9706.9 234
1718443124013 9706.9 235
1718443134086 9706.9 236
1718443144151 9706.9 237
1718443154226 9706.9 238
1718443164298 9706.9 239
1718443174327 9706.9 240
1718443184413 9719.5 241
1718443194440 9711.1 242
1718443204512 9715.4 243
1718443214539 9711.2 244
1718443224612 9714.1 245
1718443234637 9693.2 246
1718443244743 9705.8 247
1718443254768 9684.8 248
1718443264840 9705.8 249
1718443274866 9684.8 250
1718443284935 9709.9 251
1718443294961 9689.0 252
1718443304986 9714.1 253
1718443315018 9693.2 254
1718443325106 9718.3 255
1718443335131 9697.4 256
1718443345203 9722.5 257
1718443355230 9693.2 258
1718443365305 9718.3 259
1718443375348 9697.4 260
1718443385390 9722.5 261
1718443395419 9693.2 262
1718443405447 9718.3 263
1718443415478 9693.2 264
1718443425554 9714.1 265
1718443435634 9693.2 266
1718443445709 9718.3 267
1718443455799 9697.4 268
1718443465868 9722.5 269
1718443475901 9701.6 270
1718443485946 9724.3 271
1718443496010 9846.3 272
1718443506077 9815.9 273
1718443516104 9843.6 274
1718443526130 9875.1 275
1718443536159 9894.8 276
1718443546189 9893.1 277
1718443556216 9978.6 278
1718443566268 10041.0 279
1718443576298 10061.8 280
1718443586324 10080.2 281
1718443596353 10035.5 282
1718443606379 10010.3 283
1718443616410 10037.4 284
1718443626437 9950.0 285
1718443636483 9965.4 286
1718443646527 9954.4 287
1718443656566 9989.8 288
1718443666598 10095.5 289
1718443676648 10035.8 290
1718443686712 10031.6 291
1718443696759 10111.0 292
1718443706786 10138.8 293
1718443716814 10133.1 294
1718443726852 10159.1 295
1718443736886 10184.8 296
1718443746913 10188.9 297
1718443756938 10188.9 298
1718443766964 10196.5 299
1718443777000 10231.0 300
1718443787034 10306.0 301
1718443797073 10235.0 302
1718443807104 10243.3 303
1718443817187 10259.0 304
1718443827221 10270.8 305
1718443837303 10261.2 306
1718443847328 10227.2 307
1718443857418 10480.4 308
1718443867464 10452.9 309
1718443877517 10511.4 310
1718443887557 10509.6 311
1718443897588 10417.1 312
1718443907670 10490.8 313
1718443917721 10503.1 314
1718443927753 10383.1 315
1718443937784 10360.5 316
1718443947811 10373.6 317
1718443957893 10336.5 318
1718443967927 10336.5 319
1718443977955 10377.2 320
1718443987987 10374.2 321
1718443998710 10395.3 322
1718444008738 10454.4 323
1718444018796 10444.7 324
1718444028856 10417.3 325
1718444038930 10490.6 326
1718444049032 10423.8 327
1718444059063 10353.1 328
1718444069104 10346.2 329
1718444079136 10317.5 330
1718444089164 10339.4 331
1718444099193 10697.9 332
