1718440755627 56.8 0
1718440765653 72.0 1
1718440775679 75.3 2
1718440785706 75.3 3
1718440795724 75.3 4
1718440805749 75.3 5
1718440815776 75.3 6
1718440825804 75.3 7
1718440835831 75.1 8
1718440845857 75.2 9
1718440855878 75.2 10
1718440865901 75.5 11
1718440875923 75.4 12
1718440885943 75.5 13
1718440895977 75.4 14
1718440906004 75.5 15
1718440916031 75.4 16
1718440926053 75.6 17
1718440936073 75.5 18
1718440946099 75.7 19
1718440956127 75.5 20
1718440966150 75.8 21
1718440976173 75.6 22
1718440986201 75.8 23
1718440996235 75.6 24
1718441006257 75.8 25
1718441016276 75.6 26
1718441026294 75.8 27
1718441036315 75.6 28
1718441046335 75.8 29
1718441056354 75.6 30
1718441066374 75.8 31
1718441076393 75.6 32
1718441086411 75.8 33
1718441096431 75.6 34
1718441106481 75.8 35
1718441116507 75.6 36
1718441126527 75.8 37
1718441136548 75.1 38
1718441146572 75.3 39
1718441156593 75.2 40
1718441166628 75.3 41
1718441176651 75.2 42
1718441186674 75.4 43
1718441196692 75.2 44
1718441206713 75.4 45
1718441216739 75.3 46
1718441226759 75.4 47
1718441236780 75.2 48
1718441246847 75.4 49
1718441256881 75.2 50
1718441266962 75.4 51
1718441276983 75.2 52
1718441287015 75.4 53
1718441297053 75.3 54
1718441307131 75.4 55
1718441317153 75.3 56
1718441327216 75.2 57
1718441337236 75.3 58
1718441347258 75.3 59
1718441357274 75.3 60
1718441367337 75.4 61
1718441377358 75.3 62
1718441387385 75.3 63
1718441397407 75.2 64
1718441407442 75.2 65
1718441417468 75.3 66
1718441427514 75.3 67
1718441437534 75.2 68
1718441447556 75.2 69
1718441457582 75.2 70
1718441467605 75.2 71
1718441477626 75.2 72
1718441487647 75.2 73
1718441497669 75.2 74
1718441507705 75.2 75
1718441517730 75.2 76
1718441527805 75.2 77
1718441537833 75.2 78
1718441547863 75.2 79
1718441562231 75.2 80
1718441572254 75.2 81
1718441582273 75.2 82
1718441592294 75.2 83
1718441602327 75.3 84
1718441612349 75.3 85
1718441622371 75.3 86
1718441632434 75.3 87
1718441642456 75.3 88
1718441652479 75.3 89
1718441662501 75.3 90
1718441672523 75.3 91
1718441682546 75.3 92
1718441692567 75.3 93
1718441702594 75.3 94
1718441712635 75.3 95
1718441722706 75.3 96
1718441732728 75.2 97
1718441742763 75.2 98
1718441752797 75.2 99
1718441762827 75.2 100
1718441772861 75.2 101
1718441782893 75.3 102
1718441792922 75.3 103
1718441802946 75.3 104
1718441812969 75.3 105
1718441823036 75.3 106
1718441833057 75.3 107
1718441843079 75.3 108
1718441853102 75.3 109
1718441863124 75.3 110
1718441873176 75.3 111
1718441883200 75.3 112
1718441893227 75.3 113
1718441903290 75.3 114
1718441913358 75.3 115
1718441923426 75.3 116
1718441933498 75.3 117
1718441943569 75.3 118
1718441953593 75.3 119
1718441963616 75.3 120
1718441973640 75.3 121
1718441983706 75.3 122
1718441993729 75.3 123
1718442003804 75.3 124
1718442013838 75.3 125
1718442023933 75.3 126
1718442033976 75.1 127
1718442044049 75.2 128
1718442054074 75.2 129
1718442064150 75.2 130
1718442074181 75.2 131
1718442084256 75.2 132
1718442094286 75.2 133
1718442104356 75.3 134
1718442114380 75.3 135
1718442124403 75.3 136
1718442134433 75.2 137
1718442144502 75.2 138
1718442154528 75.2 139
1718442164598 75.3 140
1718442174638 75.3 141
1718442184682 75.3 142
1718442194749 75.3 143
1718442204811 75.3 144
1718442214878 75.3 145
1718442224946 75.3 146
1718442235034 75.3 147
1718442245118 75.3 148
1718442255184 75.3 149
1718442265267 75.3 150
1718442275294 75.3 151
1718442285373 75.2 152
1718442295397 75.2 153
1718442305462 75.2 154
1718442315484 75.2 155
1718442325548 75.2 156
1718442335616 75.2 157
1718442345668 75.2 158
1718442355755 75.2 159
1718442368637 75.2 160
1718442378660 75.2 161
1718442388735 75.2 162
1718442398825 75.2 163
1718442408904 75.2 164
1718442418971 75.2 165
1718442429041 75.3 166
1718442439118 75.3 167
1718442449197 75.3 168
1718442459277 75.3 169
1718442469304 75.3 170
1718442479330 75.3 171
1718442489394 75.3 172
1718442499461 75.3 173
1718442509538 75.3 174
1718442519608 75.3 175
1718442529681 75.3 176
1718442539754 75.3 177
1718442549834 75.3 178
1718442559916 75.3 179
1718442569986 75.3 180
1718442580057 75.3 181
1718442590138 75.3 182
1718442600209 75.3 183
1718442610272 75.3 184
1718442620335 75.3 185
1718442630413 75.3 186
1718442640487 75.2 187
1718442650559 75.2 188
1718442660653 75.2 189
1718442670751 75.4 190
1718442680823 75.4 191
1718442690890 75.4 192
1718442700965 75.4 193
1718442711032 75.4 194
1718442721107 75.4 195
1718442731173 75.4 196
1718442741241 75.4 197
1718442751305 75.4 198
1718442761368 75.4 199
1718442771451 75.5 200
1718442781520 75.4 201
1718442791595 75.4 202
1718442801683 75.4 203
1718442811752 75.5 204
1718442821829 75.4 205
1718442831896 75.4 206
1718442841972 75.4 207
1718442851996 75.5 208
1718442862093 75.4 209
1718442872172 75.4 210
1718442882240 75.4 211
1718442892319 75.4 212
1718442902355 75.4 213
1718442912440 75.4 214
1718442922525 75.4 215
1718442932602 75.4 216
1718442942678 75.2 217
1718442952764 75.3 218
1718442962843 75.3 219
1718442972912 75.3 220
1718442982995 75.3 221
1718442993073 75.4 222
1718443003153 75.4 223
1718443013247 75.3 224
1718443023278 75.3 225
1718443033357 75.3 226
1718443043387 75.3 227
1718443053470 75.3 228
1718443063547 75.3 229
1718443073634 75.3 230
1718443083715 75.3 231
1718443093788 75.3 232
1718443103862 75.3 233
1718443113942 75.3 234
1718443124013 75.3 235
1718443134086 75.3 236
1718443144151 75.3 237
1718443154226 75.3 238
1718443164298 75.3 239
1718443174327 75.3 240
1718443184413 75.4 241
1718443194440 75.4 242
1718443204512 75.4 243
1718443214539 75.4 244
1718443224612 75.4 245
1718443234637 75.2 246
1718443244743 75.3 247
1718443254768 75.2 248
1718443264840 75.3 249
1718443274866 75.2 250
1718443284935 75.4 251
1718443294961 75.2 252
1718443304986 75.4 253
1718443315018 75.2 254
1718443325106 75.4 255
1718443335131 75.3 256
1718443345203 75.5 257
1718443355230 75.2 258
1718443365305 75.4 259
1718443375348 75.3 260
1718443385390 75.5 261
1718443395419 75.2 262
1718443405447 75.4 263
1718443415478 75.2 264
1718443425554 75.4 265
1718443435634 75.2 266
1718443445709 75.4 267
1718443455799 75.3 268
1718443465868 75.5 269
1718443475901 75.3 270
1718443485946 75.5 271
1718443496010 76.4 272
1718443506077 76.2 273
1718443516104 76.4 274
1718443526130 76.6 275
1718443536159 76.8 276
1718443546189 76.8 277
1718443556216 77.4 278
1718443566268 77.9 279
1718443576298 78.1 280
1718443586324 78.2 281
1718443596353 77.9 282
1718443606379 77.7 283
1718443616410 77.9 284
1718443626437 77.2 285
1718443636483 77.3 286
1718443646527 77.3 287
1718443656566 77.5 288
1718443666598 78.4 289
1718443676648 77.9 290
1718443686712 77.9 291
1718443696759 78.5 292
1718443706786 78.7 293
1718443716814 78.6 294
1718443726852 78.8 295
1718443736886 79.0 296
1718443746913 79.1 297
1718443756938 79.1 298
1718443766964 79.1 299
1718443777000 79.4 300
1718443787034 80.0 301
1718443797073 79.4 302
1718443807104 79.5 303
1718443817187 79.6 304
1718443827221 79.7 305
1718443837303 79.6 306
1718443847328 79.4 307
1718443857418 81.3 308
1718443867464 81.1 309
1718443877517 81.6 310
1718443887557 81.6 311
1718443897588 80.8 312
1718443907670 81.4 313
1718443917721 81.5 314
1718443927753 80.6 315
1718443937784 80.4 316
1718443947811 80.5 317
1718443957893 80.2 318
1718443967927 80.2 319
1718443977955 80.5 320
1718443987987 80.5 321
1718443998710 80.7 322
1718444008738 81.1 323
1718444018796 81.1 324
1718444028856 80.8 325
1718444038930 81.4 326
1718444049032 80.9 327
1718444059063 80.4 328
1718444069104 80.3 329
1718444079136 80.1 330
1718444089164 80.2 331
1718444099193 83.0 332
