1718440755627 0.0 0
1718440765653 84.0 1
1718440775679 75.0 2
1718440785706 71.0 3
1718440795724 92.0 4
1718440805749 92.0 5
1718440815776 78.0 6
1718440825804 71.0 7
1718440835831 72.0 8
1718440845857 76.0 9
1718440855878 85.0 10
1718440865901 80.0 11
1718440875923 92.0 12
1718440885943 70.0 13
1718440895977 94.0 14
1718440906004 93.0 15
1718440916031 87.0 16
1718440926053 88.0 17
1718440936073 92.0 18
1718440946099 87.0 19
1718440956127 87.0 20
1718440966150 93.0 21
1718440976173 87.0 22
1718440986201 94.0 23
1718440996235 94.0 24
1718441006257 93.0 25
1718441016276 94.0 26
1718441026294 92.0 27
1718441036315 87.0 28
1718441046335 85.0 29
1718441056354 88.0 30
1718441066374 94.0 31
1718441076393 86.0 32
1718441086411 91.0 33
1718441096431 87.0 34
1718441106481 94.0 35
1718441116507 94.0 36
1718441126527 94.0 37
1718441136548 93.0 38
1718441146572 94.0 39
1718441156593 94.0 40
1718441166628 94.0 41
1718441176651 93.0 42
1718441186674 86.0 43
1718441196692 94.0 44
1718441206713 93.0 45
1718441216739 93.0 46
1718441226759 83.0 47
1718441236780 93.0 48
1718441246847 92.0 49
1718441256881 93.0 50
1718441266962 93.0 51
1718441276983 92.0 52
1718441287015 70.0 53
1718441297053 94.0 54
1718441307131 94.0 55
1718441317153 94.0 56
1718441327216 94.0 57
1718441337236 93.0 58
1718441347258 93.0 59
1718441357274 93.0 60
1718441367337 93.0 61
1718441377358 92.0 62
1718441387385 92.0 63
1718441397407 93.0 64
1718441407442 93.0 65
1718441417468 92.0 66
1718441427514 92.0 67
1718441437534 93.0 68
1718441447556 93.0 69
1718441457582 92.0 70
1718441467605 92.0 71
1718441477626 92.0 72
1718441487647 93.0 73
1718441497669 92.0 74
1718441507705 93.0 75
1718441517730 92.0 76
1718441527805 92.0 77
1718441537833 92.0 78
1718441547863 92.0 79
1718441562231 92.0 80
1718441572254 1.0 81
1718441582273 87.0 82
1718441592294 87.0 83
1718441602327 94.0 84
1718441612349 94.0 85
1718441622371 93.0 86
1718441632434 87.0 87
1718441642456 85.0 88
1718441652479 88.0 89
1718441662501 94.0 90
1718441672523 85.0 91
1718441682546 94.0 92
1718441692567 94.0 93
1718441702594 88.0 94
1718441712635 85.0 95
1718441722706 94.0 96
1718441732728 93.0 97
1718441742763 70.0 98
1718441752797 92.0 99
1718441762827 69.0 100
1718441772861 72.0 101
1718441782893 94.0 102
1718441792922 86.0 103
1718441802946 93.0 104
1718441812969 94.0 105
1718441823036 88.0 106
1718441833057 94.0 107
1718441843079 94.0 108
1718441853102 94.0 109
1718441863124 88.0 110
1718441873176 93.0 111
1718441883200 88.0 112
1718441893227 94.0 113
1718441903290 93.0 114
1718441913358 90.0 115
1718441923426 93.0 116
1718441933498 86.0 117
1718441943569 90.0 118
1718441953593 88.0 119
1718441963616 88.0 120
1718441973640 88.0 121
1718441983706 87.0 122
1718441993729 86.0 123
1718442003804 87.0 124
1718442013838 94.0 125
1718442023933 93.0 126
1718442033976 94.0 127
1718442044049 91.0 128
1718442054074 87.0 129
1718442064150 93.0 130
1718442074181 93.0 131
1718442084256 94.0 132
1718442094286 93.0 133
1718442104356 93.0 134
1718442114380 87.0 135
1718442124403 87.0 136
1718442134433 86.0 137
1718442144502 94.0 138
1718442154528 94.0 139
1718442164598 94.0 140
1718442174638 86.0 141
1718442184682 92.0 142
1718442194749 92.0 143
1718442204811 92.0 144
1718442214878 92.0 145
1718442224946 92.0 146
1718442235034 92.0 147
1718442245118 91.0 148
1718442255184 92.0 149
1718442265267 92.0 150
1718442275294 92.0 151
1718442285373 92.0 152
1718442295397 91.0 153
1718442305462 93.0 154
1718442315484 93.0 155
1718442325548 92.0 156
1718442335616 92.0 157
1718442345668 92.0 158
1718442355755 92.0 159
1718442368637 92.0 160
1718442378660 0.0 161
1718442388735 85.0 162
1718442398825 86.0 163
1718442408904 94.0 164
1718442418971 82.0 165
1718442429041 94.0 166
1718442439118 92.0 167
1718442449197 93.0 168
1718442459277 86.0 169
1718442469304 87.0 170
1718442479330 89.0 171
1718442489394 93.0 172
1718442499461 86.0 173
1718442509538 89.0 174
1718442519608 94.0 175
1718442529681 94.0 176
1718442539754 93.0 177
1718442549834 94.0 178
1718442559916 93.0 179
1718442569986 93.0 180
1718442580057 87.0 181
1718442590138 94.0 182
1718442600209 94.0 183
1718442610272 93.0 184
1718442620335 88.0 185
1718442630413 93.0 186
1718442640487 87.0 187
1718442650559 93.0 188
1718442660653 92.0 189
1718442670751 93.0 190
1718442680823 93.0 191
1718442690890 94.0 192
1718442700965 94.0 193
1718442711032 87.0 194
1718442721107 87.0 195
1718442731173 93.0 196
1718442741241 86.0 197
1718442751305 92.0 198
1718442761368 92.0 199
1718442771451 87.0 200
1718442781520 87.0 201
1718442791595 94.0 202
1718442801683 93.0 203
1718442811752 94.0 204
1718442821829 93.0 205
1718442831896 94.0 206
1718442841972 93.0 207
1718442851996 93.0 208
1718442862093 86.0 209
1718442872172 93.0 210
1718442882240 92.0 211
1718442892319 94.0 212
1718442902355 86.0 213
1718442912440 94.0 214
1718442922525 87.0 215
1718442932602 93.0 216
1718442942678 94.0 217
1718442952764 93.0 218
1718442962843 93.0 219
1718442972912 93.0 220
1718442982995 93.0 221
1718442993073 91.0 222
1718443003153 91.0 223
1718443013247 91.0 224
1718443023278 92.0 225
1718443033357 93.0 226
1718443043387 91.0 227
1718443053470 93.0 228
1718443063547 92.0 229
1718443073634 93.0 230
1718443083715 92.0 231
1718443093788 91.0 232
1718443103862 92.0 233
1718443113942 92.0 234
1718443124013 92.0 235
1718443134086 92.0 236
1718443144151 92.0 237
1718443154226 93.0 238
1718443164298 92.0 239
1718443174327 92.0 240
1718443184413 87.0 241
1718443194440 94.0 242
1718443204512 93.0 243
1718443214539 93.0 244
1718443224612 92.0 245
1718443234637 87.0 246
1718443244743 87.0 247
1718443254768 87.0 248
1718443264840 87.0 249
1718443274866 87.0 250
1718443284935 94.0 251
1718443294961 93.0 252
1718443304986 87.0 253
1718443315018 88.0 254
1718443325106 94.0 255
1718443335131 88.0 256
1718443345203 91.0 257
1718443355230 94.0 258
1718443365305 87.0 259
1718443375348 89.0 260
1718443385390 86.0 261
1718443395419 93.0 262
1718443405447 92.0 263
1718443415478 94.0 264
1718443425554 70.0 265
1718443435634 94.0 266
1718443445709 70.0 267
1718443455799 94.0 268
1718443465868 94.0 269
1718443475901 73.0 270
1718443485946 71.0 271
1718443496010 92.0 272
1718443506077 87.0 273
1718443516104 94.0 274
1718443526130 95.0 275
1718443536159 65.0 276
1718443546189 92.0 277
1718443556216 95.0 278
1718443566268 84.0 279
1718443576298 94.0 280
1718443586324 94.0 281
1718443596353 88.0 282
1718443606379 87.0 283
1718443616410 93.0 284
1718443626437 90.0 285
1718443636483 88.0 286
1718443646527 93.0 287
1718443656566 93.0 288
1718443666598 94.0 289
1718443676648 92.0 290
1718443686712 74.0 291
1718443696759 94.0 292
1718443706786 94.0 293
1718443716814 94.0 294
1718443726852 71.0 295
1718443736886 94.0 296
1718443746913 88.0 297
1718443756938 88.0 298
1718443766964 94.0 299
1718443777000 93.0 300
1718443787034 86.0 301
1718443797073 93.0 302
1718443807104 92.0 303
1718443817187 93.0 304
1718443827221 91.0 305
1718443837303 91.0 306
1718443847328 93.0 307
1718443857418 94.0 308
1718443867464 93.0 309
1718443877517 92.0 310
1718443887557 91.0 311
1718443897588 93.0 312
1718443907670 93.0 313
1718443917721 92.0 314
1718443927753 92.0 315
1718443937784 93.0 316
1718443947811 92.0 317
1718443957893 92.0 318
1718443967927 92.0 319
1718443977955 93.0 320
1718443987987 93.0 321
1718443998710 93.0 322
1718444008738 0.0 323
1718444018796 94.0 324
1718444028856 93.0 325
1718444038930 95.0 326
1718444049032 94.0 327
1718444059063 87.0 328
1718444069104 93.0 329
1718444079136 94.0 330
1718444089164 94.0 331
1718444099193 85.0 332
