1718440755627 0.0 0
1718440765653 0.0 1
1718440775679 8.59999999960337e-05 2
1718440785706 0.0001600000000010482 3
1718440795724 0.0012089999999957968 4
1718440805749 0.0012949999999989359 5
1718440815776 0.0055649999999971556 6
1718440825804 0.0055649999999971556 7
1718440835831 0.0055649999999971556 8
1718440845857 0.0055649999999971556 9
1718440855878 0.005798999999996113 10
1718440865901 0.005798999999996113 11
1718440875923 0.010044999999998083 12
1718440885943 0.010044999999998083 13
1718440895977 0.010044999999998083 14
1718440906004 0.010266999999998916 15
1718440916031 0.010348999999997943 16
1718440926053 0.010348999999997943 17
1718440936073 0.01453300000000013 18
1718440946099 0.014618999999996163 19
1718440956127 0.014618999999996163 20
1718440966150 0.014618999999996163 21
1718440976173 0.015282999999996605 22
1718440986201 0.024819999999998288 23
1718440996235 0.02926199999999568 24
1718441006257 0.03015800000000013 25
1718441016276 0.030243999999996163 26
1718441026294 0.030415999999995336 27
1718441036315 0.030552000000000135 28
1718441046335 0.03063799999999617 29
1718441056354 0.034821999999998354 30
1718441066374 0.034821999999998354 31
1718441076393 0.03499399999999753 32
1718441086411 0.03499399999999753 33
1718441096431 0.03587100000000021 34
1718441106481 0.03587100000000021 35
1718441116507 0.050399999999996226 36
1718441126527 0.05046199999999601 37
1718441136548 0.05046199999999601 38
1718441146572 0.05046199999999601 39
1718441156593 0.05054799999999915 40
1718441166628 0.05068399999999684 41
1718441176651 0.05486799999999903 42
1718441186674 0.05486799999999903 43
1718441196692 0.05486799999999903 44
1718441206713 0.05501599999999485 45
1718441216739 0.05501599999999485 46
1718441226759 0.05501599999999485 47
1718441236780 0.05919999999999703 48
1718441246847 0.05928600000000017 49
1718441256881 0.059347999999999956 50
1718441266962 0.059347999999999956 51
1718441276983 0.06386799999999937 52
1718441287015 0.06943899999999559 53
1718441297053 0.07370900000000091 54
1718441307131 0.07466699999999804 55
1718441317153 0.07475300000000118 56
1718441327216 0.07492500000000035 57
1718441337236 0.07492500000000035 58
1718441347258 0.07507299999999617 59
1718441357274 0.07925699999999836 60
1718441367337 0.07925699999999836 61
1718441377358 0.07949099999999731 62
1718441387385 0.07949099999999731 63
1718441397407 0.080368 64
1718441407442 0.080368 65
1718441417468 0.08471199999999612 66
1718441427514 0.08471199999999612 67
1718441437534 0.08482199999999551 68
1718441447556 0.0848839999999953 69
1718441457582 0.08496999999999844 70
1718441467605 0.08496999999999844 71
1718441477626 0.08915400000000062 72
1718441487647 0.08915400000000062 73
1718441497669 0.08915400000000062 74
1718441507705 0.08930199999999644 75
1718441517730 0.08930199999999644 76
1718441527805 0.08930199999999644 77
1718441537833 0.09348599999999863 78
1718441547863 0.09364599999999967 79
1718441562231 0.09370799999999946 80
1718441572254 0.0968340000000012 81
1718441582273 0.10675599999999719 82
1718441592294 0.1110259999999954 83
1718441602327 0.11200799999999589 84
1718441612349 0.11209399999999903 85
1718441622371 0.11217999999999506 86
1718441632434 0.11232799999999799 87
1718441642456 0.11241400000000112 88
1718441652479 0.1165979999999962 89
1718441662501 0.11667200000000122 90
1718441672523 0.11684400000000039 91
1718441682546 0.11690600000000018 92
1718441692567 0.11755099999999885 93
1718441702594 0.11778299999999575 94
1718441712635 0.12205300000000108 95
1718441722706 0.12205300000000108 96
1718441732728 0.12205300000000108 97
1718441742763 0.12205300000000108 98
1718441752797 0.12205300000000108 99
1718441762827 0.1222009999999969 100
1718441772861 0.12638499999999908 101
1718441782893 0.12638499999999908 102
1718441792922 0.126458999999997 103
1718441802946 0.12654500000000013 104
1718441812969 0.1267789999999991 105
1718441823036 0.1267789999999991 106
1718441833057 0.13096300000000127 107
1718441843079 0.13096300000000127 108
1718441853102 0.1311109999999971 109
1718441863124 0.1311109999999971 110
1718441873176 0.1311109999999971 111
1718441883200 0.1409529999999961 112
1718441893227 0.14530899999999747 113
1718441903290 0.1462049999999948 114
1718441913358 0.14636499999999586 115
1718441923426 0.14636499999999586 116
1718441933498 0.14659899999999482 117
1718441943569 0.14668499999999796 118
1718441953593 0.15086900000000014 119
1718441963616 0.15086900000000014 120
1718441973640 0.1511029999999991 121
1718441983706 0.1511029999999991 122
1718441993729 0.15197999999999467 123
1718442003804 0.15197999999999467 124
1718442013838 0.18873200000000168 125
1718442023933 0.18873200000000168 126
1718442033976 0.18879400000000146 127
1718442044049 0.18886799999999937 128
1718442054074 0.18886799999999937 129
1718442064150 0.1890159999999952 130
1718442074181 0.19319999999999737 131
1718442084256 0.19319999999999737 132
1718442094286 0.19630599999999987 133
1718442104356 0.1963919999999959 134
1718442114380 0.1963919999999959 135
1718442124403 0.1963919999999959 136
1718442134433 0.2005759999999981 137
1718442144502 0.2005759999999981 138
1718442154528 0.200724000000001 139
1718442164598 0.20079799999999892 140
1718442174638 0.20079799999999892 141
1718442184682 0.21233600000000052 142
1718442194749 0.21669199999999478 143
1718442204811 0.21758799999999923 144
1718442214878 0.21773599999999504 145
1718442224946 0.21782199999999818 146
1718442235034 0.21799399999999736 147
1718442245118 0.21814200000000028 148
1718442255184 0.22232599999999536 149
1718442265267 0.22232599999999536 150
1718442275294 0.22264599999999746 151
1718442285373 0.22264599999999746 152
1718442295397 0.22359699999999805 153
1718442305462 0.22359699999999805 154
1718442315484 0.22786699999999627 155
1718442325548 0.22786699999999627 156
1718442335616 0.22786699999999627 157
1718442345668 0.22786699999999627 158
1718442355755 0.2279529999999994 159
1718442368637 0.2280149999999992 160
1718442378660 0.23531299999999788 161
1718442388735 0.23531299999999788 162
1718442398825 0.23531299999999788 163
1718442408904 0.2354610000000008 164
1718442418971 0.23553499999999872 165
1718442429041 0.23553499999999872 166
1718442439118 0.2397190000000009 167
1718442449197 0.23980499999999694 168
1718442459277 0.23986699999999672 169
1718442469304 0.23986699999999672 170
1718442479330 0.24447299999999927 171
1718442489394 0.2497630000000015 172
1718442499461 0.25403299999999973 173
1718442509538 0.255077 174
1718442519608 0.255077 175
1718442529681 0.25531099999999896 176
1718442539754 0.25531099999999896 177
1718442549834 0.255471 178
1718442559916 0.2596549999999951 179
1718442569986 0.2597409999999982 180
1718442580057 0.25988900000000115 181
1718442590138 0.25988900000000115 182
1718442600209 0.2608279999999965 183
1718442610272 0.26091399999999965 184
1718442620335 0.2653320000000008 185
1718442630413 0.2653320000000008 186
1718442640487 0.2653320000000008 187
1718442650559 0.2653320000000008 188
1718442660653 0.2654799999999966 189
1718442670751 0.2655540000000016 190
1718442680823 0.2697379999999967 191
1718442690890 0.2697379999999967 192
1718442700965 0.26982399999999984 193
1718442711032 0.2698859999999996 194
1718442721107 0.2698859999999996 195
1718442731173 0.2698859999999996 196
1718442741241 0.2740699999999947 197
1718442751305 0.27421799999999763 198
1718442761368 0.27421799999999763 199
1718442771451 0.27421799999999763 200
1718442781520 0.28397599999999557 201
1718442791595 0.28414799999999474 202
1718442801683 0.288491999999998 203
1718442811752 0.28947399999999845 204
1718442821829 0.28947399999999845 205
1718442831896 0.2897079999999974 206
1718442841972 0.2897079999999974 207
1718442851996 0.28979400000000055 208
1718442862093 0.29397799999999563 209
1718442872172 0.2941499999999948 210
1718442882240 0.2942120000000017 211
1718442892319 0.29485700000000037 212
1718442902355 0.29508899999999727 213
1718442912440 0.30552000000000135 214
1718442922525 0.3097039999999964 215
1718442932602 0.3098400000000012 216
1718442942678 0.3098400000000012 217
1718442952764 0.3098400000000012 218
1718442962843 0.30998799999999704 219
1718442972912 0.3120440000000002 220
1718442982995 0.31417199999999923 221
1718442993073 0.31417199999999923 222
1718443003153 0.31425799999999526 223
1718443013247 0.31431999999999505 224
1718443023278 0.31431999999999505 225
1718443033357 0.31850399999999723 226
1718443043387 0.31850399999999723 227
1718443053470 0.31872599999999807 228
1718443063547 0.31872599999999807 229
1718443073634 0.31872599999999807 230
1718443083715 0.32865699999999975 231
1718443093788 0.3330130000000011 232
1718443103862 0.33390899999999846 233
1718443113942 0.3339950000000016 234
1718443124013 0.3341429999999974 235
1718443134086 0.33422900000000055 236
1718443144151 0.3343149999999966 237
1718443154226 0.33856099999999856 238
1718443164298 0.33856099999999856 239
1718443174327 0.3388689999999954 240
1718443184413 0.3420810000000003 241
1718443194440 0.3429579999999959 242
1718443204512 0.3429579999999959 243
1718443214539 0.3472280000000012 244
1718443224612 0.3472280000000012 245
1718443234637 0.3472280000000012 246
1718443244743 0.3472280000000012 247
1718443254768 0.3472280000000012 248
1718443264840 0.347375999999997 249
1718443274866 0.3515599999999992 250
1718443284935 0.3515599999999992 251
1718443294961 0.3515599999999992 252
1718443304986 0.35172000000000025 253
1718443315018 0.35172000000000025 254
1718443325106 0.35172000000000025 255
1718443335131 0.35590399999999534 256
1718443345203 0.35590399999999534 257
1718443355230 0.35605199999999826 258
1718443365305 0.35605199999999826 259
1718443375348 0.35605199999999826 260
1718443385390 0.3676759999999959 261
1718443395419 0.37203199999999725 262
1718443405447 0.3729280000000017 263
1718443415478 0.37301399999999774 264
1718443425554 0.3733579999999961 265
1718443435634 0.37359199999999504 266
1718443445709 0.3736779999999982 267
1718443455799 0.37786200000000036 268
1718443465868 0.37786200000000036 269
1718443475901 0.37811999999999557 270
1718443485946 0.37822999999999496 271
1718443496010 0.3791689999999974 272
1718443506077 0.3791689999999974 273
1718443516104 0.38343899999999564 274
1718443526130 0.46235699999999724 275
1718443536159 1.2706249999999955 276
1718443546189 1.5902109999999965 277
1718443556216 1.851974999999996 278
1718443566268 2.705126 279
1718443576298 3.3633179999999996 280
1718443586324 3.7267709999999994 281
1718443596353 4.100456999999999 282
1718443606379 4.3507979999999975 283
1718443616410 4.506976000000002 284
1718443626437 4.599137999999996 285
1718443636483 4.630134999999996 286
1718443646527 4.644010999999999 287
1718443656566 4.6544779999999975 288
1718443666598 4.707656 289
1718443676648 4.717503000000001 290
1718443686712 4.7311070000000015 291
1718443696759 4.875478999999999 292
1718443706786 4.992163999999995 293
1718443716814 5.019532999999996 294
1718443726852 5.0436049999999994 295
1718443736886 5.088431 296
1718443746913 5.091251999999997 297
1718443756938 5.099795 298
1718443766964 5.103837999999996 299
1718443777000 5.156670999999996 300
1718443787034 5.241287999999997 301
1718443797073 5.246201999999997 302
1718443807104 5.2624780000000015 303
1718443817187 5.294860999999997 304
1718443827221 5.306218999999999 305
1718443837303 5.334489999999995 306
1718443847328 5.345712999999996 307
1718443857418 5.358795000000001 308
1718443867464 5.374989999999997 309
1718443877517 5.412531999999999 310
1718443887557 5.433727999999995 311
1718443897588 5.4587509999999995 312
1718443907670 5.4770150000000015 313
1718443917721 5.479444000000001 314
1718443927753 5.504115999999996 315
1718443937784 5.523392999999999 316
1718443947811 5.532885999999998 317
1718443957893 5.556177999999996 318
1718443967927 5.5583680000000015 319
1718443977955 5.562320999999997 320
1718443987987 5.572884999999999 321
1718443998710 5.579037 322
1718444008738 5.600271999999997 323
1718444018796 5.604289000000001 324
1718444028856 5.610154999999999 325
1718444038930 5.6490909999999985 326
1718444049032 5.679907 327
1718444059063 5.916700999999996 328
1718444069104 5.936059 329
1718444079136 5.948687999999997 330
1718444089164 6.015985999999998 331
1718444099193 6.754275999999997 332
