1718440755627 0.0 0
1718440765653 5.99999999622014e-05 1
1718440775679 0.00022599999999783904 2
1718440785706 0.00022599999999783904 3
1718440795724 0.0012069999999084757 4
1718440805749 0.0012729999999692154 5
1718440815776 0.00552299999992556 6
1718440825804 0.005583000000001448 7
1718440835831 0.005583000000001448 8
1718440845857 0.005583000000001448 9
1718440855878 0.005708999999910702 10
1718440865901 0.005708999999910702 11
1718440875923 0.010252999999920576 12
1718440885943 0.010372999999958665 13
1718440895977 0.010372999999958665 14
1718440906004 0.010533000000009451 15
1718440916031 0.010533000000009451 16
1718440926053 0.011036999999987529 17
1718440936073 0.01522099999999682 18
1718440946099 0.015280999999959022 19
1718440956127 0.015280999999959022 20
1718440966150 0.015280999999959022 21
1718440976173 0.015654999999924257 22
1718440986201 0.03413499999999203 23
1718440996235 0.03847499999994852 24
1718441006257 0.03956299999993007 25
1718441016276 0.03956299999993007 26
1718441026294 0.03969499999993786 27
1718441036315 0.03985499999998865 28
1718441046335 0.03985499999998865 29
1718441056354 0.04403899999999794 30
1718441066374 0.04403899999999794 31
1718441076393 0.04417100000000573 32
1718441086411 0.04417100000000573 33
1718441096431 0.04521199999999226 34
1718441106481 0.04527199999995446 35
1718441116507 0.07082099999990987 36
1718441126527 0.07124099999998634 37
1718441136548 0.07124099999998634 38
1718441146572 0.07124099999998634 39
1718441156593 0.07140099999992344 40
1718441166628 0.07146099999999933 41
1718441176651 0.07564500000000862 42
1718441186674 0.07564500000000862 43
1718441196692 0.07564500000000862 44
1718441206713 0.07570499999997082 45
1718441216739 0.07576499999993302 46
1718441226759 0.07576499999993302 47
1718441236780 0.07994899999994232 48
1718441246847 0.07994899999994232 49
1718441256881 0.08000899999990452 50
1718441266962 0.08000899999990452 51
1718441276983 0.08929699999998775 52
1718441287015 0.09886199999994005 53
1718441297053 0.10304599999994934 54
1718441307131 0.10413399999993089 55
1718441317153 0.10413399999993089 56
1718441327216 0.10426599999993869 57
1718441337236 0.10432599999990089 58
1718441347258 0.10438599999997678 59
1718441357274 0.10856999999998607 60
1718441367337 0.10856999999998607 61
1718441377358 0.10876199999995606 62
1718441387385 0.10876199999995606 63
1718441397407 0.10980699999993249 64
1718441407442 0.10996699999998327 65
1718441417468 0.11421699999993962 66
1718441427514 0.11421699999993962 67
1718441437534 0.11430699999993976 68
1718441447556 0.11436699999990196 69
1718441457582 0.11442699999997785 70
1718441467605 0.11442699999997785 71
1718441477626 0.11861099999998714 72
1718441487647 0.11861099999998714 73
1718441497669 0.11861099999998714 74
1718441507705 0.11867099999994934 75
1718441517730 0.11867099999994934 76
1718441527805 0.11873099999991155 77
1718441537833 0.12301500000000942 78
1718441547863 0.12301500000000942 79
1718441562231 0.12307499999997162 80
1718441572254 0.1333319999999958 81
1718441582273 0.15207299999997304 82
1718441592294 0.15625699999998233 83
1718441602327 0.15778899999997975 84
1718441612349 0.15778899999997975 85
1718441622371 0.15778899999997975 86
1718441632434 0.15798099999994974 87
1718441642456 0.15804099999991195 88
1718441652479 0.16222499999992124 89
1718441662501 0.16232499999989614 90
1718441672523 0.16245699999990393 91
1718441682546 0.16251699999997982 92
1718441692567 0.16326999999989766 93
1718441702594 0.16356199999995624 94
1718441712635 0.16787199999998847 95
1718441722706 0.16787199999998847 96
1718441732728 0.16787199999998847 97
1718441742763 0.16787199999998847 98
1718441752797 0.16787199999998847 99
1718441762827 0.16799199999991288 100
1718441772861 0.17217599999992217 101
1718441782893 0.17227599999989707 102
1718441792922 0.17227599999989707 103
1718441802946 0.17227599999989707 104
1718441812969 0.17249199999992015 105
1718441823036 0.17249199999992015 106
1718441833057 0.17673600000000533 107
1718441843079 0.17673600000000533 108
1718441853102 0.17679599999996753 109
1718441863124 0.17679599999996753 110
1718441873176 0.17679599999996753 111
1718441883200 0.19541799999990417 112
1718441893227 0.19966199999998935 113
1718441903290 0.2006900000000087 114
1718441913358 0.2007899999999836 115
1718441923426 0.2007899999999836 116
1718441933498 0.2009819999999536 117
1718441943569 0.2009819999999536 118
1718441953593 0.20522599999992508 119
1718441963616 0.20522599999992508 120
1718441973640 0.20541800000000876 121
1718441983706 0.20541800000000876 122
1718441993729 0.2063989999999194 123
1718442003804 0.2063989999999194 124
1718442013838 0.2815219999999954 125
1718442023933 0.2815219999999954 126
1718442033976 0.2818219999999201 127
1718442044049 0.28192200000000867 128
1718442054074 0.28192200000000867 129
1718442064150 0.28198199999997087 130
1718442074181 0.28616599999998016 131
1718442084256 0.28622599999994236 132
1718442094286 0.2945320000000038 133
1718442104356 0.2945320000000038 134
1718442114380 0.2946349999999711 135
1718442124403 0.2946349999999711 136
1718442134433 0.29892199999994773 137
1718442144502 0.29892199999994773 138
1718442154528 0.29898199999990993 139
1718442164598 0.2990819999999985 140
1718442174638 0.2990819999999985 141
1718442184682 0.324846999999977 142
1718442194749 0.3290309999999863 143
1718442204811 0.33005900000000565 144
1718442214878 0.33011899999996785 145
1718442224946 0.3301849999999149 146
1718442235034 0.3303169999999227 147
1718442245118 0.3303769999999986 148
1718442255184 0.3345610000000079 149
1718442265267 0.3345610000000079 150
1718442275294 0.335322999999903 151
1718442285373 0.335322999999903 152
1718442295397 0.3364080000000058 153
1718442305462 0.336467999999968 154
1718442315484 0.34077800000000025 155
1718442325548 0.34077800000000025 156
1718442335616 0.34077800000000025 157
1718442345668 0.34077800000000025 158
1718442355755 0.3410869999999022 159
1718442368637 0.3411469999999781 160
1718442378660 0.3544729999999845 161
1718442388735 0.3544729999999845 162
1718442398825 0.3544729999999845 163
1718442408904 0.3545329999999467 164
1718442418971 0.3546329999999216 165
1718442429041 0.3546329999999216 166
1718442439118 0.3588169999999309 167
1718442449197 0.3588169999999309 168
1718442459277 0.3588770000000068 169
1718442469304 0.3588770000000068 170
1718442479330 0.36817099999996117 171
1718442489394 0.3776540000000068 172
1718442499461 0.3818379999999024 173
1718442509538 0.38292599999999766 174
1718442519608 0.38292599999999766 175
1718442529681 0.38311799999996765 176
1718442539754 0.38321799999994255 177
1718442549834 0.38321799999994255 178
1718442559916 0.38740199999995184 179
1718442569986 0.3874679999998989 180
1718442580057 0.38759399999992183 181
1718442590138 0.38759399999992183 182
1718442600209 0.38863899999989826 183
1718442610272 0.3887649999999212 184
1718442620335 0.3931649999999536 185
1718442630413 0.3931649999999536 186
1718442640487 0.3931649999999536 187
1718442650559 0.3931649999999536 188
1718442660653 0.3932249999999158 189
1718442670751 0.39332500000000437 190
1718442680823 0.39750899999989997 191
1718442690890 0.39750899999989997 192
1718442700965 0.39750899999989997 193
1718442711032 0.39756899999997586 194
1718442721107 0.39756899999997586 195
1718442731173 0.39756899999997586 196
1718442741241 0.40175299999998515 197
1718442751305 0.40181299999994735 198
1718442761368 0.40181299999994735 199
1718442771451 0.40181299999994735 200
1718442781520 0.42043999999998505 201
1718442791595 0.42053999999995995 202
1718442801683 0.42472399999996924 203
1718442811752 0.4257519999999886 204
1718442821829 0.42616399999997157 205
1718442831896 0.42635599999994156 206
1718442841972 0.4264589999999089 207
1718442851996 0.4264589999999089 208
1718442862093 0.4307459999999992 209
1718442872172 0.430878000000007 210
1718442882240 0.4310409999999365 211
1718442892319 0.43179399999996804 212
1718442902355 0.4320259999999507 213
1718442912440 0.45345099999997274 214
1718442922525 0.4577949999999191 215
1718442932602 0.4580949999999575 216
1718442942678 0.4580949999999575 217
1718442952764 0.4585989999999356 218
1718442962843 0.4586589999998978 219
1718442972912 0.4607149999999365 220
1718442982995 0.46290299999998297 221
1718442993073 0.46290299999998297 222
1718443003153 0.46290299999998297 223
1718443013247 0.46296299999994517 224
1718443023278 0.46296299999994517 225
1718443033357 0.46714699999995446 226
1718443043387 0.46730700000000525 227
1718443053470 0.46736699999996745 228
1718443063547 0.46736699999996745 229
1718443073634 0.46736699999996745 230
1718443083715 0.48612599999989925 231
1718443093788 0.49030999999990854 232
1718443103862 0.4913980000000038 233
1718443113942 0.4913980000000038 234
1718443124013 0.49152399999991303 235
1718443134086 0.49158999999997377 236
1718443144151 0.49158999999997377 237
1718443154226 0.49583399999994526 238
1718443164298 0.49589399999990746 239
1718443174327 0.49618599999996604 240
1718443184413 0.5066259999999829 241
1718443194440 0.5076109999999971 242
1718443204512 0.5076109999999971 243
1718443214539 0.5119209999999157 244
1718443224612 0.5119809999999916 245
1718443234637 0.5119809999999916 246
1718443244743 0.5119809999999916 247
1718443254768 0.5119809999999916 248
1718443264840 0.512100999999916 249
1718443274866 0.5162849999999253 250
1718443284935 0.5162849999999253 251
1718443294961 0.5163849999999002 252
1718443304986 0.5163849999999002 253
1718443315018 0.5163849999999002 254
1718443325106 0.5164449999999761 255
1718443335131 0.5206289999999854 256
1718443345203 0.5206289999999854 257
1718443355230 0.5206889999999476 258
1718443365305 0.5206889999999476 259
1718443375348 0.5206889999999476 260
1718443385390 0.546703999999977 261
1718443395419 0.5508879999999863 262
1718443405447 0.5519160000000056 263
1718443415478 0.5519160000000056 264
1718443425554 0.5523039999999355 265
1718443435634 0.5524959999999055 266
1718443445709 0.5525559999999814 267
1718443455799 0.5567399999999907 268
1718443465868 0.5567399999999907 269
1718443475901 0.5569379999999455 270
1718443485946 0.5570279999999457 271
1718443496010 0.5580689999999322 272
1718443506077 0.5581290000000081 273
1718443516104 0.5624389999999266 274
1718443526130 0.6828449999999293 275
1718443536159 43.05228999999997 276
1718443546189 69.50248399999998 277
1718443556216 71.95334700000001 278
1718443566268 89.9555949999999 279
1718443576298 117.82075899999995 280
1718443586324 157.9084519999999 281
1718443596353 158.2701629999999 282
1718443606379 158.37216899999999 283
1718443616410 158.38628399999993 284
1718443626437 158.95139599999993 285
1718443636483 159.07622100000003 286
1718443646527 159.09167899999989 287
1718443656566 159.09619499999985 288
1718443666598 159.39937299999997 289
1718443676648 159.41013599999997 290
1718443686712 159.4384359999999 291
1718443696759 165.69135600000004 292
1718443706786 167.33977400000003 293
1718443716814 168.11508099999992 294
1718443726852 168.14838299999997 295
1718443736886 169.46837699999992 296
1718443746913 169.47042499999998 297
1718443756938 169.47791400000006 298
1718443766964 169.480366 299
1718443777000 169.77797599999985 300
1718443787034 173.37515099999996 301
1718443797073 173.3794989999999 302
1718443807104 173.41391499999986 303
1718443817187 173.47221799999988 304
1718443827221 173.50493800000004 305
1718443837303 173.52824799999985 306
1718443847328 173.53782699999988 307
1718443857418 173.549712 308
1718443867464 173.55990099999985 309
1718443877517 173.69838000000004 310
1718443887557 173.71170600000005 311
1718443897588 173.729065 312
1718443907670 173.74294499999996 313
1718443917721 173.74479900000006 314
1718443927753 173.886342 315
1718443937784 173.90867000000003 316
1718443947811 173.928449 317
1718443957893 173.949926 318
1718443967927 173.95166100000006 319
1718443977955 173.9555929999999 320
1718443987987 173.96742999999992 321
1718443998710 173.97340800000006 322
1718444008738 173.99246599999992 323
1718444018796 173.99570599999993 324
1718444028856 174.00430499999993 325
1718444038930 174.08675300000004 326
1718444049032 174.35866899999996 327
1718444059063 185.87203799999997 328
1718444069104 185.88290299999994 329
1718444079136 185.94349499999998 330
1718444089164 187.9164189999999 331
1718444099193 215.33045900000002 332
