1718440755627 16.5 0
1718440765653 20.4 1
1718440775679 20.4 2
1718440785706 20.5 3
1718440795724 20.6 4
1718440805749 20.4 5
1718440815776 20.5 6
1718440825804 20.5 7
1718440835831 20.4 8
1718440845857 20.5 9
1718440855878 20.5 10
1718440865901 20.6 11
1718440875923 20.5 12
1718440885943 20.5 13
1718440895977 20.5 14
1718440906004 20.5 15
1718440916031 20.5 16
1718440926053 20.5 17
1718440936073 20.6 18
1718440946099 20.5 19
1718440956127 20.5 20
1718440966150 20.5 21
1718440976173 20.5 22
1718440986201 20.5 23
1718440996235 20.5 24
1718441006257 20.7 25
1718441016276 20.5 26
1718441026294 20.5 27
1718441036315 20.5 28
1718441046335 20.5 29
1718441056354 20.5 30
1718441066374 20.5 31
1718441076393 20.6 32
1718441086411 20.5 33
1718441096431 20.5 34
1718441106481 20.5 35
1718441116507 20.5 36
1718441126527 20.5 37
1718441136548 20.6 38
1718441146572 20.8 39
1718441156593 20.6 40
1718441166628 20.6 41
1718441176651 20.6 42
1718441186674 20.6 43
1718441196692 20.6 44
1718441206713 20.6 45
1718441216739 20.8 46
1718441226759 20.6 47
1718441236780 20.6 48
1718441246847 20.6 49
1718441256881 20.6 50
1718441266962 20.6 51
1718441276983 20.6 52
1718441287015 20.6 53
1718441297053 20.6 54
1718441307131 20.6 55
1718441317153 20.6 56
1718441327216 20.6 57
1718441337236 20.6 58
1718441347258 20.6 59
1718441357274 20.6 60
1718441367337 20.7 61
1718441377358 20.9 62
1718441387385 20.8 63
1718441397407 20.9 64
1718441407442 20.9 65
1718441417468 20.9 66
1718441427514 20.9 67
1718441437534 20.9 68
1718441447556 20.9 69
1718441457582 20.9 70
1718441467605 20.9 71
1718441477626 20.9 72
1718441487647 21.0 73
1718441497669 21.0 74
1718441507705 21.0 75
1718441517730 21.0 76
1718441527805 20.9 77
1718441537833 20.9 78
1718441547863 20.9 79
1718441562231 20.9 80
1718441572254 23.9 81
1718441582273 24.1 82
1718441592294 24.0 83
1718441602327 24.0 84
1718441612349 24.0 85
1718441622371 24.0 86
1718441632434 24.0 87
1718441642456 24.0 88
1718441652479 24.0 89
1718441662501 24.0 90
1718441672523 24.0 91
1718441682546 24.0 92
1718441692567 24.0 93
1718441702594 24.0 94
1718441712635 24.0 95
1718441722706 24.0 96
1718441732728 24.0 97
1718441742763 24.0 98
1718441752797 24.0 99
1718441762827 24.0 100
1718441772861 24.0 101
1718441782893 24.0 102
1718441792922 24.0 103
1718441802946 24.0 104
1718441812969 24.0 105
1718441823036 24.0 106
1718441833057 24.0 107
1718441843079 24.0 108
1718441853102 24.0 109
1718441863124 24.0 110
1718441873176 24.0 111
1718441883200 24.0 112
1718441893227 24.0 113
1718441903290 24.0 114
1718441913358 24.0 115
1718441923426 24.0 116
1718441933498 24.0 117
1718441943569 24.0 118
1718441953593 24.0 119
1718441963616 24.0 120
1718441973640 24.0 121
1718441983706 24.0 122
1718441993729 24.0 123
1718442003804 24.0 124
1718442013838 24.1 125
1718442023933 24.0 126
1718442033976 24.0 127
1718442044049 24.0 128
1718442054074 24.0 129
1718442064150 24.0 130
1718442074181 24.0 131
1718442084256 24.0 132
1718442094286 24.0 133
1718442104356 24.0 134
1718442114380 24.0 135
1718442124403 24.1 136
1718442134433 24.0 137
1718442144502 24.0 138
1718442154528 24.2 139
1718442164598 24.0 140
1718442174638 24.0 141
1718442184682 24.0 142
1718442194749 24.0 143
1718442204811 24.0 144
1718442214878 24.0 145
1718442224946 24.0 146
1718442235034 24.0 147
1718442245118 24.0 148
1718442255184 24.0 149
1718442265267 24.0 150
1718442275294 24.0 151
1718442285373 24.0 152
1718442295397 24.0 153
1718442305462 24.0 154
1718442315484 24.0 155
1718442325548 24.0 156
1718442335616 24.0 157
1718442345668 24.0 158
1718442355755 24.0 159
1718442368637 24.0 160
1718442378660 24.4 161
1718442388735 24.4 162
1718442398825 24.4 163
1718442408904 24.4 164
1718442418971 24.4 165
1718442429041 24.4 166
1718442439118 24.4 167
1718442449197 24.4 168
1718442459277 24.4 169
1718442469304 24.4 170
1718442479330 24.4 171
1718442489394 24.4 172
1718442499461 24.4 173
1718442509538 24.4 174
1718442519608 24.4 175
1718442529681 24.4 176
1718442539754 24.4 177
1718442549834 24.4 178
1718442559916 24.4 179
1718442569986 24.4 180
1718442580057 24.6 181
1718442590138 24.4 182
1718442600209 24.4 183
1718442610272 24.4 184
1718442620335 24.5 185
1718442630413 24.4 186
1718442640487 24.4 187
1718442650559 24.4 188
1718442660653 24.4 189
1718442670751 24.4 190
1718442680823 24.4 191
1718442690890 24.4 192
1718442700965 24.4 193
1718442711032 24.4 194
1718442721107 24.4 195
1718442731173 24.4 196
1718442741241 24.4 197
1718442751305 24.5 198
1718442761368 24.5 199
1718442771451 24.5 200
1718442781520 24.4 201
1718442791595 24.4 202
1718442801683 24.4 203
1718442811752 24.4 204
1718442821829 24.4 205
1718442831896 24.5 206
1718442841972 24.4 207
1718442851996 24.5 208
1718442862093 24.5 209
1718442872172 24.5 210
1718442882240 24.5 211
1718442892319 24.6 212
1718442902355 24.5 213
1718442912440 24.5 214
1718442922525 24.4 215
1718442932602 24.5 216
1718442942678 24.4 217
1718442952764 24.5 218
1718442962843 24.4 219
1718442972912 24.4 220
1718442982995 24.4 221
1718442993073 24.5 222
1718443003153 24.5 223
1718443013247 24.5 224
1718443023278 24.5 225
1718443033357 24.5 226
1718443043387 24.5 227
1718443053470 24.5 228
1718443063547 24.5 229
1718443073634 24.5 230
1718443083715 24.5 231
1718443093788 24.5 232
1718443103862 24.5 233
1718443113942 24.5 234
1718443124013 24.5 235
1718443134086 24.5 236
1718443144151 24.5 237
1718443154226 24.5 238
1718443164298 24.5 239
1718443174327 24.5 240
1718443184413 24.3 241
1718443194440 24.3 242
1718443204512 24.3 243
1718443214539 24.3 244
1718443224612 24.3 245
1718443234637 24.3 246
1718443244743 24.3 247
1718443254768 24.3 248
1718443264840 24.3 249
1718443274866 24.3 250
1718443284935 24.3 251
1718443294961 24.3 252
1718443304986 24.3 253
1718443315018 24.3 254
1718443325106 24.3 255
1718443335131 24.3 256
1718443345203 24.3 257
1718443355230 24.3 258
1718443365305 24.3 259
1718443375348 24.3 260
1718443385390 24.3 261
1718443395419 24.3 262
1718443405447 24.3 263
1718443415478 24.3 264
1718443425554 24.4 265
1718443435634 24.3 266
1718443445709 24.3 267
1718443455799 24.3 268
1718443465868 24.3 269
1718443475901 24.3 270
1718443485946 24.4 271
1718443496010 24.3 272
1718443506077 24.2 273
1718443516104 24.3 274
1718443526130 26.8 275
1718443536159 29.6 276
1718443546189 29.7 277
1718443556216 30.7 278
1718443566268 34.2 279
1718443576298 37.1 280
1718443586324 38.2 281
1718443596353 37.7 282
1718443606379 37.0 283
1718443616410 34.4 284
1718443626437 33.3 285
1718443636483 33.2 286
1718443646527 32.9 287
1718443656566 32.9 288
1718443666598 33.1 289
1718443676648 33.0 290
1718443686712 32.9 291
1718443696759 33.6 292
1718443706786 33.9 293
1718443716814 33.9 294
1718443726852 34.3 295
1718443736886 34.2 296
1718443746913 34.2 297
1718443756938 34.1 298
1718443766964 34.1 299
1718443777000 34.3 300
1718443787034 34.8 301
1718443797073 34.7 302
1718443807104 34.7 303
1718443817187 34.7 304
1718443827221 34.9 305
1718443837303 34.9 306
1718443847328 34.8 307
1718443857418 35.2 308
1718443867464 35.4 309
1718443877517 35.4 310
1718443887557 35.3 311
1718443897588 35.3 312
1718443907670 35.3 313
1718443917721 35.4 314
1718443927753 35.3 315
1718443937784 35.2 316
1718443947811 35.3 317
1718443957893 35.2 318
1718443967927 35.3 319
1718443977955 35.2 320
1718443987987 35.2 321
1718443998710 35.4 322
1718444008738 35.3 323
1718444018796 35.3 324
1718444028856 35.3 325
1718444038930 35.4 326
1718444049032 35.4 327
1718444059063 35.8 328
1718444069104 35.7 329
1718444079136 35.7 330
1718444089164 35.5 331
1718444099193 40.3 332
