1718440755627 5541.7 0
1718440765653 6849.5 1
1718440775679 6855.0 2
1718440785706 6862.2 3
1718440795724 6896.7 4
1718440805749 6857.6 5
1718440815776 6863.2 6
1718440825804 6862.2 7
1718440835831 6853.8 8
1718440845857 6858.9 9
1718440855878 6860.7 10
1718440865901 6901.4 11
1718440875923 6864.1 12
1718440885943 6870.0 13
1718440895977 6862.6 14
1718440906004 6876.4 15
1718440916031 6861.2 16
1718440926053 6866.4 17
1718440936073 6900.7 18
1718440946099 6872.6 19
1718440956127 6864.8 20
1718440966150 6866.6 21
1718440976173 6872.7 22
1718440986201 6886.3 23
1718440996235 6879.8 24
1718441006257 6946.6 25
1718441016276 6877.7 26
1718441026294 6880.7 27
1718441036315 6876.5 28
1718441046335 6879.3 29
1718441056354 6889.8 30
1718441066374 6875.8 31
1718441076393 6900.7 32
1718441086411 6875.8 33
1718441096431 6875.7 34
1718441106481 6888.8 35
1718441116507 6873.4 36
1718441126527 6882.5 37
1718441136548 6912.2 38
1718441146572 6985.4 39
1718441156593 6907.5 40
1718441166628 6911.6 41
1718441176651 6912.2 42
1718441186674 6909.5 43
1718441196692 6904.4 44
1718441206713 6910.5 45
1718441216739 6973.5 46
1718441226759 6913.8 47
1718441236780 6907.7 48
1718441246847 6915.1 49
1718441256881 6906.3 50
1718441266962 6915.6 51
1718441276983 6919.7 52
1718441287015 6911.4 53
1718441297053 6911.8 54
1718441307131 6911.9 55
1718441317153 6912.5 56
1718441327216 6912.8 57
1718441337236 6921.5 58
1718441347258 6914.1 59
1718441357274 6901.8 60
1718441367337 6953.3 61
1718441377358 7002.9 62
1718441387385 6991.5 63
1718441397407 6999.9 64
1718441407442 6993.2 65
1718441417468 7021.9 66
1718441427514 7012.1 67
1718441437534 7016.7 68
1718441447556 7018.5 69
1718441457582 7020.2 70
1718441467605 7022.7 71
1718441477626 7025.3 72
1718441487647 7027.6 73
1718441497669 7027.2 74
1718441507705 7026.8 75
1718441517730 7027.9 76
1718441527805 7020.7 77
1718441537833 7023.2 78
1718441547863 7021.8 79
1718441562231 7011.9 80
1718441572254 8024.9 81
1718441582273 8083.9 82
1718441592294 8042.2 83
1718441602327 8044.2 84
1718441612349 8044.7 85
1718441622371 8050.6 86
1718441632434 8050.5 87
1718441642456 8052.5 88
1718441652479 8046.8 89
1718441662501 8052.0 90
1718441672523 8045.0 91
1718441682546 8063.5 92
1718441692567 8051.4 93
1718441702594 8049.3 94
1718441712635 8043.5 95
1718441722706 8060.2 96
1718441732728 8054.7 97
1718441742763 8054.8 98
1718441752797 8044.5 99
1718441762827 8054.8 100
1718441772861 8053.9 101
1718441782893 8053.6 102
1718441792922 8052.9 103
1718441802946 8056.9 104
1718441812969 8050.3 105
1718441823036 8047.7 106
1718441833057 8039.1 107
1718441843079 8048.6 108
1718441853102 8048.0 109
1718441863124 8053.9 110
1718441873176 8048.9 111
1718441883200 8055.1 112
1718441893227 8055.9 113
1718441903290 8057.4 114
1718441913358 8052.4 115
1718441923426 8055.7 116
1718441933498 8039.1 117
1718441943569 8040.7 118
1718441953593 8042.4 119
1718441963616 8051.0 120
1718441973640 8049.5 121
1718441983706 8053.3 122
1718441993729 8045.6 123
1718442003804 8051.6 124
1718442013838 8070.5 125
1718442023933 8060.1 126
1718442033976 8053.1 127
1718442044049 8053.0 128
1718442054074 8046.9 129
1718442064150 8048.6 130
1718442074181 8057.3 131
1718442084256 8048.5 132
1718442094286 8045.6 133
1718442104356 8052.5 134
1718442114380 8052.1 135
1718442124403 8075.2 136
1718442134433 8062.8 137
1718442144502 8062.3 138
1718442154528 8113.5 139
1718442164598 8055.3 140
1718442174638 8057.3 141
1718442184682 8059.2 142
1718442194749 8055.7 143
1718442204811 8052.2 144
1718442214878 8055.0 145
1718442224946 8054.6 146
1718442235034 8059.0 147
1718442245118 8063.1 148
1718442255184 8055.5 149
1718442265267 8053.3 150
1718442275294 8053.7 151
1718442285373 8048.0 152
1718442295397 8051.4 153
1718442305462 8046.6 154
1718442315484 8061.7 155
1718442325548 8047.8 156
1718442335616 8050.1 157
1718442345668 8049.9 158
1718442355755 8052.9 159
1718442368637 8046.9 160
1718442378660 8171.6 161
1718442388735 8167.5 162
1718442398825 8188.1 163
1718442408904 8176.7 164
1718442418971 8178.2 165
1718442429041 8185.9 166
1718442439118 8183.4 167
1718442449197 8187.1 168
1718442459277 8186.2 169
1718442469304 8188.9 170
1718442479330 8192.3 171
1718442489394 8187.7 172
1718442499461 8189.4 173
1718442509538 8188.8 174
1718442519608 8181.9 175
1718442529681 8193.0 176
1718442539754 8194.3 177
1718442549834 8195.7 178
1718442559916 8194.3 179
1718442569986 8194.8 180
1718442580057 8258.4 181
1718442590138 8193.7 182
1718442600209 8190.5 183
1718442610272 8195.7 184
1718442620335 8205.0 185
1718442630413 8195.4 186
1718442640487 8192.7 187
1718442650559 8172.5 188
1718442660653 8174.3 189
1718442670751 8192.0 190
1718442680823 8178.8 191
1718442690890 8179.8 192
1718442700965 8180.8 193
1718442711032 8192.3 194
1718442721107 8192.0 195
1718442731173 8196.0 196
1718442741241 8195.9 197
1718442751305 8201.4 198
1718442761368 8214.3 199
1718442771451 8200.1 200
1718442781520 8184.7 201
1718442791595 8193.9 202
1718442801683 8196.2 203
1718442811752 8193.8 204
1718442821829 8196.0 205
1718442831896 8200.7 206
1718442841972 8199.3 207
1718442851996 8203.2 208
1718442862093 8204.9 209
1718442872172 8206.0 210
1718442882240 8200.6 211
1718442892319 8251.6 212
1718442902355 8203.4 213
1718442912440 8204.2 214
1718442922525 8194.8 215
1718442932602 8203.0 216
1718442942678 8192.9 217
1718442952764 8202.7 218
1718442962843 8192.7 219
1718442972912 8191.1 220
1718442982995 8191.7 221
1718442993073 8201.6 222
1718443003153 8200.2 223
1718443013247 8212.9 224
1718443023278 8205.4 225
1718443033357 8203.2 226
1718443043387 8209.8 227
1718443053470 8210.3 228
1718443063547 8215.7 229
1718443073634 8200.6 230
1718443083715 8208.5 231
1718443093788 8217.8 232
1718443103862 8209.2 233
1718443113942 8213.9 234
1718443124013 8215.0 235
1718443134086 8221.5 236
1718443144151 8212.7 237
1718443154226 8217.4 238
1718443164298 8209.6 239
1718443174327 8213.3 240
1718443184413 8144.2 241
1718443194440 8148.6 242
1718443204512 8155.4 243
1718443214539 8150.8 244
1718443224612 8153.6 245
1718443234637 8147.4 246
1718443244743 8146.3 247
1718443254768 8143.0 248
1718443264840 8146.2 249
1718443274866 8148.5 250
1718443284935 8146.7 251
1718443294961 8157.9 252
1718443304986 8153.9 253
1718443315018 8151.9 254
1718443325106 8151.0 255
1718443335131 8147.5 256
1718443345203 8154.8 257
1718443355230 8147.1 258
1718443365305 8155.7 259
1718443375348 8157.8 260
1718443385390 8151.2 261
1718443395419 8159.9 262
1718443405447 8159.1 263
1718443415478 8153.2 264
1718443425554 8166.3 265
1718443435634 8158.7 266
1718443445709 8160.3 267
1718443455799 8161.0 268
1718443465868 8159.9 269
1718443475901 8151.2 270
1718443485946 8173.8 271
1718443496010 8139.9 272
1718443506077 8127.5 273
1718443516104 8147.0 274
1718443526130 8981.6 275
1718443536159 9940.4 276
1718443546189 9950.6 277
1718443556216 10292.9 278
1718443566268 11477.8 279
1718443576298 12450.4 280
1718443586324 12810.5 281
1718443596353 12639.7 282
1718443606379 12422.2 283
1718443616410 11532.1 284
1718443626437 11151.5 285
1718443636483 11134.1 286
1718443646527 11033.8 287
1718443656566 11034.8 288
1718443666598 11086.9 289
1718443676648 11053.9 290
1718443686712 11049.2 291
1718443696759 11284.5 292
1718443706786 11380.4 293
1718443716814 11373.9 294
1718443726852 11486.7 295
1718443736886 11482.0 296
1718443746913 11473.9 297
1718443756938 11446.0 298
1718443766964 11450.5 299
1718443777000 11488.2 300
1718443787034 11676.8 301
1718443797073 11628.3 302
1718443807104 11645.6 303
1718443817187 11649.6 304
1718443827221 11710.7 305
1718443837303 11708.9 306
1718443847328 11680.5 307
1718443857418 11821.6 308
1718443867464 11884.9 309
1718443877517 11880.6 310
1718443887557 11828.5 311
1718443897588 11840.1 312
1718443907670 11834.4 313
1718443917721 11858.0 314
1718443927753 11836.4 315
1718443937784 11815.2 316
1718443947811 11839.8 317
1718443957893 11816.1 318
1718443967927 11830.0 319
1718443977955 11819.4 320
1718443987987 11813.4 321
1718443998710 11869.6 322
1718444008738 11848.8 323
1718444018796 11850.6 324
1718444028856 11837.8 325
1718444038930 11877.4 326
1718444049032 11870.3 327
1718444059063 11990.5 328
1718444069104 11983.4 329
1718444079136 11986.6 330
1718444089164 11901.4 331
1718444099193 13504.3 332
