1717930760479 50.0 0
1717930770492 16.0 1
1717930780505 14.4 2
1717930790527 15.9 3
1717930800541 13.5 4
1717930810565 13.9 5
1717930820580 13.4 6
1717930830595 14.6 7
1717930840609 15.0 8
1717930850630 15.6 9
1717930860642 15.8 10
1717930870662 14.4 11
1717930880680 16.2 12
1717930890696 16.3 13
1717930900715 16.8 14
1717930910738 17.5 15
1717930920757 16.6 16
1717930930780 16.5 17
1717930940795 16.3 18
1717930950809 16.1 19
1717930960822 15.8 20
1717930970836 16.8 21
1717930980849 15.6 22
1717930990866 15.6 23
1717931000883 13.5 24
1717931010909 6.4 25
1717931020927 7.7 26
1717931030944 7.3 27
1717931040962 6.7 28
1717931050976 8.1 29
1717931060995 7.7 30
1717931071008 6.2 31
1717931081022 6.3 32
1717931091034 9.5 33
1717931101046 11.1 34
1717931111069 11.3 35
1717931121083 10.0 36
1717931131098 11.0 37
1717931141113 10.4 38
1717931151129 10.8 39
1717931161142 12.0 40
1717931171165 17.7 41
1717931181186 15.0 42
1717931191209 17.0 43
1717931201230 17.0 44
1717931211249 19.1 45
1717931221267 17.3 46
1717931231284 17.7 47
1717931241305 15.6 48
1717931251335 16.7 49
1717931261357 16.5 50
1717931271379 16.0 51
1717931281395 16.5 52
1717931291420 16.1 53
1717931301443 17.8 54
1717931311458 15.9 55
1717931321478 16.5 56
1717931331493 15.5 57
1717931341513 18.1 58
1717931351531 17.0 59
1717931361549 16.9 60
1717931371568 16.0 61
1717931381585 12.5 62
1717931391603 15.9 63
1717931401629 16.4 64
1717931411645 13.5 65
1717931421659 9.4 66
1717931431674 10.0 67
1717931441690 10.2 68
1717931451706 11.1 69
1717931461730 10.7 70
1717931471747 11.6 71
1717931481766 10.9 72
1717931491793 9.4 73
1717931501811 6.7 74
1717931511840 6.0 75
1717931521868 6.8 76
1717931531889 6.2 77
1717931541909 6.6 78
1717931551940 6.9 79
1717931561961 6.8 80
1717931571994 5.9 81
1717931582008 6.7 82
1717931592024 7.1 83
1717931602044 7.7 84
1717931612066 8.1 85
1717931622087 7.0 86
1717931632104 7.0 87
1717931642131 6.9 88
1717931652163 7.8 89
1717931662187 7.0 90
1717931672207 6.6 91
1717931682225 6.7 92
1717931692246 6.1 93
1717931702266 5.8 94
1717931712284 6.0 95
1717931722308 7.4 96
1717931732332 10.1 97
1717931742350 10.0 98
1717931752369 10.0 99
1717931762387 9.9 100
1717931772403 10.4 101
1717931782420 9.9 102
1717931792439 10.0 103
1717931802456 6.5 104
1717931812503 5.8 105
1717931822526 6.3 106
1717931832589 5.9 107
1717931842626 6.1 108
1717931852675 6.0 109
1717931862692 6.1 110
1717931872740 6.0 111
1717931882757 6.0 112
1717931892773 6.1 113
1717931902822 6.1 114
1717931912874 6.0 115
1717931922948 7.5 116
1717931932979 10.3 117
1717931943002 7.7 118
1717931953033 7.2 119
1717931963063 7.7 120
1717931973094 6.5 121
1717931983115 7.0 122
1717931993192 6.3 123
1717932003211 5.9 124
1717932013468 7.4 125
1717932023488 7.8 126
1717932033520 13.1 127
1717932043541 13.7 128
1717932053571 11.2 129
1717932063590 12.3 130
1717932073615 11.7 131
1717932083641 12.8 132
1717932093663 11.1 133
1717932103749 8.7 134
1717932113822 7.3 135
1717932123845 7.3 136
1717932133873 6.1 137
1717932143953 6.1 138
1717932153973 7.1 139
1717932163995 6.6 140
1717932174017 6.3 141
1717932184039 6.0 142
1717932194061 6.1 143
1717932204080 12.7 144
1717932214110 14.7 145
1717932224173 15.7 146
1717932234247 14.3 147
1717932244281 15.1 148
1717932254340 14.7 149
1717932264410 15.6 150
1717932274433 15.2 151
1717932284513 14.5 152
1717932294569 16.0 153
1717932304597 14.0 154
1717932314619 15.2 155
1717932324685 15.5 156
1717932334754 18.0 157
1717932344776 16.6 158
1717932354802 19.8 159
1717932364824 19.9 160
1717932374850 19.5 161
1717932384871 20.6 162
1717932394901 19.9 163
1717932404933 20.8 164
1717932414962 23.2 165
1717932424990 22.4 166
1717932435017 17.5 167
1717932445069 18.8 168
1717932455156 18.2 169
1717932465223 18.9 170
1717932475255 18.7 171
1717932485275 18.2 172
1717932495301 17.1 173
1717932505325 17.6 174
1717932515391 22.7 175
1717932525414 25.7 176
1717932535440 24.6 177
1717932545461 26.4 178
1717932555480 28.2 179
1717932565562 25.5 180
1717932575583 27.1 181
