1717930760479 736513.6 0
1717930770492 736514.4 1
1717930780505 736514.4 2
1717930790527 736514.5 3
1717930800541 736514.5 4
1717930810565 736514.7 5
1717930820580 736514.7 6
1717930830595 736514.7 7
1717930840609 736514.7 8
1717930850630 736514.8 9
1717930860642 736514.9 10
1717930870662 736514.9 11
1717930880680 736514.9 12
1717930890696 736515.0 13
1717930900715 736515.0 14
1717930910738 736515.0 15
1717930920757 736515.3 16
1717930930780 736515.5 17
1717930940795 736513.1 18
1717930950809 736514.2 19
1717930960822 736515.6 20
1717930970836 736513.4 21
1717930980849 736514.1 22
1717930990866 736514.8 23
1717931000883 736514.8 24
1717931010909 736514.8 25
1717931020927 736514.9 26
1717931030944 736514.8 27
1717931040962 736514.8 28
1717931050976 736516.5 29
1717931060995 736517.0 30
1717931071008 736516.9 31
1717931081022 736516.9 32
1717931091034 737321.5 33
1717931101046 737323.1 34
1717931111069 737324.4 35
1717931121083 737324.9 36
1717931131098 737327.1 37
1717931141113 737327.0 38
1717931151129 737327.1 39
1717931161142 737325.3 40
1717931171165 737325.3 41
1717931181186 737325.3 42
1717931191209 737325.3 43
1717931201230 737325.3 44
1717931211249 737325.5 45
1717931221267 737325.7 46
1717931231284 737325.7 47
1717931241305 737325.8 48
1717931251335 737325.8 49
1717931261357 737325.8 50
1717931271379 737325.8 51
1717931281395 737325.8 52
1717931291420 737325.8 53
1717931301443 737325.8 54
1717931311458 737325.8 55
1717931321478 737325.8 56
1717931331493 737325.8 57
1717931341513 737326.0 58
1717931351531 737326.2 59
1717931361549 737326.5 60
1717931371568 737326.5 61
1717931381585 737326.5 62
1717931391603 737326.5 63
1717931401629 737326.5 64
1717931411645 737326.5 65
1717931421659 738131.2 66
1717931431674 738131.2 67
1717931441690 738131.2 68
1717931451706 738131.2 69
1717931461730 738131.2 70
1717931471747 738131.7 71
1717931481766 738131.7 72
1717931491793 738131.7 73
1717931501811 738131.7 74
1717931511840 738131.7 75
1717931521868 738131.7 76
1717931531889 738131.7 77
1717931541909 738131.7 78
1717931551940 738131.7 79
1717931561961 738131.7 80
1717931571994 738131.7 81
1717931582008 738132.0 82
1717931592024 738132.4 83
1717931602044 738129.4 84
1717931612066 738129.4 85
1717931622087 738129.4 86
1717931632104 738129.4 87
1717931642131 738129.4 88
1717931652163 738129.4 89
1717931662187 738129.4 90
1717931672207 738129.4 91
1717931682225 738129.4 92
1717931692246 738129.4 93
1717931702266 738129.4 94
1717931712284 738129.4 95
1717931722308 738933.9 96
1717931732332 738933.9 97
1717931742350 738934.0 98
1717931752369 738934.0 99
1717931762387 738934.0 100
1717931772403 738934.0 101
1717931782420 738934.0 102
1717931792439 738934.0 103
1717931802456 738934.0 104
1717931812503 738934.0 105
1717931822526 738934.0 106
1717931832589 738933.9 107
1717931842626 738934.0 108
1717931852675 738934.0 109
1717931862692 738934.0 110
1717931872740 738934.0 111
1717931882757 738934.0 112
1717931892773 738934.0 113
1717931902822 738934.0 114
1717931912874 738934.0 115
1717931922948 738934.0 116
1717931932979 738934.0 117
1717931943002 738934.0 118
1717931953033 738934.0 119
1717931963063 738934.0 120
1717931973094 738934.0 121
1717931983115 738934.0 122
1717931993192 738934.0 123
1717932003211 738934.0 124
1717932013468 738934.0 125
1717932023488 739738.6 126
1717932033520 739739.4 127
1717932043541 739743.4 128
1717932053571 739744.1 129
1717932063590 739743.7 130
1717932073615 739743.6 131
1717932083641 739743.5 132
1717932093663 739743.5 133
1717932103749 739746.6 134
1717932113822 739748.3 135
1717932123845 739748.3 136
1717932133873 739748.3 137
1717932143953 739748.3 138
1717932153973 739748.3 139
1717932163995 739748.3 140
1717932174017 739748.3 141
1717932184039 739748.3 142
1717932194061 739748.3 143
1717932204080 739748.3 144
1717932214110 739748.3 145
1717932224173 739748.2 146
1717932234247 739748.3 147
1717932244281 739748.3 148
1717932254340 739748.3 149
1717932264410 739748.3 150
1717932274433 739748.3 151
1717932284513 739748.3 152
1717932294569 739748.3 153
1717932304597 739748.3 154
1717932314619 739748.3 155
1717932324685 739748.3 156
1717932334754 739748.6 157
1717932344776 740553.2 158
1717932354802 740553.2 159
1717932364824 740553.0 160
1717932374850 740553.0 161
1717932384871 740553.0 162
1717932394901 740553.2 163
1717932404933 740553.2 164
1717932414962 740553.6 165
1717932424990 740553.5 166
1717932435017 740553.5 167
1717932445069 740553.7 168
1717932455156 740553.7 169
1717932465223 740553.8 170
1717932475255 740553.3 171
1717932485275 740544.5 172
1717932495301 740544.5 173
1717932505325 740545.2 174
1717932515391 740546.6 175
1717932525414 740546.5 176
1717932535440 740546.5 177
1717932545461 740546.5 178
1717932555480 740546.5 179
1717932565562 740546.6 180
1717932575583 740545.5 181
