1717930760479 196307.3 0
1717930770492 196306.4 1
1717930780505 196306.4 2
1717930790527 196306.3 3
1717930800541 196306.3 4
1717930810565 196306.1 5
1717930820580 196306.1 6
1717930830595 196306.1 7
1717930840609 196306.1 8
1717930850630 196306.0 9
1717930860642 196306.0 10
1717930870662 196305.9 11
1717930880680 196305.9 12
1717930890696 196305.8 13
1717930900715 196305.8 14
1717930910738 196305.8 15
1717930920757 196305.5 16
1717930930780 196305.3 17
1717930940795 196307.8 18
1717930950809 196306.6 19
1717930960822 196305.2 20
1717930970836 196307.4 21
1717930980849 196306.7 22
1717930990866 196306.0 23
1717931000883 196306.0 24
1717931010909 196306.0 25
1717931020927 196306.0 26
1717931030944 196306.0 27
1717931040962 196306.0 28
1717931050976 196304.3 29
1717931060995 196303.9 30
1717931071008 196304.0 31
1717931081022 196303.9 32
1717931091034 195499.3 33
1717931101046 195497.7 34
1717931111069 195496.4 35
1717931121083 195495.9 36
1717931131098 195493.8 37
1717931141113 195493.8 38
1717931151129 195493.8 39
1717931161142 195495.5 40
1717931171165 195495.5 41
1717931181186 195495.5 42
1717931191209 195495.5 43
1717931201230 195495.5 44
1717931211249 195495.3 45
1717931221267 195495.1 46
1717931231284 195495.1 47
1717931241305 195495.1 48
1717931251335 195495.0 49
1717931261357 195495.0 50
1717931271379 195495.1 51
1717931281395 195495.0 52
1717931291420 195495.0 53
1717931301443 195495.0 54
1717931311458 195495.0 55
1717931321478 195495.0 56
1717931331493 195495.0 57
1717931341513 195494.8 58
1717931351531 195494.6 59
1717931361549 195494.3 60
1717931371568 195494.3 61
1717931381585 195494.3 62
1717931391603 195494.3 63
1717931401629 195494.3 64
1717931411645 195494.3 65
1717931421659 194689.7 66
1717931431674 194689.6 67
1717931441690 194689.6 68
1717931451706 194689.6 69
1717931461730 194689.6 70
1717931471747 194689.1 71
1717931481766 194689.1 72
1717931491793 194689.1 73
1717931501811 194689.1 74
1717931511840 194689.1 75
1717931521868 194689.1 76
1717931531889 194689.1 77
1717931541909 194689.1 78
1717931551940 194689.1 79
1717931561961 194689.1 80
1717931571994 194689.1 81
1717931582008 194688.8 82
1717931592024 194688.4 83
1717931602044 194691.4 84
1717931612066 194691.4 85
1717931622087 194691.4 86
1717931632104 194691.4 87
1717931642131 194691.4 88
1717931652163 194691.4 89
1717931662187 194691.4 90
1717931672207 194691.5 91
1717931682225 194691.5 92
1717931692246 194691.5 93
1717931702266 194691.5 94
1717931712284 194691.5 95
1717931722308 193886.9 96
1717931732332 193886.9 97
1717931742350 193886.9 98
1717931752369 193886.9 99
1717931762387 193886.9 100
1717931772403 193886.9 101
1717931782420 193886.9 102
1717931792439 193886.9 103
1717931802456 193886.9 104
1717931812503 193886.9 105
1717931822526 193886.9 106
1717931832589 193886.9 107
1717931842626 193886.9 108
1717931852675 193886.9 109
1717931862692 193886.9 110
1717931872740 193886.9 111
1717931882757 193886.9 112
1717931892773 193886.9 113
1717931902822 193886.9 114
1717931912874 193886.8 115
1717931922948 193886.8 116
1717931932979 193886.9 117
1717931943002 193886.8 118
1717931953033 193886.8 119
1717931963063 193886.9 120
1717931973094 193886.8 121
1717931983115 193886.8 122
1717931993192 193886.8 123
1717932003211 193886.8 124
1717932013468 193886.8 125
1717932023488 193082.2 126
1717932033520 193081.4 127
1717932043541 193077.4 128
1717932053571 193076.7 129
1717932063590 193077.1 130
1717932073615 193077.2 131
1717932083641 193077.3 132
1717932093663 193077.3 133
1717932103749 193074.2 134
1717932113822 193072.6 135
1717932123845 193072.6 136
1717932133873 193072.6 137
1717932143953 193072.6 138
1717932153973 193072.6 139
1717932163995 193072.6 140
1717932174017 193072.6 141
1717932184039 193072.6 142
1717932194061 193072.6 143
1717932204080 193072.5 144
1717932214110 193072.5 145
1717932224173 193072.6 146
1717932234247 193072.5 147
1717932244281 193072.5 148
1717932254340 193072.5 149
1717932264410 193072.5 150
1717932274433 193072.5 151
1717932284513 193072.5 152
1717932294569 193072.5 153
1717932304597 193072.5 154
1717932314619 193072.5 155
1717932324685 193072.5 156
1717932334754 193072.2 157
1717932344776 192267.7 158
1717932354802 192267.6 159
1717932364824 192267.8 160
1717932374850 192267.8 161
1717932384871 192267.8 162
1717932394901 192267.6 163
1717932404933 192267.6 164
1717932414962 192267.2 165
1717932424990 192267.3 166
1717932435017 192267.3 167
1717932445069 192267.1 168
1717932455156 192267.1 169
1717932465223 192267.1 170
1717932475255 192267.5 171
1717932485275 192276.3 172
1717932495301 192276.3 173
1717932505325 192275.7 174
1717932515391 192274.2 175
1717932525414 192274.3 176
1717932535440 192274.3 177
1717932545461 192274.3 178
1717932555480 192274.3 179
1717932565562 192274.3 180
1717932575583 192275.3 181
