1717930760479 79.0 0
1717930770492 79.0 1
1717930780505 79.0 2
1717930790527 79.0 3
1717930800541 79.0 4
1717930810565 79.0 5
1717930820580 79.0 6
1717930830595 79.0 7
1717930840609 79.0 8
1717930850630 79.0 9
1717930860642 79.0 10
1717930870662 79.0 11
1717930880680 79.0 12
1717930890696 79.0 13
1717930900715 79.0 14
1717930910738 79.0 15
1717930920757 79.0 16
1717930930780 79.0 17
1717930940795 79.0 18
1717930950809 79.0 19
1717930960822 79.0 20
1717930970836 79.0 21
1717930980849 79.0 22
1717930990866 79.0 23
1717931000883 79.0 24
1717931010909 79.0 25
1717931020927 79.0 26
1717931030944 79.0 27
1717931040962 79.0 28
1717931050976 79.0 29
1717931060995 79.0 30
1717931071008 79.0 31
1717931081022 79.0 32
1717931091034 79.0 33
1717931101046 79.0 34
1717931111069 79.0 35
1717931121083 79.0 36
1717931131098 79.0 37
1717931141113 79.0 38
1717931151129 79.0 39
1717931161142 79.0 40
1717931171165 79.0 41
1717931181186 79.0 42
1717931191209 79.0 43
1717931201230 79.0 44
1717931211249 79.0 45
1717931221267 79.0 46
1717931231284 79.0 47
1717931241305 79.0 48
1717931251335 79.0 49
1717931261357 79.0 50
1717931271379 79.0 51
1717931281395 79.0 52
1717931291420 79.0 53
1717931301443 79.0 54
1717931311458 79.0 55
1717931321478 79.0 56
1717931331493 79.0 57
1717931341513 79.0 58
1717931351531 79.0 59
1717931361549 79.0 60
1717931371568 79.0 61
1717931381585 79.0 62
1717931391603 79.0 63
1717931401629 79.0 64
1717931411645 79.0 65
1717931421659 79.1 66
1717931431674 79.1 67
1717931441690 79.1 68
1717931451706 79.1 69
1717931461730 79.1 70
1717931471747 79.1 71
1717931481766 79.1 72
1717931491793 79.1 73
1717931501811 79.1 74
1717931511840 79.1 75
1717931521868 79.1 76
1717931531889 79.1 77
1717931541909 79.1 78
1717931551940 79.1 79
1717931561961 79.1 80
1717931571994 79.1 81
1717931582008 79.1 82
1717931592024 79.1 83
1717931602044 79.1 84
1717931612066 79.1 85
1717931622087 79.1 86
1717931632104 79.1 87
1717931642131 79.1 88
1717931652163 79.1 89
1717931662187 79.1 90
1717931672207 79.1 91
1717931682225 79.1 92
1717931692246 79.1 93
1717931702266 79.1 94
1717931712284 79.1 95
1717931722308 79.2 96
1717931732332 79.2 97
1717931742350 79.2 98
1717931752369 79.2 99
1717931762387 79.2 100
1717931772403 79.2 101
1717931782420 79.2 102
1717931792439 79.2 103
1717931802456 79.2 104
1717931812503 79.2 105
1717931822526 79.2 106
1717931832589 79.2 107
1717931842626 79.2 108
1717931852675 79.2 109
1717931862692 79.2 110
1717931872740 79.2 111
1717931882757 79.2 112
1717931892773 79.2 113
1717931902822 79.2 114
1717931912874 79.2 115
1717931922948 79.2 116
1717931932979 79.2 117
1717931943002 79.2 118
1717931953033 79.2 119
1717931963063 79.2 120
1717931973094 79.2 121
1717931983115 79.2 122
1717931993192 79.2 123
1717932003211 79.2 124
1717932013468 79.2 125
1717932023488 79.3 126
1717932033520 79.3 127
1717932043541 79.3 128
1717932053571 79.3 129
1717932063590 79.3 130
1717932073615 79.3 131
1717932083641 79.3 132
1717932093663 79.3 133
1717932103749 79.3 134
1717932113822 79.3 135
1717932123845 79.3 136
1717932133873 79.3 137
1717932143953 79.3 138
1717932153973 79.3 139
1717932163995 79.3 140
1717932174017 79.3 141
1717932184039 79.3 142
1717932194061 79.3 143
1717932204080 79.3 144
1717932214110 79.3 145
1717932224173 79.3 146
1717932234247 79.3 147
1717932244281 79.3 148
1717932254340 79.3 149
1717932264410 79.3 150
1717932274433 79.3 151
1717932284513 79.3 152
1717932294569 79.3 153
1717932304597 79.3 154
1717932314619 79.3 155
1717932324685 79.3 156
1717932334754 79.3 157
1717932344776 79.4 158
1717932354802 79.4 159
1717932364824 79.4 160
1717932374850 79.4 161
1717932384871 79.4 162
1717932394901 79.4 163
1717932404933 79.4 164
1717932414962 79.4 165
1717932424990 79.4 166
1717932435017 79.4 167
1717932445069 79.4 168
1717932455156 79.4 169
1717932465223 79.4 170
1717932475255 79.4 171
1717932485275 79.4 172
1717932495301 79.4 173
1717932505325 79.4 174
1717932515391 79.4 175
1717932525414 79.4 176
1717932535440 79.4 177
1717932545461 79.4 178
1717932555480 79.4 179
1717932565562 79.4 180
1717932575583 79.4 181
