1717930760479 14.2 0
1717930770492 41.2 1
1717930780505 41.1 2
1717930790527 41.3 3
1717930800541 41.2 4
1717930810565 41.2 5
1717930820580 41.2 6
1717930830595 41.2 7
1717930840609 41.2 8
1717930850630 42.1 9
1717930860642 41.6 10
1717930870662 41.7 11
1717930880680 41.9 12
1717930890696 41.9 13
1717930900715 41.5 14
1717930910738 41.9 15
1717930920757 41.9 16
1717930930780 41.9 17
1717930940795 42.3 18
1717930950809 42.3 19
1717930960822 42.3 20
1717930970836 42.3 21
1717930980849 42.3 22
1717930990866 42.1 23
1717931000883 42.2 24
1717931010909 41.9 25
1717931020927 42.2 26
1717931030944 41.5 27
1717931040962 41.2 28
1717931050976 41.8 29
1717931060995 41.4 30
1717931071008 41.2 31
1717931081022 41.2 32
1717931091034 41.2 33
1717931101046 40.8 34
1717931111069 40.9 35
1717931121083 40.7 36
1717931131098 41.0 37
1717931141113 41.0 38
1717931151129 40.8 39
1717931161142 40.6 40
1717931171165 41.2 41
1717931181186 41.1 42
1717931191209 41.3 43
1717931201230 41.9 44
1717931211249 42.0 45
1717931221267 42.4 46
1717931231284 42.7 47
1717931241305 43.0 48
1717931251335 42.8 49
1717931261357 43.0 50
1717931271379 43.2 51
1717931281395 43.0 52
1717931291420 42.2 53
1717931301443 41.6 54
1717931311458 41.5 55
1717931321478 41.5 56
1717931331493 41.5 57
1717931341513 41.4 58
1717931351531 41.5 59
1717931361549 41.7 60
1717931371568 41.7 61
1717931381585 41.4 62
1717931391603 41.4 63
1717931401629 41.4 64
1717931411645 41.3 65
1717931421659 41.1 66
1717931431674 41.1 67
1717931441690 41.2 68
1717931451706 40.5 69
1717931461730 40.9 70
1717931471747 40.3 71
1717931481766 40.1 72
1717931491793 40.3 73
1717931501811 40.4 74
1717931511840 40.5 75
1717931521868 40.4 76
1717931531889 40.4 77
1717931541909 40.9 78
1717931551940 40.2 79
1717931561961 40.4 80
1717931571994 40.1 81
1717931582008 40.8 82
1717931592024 40.7 83
1717931602044 40.7 84
1717931612066 39.8 85
1717931622087 39.9 86
1717931632104 39.8 87
1717931642131 39.9 88
1717931652163 39.8 89
1717931662187 39.8 90
1717931672207 39.8 91
1717931682225 39.8 92
1717931692246 39.8 93
1717931702266 39.8 94
1717931712284 39.8 95
1717931722308 39.8 96
1717931732332 39.8 97
1717931742350 39.8 98
1717931752369 39.8 99
1717931762387 39.8 100
1717931772403 39.8 101
1717931782420 39.8 102
1717931792439 39.8 103
1717931802456 39.8 104
1717931812503 39.8 105
1717931822526 39.8 106
1717931832589 39.8 107
1717931842626 39.8 108
1717931852675 39.8 109
1717931862692 39.8 110
1717931872740 39.8 111
1717931882757 39.8 112
1717931892773 39.8 113
1717931902822 39.2 114
1717931912874 39.2 115
1717931922948 41.0 116
1717931932979 41.0 117
1717931943002 40.9 118
1717931953033 41.0 119
1717931963063 41.0 120
1717931973094 41.2 121
1717931983115 40.9 122
1717931993192 40.6 123
1717932003211 40.6 124
1717932013468 40.4 125
1717932023488 40.2 126
1717932033520 41.2 127
1717932043541 41.1 128
1717932053571 41.0 129
1717932063590 41.2 130
1717932073615 41.0 131
1717932083641 41.3 132
1717932093663 41.2 133
1717932103749 41.0 134
1717932113822 41.0 135
1717932123845 41.4 136
1717932133873 41.2 137
1717932143953 41.2 138
1717932153973 41.2 139
1717932163995 41.2 140
1717932174017 41.2 141
1717932184039 41.2 142
1717932194061 41.2 143
1717932204080 41.9 144
1717932214110 41.9 145
1717932224173 41.9 146
1717932234247 41.9 147
1717932244281 41.9 148
1717932254340 41.9 149
1717932264410 42.1 150
1717932274433 42.0 151
1717932284513 42.0 152
1717932294569 42.1 153
1717932304597 42.0 154
1717932314619 42.1 155
1717932324685 42.4 156
1717932334754 42.6 157
1717932344776 42.3 158
1717932354802 41.9 159
1717932364824 41.9 160
1717932374850 41.9 161
1717932384871 42.4 162
1717932394901 42.3 163
1717932404933 41.7 164
1717932414962 41.8 165
1717932424990 41.7 166
1717932435017 42.0 167
1717932445069 42.3 168
1717932455156 42.6 169
1717932465223 43.2 170
1717932475255 43.0 171
1717932485275 43.6 172
1717932495301 43.2 173
1717932505325 42.0 174
1717932515391 43.1 175
1717932525414 42.3 176
1717932535440 42.2 177
1717932545461 42.2 178
1717932555480 42.4 179
1717932565562 42.5 180
1717932575583 42.1 181
