1717930760479 7.0 0
1717930770492 94.0 1
1717930780505 94.0 2
1717930790527 94.0 3
1717930800541 94.0 4
1717930810565 94.0 5
1717930820580 94.0 6
1717930830595 94.0 7
1717930840609 94.0 8
1717930850630 92.0 9
1717930860642 95.0 10
1717930870662 82.0 11
1717930880680 95.0 12
1717930890696 95.0 13
1717930900715 94.0 14
1717930910738 95.0 15
1717930920757 95.0 16
1717930930780 96.0 17
1717930940795 95.0 18
1717930950809 95.0 19
1717930960822 95.0 20
1717930970836 94.0 21
1717930980849 86.0 22
1717930990866 93.0 23
1717931000883 95.0 24
1717931010909 94.0 25
1717931020927 96.0 26
1717931030944 95.0 27
1717931040962 96.0 28
1717931050976 95.0 29
1717931060995 95.0 30
1717931071008 95.0 31
1717931081022 86.0 32
1717931091034 95.0 33
1717931101046 95.0 34
1717931111069 94.0 35
1717931121083 95.0 36
1717931131098 95.0 37
1717931141113 95.0 38
1717931151129 93.0 39
1717931161142 91.0 40
1717931171165 95.0 41
1717931181186 94.0 42
1717931191209 95.0 43
1717931201230 97.0 44
1717931211249 93.0 45
1717931221267 94.0 46
1717931231284 94.0 47
1717931241305 94.0 48
1717931251335 95.0 49
1717931261357 95.0 50
1717931271379 95.0 51
1717931281395 94.0 52
1717931291420 96.0 53
1717931301443 93.0 54
1717931311458 94.0 55
1717931321478 95.0 56
1717931331493 95.0 57
1717931341513 96.0 58
1717931351531 97.0 59
1717931361549 91.0 60
1717931371568 94.0 61
1717931381585 94.0 62
1717931391603 97.0 63
1717931401629 96.0 64
1717931411645 86.0 65
1717931421659 95.0 66
1717931431674 96.0 67
1717931441690 94.0 68
1717931451706 95.0 69
1717931461730 95.0 70
1717931471747 93.0 71
1717931481766 95.0 72
1717931491793 94.0 73
1717931501811 95.0 74
1717931511840 88.0 75
1717931521868 94.0 76
1717931531889 96.0 77
1717931541909 95.0 78
1717931551940 95.0 79
1717931561961 94.0 80
1717931571994 96.0 81
1717931582008 95.0 82
1717931592024 95.0 83
1717931602044 95.0 84
1717931612066 85.0 85
1717931622087 95.0 86
1717931632104 94.0 87
1717931642131 95.0 88
1717931652163 95.0 89
1717931662187 95.0 90
1717931672207 95.0 91
1717931682225 94.0 92
1717931692246 96.0 93
1717931702266 94.0 94
1717931712284 96.0 95
1717931722308 94.0 96
1717931732332 94.0 97
1717931742350 95.0 98
1717931752369 94.0 99
1717931762387 95.0 100
1717931772403 95.0 101
1717931782420 95.0 102
1717931792439 95.0 103
1717931802456 95.0 104
1717931812503 95.0 105
1717931822526 95.0 106
1717931832589 96.0 107
1717931842626 95.0 108
1717931852675 95.0 109
1717931862692 95.0 110
1717931872740 95.0 111
1717931882757 95.0 112
1717931892773 96.0 113
1717931902822 95.0 114
1717931912874 95.0 115
1717931922948 96.0 116
1717931932979 95.0 117
1717931943002 94.0 118
1717931953033 94.0 119
1717931963063 95.0 120
1717931973094 94.0 121
1717931983115 95.0 122
1717931993192 95.0 123
1717932003211 96.0 124
1717932013468 96.0 125
1717932023488 7.0 126
1717932033520 93.0 127
1717932043541 94.0 128
1717932053571 95.0 129
1717932063590 93.0 130
1717932073615 94.0 131
1717932083641 95.0 132
1717932093663 95.0 133
1717932103749 95.0 134
1717932113822 95.0 135
1717932123845 86.0 136
1717932133873 96.0 137
1717932143953 95.0 138
1717932153973 95.0 139
1717932163995 95.0 140
1717932174017 94.0 141
1717932184039 95.0 142
1717932194061 95.0 143
1717932204080 95.0 144
1717932214110 95.0 145
1717932224173 88.0 146
1717932234247 95.0 147
1717932244281 93.0 148
1717932254340 94.0 149
1717932264410 95.0 150
1717932274433 93.0 151
1717932284513 95.0 152
1717932294569 94.0 153
1717932304597 95.0 154
1717932314619 95.0 155
1717932324685 95.0 156
1717932334754 87.0 157
1717932344776 95.0 158
1717932354802 95.0 159
1717932364824 94.0 160
1717932374850 96.0 161
1717932384871 95.0 162
1717932394901 93.0 163
1717932404933 93.0 164
1717932414962 94.0 165
1717932424990 95.0 166
1717932435017 96.0 167
1717932445069 95.0 168
1717932455156 89.0 169
1717932465223 93.0 170
1717932475255 96.0 171
1717932485275 95.0 172
1717932495301 95.0 173
1717932505325 94.0 174
1717932515391 96.0 175
1717932525414 95.0 176
1717932535440 95.0 177
1717932545461 96.0 178
1717932555480 95.0 179
1717932565562 97.0 180
1717932575583 86.0 181
