1717930760479 1834.5 0
1717930770492 5303.3 1
1717930780505 5290.7 2
1717930790527 5324.7 3
1717930800541 5306.7 4
1717930810565 5304.6 5
1717930820580 5303.9 6
1717930830595 5303.9 7
1717930840609 5303.9 8
1717930850630 5424.5 9
1717930860642 5358.9 10
1717930870662 5377.1 11
1717930880680 5396.0 12
1717930890696 5400.6 13
1717930900715 5352.5 14
1717930910738 5398.4 15
1717930920757 5402.2 16
1717930930780 5402.3 17
1717930940795 5448.9 18
1717930950809 5448.6 19
1717930960822 5448.6 20
1717930970836 5447.7 21
1717930980849 5447.6 22
1717930990866 5429.6 23
1717931000883 5431.8 24
1717931010909 5394.6 25
1717931020927 5431.6 26
1717931030944 5341.2 27
1717931040962 5309.1 28
1717931050976 5381.9 29
1717931060995 5329.8 30
1717931071008 5309.9 31
1717931081022 5312.3 32
1717931091034 5307.9 33
1717931101046 5262.0 34
1717931111069 5272.9 35
1717931121083 5245.8 36
1717931131098 5284.5 37
1717931141113 5283.7 38
1717931151129 5254.2 39
1717931161142 5235.7 40
1717931171165 5303.4 41
1717931181186 5302.1 42
1717931191209 5315.6 43
1717931201230 5394.1 44
1717931211249 5412.9 45
1717931221267 5459.5 46
1717931231284 5507.6 47
1717931241305 5536.4 48
1717931251335 5513.6 49
1717931261357 5539.9 50
1717931271379 5563.0 51
1717931281395 5534.8 52
1717931291420 5435.6 53
1717931301443 5360.1 54
1717931311458 5352.4 55
1717931321478 5342.1 56
1717931331493 5350.3 57
1717931341513 5337.6 58
1717931351531 5345.5 59
1717931361549 5368.0 60
1717931371568 5375.9 61
1717931381585 5332.7 62
1717931391603 5330.8 63
1717931401629 5331.2 64
1717931411645 5323.7 65
1717931421659 5295.7 66
1717931431674 5295.6 67
1717931441690 5303.0 68
1717931451706 5223.5 69
1717931461730 5266.2 70
1717931471747 5196.9 71
1717931481766 5165.7 72
1717931491793 5197.1 73
1717931501811 5204.5 74
1717931511840 5216.9 75
1717931521868 5208.3 76
1717931531889 5200.4 77
1717931541909 5276.2 78
1717931551940 5185.0 79
1717931561961 5201.5 80
1717931571994 5171.7 81
1717931582008 5257.2 82
1717931592024 5241.0 83
1717931602044 5237.8 84
1717931612066 5126.2 85
1717931622087 5135.1 86
1717931632104 5130.6 87
1717931642131 5135.7 88
1717931652163 5133.2 89
1717931662187 5131.4 90
1717931672207 5133.0 91
1717931682225 5127.5 92
1717931692246 5128.3 93
1717931702266 5128.3 94
1717931712284 5128.3 95
1717931722308 5128.3 96
1717931732332 5128.3 97
1717931742350 5124.1 98
1717931752369 5124.1 99
1717931762387 5124.1 100
1717931772403 5124.1 101
1717931782420 5124.1 102
1717931792439 5124.1 103
1717931802456 5124.1 104
1717931812503 5124.1 105
1717931822526 5124.1 106
1717931832589 5124.1 107
1717931842626 5124.1 108
1717931852675 5124.1 109
1717931862692 5124.1 110
1717931872740 5124.1 111
1717931882757 5124.1 112
1717931892773 5124.1 113
1717931902822 5054.7 114
1717931912874 5056.4 115
1717931922948 5280.5 116
1717931932979 5281.2 117
1717931943002 5272.6 118
1717931953033 5287.6 119
1717931963063 5288.3 120
1717931973094 5302.4 121
1717931983115 5275.2 122
1717931993192 5224.9 123
1717932003211 5224.9 124
1717932013468 5199.6 125
1717932023488 5177.7 126
1717932033520 5310.4 127
1717932043541 5290.9 128
1717932053571 5287.3 129
1717932063590 5308.5 130
1717932073615 5286.1 131
1717932083641 5321.2 132
1717932093663 5313.9 133
1717932103749 5285.0 134
1717932113822 5288.7 135
1717932123845 5331.2 136
1717932133873 5311.8 137
1717932143953 5311.8 138
1717932153973 5311.8 139
1717932163995 5311.8 140
1717932174017 5311.8 141
1717932184039 5311.8 142
1717932194061 5311.8 143
1717932204080 5395.4 144
1717932214110 5397.6 145
1717932224173 5397.6 146
1717932234247 5397.6 147
1717932244281 5397.6 148
1717932254340 5397.6 149
1717932264410 5419.6 150
1717932274433 5409.5 151
1717932284513 5409.5 152
1717932294569 5425.2 153
1717932304597 5409.5 154
1717932314619 5421.3 155
1717932324685 5459.6 156
1717932334754 5485.8 157
1717932344776 5454.1 158
1717932354802 5401.7 159
1717932364824 5401.5 160
1717932374850 5401.5 161
1717932384871 5464.9 162
1717932394901 5448.0 163
1717932404933 5369.4 164
1717932414962 5390.7 165
1717932424990 5372.5 166
1717932435017 5407.6 167
1717932445069 5456.3 168
1717932455156 5483.6 169
1717932465223 5561.5 170
1717932475255 5542.2 171
1717932485275 5615.8 172
1717932495301 5564.3 173
1717932505325 5411.0 174
1717932515391 5550.2 175
1717932525414 5446.1 176
1717932535440 5437.7 177
1717932545461 5437.7 178
1717932555480 5457.9 179
1717932565562 5470.2 180
1717932575583 5425.1 181
