1717930760479 0.0 0
1717930770492 0.23231799999999225 1
1717930780505 0.25758899999999585 2
1717930790527 0.482405 3
1717930800541 0.5006049999999931 4
1717930810565 0.7701160000000016 5
1717930820580 0.8161239999999879 6
1717930830595 0.9984989999999954 7
1717930840609 1.0945299999999918 8
1717930850630 1.1903499999999951 9
1717930860642 1.4173359999999917 10
1717930870662 1.4531279999999924 11
1717930880680 1.6610469999999964 12
1717930890696 1.739118999999988 13
1717930900715 1.8495419999999996 14
1717930910738 2.0690120000000007 15
1717930920757 2.090012999999999 16
1717930930780 2.362144999999998 17
1717930940795 2.4867169999999987 18
1717930950809 2.7672329999999903 19
1717930960822 2.842089999999999 20
1717930970836 3.1287619999999947 21
1717930980849 3.2481709999999993 22
1717930990866 3.418262999999996 23
1717931000883 3.6893419999999963 24
1717931010909 3.777878000000001 25
1717931020927 3.7876679999999965 26
1717931030944 3.914608000000001 27
1717931040962 3.948654999999988 28
1717931050976 4.037976999999998 29
1717931060995 4.123606999999993 30
1717931071008 4.146772999999996 31
1717931081022 4.1479949999999945 32
1717931091034 4.150337999999991 33
1717931101046 4.222656000000001 34
1717931111069 4.286338999999998 35
1717931121083 4.329883999999993 36
1717931131098 4.3643 37
1717931141113 4.37689499999999 38
1717931151129 4.389589000000001 39
1717931161142 4.399390999999994 40
1717931171165 4.420671999999996 41
1717931181186 4.718172999999993 42
1717931191209 4.805009999999996 43
1717931201230 4.835580999999991 44
1717931211249 5.058110999999997 45
1717931221267 5.0859939999999995 46
1717931231284 5.313800999999998 47
1717931241305 5.352064999999996 48
1717931251335 5.599063000000001 49
1717931261357 5.877935999999991 50
1717931271379 5.988377999999997 51
1717931281395 6.231596999999994 52
1717931291420 6.256548999999993 53
1717931301443 6.501413999999997 54
1717931311458 6.527265 55
1717931321478 6.7357549999999975 56
1717931331493 6.750025999999991 57
1717931341513 6.883281999999994 58
1717931351531 6.992373000000001 59
1717931361549 7.1180009999999925 60
1717931371568 7.386527999999998 61
1717931381585 7.69141599999999 62
1717931391603 7.874615999999989 63
1717931401629 8.026064999999988 64
1717931411645 8.207956999999993 65
1717931421659 8.251644999999996 66
1717931431674 8.266430999999997 67
1717931441690 8.292397999999991 68
1717931451706 8.40891099999999 69
1717931461730 8.420012999999997 70
1717931471747 8.455999999999989 71
1717931481766 8.505831999999998 72
1717931491793 8.528458 73
1717931501811 8.533850999999999 74
1717931511840 8.535775000000001 75
1717931521868 8.550802999999988 76
1717931531889 8.563391999999993 77
1717931541909 8.594975999999988 78
1717931551940 8.608005999999989 79
1717931561961 8.624724999999998 80
1717931571994 8.626048999999995 81
1717931582008 8.651336 82
1717931592024 8.678213999999997 83
1717931602044 8.756326999999999 84
1717931612066 8.777198999999996 85
1717931622087 8.785482000000002 86
1717931632104 8.798612999999989 87
1717931642131 8.805388999999991 88
1717931652163 8.81071 89
1717931662187 8.871161999999998 90
1717931672207 8.88474699999999 91
1717931682225 8.90081699999999 92
1717931692246 8.904315999999994 93
1717931702266 8.90923699999999 94
1717931712284 8.912543999999997 95
1717931722308 8.950830999999994 96
1717931732332 8.960830999999999 97
1717931742350 8.965986999999998 98
1717931752369 8.977754999999988 99
1717931762387 8.983758999999992 100
1717931772403 8.999274 101
1717931782420 9.035454000000001 102
1717931792439 9.04587699999999 103
1717931802456 9.049419 104
1717931812503 9.052668999999995 105
1717931822526 9.059072 106
1717931832589 9.061408999999998 107
1717931842626 9.102165 108
1717931852675 9.110191999999998 109
1717931862692 9.116018999999994 110
1717931872740 9.129099999999994 111
1717931882757 9.137141999999997 112
1717931892773 9.13834399999999 113
1717931902822 9.179649999999995 114
1717931912874 9.197586999999999 115
1717931922948 9.224780999999993 116
1717931932979 9.246434999999991 117
1717931943002 9.251194999999996 118
1717931953033 9.253741999999988 119
1717931963063 9.298355 120
1717931973094 9.306340999999989 121
1717931983115 9.320903000000001 122
1717931993192 9.326488999999995 123
1717932003211 9.348056 124
1717932013468 9.34916299999999 125
1717932023488 9.402882999999989 126
1717932033520 9.542648 127
1717932043541 9.807500999999988 128
1717932053571 10.021732 129
1717932063590 10.061419999999998 130
1717932073615 10.073031999999998 131
1717932083641 10.134806999999995 132
1717932093663 10.144874999999999 133
1717932103749 10.158238999999995 134
1717932113822 10.173070999999993 135
1717932123845 10.193333999999993 136
1717932133873 10.195539999999994 137
1717932143953 10.23412599999999 138
1717932153973 10.241811999999996 139
1717932163995 10.259805999999998 140
1717932174017 10.269031999999996 141
1717932184039 10.276766999999992 142
1717932194061 10.279379999999989 143
1717932204080 10.31694499999999 144
1717932214110 10.40504 145
1717932224173 10.693230999999997 146
1717932234247 10.69547399999999 147
1717932244281 10.84959099999999 148
1717932254340 10.923609999999996 149
1717932264410 11.174295 150
1717932274433 11.233159999999998 151
1717932284513 11.368237999999991 152
1717932294569 11.546532999999997 153
1717932304597 11.638650999999996 154
1717932314619 11.812556999999998 155
1717932324685 11.865557999999993 156
1717932334754 12.105378000000002 157
1717932344776 12.135407999999998 158
1717932354802 12.406289999999998 159
1717932364824 12.500703000000001 160
1717932374850 12.632666999999998 161
1717932384871 12.803208999999995 162
1717932394901 12.871293999999992 163
1717932404933 13.066165999999996 164
1717932414962 13.131574 165
1717932424990 13.396227999999994 166
1717932435017 13.398859999999999 167
1717932445069 13.601586999999995 168
1717932455156 13.678004000000001 169
1717932465223 13.699348999999998 170
1717932475255 13.934856999999994 171
1717932485275 14.099733999999998 172
1717932495301 14.221103 173
1717932505325 14.487632999999988 174
1717932515391 14.763881999999995 175
1717932525414 15.023068999999992 176
1717932535440 15.19856399999999 177
1717932545461 15.499354999999994 178
1717932555480 15.626476999999994 179
1717932565562 15.677116999999996 180
1717932575583 15.830877000000001 181
