1717930760479 0.0 0
1717930770492 42.84678199999962 1
1717930780505 42.86939199999961 2
1717930790527 88.33539699999983 3
1717930800541 88.35193499999968 4
1717930810565 131.28023800000028 5
1717930820580 131.31298799999968 6
1717930830595 166.4514220000001 7
1717930840609 184.37841000000026 8
1717930850630 192.66768700000011 9
1717930860642 235.51572699999997 10
1717930870662 235.55302500000016 11
1717930880680 270.173487 12
1717930890696 286.5411469999999 13
1717930900715 305.09535700000015 14
1717930910738 344.9153179999994 15
1717930920757 345.40101799999957 16
1717930930780 391.69809199999963 17
1717930940795 391.8417239999999 18
1717930950809 436.1747289999994 19
1717930960822 436.2873979999995 20
1717930970836 472.95328400000017 21
1717930980849 479.4594159999997 22
1717930990866 491.0270529999998 23
1717931000883 526.6119549999994 24
1717931010909 541.8314259999997 25
1717931020927 541.8380159999997 26
1717931030944 544.0490319999999 27
1717931040962 544.1078310000003 28
1717931050976 544.8593249999994 29
1717931060995 545.0351810000002 30
1717931071008 545.0547159999996 31
1717931081022 545.0556489999999 32
1717931091034 545.0576869999995 33
1717931101046 546.460666 34
1717931111069 547.229405 35
1717931121083 547.2623999999996 36
1717931131098 548.1206480000001 37
1717931141113 548.1291839999994 38
1717931151129 548.1360960000002 39
1717931161142 548.1433809999999 40
1717931171165 548.163434 41
1717931181186 587.8882910000002 42
1717931191209 604.1913619999996 43
1717931201230 607.6915719999997 44
1717931211249 649.6623810000001 45
1717931221267 649.926254 46
1717931231284 700.8687579999996 47
1717931241305 700.8982989999995 48
1717931251335 724.3889909999998 49
1717931261357 755.5815849999999 50
1717931271379 762.0534310000003 51
1717931281395 798.9947229999998 52
1717931291420 799.45993 53
1717931301443 838.473121 54
1717931311458 838.5009060000002 55
1717931321478 877.1332709999997 56
1717931331493 877.1930069999999 57
1717931341513 897.9118600000002 58
1717931351531 920.1614669999999 59
1717931361549 935.6959159999997 60
1717931371568 989.1056060000001 61
1717931381585 1044.469647 62
1717931391603 1085.31606 63
1717931401629 1117.3233439999995 64
1717931411645 1152.541553 65
1717931421659 1152.5744960000002 66
1717931431674 1152.576376 67
1717931441690 1152.6219839999994 68
1717931451706 1154.053777 69
1717931461730 1154.070001 70
1717931471747 1154.1373359999998 71
1717931481766 1154.1849929999998 72
1717931491793 1154.4000129999995 73
1717931501811 1154.4058180000002 74
1717931511840 1154.4077369999995 75
1717931521868 1154.4173060000003 76
1717931531889 1154.42616 77
1717931541909 1154.4551350000002 78
1717931551940 1154.4610059999995 79
1717931561961 1154.6732659999998 80
1717931571994 1154.6812689999997 81
1717931582008 1154.7154300000002 82
1717931592024 1154.7642939999996 83
1717931602044 1154.8695010000001 84
1717931612066 1154.8942769999994 85
1717931622087 1154.9033119999995 86
1717931632104 1154.926692 87
1717931642131 1154.9355669999995 88
1717931652163 1154.9587769999998 89
1717931662187 1155.0055929999999 90
1717931672207 1155.0132359999998 91
1717931682225 1155.185133 92
1717931692246 1155.2319619999998 93
1717931702266 1155.237381 94
1717931712284 1155.239611 95
1717931722308 1155.2702170000002 96
1717931732332 1155.2770359999995 97
1717931742350 1155.2826829999995 98
1717931752369 1155.289879 99
1717931762387 1155.2955240000001 100
1717931772403 1155.3061870000001 101
1717931782420 1155.334605 102
1717931792439 1155.3403289999997 103
1717931802456 1155.3447189999997 104
1717931812503 1155.3489129999998 105
1717931822526 1155.3549489999996 106
1717931832589 1155.3561730000001 107
1717931842626 1155.3879289999995 108
1717931852675 1155.3904240000002 109
1717931862692 1155.397234 110
1717931872740 1155.403604 111
1717931882757 1155.4117939999996 112
1717931892773 1155.4128439999995 113
1717931902822 1155.4459550000001 114
1717931912874 1155.469193 115
1717931922948 1156.2004049999996 116
1717931932979 1157.287037 117
1717931943002 1157.2916219999997 118
1717931953033 1157.2930749999996 119
1717931963063 1157.330833 120
1717931973094 1157.3330989999995 121
1717931983115 1157.352809 122
1717931993192 1157.3668149999994 123
1717932003211 1157.3820409999998 124
1717932013468 1157.38303 125
1717932023488 1157.4199179999996 126
1717932033520 1157.837273 127
1717932043541 1159.2184779999998 128
1717932053571 1159.9402149999996 129
1717932063590 1160.000325 130
1717932073615 1160.0121579999995 131
1717932083641 1160.146342 132
1717932093663 1160.1510980000003 133
1717932103749 1160.1689369999995 134
1717932113822 1160.191202 135
1717932123845 1160.4225939999997 136
1717932133873 1160.4244840000001 137
1717932143953 1160.4548539999996 138
1717932153973 1160.4577479999998 139
1717932163995 1160.4719340000001 140
1717932174017 1160.4848869999996 141
1717932184039 1160.4904829999996 142
1717932194061 1160.4919380000001 143
1717932204080 1160.521404 144
1717932214110 1167.061417 145
1717932224173 1214.6916439999995 146
1717932234247 1214.6935979999998 147
1717932244281 1243.5284270000002 148
1717932254340 1263.224228 149
1717932264410 1302.020136 150
1717932274433 1309.968946 151
1717932284513 1326.0662620000003 152
1717932294569 1363.5612409999994 153
1717932304597 1375.8024800000003 154
1717932314619 1413.8143499999996 155
1717932324685 1413.847893 156
1717932334754 1457.7459579999995 157
1717932344776 1462.153558 158
1717932354802 1501.508006 159
1717932364824 1516.8427229999998 160
1717932374850 1536.8850379999994 161
1717932384871 1564.9816709999996 162
1717932394901 1578.0020009999998 163
1717932404933 1613.4307410000001 164
1717932414962 1613.6122189999996 165
1717932424990 1668.7857239999994 166
1717932435017 1668.7874949999996 167
1717932445069 1702.798952 168
1717932455156 1723.200049 169
1717932465223 1724.7909529999997 170
1717932475255 1766.835935 171
1717932485275 1774.732231 172
1717932495301 1799.9871699999994 173
1717932505325 1826.4390469999998 174
1717932515391 1847.5260929999995 175
1717932525414 1880.644827 176
1717932535440 1909.430386 177
1717932545461 1954.0514949999997 178
1717932555480 1973.0784589999994 179
1717932565562 1973.1219229999997 180
1717932575583 2001.7401819999995 181
