1717930760479 28.0 0
1717930770492 29.0 1
1717930780505 29.0 2
1717930790527 29.2 3
1717930800541 29.0 4
1717930810565 29.1 5
1717930820580 29.0 6
1717930830595 29.0 7
1717930840609 29.0 8
1717930850630 29.2 9
1717930860642 29.4 10
1717930870662 29.1 11
1717930880680 29.2 12
1717930890696 29.1 13
1717930900715 28.9 14
1717930910738 28.9 15
1717930920757 29.0 16
1717930930780 29.1 17
1717930940795 29.2 18
1717930950809 29.1 19
1717930960822 29.3 20
1717930970836 29.3 21
1717930980849 29.2 22
1717930990866 29.1 23
1717931000883 29.2 24
1717931010909 29.1 25
1717931020927 29.1 26
1717931030944 28.9 27
1717931040962 28.7 28
1717931050976 29.2 29
1717931060995 29.4 30
1717931071008 29.3 31
1717931081022 29.0 32
1717931091034 29.0 33
1717931101046 29.2 34
1717931111069 29.5 35
1717931121083 29.4 36
1717931131098 29.2 37
1717931141113 29.1 38
1717931151129 29.1 39
1717931161142 29.2 40
1717931171165 29.4 41
1717931181186 29.5 42
1717931191209 29.3 43
1717931201230 29.2 44
1717931211249 29.5 45
1717931221267 29.7 46
1717931231284 29.4 47
1717931241305 29.4 48
1717931251335 29.6 49
1717931261357 29.7 50
1717931271379 30.3 51
1717931281395 30.5 52
1717931291420 29.8 53
1717931301443 30.2 54
1717931311458 30.2 55
1717931321478 30.3 56
1717931331493 30.1 57
1717931341513 29.8 58
1717931351531 29.7 59
1717931361549 29.8 60
1717931371568 29.7 61
1717931381585 29.4 62
1717931391603 29.7 63
1717931401629 29.7 64
1717931411645 29.8 65
1717931421659 29.9 66
1717931431674 29.3 67
1717931441690 29.4 68
1717931451706 29.6 69
1717931461730 29.3 70
1717931471747 29.5 71
1717931481766 29.5 72
1717931491793 29.5 73
1717931501811 29.3 74
1717931511840 29.3 75
1717931521868 29.2 76
1717931531889 29.1 77
1717931541909 29.2 78
1717931551940 29.1 79
1717931561961 29.2 80
1717931571994 29.2 81
1717931582008 29.3 82
1717931592024 29.2 83
1717931602044 29.4 84
1717931612066 29.2 85
1717931622087 29.2 86
1717931632104 29.2 87
1717931642131 29.3 88
1717931652163 29.2 89
1717931662187 29.2 90
1717931672207 29.2 91
1717931682225 29.1 92
1717931692246 29.1 93
1717931702266 29.1 94
1717931712284 29.1 95
1717931722308 29.2 96
1717931732332 29.2 97
1717931742350 29.1 98
1717931752369 29.2 99
1717931762387 29.2 100
1717931772403 29.3 101
1717931782420 29.3 102
1717931792439 29.2 103
1717931802456 29.2 104
1717931812503 29.2 105
1717931822526 29.2 106
1717931832589 29.0 107
1717931842626 29.1 108
1717931852675 29.1 109
1717931862692 29.1 110
1717931872740 29.1 111
1717931882757 29.1 112
1717931892773 29.0 113
1717931902822 29.1 114
1717931912874 29.1 115
1717931922948 29.2 116
1717931932979 29.3 117
1717931943002 29.3 118
1717931953033 29.3 119
1717931963063 29.4 120
1717931973094 29.4 121
1717931983115 29.4 122
1717931993192 29.4 123
1717932003211 29.3 124
1717932013468 29.3 125
1717932023488 29.3 126
1717932033520 30.0 127
1717932043541 30.4 128
1717932053571 30.4 129
1717932063590 30.8 130
1717932073615 30.7 131
1717932083641 30.9 132
1717932093663 30.5 133
1717932103749 30.5 134
1717932113822 30.4 135
1717932123845 30.3 136
1717932133873 30.1 137
1717932143953 30.2 138
1717932153973 30.2 139
1717932163995 30.2 140
1717932174017 30.4 141
1717932184039 30.2 142
1717932194061 30.2 143
1717932204080 30.9 144
1717932214110 30.8 145
1717932224173 30.7 146
1717932234247 30.6 147
1717932244281 30.7 148
1717932254340 30.7 149
1717932264410 30.8 150
1717932274433 30.8 151
1717932284513 30.7 152
1717932294569 30.7 153
1717932304597 30.6 154
1717932314619 30.7 155
1717932324685 30.9 156
1717932334754 30.9 157
1717932344776 30.9 158
1717932354802 31.0 159
1717932364824 30.8 160
1717932374850 30.8 161
1717932384871 30.9 162
1717932394901 30.9 163
1717932404933 30.9 164
1717932414962 31.6 165
1717932424990 31.6 166
1717932435017 31.3 167
1717932445069 31.0 168
1717932455156 31.0 169
1717932465223 30.9 170
1717932475255 31.2 171
1717932485275 31.4 172
1717932495301 31.4 173
1717932505325 30.3 174
1717932515391 31.1 175
1717932525414 30.7 176
1717932535440 30.8 177
1717932545461 30.8 178
1717932555480 31.2 179
1717932565562 31.2 180
1717932575583 31.3 181
