1717930760479 9398.0 0
1717930770492 9718.7 1
1717930780505 9718.1 2
1717930790527 9794.4 3
1717930800541 9732.1 4
1717930810565 9764.4 5
1717930820580 9740.1 6
1717930830595 9741.7 7
1717930840609 9731.9 8
1717930850630 9795.9 9
1717930860642 9865.3 10
1717930870662 9770.5 11
1717930880680 9798.1 12
1717930890696 9758.5 13
1717930900715 9707.2 14
1717930910738 9706.5 15
1717930920757 9709.5 16
1717930930780 9765.3 17
1717930940795 9784.0 18
1717930950809 9775.5 19
1717930960822 9810.3 20
1717930970836 9823.9 21
1717930980849 9807.6 22
1717930990866 9770.1 23
1717931000883 9781.2 24
1717931010909 9775.6 25
1717931020927 9755.9 26
1717931030944 9691.6 27
1717931040962 9633.0 28
1717931050976 9776.1 29
1717931060995 9845.0 30
1717931071008 9816.7 31
1717931081022 9736.6 32
1717931091034 9715.1 33
1717931101046 9801.7 34
1717931111069 9882.5 35
1717931121083 9876.1 36
1717931131098 9778.1 37
1717931141113 9742.8 38
1717931151129 9765.6 39
1717931161142 9778.1 40
1717931171165 9868.3 41
1717931181186 9883.5 42
1717931191209 9838.1 43
1717931201230 9776.9 44
1717931211249 9885.8 45
1717931221267 9960.3 46
1717931231284 9858.7 47
1717931241305 9865.1 48
1717931251335 9920.3 49
1717931261357 9963.3 50
1717931271379 10158.9 51
1717931281395 10228.3 52
1717931291420 9989.1 53
1717931301443 10142.5 54
1717931311458 10125.2 55
1717931321478 10176.7 56
1717931331493 10106.9 57
1717931341513 9987.4 58
1717931351531 9966.3 59
1717931361549 9992.2 60
1717931371568 9958.8 61
1717931381585 9857.5 62
1717931391603 9958.7 63
1717931401629 9965.5 64
1717931411645 9999.1 65
1717931421659 10021.0 66
1717931431674 9811.3 67
1717931441690 9855.9 68
1717931451706 9932.6 69
1717931461730 9840.7 70
1717931471747 9909.3 71
1717931481766 9888.3 72
1717931491793 9886.4 73
1717931501811 9832.5 74
1717931511840 9832.2 75
1717931521868 9805.6 76
1717931531889 9764.3 77
1717931541909 9777.8 78
1717931551940 9759.6 79
1717931561961 9783.0 80
1717931571994 9786.3 81
1717931582008 9818.3 82
1717931592024 9800.5 83
1717931602044 9849.0 84
1717931612066 9805.6 85
1717931622087 9800.3 86
1717931632104 9805.1 87
1717931642131 9815.4 88
1717931652163 9787.9 89
1717931662187 9789.8 90
1717931672207 9809.3 91
1717931682225 9758.2 92
1717931692246 9746.5 93
1717931702266 9749.7 94
1717931712284 9747.2 95
1717931722308 9794.9 96
1717931732332 9803.8 97
1717931742350 9770.4 98
1717931752369 9801.5 99
1717931762387 9808.6 100
1717931772403 9810.8 101
1717931782420 9810.0 102
1717931792439 9790.8 103
1717931802456 9780.3 104
1717931812503 9781.5 105
1717931822526 9786.0 106
1717931832589 9734.1 107
1717931842626 9754.2 108
1717931852675 9763.5 109
1717931862692 9765.5 110
1717931872740 9748.0 111
1717931882757 9758.2 112
1717931892773 9719.5 113
1717931902822 9771.2 114
1717931912874 9764.1 115
1717931922948 9796.9 116
1717931932979 9812.8 117
1717931943002 9816.6 118
1717931953033 9828.8 119
1717931963063 9874.7 120
1717931973094 9856.0 121
1717931983115 9844.6 122
1717931993192 9851.0 123
1717932003211 9838.1 124
1717932013468 9814.0 125
1717932023488 9835.6 126
1717932033520 10059.1 127
1717932043541 10196.4 128
1717932053571 10204.8 129
1717932063590 10338.8 130
1717932073615 10310.3 131
1717932083641 10353.3 132
1717932093663 10241.6 133
1717932103749 10221.2 134
1717932113822 10181.4 135
1717932123845 10157.8 136
1717932133873 10105.6 137
1717932143953 10131.2 138
1717932153973 10131.3 139
1717932163995 10134.8 140
1717932174017 10181.4 141
1717932184039 10122.8 142
1717932194061 10133.0 143
1717932204080 10353.4 144
1717932214110 10321.8 145
1717932224173 10308.2 146
1717932234247 10268.1 147
1717932244281 10287.6 148
1717932254340 10292.2 149
1717932264410 10333.1 150
1717932274433 10319.0 151
1717932284513 10295.6 152
1717932294569 10281.0 153
1717932304597 10272.5 154
1717932314619 10293.1 155
1717932324685 10348.3 156
1717932334754 10359.8 157
1717932344776 10359.8 158
1717932354802 10394.7 159
1717932364824 10316.8 160
1717932374850 10316.0 161
1717932384871 10354.0 162
1717932394901 10368.5 163
1717932404933 10365.8 164
1717932414962 10584.2 165
1717932424990 10608.5 166
1717932435017 10497.6 167
1717932445069 10379.7 168
1717932455156 10389.3 169
1717932465223 10378.2 170
1717932475255 10455.7 171
1717932485275 10541.1 172
1717932495301 10536.5 173
1717932505325 10165.5 174
1717932515391 10434.6 175
1717932525414 10312.1 176
1717932535440 10327.2 177
1717932545461 10345.7 178
1717932555480 10461.6 179
1717932565562 10479.2 180
1717932575583 10483.3 181
