1717930762770 0.02 100
1717930773151 0.04 200
1717930783213 0.05 300
1717930793217 0.07 400
1717930803248 0.09 500
1717930813248 0.11 600
1717930823249 0.12 700
1717930833283 0.14 800
1717930843652 0.16 900
1717930853718 0.18 1000
1717930860569 0.18 1000
1717930870869 0.19 1100
1717930881128 0.21 1200
1717930891566 0.23 1300
1717930902071 0.25 1400
1717930912611 0.26 1500
1717930922884 0.28 1600
1717930933119 0.3 1700
1717930943330 0.32 1800
1717930953551 0.33 1900
1717930963730 0.35 2000
1717930970743 0.35 2000
1717930981032 0.37 2100
1717930991116 0.39 2200
1717931000449 0.4 2300
1717931009929 0.42 2400
1717931019448 0.44 2500
1717931028965 0.46 2600
1717931038549 0.47 2700
1717931048093 0.49 2800
1717931057555 0.51 2900
1717931066874 0.53 3000
1717931073323 0.53 3000
1717931084136 0.54 3100
1717931093535 0.56 3200
1717931103006 0.58 3300
1717931112417 0.6 3400
1717931121956 0.61 3500
1717931131565 0.63 3600
1717931141178 0.65 3700
1717931150727 0.67 3800
1717931161144 0.68 3900
1717931171374 0.7 4000
1717931178569 0.7 4000
1717931189041 0.72 4100
1717931199878 0.74 4200
1717931210426 0.75 4300
1717931220893 0.77 4400
1717931231251 0.79 4500
1717931241743 0.81 4600
1717931252281 0.82 4700
1717931262834 0.84 4800
1717931273388 0.86 4900
1717931283788 0.88 5000
1717931290874 0.88 5000
1717931301113 0.89 5100
1717931311398 0.91 5200
1717931321830 0.93 5300
1717931332867 0.95 5400
1717931343779 0.96 5500
1717931354076 0.98 5600
1717931364178 1.0 5700
1717931375659 1.02 5800
1717931386522 1.03 5900
1717931397053 1.05 6000
1717931403654 1.05 6000
1717931414202 1.07 6100
1717931423487 1.09 6200
1717931432916 1.1 6300
1717931442440 1.12 6400
1717931451956 1.14 6500
1717931461525 1.16 6600
1717931471233 1.18 6700
1717931480798 1.19 6800
1717931490370 1.21 6900
1717931499717 1.23 7000
1717931506106 1.23 7000
1717931515474 1.25 7100
1717931524861 1.26 7200
1717931534265 1.28 7300
1717931543864 1.3 7400
1717931553504 1.32 7500
1717931562833 1.33 7600
1717931572360 1.35 7700
1717931581841 1.37 7800
1717931591370 1.39 7900
1717931600853 1.4 8000
1717931607294 1.4 8000
1717931616832 1.42 8100
1717931626425 1.44 8200
1717931635955 1.46 8300
1717931645436 1.47 8400
1717931654886 1.49 8500
1717931664532 1.51 8600
1717931674194 1.53 8700
1717931683553 1.54 8800
1717931692927 1.56 8900
1717931702321 1.58 9000
1717931708700 1.58 9000
1717931719349 1.6 9100
1717931728749 1.61 9200
1717931738143 1.63 9300
1717931747539 1.65 9400
1717931756943 1.67 9500
1717931766332 1.68 9600
1717931775718 1.7 9700
1717931785113 1.72 9800
1717931794471 1.74 9900
1717931803833 1.75 10000
1717931810221 1.75 10000
1717931819594 1.77 10100
1717931828995 1.79 10200
1717931838377 1.81 10300
1717931847773 1.82 10400
1717931857131 1.84 10500
1717931866496 1.86 10600
1717931875861 1.88 10700
1717931885230 1.89 10800
1717931894603 1.91 10900
1717931904060 1.93 11000
1717931910467 1.93 11000
1717931920169 1.95 11100
1717931929699 1.96 11200
1717931939320 1.98 11300
1717931948996 2.0 11400
1717931958393 2.02 11500
1717931967987 2.03 11600
1717931977608 2.05 11700
1717931986947 2.07 11800
1717931996320 2.09 11900
1717932005768 2.1 12000
1717932012175 2.1 12000
1717932023152 2.12 12100
1717932033008 2.14 12200
1717932042592 2.16 12300
1717932052257 2.17 12400
1717932062304 2.19 12500
1717932072288 2.21 12600
1717932081928 2.23 12700
1717932091343 2.24 12800
1717932100783 2.26 12900
1717932110560 2.28 13000
1717932116969 2.28 13000
1717932126303 2.3 13100
1717932135642 2.31 13200
1717932145026 2.33 13300
1717932154398 2.35 13400
1717932163747 2.37 13500
1717932173098 2.39 13600
1717932182450 2.4 13700
1717932192186 2.42 13800
1717932202482 2.44 13900
1717932212755 2.46 14000
1717932219698 2.46 14000
1717932229979 2.47 14100
1717932240268 2.49 14200
1717932250506 2.51 14300
1717932260768 2.53 14400
1717932270941 2.54 14500
1717932281108 2.56 14600
1717932291208 2.58 14700
1717932301406 2.6 14800
1717932311701 2.61 14900
1717932322241 2.63 15000
1717932329250 2.63 15000
1717932340983 2.65 15100
1717932351405 2.67 15200
1717932361771 2.68 15300
1717932372262 2.7 15400
1717932382722 2.72 15500
1717932393123 2.74 15600
1717932404023 2.75 15700
1717932415368 2.77 15800
1717932426637 2.79 15900
1717932437922 2.81 16000
1717932445614 2.81 16000
1717932456902 2.82 16100
1717932467529 2.84 16200
1717932478397 2.86 16300
1717932489107 2.88 16400
1717932499834 2.89 16500
1717932511834 2.91 16600
1717932523776 2.93 16700
1717932535728 2.95 16800
1717932547694 2.96 16900
1717932559616 2.98 17000
1717932567894 2.98 17000
1717932579791 3.0 17100
1717932580578 3.0 17106
