1717930762770 1.64766263961792 100
1717930773151 2.1139683723449707 200
1717930783213 3.274496078491211 300
1717930793217 3.998946189880371 400
1717930803248 8.086230278015137 500
1717930813248 9.165889739990234 600
1717930823249 7.6074442863464355 700
1717930833283 11.758259773254395 800
1717930843652 12.720529556274414 900
1717930853718 11.576812744140625 1000
1717930870869 8.624588012695312 1100
1717930881128 11.220025062561035 1200
1717930891566 7.011895179748535 1300
1717930902071 8.094223022460938 1400
1717930912611 8.166681289672852 1500
1717930922884 15.888094902038574 1600
1717930933119 8.370098114013672 1700
1717930943330 8.64338207244873 1800
1717930953551 10.824263572692871 1900
1717930963730 7.526483058929443 2000
1717930981032 4.347235202789307 2100
1717930991116 6.152319431304932 2200
1717931000449 11.030799865722656 2300
1717931009929 9.763018608093262 2400
1717931019448 4.498435020446777 2500
1717931028965 11.184971809387207 2600
1717931038549 7.005459785461426 2700
1717931048093 8.511224746704102 2800
1717931057555 8.651985168457031 2900
1717931066874 5.097532749176025 3000
1717931084136 6.455399990081787 3100
1717931093535 9.176651000976562 3200
1717931103006 5.132047176361084 3300
1717931112417 6.866933822631836 3400
1717931121956 5.715210914611816 3500
1717931131565 7.349271774291992 3600
1717931141178 8.209404945373535 3700
1717931150727 6.313498020172119 3800
1717931161144 3.6147077083587646 3900
1717931171374 4.8248114585876465 4000
1717931189041 10.023384094238281 4100
1717931199878 8.734807968139648 4200
1717931210426 6.975393772125244 4300
1717931220893 4.698858261108398 4400
1717931231251 9.12786865234375 4500
1717931241743 9.121040344238281 4600
1717931252281 6.963310241699219 4700
1717931262834 15.910468101501465 4800
1717931273388 6.49113655090332 4900
1717931283788 11.132939338684082 5000
1717931301113 7.181522846221924 5100
1717931311398 5.187593460083008 5200
1717931321830 8.854317665100098 5300
1717931332867 8.638480186462402 5400
1717931343779 4.958484172821045 5500
1717931354076 12.394277572631836 5600
1717931364178 6.1330695152282715 5700
1717931375659 6.3956522941589355 5800
1717931386522 3.9453625679016113 5900
1717931397053 8.139508247375488 6000
1717931414202 4.144016742706299 6100
1717931423487 9.432973861694336 6200
1717931432916 10.676010131835938 6300
1717931442440 7.503792762756348 6400
1717931451956 14.472651481628418 6500
1717931461525 12.92233657836914 6600
1717931471233 6.402714729309082 6700
1717931480798 15.233922958374023 6800
1717931490370 13.15170955657959 6900
1717931499717 6.800695419311523 7000
1717931515474 6.594933032989502 7100
1717931524861 9.353440284729004 7200
1717931534265 4.876273155212402 7300
1717931543864 4.104384899139404 7400
1717931553504 11.295223236083984 7500
1717931562833 6.456889629364014 7600
1717931572360 9.272031784057617 7700
1717931581841 19.169940948486328 7800
1717931591370 8.975394248962402 7900
1717931600853 7.157054901123047 8000
1717931616832 7.095001220703125 8100
1717931626425 6.160198211669922 8200
1717931635955 12.591484069824219 8300
1717931645436 6.395206451416016 8400
1717931654886 12.498740196228027 8500
1717931664532 12.928101539611816 8600
1717931674194 6.097995281219482 8700
1717931683553 7.286166191101074 8800
1717931692927 4.92161750793457 8900
1717931702321 9.802766799926758 9000
1717931719349 15.939777374267578 9100
1717931728749 8.917892456054688 9200
1717931738143 5.607210636138916 9300
1717931747539 2.1488444805145264 9400
1717931756943 8.821578025817871 9500
1717931766332 5.612643718719482 9600
1717931775718 6.084216594696045 9700
1717931785113 8.246601104736328 9800
1717931794471 14.996319770812988 9900
1717931803833 9.897509574890137 10000
1717931819594 16.114307403564453 10100
1717931828995 8.476326942443848 10200
1717931838377 11.023551940917969 10300
1717931847773 5.995694637298584 10400
1717931857131 5.288302898406982 10500
1717931866496 16.68547821044922 10600
1717931875861 9.494551658630371 10700
1717931885230 9.255159378051758 10800
1717931894603 11.430127143859863 10900
1717931904060 13.85657024383545 11000
1717931920169 10.578922271728516 11100
1717931929699 12.013339042663574 11200
1717931939320 6.510233402252197 11300
1717931948996 14.536784172058105 11400
1717931958393 13.475311279296875 11500
1717931967987 9.842466354370117 11600
1717931977608 10.74375057220459 11700
1717931986947 2.580207586288452 11800
1717931996320 9.895354270935059 11900
1717932005768 27.309364318847656 12000
1717932023152 15.011667251586914 12100
1717932033008 20.99373435974121 12200
1717932042592 21.781557083129883 12300
1717932052257 18.343130111694336 12400
1717932062304 13.934802055358887 12500
1717932072288 10.97154712677002 12600
1717932081928 13.227071762084961 12700
1717932091343 2.222491979598999 12800
1717932100783 12.11434555053711 12900
1717932110560 32.68860626220703 13000
1717932126303 35.36833572387695 13100
1717932135642 1.0469573736190796 13200
1717932145026 0.6251120567321777 13300
1717932154398 21.160512924194336 13400
1717932163747 5.74447774887085 13500
1717932173098 22.543912887573242 13600
1717932182450 15.071375846862793 13700
1717932192186 3.25363826751709 13800
1717932202482 1.4717836380004883 13900
1717932212755 16.492473602294922 14000
1717932229979 14.171005249023438 14100
1717932240268 6.820966720581055 14200
1717932250506 18.57220458984375 14300
1717932260768 12.550923347473145 14400
1717932270941 20.166513442993164 14500
1717932281108 5.711697101593018 14600
1717932291208 12.326029777526855 14700
1717932301406 5.290623188018799 14800
1717932311701 53.13060760498047 14900
1717932322241 23.109317779541016 15000
1717932340983 27.69329261779785 15100
1717932351405 16.55198097229004 15200
1717932361771 0.4142242968082428 15300
1717932372262 17.916650772094727 15400
1717932382722 1.364991307258606 15500
1717932393123 0.3081780970096588 15600
1717932404023 26.902923583984375 15700
1717932415368 15.103206634521484 15800
1717932426637 19.049081802368164 15900
1717932437922 16.249570846557617 16000
1717932456902 27.83255958557129 16100
1717932467529 20.469552993774414 16200
1717932478397 1.2616393566131592 16300
1717932489107 63.503658294677734 16400
1717932499834 14.862025260925293 16500
1717932511834 12.225570678710938 16600
1717932523776 0.9944343566894531 16700
1717932535728 11.302181243896484 16800
1717932547694 22.62944221496582 16900
1717932559616 12.652801513671875 17000
1717932579791 21.05272102355957 17100
