1717930762770 1.7533606078316775e-06 100
1717930773151 3.506721215663355e-06 200
1717930783213 5.260081823495032e-06 300
1717930793217 7.01344243132671e-06 400
1717930803248 8.766803039158388e-06 500
1717930813248 1.0520163646990064e-05 600
1717930823249 1.2273524254821742e-05 700
1717930833283 1.402688486265342e-05 800
1717930843652 1.5780245470485096e-05 900
1717930853718 1.7533606078316775e-05 1000
1717930870869 1.928696668614845e-05 1100
1717930881128 2.1040327293980128e-05 1200
1717930891566 2.2793687901811804e-05 1300
1717930902071 2.4547048509643484e-05 1400
1717930912611 2.6300409117475163e-05 1500
1717930922884 2.805376972530684e-05 1600
1717930933119 2.9807130333138516e-05 1700
1717930943330 2.9997526170877787e-05 1800
1717930953551 2.9988844953250696e-05 1900
1717930963730 2.9973922171235945e-05 2000
1717930981032 2.9952764038888398e-05 2100
1717930991116 2.9925379366749876e-05 2200
1717931000449 2.9891779558180333e-05 2300
1717931009929 2.985197860460936e-05 2400
1717931019448 2.9805993079709913e-05 2500
1717931028965 2.9753842132496845e-05 2600
1717931038549 2.9695547479352963e-05 2700
1717931048093 2.9631133394986038e-05 2800
1717931057555 2.9560626702320476e-05 2900
1717931066874 2.9484056761327864e-05 3000
1717931084136 2.9401455456801087e-05 3100
1717931093535 2.9312857185077042e-05 3200
1717931103006 2.921829883971352e-05 3300
1717931112417 2.9117819796126243e-05 3400
1717931121956 2.9011461895192332e-05 3500
1717931131565 2.8899269425827242e-05 3600
1717931141178 2.878128910654221e-05 3700
1717931150727 2.8657570065990022e-05 3800
1717931161144 2.8528163822507137e-05 3900
1717931171374 2.8393124262660766e-05 4000
1717931189041 2.8252507618809718e-05 4100
1717931199878 2.8106372445688495e-05 4200
1717931210426 2.795477959602425e-05 4300
1717931220893 2.779779219519687e-05 4400
1717931231251 2.7635475614952714e-05 4500
1717931241743 2.7467897446182865e-05 4600
1717931252281 2.7295127470777364e-05 4700
1717931262834 2.7117237632567047e-05 4800
1717931273388 2.6934302007365127e-05 4900
1717931283788 2.6746396772121012e-05 5000
1717931301113 2.6553600173199114e-05 5100
1717931311398 2.6355992493796018e-05 5200
1717931321830 2.615365602050941e-05 5300
1717931332867 2.594667500907282e-05 5400
1717931343779 2.573513564927028e-05 5500
1717931354076 2.551912602904581e-05 5600
1717931364178 2.529873609782225e-05 5700
1717931375659 2.5074057629045166e-05 5800
1717931386522 2.484518418196704e-05 5900
1717931397053 2.4612211062687897e-05 6000
1717931414202 2.4375235284468554e-05 6100
1717931423487 2.4134355527332888e-05 6200
1717931432916 2.388967209697614e-05 6300
1717931442440 2.364128688299621e-05 6400
1717931451956 2.3389303316465388e-05 6500
1717931461525 2.313382632686023e-05 6600
1717931471233 2.2874962298367457e-05 6700
1717931480798 2.261281902558408e-05 6800
1717931490370 2.234750566863025e-05 6900
1717931499717 2.2079132707693423e-05 7000
1717931515474 2.1807811897022902e-05 7100
1717931524861 2.1533656218393784e-05 7200
1717931534265 2.1256779834059786e-05 7300
1717931543864 2.097729803921447e-05 7400
1717931553504 2.0695327213980738e-05 7500
1717931562833 2.041098477494849e-05 7600
1717931572360 2.012438912628076e-05 7700
1717931581841 1.9835659610408525e-05 7800
1717931591370 1.9544916458334888e-05 7900
1717931600853 1.925228073956917e-05 8000
1717931616832 1.8957874311711915e-05 8100
1717931626425 1.8661819769711646e-05 8200
1717931635955 1.8364240394814656e-05 8300
1717931645436 1.806526010322893e-05 8400
1717931654886 1.7765003394523757e-05 8500
1717931664532 1.7463595299786308e-05 8600
1717931674194 1.716116132955701e-05 8700
1717931683553 1.685782742156515e-05 8800
1717931692927 1.6553719888286686e-05 8900
1717931702321 1.624896536434594e-05 9000
1717931719349 1.594369075378319e-05 9100
1717931728749 1.5638023177210034e-05 9200
1717931738143 1.533208991887463e-05 9300
1717931747539 1.5026018373658702e-05 9400
1717931756943 1.4719935994028585e-05 9500
1717931766332 1.4413970236962208e-05 9600
1717931775718 1.4108248510874235e-05 9700
1717931785113 1.3802898122561423e-05 9800
1717931794471 1.3498046224190295e-05 9900
1717931803833 1.319381976034919e-05 10000
1717931819594 1.2890345415186791e-05 10100
1717931828995 1.258774955965904e-05 10200
1717931838377 1.2286158198906539e-05 10300
1717931847773 1.1985696919784224e-05 10400
1717931857131 1.1686490838565274e-05 10500
1717931866496 1.1388664548840907e-05 10600
1717931875861 1.1092342069637903e-05 10700
1717931885230 1.0797646793775343e-05 10800
1717931894603 1.0504701436482108e-05 10900
1717931904060 1.0213627984296529e-05 11000
1717931920169 9.924547644269526e-06 11100
1717931929699 9.637580793492265e-06 11200
1717931939320 9.352846928969479e-06 11300
1717931948996 9.070464617859227e-06 11400
1717931958393 8.790551448099892e-06 11500
1717931967987 8.513223979444907e-06 11600
1717931977608 8.238597694925645e-06 11700
1717931986947 7.966786952762688e-06 11800
1717931996320 7.697904938745454e-06 11900
1717932005768 7.4320636191000505e-06 12000
1717932023152 7.1693736938649855e-06 12100
1717932033008 6.9099445507941134e-06 12200
1717932042592 6.6538842198060564e-06 12300
1717932052257 6.401299327999034e-06 12400
1717932062304 6.152295055249838e-06 12500
1717932072288 5.906975090415485e-06 12600
1717932081928 5.665441588155721e-06 12700
1717932091343 5.427795126394383e-06 12800
1717932100783 5.194134664437347e-06 12900
1717932110560 4.964557501764513e-06 13000
1717932126303 4.73915923751292e-06 13100
1717932135642 4.518033730667938e-06 13200
1717932145026 4.301273060979078e-06 13300
1717932154398 4.088967490616692e-06 13400
1717932163747 3.8812054265855515e-06 13500
1717932173098 3.678073383910933e-06 13600
1717932182450 3.4796559496125417e-06 13700
1717932192186 3.286035747481323e-06 13800
1717932202482 3.097293403673732e-06 13900
1717932212755 2.913507513137901e-06 14000
1717932229979 2.734754606885575e-06 14100
1717932240268 2.561109120123563e-06 14200
1717932250506 2.3926433612578595e-06 14300
1717932260768 2.2294274817834176e-06 14400
1717932270941 2.0715294470720873e-06 14500
1717932281108 1.919015008070873e-06 14600
1717932291208 1.7719476739223538e-06 14700
1717932301406 1.6303886855185595e-06 14800
1717932311701 1.494396989999406e-06 14900
1717932322241 1.364029216206309e-06 15000
1717932340983 1.2393396511011178e-06 15100
1717932351405 1.1203802171602879e-06 15200
1717932361771 1.0072004507536099e-06 15300
1717932372262 8.998474815166014e-07 15400
1717932382722 7.983660127250486e-07 15500
1717932393123 7.0279830267995e-07 15600
1717932404023 6.131841471105626e-07 15700
1717932415368 5.295608626029025e-07 15800
1717932426637 4.5196327106060366e-07 15900
1717932437922 3.804236852045967e-07 16000
1717932456902 3.149718951176189e-07 16100
1717932467529 2.556351558392289e-07 16200
1717932478397 2.024381760164201e-07 16300
1717932489107 1.5540310761458953e-07 16400
1717932499834 1.1454953669315982e-07 16500
1717932511834 7.989447524966498e-08 16600
1717932523776 5.145235413571536e-08 16700
1717932535728 2.9235017047796185e-08 16800
1717932547694 1.3251715595377634e-08 16900
1717932559616 3.509105448424865e-09 17000
1717932579791 1.1243565876672967e-11 17100
