1717930762770 1.0919 100
1717930773151 1.0435 200
1717930783213 1.0127 300
1717930793217 0.9412 400
1717930803248 0.8273 500
1717930813248 0.7828 600
1717930823249 0.7893 700
1717930833283 0.7695 800
1717930843652 0.737 900
1717930853718 0.7672 1000
1717930870869 0.7601 1100
1717930881128 0.7634 1200
1717930891566 0.7585 1300
1717930902071 0.7453 1400
1717930912611 0.7253 1500
1717930922884 0.7072 1600
1717930933119 0.7177 1700
1717930943330 0.7448 1800
1717930953551 0.6969 1900
1717930963730 0.7201 2000
1717930981032 0.7271 2100
1717930991116 0.6906 2200
1717931000449 0.7374 2300
1717931009929 0.729 2400
1717931019448 0.7187 2500
1717931028965 0.6899 2600
1717931038549 0.7185 2700
1717931048093 0.7445 2800
1717931057555 0.6922 2900
1717931066874 0.6738 3000
1717931084136 0.694 3100
1717931093535 0.7095 3200
1717931103006 0.6696 3300
1717931112417 0.6896 3400
1717931121956 0.7173 3500
1717931131565 0.7019 3600
1717931141178 0.6726 3700
1717931150727 0.6961 3800
1717931161144 0.6824 3900
1717931171374 0.7286 4000
1717931189041 0.6228 4100
1717931199878 0.6934 4200
1717931210426 0.6703 4300
1717931220893 0.6875 4400
1717931231251 0.6677 4500
1717931241743 0.6663 4600
1717931252281 0.6315 4700
1717931262834 0.688 4800
1717931273388 0.6117 4900
1717931283788 0.6606 5000
1717931301113 0.7171 5100
1717931311398 0.6724 5200
1717931321830 0.6822 5300
1717931332867 0.6447 5400
1717931343779 0.6269 5500
1717931354076 0.6639 5600
1717931364178 0.6677 5700
1717931375659 0.5498 5800
1717931386522 0.5323 5900
1717931397053 0.4806 6000
1717931414202 0.5154 6100
1717931423487 0.5382 6200
1717931432916 0.4843 6300
1717931442440 0.5539 6400
1717931451956 0.529 6500
1717931461525 0.5339 6600
1717931471233 0.5527 6700
1717931480798 0.565 6800
1717931490370 0.5518 6900
1717931499717 0.5667 7000
1717931515474 0.5588 7100
1717931524861 0.5219 7200
1717931534265 0.5331 7300
1717931543864 0.5185 7400
1717931553504 0.4749 7500
1717931562833 0.5453 7600
1717931572360 0.5267 7700
1717931581841 0.4596 7800
1717931591370 0.5411 7900
1717931600853 0.5109 8000
1717931616832 0.4839 8100
1717931626425 0.4912 8200
1717931635955 0.4965 8300
1717931645436 0.5277 8400
1717931654886 0.5317 8500
1717931664532 0.4835 8600
1717931674194 0.4915 8700
1717931683553 0.5453 8800
1717931692927 0.5124 8900
1717931702321 0.5219 9000
1717931719349 0.5025 9100
1717931728749 0.5275 9200
1717931738143 0.5262 9300
1717931747539 0.4991 9400
1717931756943 0.4801 9500
1717931766332 0.5426 9600
1717931775718 0.4724 9700
1717931785113 0.5106 9800
1717931794471 0.4906 9900
1717931803833 0.5122 10000
1717931819594 0.5135 10100
1717931828995 0.5521 10200
1717931838377 0.4896 10300
1717931847773 0.5145 10400
1717931857131 0.464 10500
1717931866496 0.5019 10600
1717931875861 0.5447 10700
1717931885230 0.4882 10800
1717931894603 0.5034 10900
1717931904060 0.5042 11000
1717931920169 0.4651 11100
1717931929699 0.5248 11200
1717931939320 0.5393 11300
1717931948996 0.5074 11400
1717931958393 0.3541 11500
1717931967987 0.3133 11600
1717931977608 0.3415 11700
1717931986947 0.3163 11800
1717931996320 0.3639 11900
1717932005768 0.323 12000
1717932023152 0.3471 12100
1717932033008 0.2979 12200
1717932042592 0.3142 12300
1717932052257 0.345 12400
1717932062304 0.3233 12500
1717932072288 0.4121 12600
1717932081928 0.2669 12700
1717932091343 0.2978 12800
1717932100783 0.3623 12900
1717932110560 0.3388 13000
1717932126303 0.3268 13100
1717932135642 0.4178 13200
1717932145026 0.2569 13300
1717932154398 0.3485 13400
1717932163747 0.3675 13500
1717932173098 0.3193 13600
1717932182450 0.2879 13700
1717932192186 0.3359 13800
1717932202482 0.3409 13900
1717932212755 0.3324 14000
1717932229979 0.3302 14100
1717932240268 0.2919 14200
1717932250506 0.3176 14300
1717932260768 0.3382 14400
1717932270941 0.3403 14500
1717932281108 0.2923 14600
1717932291208 0.2932 14700
1717932301406 0.3634 14800
1717932311701 0.2698 14900
1717932322241 0.3116 15000
1717932340983 0.3792 15100
1717932351405 0.3236 15200
1717932361771 0.3192 15300
1717932372262 0.2958 15400
1717932382722 0.3269 15500
1717932393123 0.3553 15600
1717932404023 0.3623 15700
1717932415368 0.3241 15800
1717932426637 0.3675 15900
1717932437922 0.3331 16000
1717932456902 0.3241 16100
1717932467529 0.3721 16200
1717932478397 0.3159 16300
1717932489107 0.3726 16400
1717932499834 0.2999 16500
1717932511834 0.2825 16600
1717932523776 0.3161 16700
1717932535728 0.3382 16800
1717932547694 0.2995 16900
1717932559616 0.3208 17000
1717932579791 0.3247 17100
