1717908537646 0.0 0
1717908547665 5.4 1
1717908557681 5.5 2
1717908567695 5.5 3
1717908577713 5.5 4
1717908587727 5.3 5
1717908597740 5.3 6
1717908607757 5.3 7
1717908617775 5.5 8
1717908627793 5.4 9
1717908637861 5.3 10
1717908647887 5.6 11
1717908657902 5.5 12
1717908667919 5.4 13
1717908677938 5.5 14
1717908687958 5.3 15
1717908697972 5.4 16
1717908707988 5.2 17
1717908718005 5.5 18
1717908728023 5.4 19
1717908738040 5.4 20
1717908748058 5.3 21
1717908758077 5.4 22
1717908768094 5.4 23
1717908778109 5.4 24
1717908788124 5.3 25
1717908798140 5.4 26
1717908808163 5.2 27
1717908818178 5.4 28
1717908828192 5.5 29
1717908838205 5.3 30
1717908848217 5.5 31
1717908858228 5.5 32
1717908868240 5.4 33
1717908878254 5.4 34
1717908888269 5.3 35
1717908898283 5.5 36
1717908908296 5.5 37
1717908918313 5.3 38
1717908928338 5.4 39
1717908938357 5.5 40
1717908948370 5.4 41
1717908958385 5.5 42
1717908968399 5.3 43
1717908978460 5.5 44
1717908988481 5.3 45
1717908998504 5.3 46
1717909008527 5.3 47
1717909018545 5.3 48
1717909028564 5.4 49
1717909038582 5.3 50
1717909048597 5.6 51
1717909058612 5.4 52
1717909068641 5.3 53
1717909079173 5.7 54
1717909089186 5.7 55
1717909099203 6.9 56
1717909109221 7.7 57
1717909119234 7.2 58
1717909129247 9.3 59
1717909139269 9.2 60
1717909149285 9.5 61
1717909159298 9.4 62
1717909169315 9.7 63
1717909179382 9.3 64
1717909189410 5.8 65
1717909199439 5.5 66
1717909209462 5.4 67
1717909219478 5.3 68
1717909229496 5.5 69
1717909239512 5.5 70
1717909249542 5.5 71
1717909259558 5.5 72
1717909269579 5.5 73
1717909279594 5.5 74
1717909289612 5.5 75
1717909299642 5.3 76
1717909309672 5.3 77
1717909319694 5.3 78
1717909329711 5.5 79
1717909339735 5.6 80
1717909349758 5.4 81
1717909359778 5.4 82
1717909369803 5.4 83
1717909379819 5.4 84
1717909389839 5.2 85
1717909399859 5.6 86
1717909409875 5.3 87
1717909419890 5.2 88
1717909429906 5.5 89
1717909439922 5.4 90
1717909449939 5.7 91
1717909459958 5.5 92
1717909469978 5.4 93
1717909480001 5.4 94
1717909490021 5.3 95
1717909500041 5.2 96
1717909510061 5.5 97
1717909520081 5.2 98
1717909530102 5.5 99
1717909540122 5.3 100
1717909550151 5.3 101
1717909560170 5.7 102
