1717908537646 688812.9 0
1717908547665 688814.9 1
1717908557681 688815.0 2
1717908567695 688815.2 3
1717908577713 688815.2 4
1717908587727 688815.2 5
1717908597740 688815.2 6
1717908607757 688815.2 7
1717908617775 688815.2 8
1717908627793 688815.2 9
1717908637861 688815.2 10
1717908647887 688815.2 11
1717908657902 688815.2 12
1717908667919 688815.3 13
1717908677938 688815.3 14
1717908687958 688815.3 15
1717908697972 688815.3 16
1717908707988 688817.1 17
1717908718005 688817.1 18
1717908728023 688817.2 19
1717908738040 688817.2 20
1717908748058 688817.2 21
1717908758077 688817.2 22
1717908768094 688817.2 23
1717908778109 688817.2 24
1717908788124 688817.2 25
1717908798140 688817.2 26
1717908808163 688817.2 27
1717908818178 688817.2 28
1717908828192 688817.2 29
1717908838205 688817.2 30
1717908848217 688817.2 31
1717908858228 688817.2 32
1717908868240 688817.2 33
1717908878254 688817.2 34
1717908888269 688817.2 35
1717908898283 688817.2 36
1717908908296 688817.2 37
1717908918313 688817.2 38
1717908928338 688817.2 39
1717908938357 688817.2 40
1717908948370 688817.2 41
1717908958385 688817.2 42
1717908968399 688817.2 43
1717908978460 688817.2 44
1717908988481 688817.2 45
1717908998504 688817.2 46
1717909008527 688817.2 47
1717909018545 688817.2 48
1717909028564 688817.2 49
1717909038582 688817.2 50
1717909048597 688817.2 51
1717909058612 688817.2 52
1717909068641 688817.2 53
1717909079173 688817.2 54
1717909089186 690132.3 55
1717909099203 690132.3 56
1717909109221 690132.3 57
1717909119234 690132.3 58
1717909129247 690132.3 59
1717909139269 690132.3 60
1717909149285 690132.3 61
1717909159298 690132.3 62
1717909169315 690132.3 63
1717909179382 690132.3 64
1717909189410 690132.4 65
1717909199439 690132.4 66
1717909209462 690132.4 67
1717909219478 690132.4 68
1717909229496 690132.4 69
1717909239512 690132.4 70
1717909249542 690132.4 71
1717909259558 690132.4 72
1717909269579 690132.4 73
1717909279594 690132.4 74
1717909289612 690132.4 75
1717909299642 690132.4 76
1717909309672 690132.4 77
1717909319694 690132.4 78
1717909329711 690132.4 79
1717909339735 690132.4 80
1717909349758 690132.4 81
1717909359778 690132.4 82
1717909369803 690132.4 83
1717909379819 690132.4 84
1717909389839 690132.4 85
1717909399859 690132.4 86
1717909409875 690132.4 87
1717909419890 690132.4 88
1717909429906 690132.4 89
1717909439922 690132.4 90
1717909449939 690132.4 91
1717909459958 690132.4 92
1717909469978 690132.4 93
1717909480001 690132.4 94
1717909490021 690132.4 95
1717909500041 690132.4 96
1717909510061 690132.4 97
1717909520081 690132.4 98
1717909530102 690132.4 99
1717909540122 690132.4 100
1717909550151 690132.4 101
1717909560170 690132.4 102
