1717908537646 244007.9 0
1717908547665 244005.9 1
1717908557681 244005.8 2
1717908567695 244005.6 3
1717908577713 244005.6 4
1717908587727 244005.6 5
1717908597740 244005.6 6
1717908607757 244005.6 7
1717908617775 244005.6 8
1717908627793 244005.6 9
1717908637861 244005.6 10
1717908647887 244005.6 11
1717908657902 244005.6 12
1717908667919 244005.5 13
1717908677938 244005.5 14
1717908687958 244005.5 15
1717908697972 244005.5 16
1717908707988 244003.7 17
1717908718005 244003.7 18
1717908728023 244003.6 19
1717908738040 244003.6 20
1717908748058 244003.6 21
1717908758077 244003.6 22
1717908768094 244003.6 23
1717908778109 244003.6 24
1717908788124 244003.6 25
1717908798140 244003.6 26
1717908808163 244003.6 27
1717908818178 244003.6 28
1717908828192 244003.6 29
1717908838205 244003.6 30
1717908848217 244003.6 31
1717908858228 244003.6 32
1717908868240 244003.6 33
1717908878254 244003.6 34
1717908888269 244003.6 35
1717908898283 244003.6 36
1717908908296 244003.6 37
1717908918313 244003.6 38
1717908928338 244003.6 39
1717908938357 244003.6 40
1717908948370 244003.6 41
1717908958385 244003.6 42
1717908968399 244003.6 43
1717908978460 244003.6 44
1717908988481 244003.6 45
1717908998504 244003.6 46
1717909008527 244003.6 47
1717909018545 244003.6 48
1717909028564 244003.6 49
1717909038582 244003.6 50
1717909048597 244003.6 51
1717909058612 244003.6 52
1717909068641 244003.6 53
1717909079173 244003.6 54
1717909089186 242688.5 55
1717909099203 242688.5 56
1717909109221 242688.5 57
1717909119234 242688.5 58
1717909129247 242688.5 59
1717909139269 242688.5 60
1717909149285 242688.5 61
1717909159298 242688.5 62
1717909169315 242688.5 63
1717909179382 242688.5 64
1717909189410 242688.5 65
1717909199439 242688.5 66
1717909209462 242688.5 67
1717909219478 242688.5 68
1717909229496 242688.5 69
1717909239512 242688.5 70
1717909249542 242688.5 71
1717909259558 242688.5 72
1717909269579 242688.5 73
1717909279594 242688.5 74
1717909289612 242688.5 75
1717909299642 242688.5 76
1717909309672 242688.5 77
1717909319694 242688.5 78
1717909329711 242688.5 79
1717909339735 242688.5 80
1717909349758 242688.5 81
1717909359778 242688.5 82
1717909369803 242688.5 83
1717909379819 242688.5 84
1717909389839 242688.5 85
1717909399859 242688.5 86
1717909409875 242688.5 87
1717909419890 242688.5 88
1717909429906 242688.5 89
1717909439922 242688.5 90
1717909449939 242688.5 91
1717909459958 242688.5 92
1717909469978 242688.5 93
1717909480001 242688.5 94
1717909490021 242688.5 95
1717909500041 242688.5 96
1717909510061 242688.5 97
1717909520081 242688.5 98
1717909530102 242688.5 99
1717909540122 242688.5 100
1717909550151 242688.5 101
1717909560170 242688.5 102
