1717908537646 73.8 0
1717908547665 73.8 1
1717908557681 73.8 2
1717908567695 73.8 3
1717908577713 73.8 4
1717908587727 73.8 5
1717908597740 73.8 6
1717908607757 73.8 7
1717908617775 73.8 8
1717908627793 73.8 9
1717908637861 73.8 10
1717908647887 73.8 11
1717908657902 73.8 12
1717908667919 73.8 13
1717908677938 73.8 14
1717908687958 73.8 15
1717908697972 73.8 16
1717908707988 73.8 17
1717908718005 73.8 18
1717908728023 73.8 19
1717908738040 73.8 20
1717908748058 73.8 21
1717908758077 73.8 22
1717908768094 73.8 23
1717908778109 73.8 24
1717908788124 73.8 25
1717908798140 73.8 26
1717908808163 73.8 27
1717908818178 73.8 28
1717908828192 73.8 29
1717908838205 73.8 30
1717908848217 73.8 31
1717908858228 73.8 32
1717908868240 73.8 33
1717908878254 73.8 34
1717908888269 73.8 35
1717908898283 73.8 36
1717908908296 73.8 37
1717908918313 73.8 38
1717908928338 73.8 39
1717908938357 73.8 40
1717908948370 73.8 41
1717908958385 73.8 42
1717908968399 73.8 43
1717908978460 73.8 44
1717908988481 73.8 45
1717908998504 73.8 46
1717909008527 73.8 47
1717909018545 73.8 48
1717909028564 73.8 49
1717909038582 73.8 50
1717909048597 73.8 51
1717909058612 73.8 52
1717909068641 73.8 53
1717909079173 73.8 54
1717909089186 74.0 55
1717909099203 74.0 56
1717909109221 74.0 57
1717909119234 74.0 58
1717909129247 74.0 59
1717909139269 74.0 60
1717909149285 74.0 61
1717909159298 74.0 62
1717909169315 74.0 63
1717909179382 74.0 64
1717909189410 74.0 65
1717909199439 74.0 66
1717909209462 74.0 67
1717909219478 74.0 68
1717909229496 74.0 69
1717909239512 74.0 70
1717909249542 74.0 71
1717909259558 74.0 72
1717909269579 74.0 73
1717909279594 74.0 74
1717909289612 74.0 75
1717909299642 74.0 76
1717909309672 74.0 77
1717909319694 74.0 78
1717909329711 74.0 79
1717909339735 74.0 80
1717909349758 74.0 81
1717909359778 74.0 82
1717909369803 74.0 83
1717909379819 74.0 84
1717909389839 74.0 85
1717909399859 74.0 86
1717909409875 74.0 87
1717909419890 74.0 88
1717909429906 74.0 89
1717909439922 74.0 90
1717909449939 74.0 91
1717909459958 74.0 92
1717909469978 74.0 93
1717909480001 74.0 94
1717909490021 74.0 95
1717909500041 74.0 96
1717909510061 74.0 97
1717909520081 74.0 98
1717909530102 74.0 99
1717909540122 74.0 100
1717909550151 74.0 101
1717909560170 74.0 102
