1717908537646 0.0 0
1717908547665 96.0 1
1717908557681 96.0 2
1717908567695 96.0 3
1717908577713 96.0 4
1717908587727 96.0 5
1717908597740 96.0 6
1717908607757 96.0 7
1717908617775 96.0 8
1717908627793 96.0 9
1717908637861 96.0 10
1717908647887 94.0 11
1717908657902 94.0 12
1717908667919 96.0 13
1717908677938 96.0 14
1717908687958 96.0 15
1717908697972 96.0 16
1717908707988 94.0 17
1717908718005 88.0 18
1717908728023 96.0 19
1717908738040 96.0 20
1717908748058 96.0 21
1717908758077 96.0 22
1717908768094 94.0 23
1717908778109 96.0 24
1717908788124 96.0 25
1717908798140 96.0 26
1717908808163 96.0 27
1717908818178 96.0 28
1717908828192 95.0 29
1717908838205 96.0 30
1717908848217 96.0 31
1717908858228 97.0 32
1717908868240 96.0 33
1717908878254 95.0 34
1717908888269 94.0 35
1717908898283 89.0 36
1717908908296 97.0 37
1717908918313 97.0 38
1717908928338 96.0 39
1717908938357 96.0 40
1717908948370 93.0 41
1717908958385 96.0 42
1717908968399 96.0 43
1717908978460 96.0 44
1717908988481 96.0 45
1717908998504 96.0 46
1717909008527 94.0 47
1717909018545 96.0 48
1717909028564 96.0 49
1717909038582 96.0 50
1717909048597 96.0 51
1717909058612 93.0 52
1717909068641 96.0 53
1717909079173 90.0 54
1717909089186 6.0 55
1717909099203 96.0 56
1717909109221 96.0 57
1717909119234 96.0 58
1717909129247 96.0 59
1717909139269 96.0 60
1717909149285 96.0 61
1717909159298 94.0 62
1717909169315 96.0 63
1717909179382 96.0 64
1717909189410 97.0 65
1717909199439 96.0 66
1717909209462 95.0 67
1717909219478 94.0 68
1717909229496 96.0 69
1717909239512 96.0 70
1717909249542 96.0 71
1717909259558 90.0 72
1717909269579 90.0 73
1717909279594 96.0 74
1717909289612 96.0 75
1717909299642 96.0 76
1717909309672 96.0 77
1717909319694 94.0 78
1717909329711 96.0 79
1717909339735 96.0 80
1717909349758 96.0 81
1717909359778 96.0 82
1717909369803 97.0 83
1717909379819 94.0 84
1717909389839 96.0 85
1717909399859 96.0 86
1717909409875 96.0 87
1717909419890 96.0 88
1717909429906 96.0 89
1717909439922 95.0 90
1717909449939 90.0 91
1717909459958 96.0 92
1717909469978 96.0 93
1717909480001 97.0 94
1717909490021 97.0 95
1717909500041 97.0 96
1717909510061 94.0 97
1717909520081 97.0 98
1717909530102 93.0 99
1717909540122 95.0 100
1717909550151 96.0 101
1717909560170 96.0 102
