1717908537646 1317.8 0
1717908547665 7760.2 1
1717908557681 7760.2 2
1717908567695 7760.2 3
1717908577713 7760.2 4
1717908587727 7760.2 5
1717908597740 7760.2 6
1717908607757 7760.2 7
1717908617775 7760.2 8
1717908627793 7760.2 9
1717908637861 7760.2 10
1717908647887 7760.2 11
1717908657902 7760.2 12
1717908667919 7760.2 13
1717908677938 7760.2 14
1717908687958 7760.2 15
1717908697972 7760.2 16
1717908707988 7760.2 17
1717908718005 7760.2 18
1717908728023 7760.2 19
1717908738040 7760.2 20
1717908748058 7760.2 21
1717908758077 7760.2 22
1717908768094 7760.2 23
1717908778109 7760.2 24
1717908788124 7760.2 25
1717908798140 7756.1 26
1717908808163 7756.1 27
1717908818178 7756.1 28
1717908828192 7756.1 29
1717908838205 7756.1 30
1717908848217 7756.1 31
1717908858228 7756.1 32
1717908868240 7756.1 33
1717908878254 7756.1 34
1717908888269 7756.1 35
1717908898283 7756.1 36
1717908908296 7756.1 37
1717908918313 7756.1 38
1717908928338 7756.1 39
1717908938357 7756.1 40
1717908948370 7756.1 41
1717908958385 7756.1 42
1717908968399 7756.1 43
1717908978460 7756.1 44
1717908988481 7756.1 45
1717908998504 7756.1 46
1717909008527 7756.1 47
1717909018545 7756.1 48
1717909028564 7756.1 49
1717909038582 7756.1 50
1717909048597 7756.1 51
1717909058612 7756.1 52
1717909068641 7756.1 53
1717909079173 7756.1 54
1717909089186 7762.5 55
1717909099203 7759.5 56
1717909109221 7759.2 57
1717909119234 7759.2 58
1717909129247 7759.2 59
1717909139269 7759.2 60
1717909149285 7759.2 61
1717909159298 7759.2 62
1717909169315 7759.2 63
1717909179382 7759.2 64
1717909189410 7759.2 65
1717909199439 7759.2 66
1717909209462 7759.2 67
1717909219478 7759.2 68
1717909229496 7759.2 69
1717909239512 7759.2 70
1717909249542 7759.2 71
1717909259558 7759.2 72
1717909269579 7759.2 73
1717909279594 7759.2 74
1717909289612 7759.2 75
1717909299642 7759.2 76
1717909309672 7759.2 77
1717909319694 7759.2 78
1717909329711 7759.2 79
1717909339735 7759.2 80
1717909349758 7759.2 81
1717909359778 7759.2 82
1717909369803 7759.2 83
1717909379819 7759.2 84
1717909389839 7759.2 85
1717909399859 7755.0 86
1717909409875 7755.0 87
1717909419890 7755.0 88
1717909429906 7755.0 89
1717909439922 7755.0 90
1717909449939 7755.0 91
1717909459958 7755.0 92
1717909469978 7755.0 93
1717909480001 7755.0 94
1717909490021 7755.0 95
1717909500041 7755.0 96
1717909510061 7755.0 97
1717909520081 7755.0 98
1717909530102 7755.0 99
1717909540122 7755.0 100
1717909550151 7755.0 101
1717909560170 7755.0 102
