1717908537646 10.2 0
1717908547665 60.2 1
1717908557681 60.2 2
1717908567695 60.2 3
1717908577713 60.2 4
1717908587727 60.2 5
1717908597740 60.2 6
1717908607757 60.2 7
1717908617775 60.2 8
1717908627793 60.2 9
1717908637861 60.2 10
1717908647887 60.2 11
1717908657902 60.2 12
1717908667919 60.2 13
1717908677938 60.2 14
1717908687958 60.2 15
1717908697972 60.2 16
1717908707988 60.2 17
1717908718005 60.2 18
1717908728023 60.2 19
1717908738040 60.2 20
1717908748058 60.2 21
1717908758077 60.2 22
1717908768094 60.2 23
1717908778109 60.2 24
1717908788124 60.2 25
1717908798140 60.2 26
1717908808163 60.2 27
1717908818178 60.2 28
1717908828192 60.2 29
1717908838205 60.2 30
1717908848217 60.2 31
1717908858228 60.2 32
1717908868240 60.2 33
1717908878254 60.2 34
1717908888269 60.2 35
1717908898283 60.2 36
1717908908296 60.2 37
1717908918313 60.2 38
1717908928338 60.2 39
1717908938357 60.2 40
1717908948370 60.2 41
1717908958385 60.2 42
1717908968399 60.2 43
1717908978460 60.2 44
1717908988481 60.2 45
1717908998504 60.2 46
1717909008527 60.2 47
1717909018545 60.2 48
1717909028564 60.2 49
1717909038582 60.2 50
1717909048597 60.2 51
1717909058612 60.2 52
1717909068641 60.2 53
1717909079173 60.2 54
1717909089186 60.2 55
1717909099203 60.2 56
1717909109221 60.2 57
1717909119234 60.2 58
1717909129247 60.2 59
1717909139269 60.2 60
1717909149285 60.2 61
1717909159298 60.2 62
1717909169315 60.2 63
1717909179382 60.2 64
1717909189410 60.2 65
1717909199439 60.2 66
1717909209462 60.2 67
1717909219478 60.2 68
1717909229496 60.2 69
1717909239512 60.2 70
1717909249542 60.2 71
1717909259558 60.2 72
1717909269579 60.2 73
1717909279594 60.2 74
1717909289612 60.2 75
1717909299642 60.2 76
1717909309672 60.2 77
1717909319694 60.2 78
1717909329711 60.2 79
1717909339735 60.2 80
1717909349758 60.2 81
1717909359778 60.2 82
1717909369803 60.2 83
1717909379819 60.2 84
1717909389839 60.2 85
1717909399859 60.2 86
1717909409875 60.2 87
1717909419890 60.2 88
1717909429906 60.2 89
1717909439922 60.2 90
1717909449939 60.2 91
1717909459958 60.2 92
1717909469978 60.2 93
1717909480001 60.2 94
1717909490021 60.2 95
1717909500041 60.2 96
1717909510061 60.2 97
1717909520081 60.2 98
1717909530102 60.2 99
1717909540122 60.2 100
1717909550151 60.2 101
1717909560170 60.2 102
