1717908537646 0.0 0
1717908547665 0.00019799999972747173 1
1717908557681 0.00019799999972747173 2
1717908567695 0.00019799999972747173 3
1717908577713 0.00019799999972747173 4
1717908587727 0.004447999999683816 5
1717908597740 0.004640000000108557 6
1717908607757 0.004640000000108557 7
1717908617775 0.004640000000108557 8
1717908627793 0.0049319999998260755 9
1717908637861 0.004992000000129337 10
1717908647887 0.009175999999570195 11
1717908657902 0.009175999999570195 12
1717908667919 0.009175999999570195 13
1717908677938 0.009175999999570195 14
1717908687958 0.009235999999873457 15
1717908697972 0.009235999999873457 16
1717908707988 0.013420000000223808 17
1717908718005 0.013420000000223808 18
1717908728023 0.014508000000205357 19
1717908738040 0.014508000000205357 20
1717908748058 0.014763999999559019 21
1717908758077 0.014919999999619904 22
1717908768094 0.019103999999970256 23
1717908778109 0.019164000000273518 24
1717908788124 0.019164000000273518 25
1717908798140 0.02993499999956839 26
1717908808163 0.037841999999727705 27
1717908818178 0.03882700000031036 28
1717908828192 0.04301099999975122 29
1717908838205 0.04301099999975122 30
1717908848217 0.04338300000017625 31
1717908858228 0.04403699999966193 32
1717908868240 0.04403699999966193 33
1717908878254 0.0441369999998642 34
1717908888269 0.048386999999820546 35
1717908898283 0.0485129999997298 36
1717908908296 0.0485129999997298 37
1717908918313 0.0485129999997298 38
1717908928338 0.048638999999639054 39
1717908938357 0.048698999999942316 40
1717908948370 0.07363999999961379 41
1717908958385 0.07363999999961379 42
1717908968399 0.07363999999961379 43
1717908978460 0.07363999999961379 44
1717908988481 0.07363999999961379 45
1717908998504 0.07363999999961379 46
1717909008527 0.07792400000016642 47
1717909018545 0.07792400000016642 48
1717909028564 0.07901200000014796 49
1717909038582 0.07901200000014796 50
1717909048597 0.07901200000014796 51
1717909058612 0.07901200000014796 52
1717909068641 0.08325599999989208 53
1717909079173 0.08325599999989208 54
1717909089186 0.08325599999989208 55
1717909099203 0.10131000000001222 56
1717909109221 0.10937399999966146 57
1717909119234 0.11218300000018644 58
1717909129247 0.1144109999995635 59
1717909139269 0.1144109999995635 60
1717909149285 0.11466899999959423 61
1717909159298 0.11525900000015099 62
1717909169315 0.11530099999981758 63
1717909179382 0.11735700000008364 64
1717909189410 0.11955099999977392 65
1717909199439 0.11974300000019866 66
1717909209462 0.11974300000019866 67
1717909219478 0.11974300000019866 68
1717909229496 0.11992899999950168 69
1717909239512 0.1222170000000915 70
1717909249542 0.1241730000001553 71
1717909259558 0.12427299999944807 72
1717909269579 0.12427299999944807 73
1717909279594 0.12433299999975134 74
1717909289612 0.12433299999975134 75
1717909299642 0.1285170000001017 76
1717909309672 0.1285170000001017 77
1717909319694 0.1285170000001017 78
1717909329711 0.12960500000008324 79
1717909339735 0.12960500000008324 80
1717909349758 0.12960500000008324 81
1717909359778 0.1337889999995241 82
1717909369803 0.13384899999982736 83
1717909379819 0.13394900000002963 84
1717909389839 0.13394900000002963 85
1717909399859 0.15256399999998393 86
1717909409875 0.15279600000030769 87
1717909419890 0.15773300000000745 88
1717909429906 0.15773300000000745 89
1717909439922 0.15773300000000745 90
1717909449939 0.15786500000012893 91
1717909459958 0.15786500000012893 92
1717909469978 0.15786500000012893 93
1717909480001 0.1620489999995698 94
1717909490021 0.16211500000008527 95
1717909500041 0.16224099999999453 96
1717909510061 0.1623410000001968 97
1717909520081 0.1623410000001968 98
1717909530102 0.16297099999974307 99
1717909540122 0.16715500000009342 100
1717909550151 0.16715500000009342 101
1717909560170 0.16715500000009342 102
