1717908537646 0.0 0
1717908547665 0.0002579999999952065 1
1717908557681 0.000423999999995317 2
1717908567695 0.000423999999995317 3
1717908577713 0.000423999999995317 4
1717908587727 0.004694000000000642 5
1717908597740 0.004927999999999599 6
1717908607757 0.004927999999999599 7
1717908617775 0.004927999999999599 8
1717908627793 0.005173999999996681 9
1717908637861 0.005235999999996466 10
1717908647887 0.009419999999998652 11
1717908657902 0.009419999999998652 12
1717908667919 0.009419999999998652 13
1717908677938 0.009591999999997824 14
1717908687958 0.009653999999997609 15
1717908697972 0.009653999999997609 16
1717908707988 0.013837999999999795 17
1717908718005 0.013837999999999795 18
1717908728023 0.014967999999996096 19
1717908738040 0.014967999999996096 20
1717908748058 0.015139999999995268 21
1717908758077 0.015385999999999456 22
1717908768094 0.019742000000000814 23
1717908778109 0.0198040000000006 24
1717908788124 0.0198040000000006 25
1717908798140 0.026266999999997154 26
1717908808163 0.030324999999997715 27
1717908818178 0.0314599999999956 28
1717908828192 0.03573000000000093 29
1717908838205 0.03581599999999696 30
1717908848217 0.03604999999999592 31
1717908858228 0.0362220000000022 32
1717908868240 0.03639400000000137 33
1717908878254 0.03646799999999928 34
1717908888269 0.0407379999999975 35
1717908898283 0.04088600000000042 36
1717908908296 0.04088600000000042 37
1717908918313 0.04088600000000042 38
1717908928338 0.040971999999996456 39
1717908938357 0.04103399999999624 40
1717908948370 0.05576899999999796 41
1717908958385 0.05576899999999796 42
1717908968399 0.05576899999999796 43
1717908978460 0.0558550000000011 44
1717908988481 0.0558550000000011 45
1717908998504 0.0558550000000011 46
1717909008527 0.06011300000000119 47
1717909018545 0.06019899999999723 48
1717909028564 0.06115700000000146 49
1717909038582 0.06115700000000146 50
1717909048597 0.06115700000000146 51
1717909058612 0.06115700000000146 52
1717909068641 0.06548899999999946 53
1717909079173 0.06548899999999946 54
1717909089186 0.06548899999999946 55
1717909099203 0.0763159999999985 56
1717909109221 0.077340999999997 57
1717909119234 0.08021399999999801 58
1717909129247 0.08242800000000017 59
1717909139269 0.08250199999999808 60
1717909149285 0.08282200000000017 61
1717909159298 0.08290799999999621 62
1717909169315 0.08290799999999621 63
1717909179382 0.08496399999999937 64
1717909189410 0.08717800000000153 65
1717909199439 0.08741200000000049 66
1717909209462 0.08741200000000049 67
1717909219478 0.08741200000000049 68
1717909229496 0.08749799999999652 69
1717909239512 0.08978799999999865 70
1717909249542 0.0917439999999985 71
1717909259558 0.0918179999999964 72
1717909269579 0.0918179999999964 73
1717909279594 0.09196599999999933 74
1717909289612 0.09196599999999933 75
1717909299642 0.09615000000000151 76
1717909309672 0.09615000000000151 77
1717909319694 0.09623599999999755 78
1717909329711 0.09719400000000178 79
1717909339735 0.09719400000000178 80
1717909349758 0.09719400000000178 81
1717909359778 0.10137799999999686 82
1717909369803 0.10152599999999978 83
1717909379819 0.10152599999999978 84
1717909389839 0.10159999999999769 85
1717909399859 0.11135000000000161 86
1717909409875 0.11175399999999769 87
1717909419890 0.11675499999999772 88
1717909429906 0.11684100000000086 89
1717909439922 0.11684100000000086 90
1717909449939 0.11701300000000003 91
1717909459958 0.11701300000000003 92
1717909469978 0.11709899999999607 93
1717909480001 0.12128299999999825 94
1717909490021 0.12136900000000139 95
1717909500041 0.12151699999999721 96
1717909510061 0.12159099999999512 97
1717909520081 0.12159099999999512 98
1717909530102 0.12167699999999826 99
1717909540122 0.12586100000000044 100
1717909550151 0.12586100000000044 101
1717909560170 0.12594299999999947 102
