1717908537646 2599.5 0
1717908547665 2814.5 1
1717908557681 2816.7 2
1717908567695 2830.4 3
1717908577713 2831.1 4
1717908587727 2826.1 5
1717908597740 2829.0 6
1717908607757 2838.1 7
1717908617775 2826.0 8
1717908627793 2839.0 9
1717908637861 2833.6 10
1717908647887 2830.7 11
1717908657902 2862.2 12
1717908667919 2837.4 13
1717908677938 2835.7 14
1717908687958 2823.1 15
1717908697972 2833.4 16
1717908707988 2831.6 17
1717908718005 2836.9 18
1717908728023 2834.6 19
1717908738040 2841.3 20
1717908748058 2843.9 21
1717908758077 2843.5 22
1717908768094 2835.7 23
1717908778109 2839.7 24
1717908788124 2844.7 25
1717908798140 2865.1 26
1717908808163 2844.0 27
1717908818178 2846.0 28
1717908828192 2845.5 29
1717908838205 2843.1 30
1717908848217 2845.2 31
1717908858228 2839.3 32
1717908868240 2846.0 33
1717908878254 2849.7 34
1717908888269 2842.0 35
1717908898283 2841.7 36
1717908908296 2843.2 37
1717908918313 2842.3 38
1717908928338 2850.1 39
1717908938357 2851.8 40
1717908948370 2846.5 41
1717908958385 2848.7 42
1717908968399 2838.2 43
1717908978460 2842.4 44
1717908988481 2834.4 45
1717908998504 2840.1 46
1717909008527 2839.8 47
1717909018545 2833.3 48
1717909028564 2845.0 49
1717909038582 2837.1 50
1717909048597 2843.4 51
1717909058612 2837.4 52
1717909068641 2843.7 53
1717909079173 2863.1 54
1717909089186 2866.0 55
1717909099203 2919.0 56
1717909109221 2901.2 57
1717909119234 2901.0 58
1717909129247 2906.4 59
1717909139269 2922.2 60
1717909149285 2913.4 61
1717909159298 2917.5 62
1717909169315 2922.4 63
1717909179382 2921.6 64
1717909189410 2920.7 65
1717909199439 2921.2 66
1717909209462 2918.4 67
1717909219478 2889.0 68
1717909229496 2890.3 69
1717909239512 2891.0 70
1717909249542 2904.8 71
1717909259558 2922.6 72
1717909269579 2902.1 73
1717909279594 2903.9 74
1717909289612 2895.7 75
1717909299642 2901.4 76
1717909309672 2898.2 77
1717909319694 2896.4 78
1717909329711 2901.6 79
1717909339735 2897.4 80
1717909349758 2890.5 81
1717909359778 2900.8 82
1717909369803 2899.3 83
1717909379819 2902.7 84
1717909389839 2899.2 85
1717909399859 2919.1 86
1717909409875 2904.6 87
1717909419890 2908.0 88
1717909429906 2899.3 89
1717909439922 2902.3 90
1717909449939 2896.9 91
1717909459958 2896.8 92
1717909469978 2898.1 93
1717909480001 2892.7 94
1717909490021 2895.7 95
1717909500041 2894.9 96
1717909510061 2897.3 97
1717909520081 2895.7 98
1717909530102 2896.3 99
1717909540122 2898.5 100
1717909550151 2898.0 101
1717909560170 2916.0 102
