1717908537646 7.8 0
1717908547665 8.4 1
1717908557681 8.4 2
1717908567695 8.4 3
1717908577713 8.4 4
1717908587727 8.4 5
1717908597740 8.4 6
1717908607757 8.5 7
1717908617775 8.4 8
1717908627793 8.5 9
1717908637861 8.4 10
1717908647887 8.4 11
1717908657902 8.5 12
1717908667919 8.5 13
1717908677938 8.5 14
1717908687958 8.4 15
1717908697972 8.4 16
1717908707988 8.4 17
1717908718005 8.5 18
1717908728023 8.5 19
1717908738040 8.5 20
1717908748058 8.5 21
1717908758077 8.5 22
1717908768094 8.5 23
1717908778109 8.5 24
1717908788124 8.5 25
1717908798140 8.5 26
1717908808163 8.5 27
1717908818178 8.5 28
1717908828192 8.5 29
1717908838205 8.5 30
1717908848217 8.5 31
1717908858228 8.5 32
1717908868240 8.5 33
1717908878254 8.5 34
1717908888269 8.5 35
1717908898283 8.5 36
1717908908296 8.5 37
1717908918313 8.5 38
1717908928338 8.5 39
1717908938357 8.5 40
1717908948370 8.5 41
1717908958385 8.5 42
1717908968399 8.5 43
1717908978460 8.5 44
1717908988481 8.5 45
1717908998504 8.5 46
1717909008527 8.5 47
1717909018545 8.4 48
1717909028564 8.5 49
1717909038582 8.5 50
1717909048597 8.5 51
1717909058612 8.5 52
1717909068641 8.5 53
1717909079173 8.5 54
1717909089186 8.5 55
1717909099203 8.7 56
1717909109221 8.7 57
1717909119234 8.7 58
1717909129247 8.7 59
1717909139269 8.7 60
1717909149285 8.7 61
1717909159298 8.7 62
1717909169315 8.7 63
1717909179382 8.7 64
1717909189410 8.7 65
1717909199439 8.7 66
1717909209462 8.7 67
1717909219478 8.6 68
1717909229496 8.6 69
1717909239512 8.6 70
1717909249542 8.7 71
1717909259558 8.7 72
1717909269579 8.7 73
1717909279594 8.7 74
1717909289612 8.6 75
1717909299642 8.7 76
1717909309672 8.6 77
1717909319694 8.6 78
1717909329711 8.7 79
1717909339735 8.6 80
1717909349758 8.6 81
1717909359778 8.6 82
1717909369803 8.6 83
1717909379819 8.7 84
1717909389839 8.6 85
1717909399859 8.7 86
1717909409875 8.7 87
1717909419890 8.7 88
1717909429906 8.6 89
1717909439922 8.7 90
1717909449939 8.6 91
1717909459958 8.6 92
1717909469978 8.6 93
1717909480001 8.6 94
1717909490021 8.6 95
1717909500041 8.6 96
1717909510061 8.6 97
1717909520081 8.6 98
1717909530102 8.6 99
1717909540122 8.6 100
1717909550151 8.6 101
1717909560170 8.7 102
