1718199696364 0.02 10
1718199719571 0.03 20
1718199742825 0.05 30
1718199765861 0.06 40
1718199788448 0.08 50
1718199812130 0.1 60
1718199835448 0.11 70
1718199858675 0.13 80
1718199881863 0.14 90
1718199904708 0.16 100
1718199928251 0.18 110
1718199951460 0.19 120
1718199974738 0.21 130
1718199997919 0.22 140
1718200020598 0.24 150
1718200044175 0.26 160
1718200067379 0.27 170
1718200090736 0.29 180
1718200113962 0.3 190
1718200136944 0.32 200
1718200160486 0.34 210
1718200183831 0.35 220
1718200207204 0.37 230
1718200230376 0.38 240
1718200253120 0.4 250
1718200276609 0.42 260
1718200299885 0.43 270
1718200323187 0.45 280
1718200346381 0.46 290
1718200369084 0.48 300
1718200479666 0.48 300
1718200505759 0.5 310
1718200529109 0.51 320
1718200552467 0.53 330
1718200575589 0.54 340
1718200598526 0.56 350
1718200622091 0.58 360
1718200645338 0.59 370
1718200668489 0.61 380
1718200691589 0.62 390
1718200714425 0.64 400
1718200738025 0.66 410
1718200761244 0.67 420
1718200784591 0.69 430
1718200807731 0.7 440
1718200830583 0.72 450
1718200854030 0.74 460
1718200877311 0.75 470
1718200900608 0.77 480
1718200923689 0.78 490
1718200946080 0.8 500
1718200969572 0.82 510
1718200992799 0.83 520
1718201016035 0.85 530
1718201039262 0.86 540
1718201062080 0.88 550
1718201085602 0.9 560
1718201108843 0.91 570
1718201132100 0.93 580
1718201155101 0.94 590
1718201177637 0.96 600
1718201288106 0.96 600
1718201313268 0.98 610
1718201336559 0.99 620
1718201348112 1.0 625
