1718199696364 42.799949645996094 10
1718199719571 6.4409966468811035 20
1718199742825 3.76581072807312 30
1718199765861 2.0547659397125244 40
1718199788448 2.712444543838501 50
1718199812130 2.3775527477264404 60
1718199835448 2.7037551403045654 70
1718199858675 1.3573338985443115 80
1718199881863 1.2236522436141968 90
1718199904708 0.21693412959575653 100
1718199928251 2.996319055557251 110
1718199951460 39.101688385009766 120
1718199974738 85.23571014404297 130
1718199997919 2.7976067066192627 140
1718200020598 1.9892657995224 150
1718200044175 12.269218444824219 160
1718200067379 5.0030741691589355 170
1718200090736 1.0638927221298218 180
1718200113962 3.005485773086548 190
1718200136944 0.9551661014556885 200
1718200160486 1.0895488262176514 210
1718200183831 1.203081727027893 220
1718200207204 63.49803161621094 230
1718200230376 6.9532084465026855 240
1718200253120 1.2385042905807495 250
1718200276609 0.9170963764190674 260
1718200299885 0.5368257761001587 270
1718200323187 1.5883285999298096 280
1718200346381 117.83711242675781 290
1718200369084 3.8756375312805176 300
1718200505759 53.16587448120117 310
1718200529109 63.25253677368164 320
1718200552467 0.5809481739997864 330
1718200575589 6.232923984527588 340
1718200598526 11.934264183044434 350
1718200622091 0.9753850698471069 360
1718200645338 0.3268928527832031 370
1718200668489 0.7391495704650879 380
1718200691589 0.9158893823623657 390
1718200714425 1.307274341583252 400
1718200738025 1.184255599975586 410
1718200761244 0.6522767543792725 420
1718200784591 0.23588640987873077 430
1718200807731 0.4522484540939331 440
1718200830583 1.0251895189285278 450
1718200854030 0.9188973307609558 460
1718200877311 0.24578334391117096 470
1718200900608 1.1925781965255737 480
1718200923689 0.988379716873169 490
1718200946080 0.5938615202903748 500
1718200969572 1.0080007314682007 510
1718200992799 0.8231276273727417 520
1718201016035 1.079189658164978 530
1718201039262 1.0904619693756104 540
1718201062080 1.2554352283477783 550
1718201085602 1.127745509147644 560
1718201108843 1.1509127616882324 570
1718201132100 1.359490156173706 580
1718201155101 1.3577221632003784 590
1718201177637 0.604315459728241 600
1718201313268 0.4991884231567383 610
1718201336559 1.035513162612915 620
