1718199696364 6.31578947368421e-05 10
1718199719571 0.00016842105263157895 20
1718199742825 0.00019993416256221895 30
1718199765861 0.0001996119021565693 40
1718199788448 0.00019902199100196697 50
1718199812130 0.00019816601415159263 60
1718199835448 0.00019704627155997108 70
1718199858675 0.00019566577190314197 80
1718199881863 0.00019402822449454153 90
1718199904708 0.00019213802931831696 100
1718199928251 0.00019000026520685302 110
1718199951460 0.00018762067619427746 120
1718199974738 0.00018527755711586678 130
1718199997919 0.00018245663893238075 140
1718200020598 0.00017941416508447536 150
1718200044175 0.0001761583105029213 160
1718200067379 0.00017269782345874203 170
1718200090736 0.0001690420020571747 180
1718200113962 0.00016520066925426144 190
1718200136944 0.0001611841464632011 200
1718200160486 0.00015700322582137827 210
1718200183831 0.00015310911322572753 220
1718200207204 0.00014864712674321734 230
1718200230376 0.0001440544285723915 240
1718200253120 0.00013934335899667527 250
1718200276609 0.0001345265763558152 260
1718200299885 0.00012961702303373795 270
1718200323187 0.00012462789068320017 280
1718200346381 0.00011957258478066931 290
1718200369084 0.00011446468860667421 300
1718200505759 0.00010931792674840718 310
1718200529109 0.00010414612822264455 320
1718200552467 9.896318931807155e-05 330
1718200575589 9.378303625685195e-05 340
1718200598526 8.861958777576827e-05 350
1718200622091 8.348671772747487e-05 360
1718200645338 7.839821780235168e-05 370
1718200668489 7.336776047112276e-05 380
1718200691589 6.84088622478104e-05 390
1718200714425 6.35348473717345e-05 400
1718200738025 5.875881200614207e-05 410
1718200761244 5.4093589049662175e-05 420
1718200784591 4.955171365513603e-05 430
1718200807731 4.514538954847064e-05 440
1718200830583 4.088645623801534e-05 450
1718200854030 3.678635720256737e-05 460
1718200877311 3.285610914348332e-05 470
1718200900608 2.9106272383513835e-05 480
1718200923689 2.5546922491898495e-05 490
1718200946080 2.2187623211961562e-05 500
1718200969572 1.903740076395151e-05 510
1718200992799 1.6104719592169902e-05 520
1718201016035 1.339745962155613e-05 530
1718201039262 1.0922895084838037e-05 540
1718201062080 8.687674977138116e-06 550
1718201085602 6.6978051905530855e-06 560
1718201108843 4.95863237670956e-06 570
1718201132100 3.4748295806564356e-06 580
1718201155101 2.250383684694579e-06 590
1718201177637 1.2885846958814673e-06 600
1718201313268 5.920169059947411e-07 610
1718201336559 1.6255194770704586e-07 620
