1718199696364 9.4582 10
1718199719571 0.5712 20
1718199742825 0.4308 30
1718199765861 0.209 40
1718199788448 0.2402 50
1718199812130 0.1768 60
1718199835448 0.1906 70
1718199858675 0.1656 80
1718199881863 0.1407 90
1718199904708 0.1023 100
1718199928251 0.2043 110
1718199951460 0.3235 120
1718199974738 1.7408 130
1718199997919 0.8291 140
1718200020598 0.1833 150
1718200044175 0.4917 160
1718200067379 0.1854 170
1718200090736 0.2664 180
1718200113962 0.1697 190
1718200136944 0.1087 200
1718200160486 0.1424 210
1718200183831 0.2704 220
1718200207204 0.221 230
1718200230376 0.452 240
1718200253120 0.3356 250
1718200276609 0.2374 260
1718200299885 0.169 270
1718200323187 0.1209 280
1718200346381 3.2171 290
1718200369084 1.6371 300
1718200505759 1.0566 310
1718200529109 0.9048 320
1718200552467 0.176 330
1718200575589 0.1744 340
1718200598526 0.1307 350
1718200622091 0.1218 360
1718200645338 0.1023 370
1718200668489 0.1162 380
1718200691589 0.1525 390
1718200714425 0.1216 400
1718200738025 0.1855 410
1718200761244 0.1353 420
1718200784591 0.1995 430
1718200807731 0.1107 440
1718200830583 0.1095 450
1718200854030 0.0984 460
1718200877311 0.1176 470
1718200900608 0.1211 480
1718200923689 0.1147 490
1718200946080 0.1053 500
1718200969572 0.1146 510
1718200992799 0.1061 520
1718201016035 0.1027 530
1718201039262 0.1038 540
1718201062080 0.0992 550
1718201085602 0.1056 560
1718201108843 0.108 570
1718201132100 0.1028 580
1718201155101 0.0954 590
1718201177637 0.094 600
1718201313268 0.1043 610
1718201336559 0.0916 620
