1718218948071 0.0 0
1718218958099 10.6 1
1718218968127 9.2 2
1718218978156 10.3 3
1718218988194 10.7 4
1718218998231 12.5 5
1718219008272 9.0 6
1718219018301 9.5 7
1718219028339 10.5 8
1718219038374 11.3 9
1718219048401 11.1 10
1718219058423 9.2 11
1718219068456 9.3 12
1718219078496 10.0 13
1718219088522 11.2 14
1718219098544 11.4 15
1718219108572 11.5 16
1718219118600 10.3 17
1718219128623 10.1 18
1718219138647 10.2 19
1718219148669 9.7 20
1718219158696 9.4 21
1718219168717 6.5 22
1718219178746 6.2 23
1718219188776 6.1 24
1718219198798 6.0 25
1718219208823 6.3 26
1718219218845 6.6 27
1718219228866 6.2 28
1718219238888 6.0 29
1718219248910 6.1 30
1718219258932 5.8 31
1718219268961 6.1 32
1718219278983 6.1 33
1718219289004 6.7 34
1718219299026 6.1 35
1718219309045 6.7 36
1718219319065 6.3 37
1718219329086 6.6 38
1718219339108 6.7 39
1718219349130 7.1 40
1718219359152 7.4 41
1718219369174 8.3 42
1718219379196 7.6 43
1718219389217 7.4 44
1718219399241 11.4 45
1718219409266 18.3 46
1718219419304 13.7 47
1718219429330 10.6 48
1718219439352 11.6 49
1718219449373 10.3 50
1718219459403 10.4 51
1718219469438 12.1 52
1718219479466 9.3 53
1718219489493 6.1 54
1718219499520 6.2 55
1718219509540 5.9 56
1718219519571 6.9 57
1718219529592 6.1 58
1718219539612 6.3 59
1718219549635 6.3 60
1718219559657 5.9 61
1718219569681 5.9 62
1718219579703 6.3 63
1718219589727 6.2 64
1718219599756 6.7 65
1718219609796 6.1 66
1718219619822 6.3 67
1718219629846 6.2 68
1718219639868 6.3 69
1718219649892 5.9 70
1718219659916 6.1 71
1718219669939 6.1 72
1718219679970 6.1 73
1718219689994 6.3 74
1718219700018 6.3 75
1718219710047 6.2 76
1718219720080 6.0 77
1718219730105 6.6 78
1718219740144 6.3 79
1718219750184 6.0 80
1718219760212 6.2 81
1718219770240 6.9 82
1718219780263 7.5 83
1718219790293 7.2 84
1718219800324 7.7 85
1718219810353 7.5 86
1718219820378 7.9 87
1718219830406 8.0 88
1718219840435 10.4 89
