1718218948071 63.7 0
1718218958099 63.7 1
1718218968127 63.7 2
1718218978156 63.7 3
1718218988194 63.7 4
1718218998231 63.7 5
1718219008272 63.7 6
1718219018301 63.7 7
1718219028339 63.7 8
1718219038374 63.7 9
1718219048401 63.7 10
1718219058423 63.7 11
1718219068456 63.7 12
1718219078496 63.7 13
1718219088522 63.7 14
1718219098544 63.7 15
1718219108572 63.7 16
1718219118600 63.7 17
1718219128623 63.7 18
1718219138647 63.7 19
1718219148669 63.7 20
1718219158696 63.7 21
1718219168717 63.7 22
1718219178746 63.7 23
1718219188776 63.7 24
1718219198798 63.7 25
1718219208823 63.7 26
1718219218845 63.7 27
1718219228866 63.7 28
1718219238888 63.7 29
1718219248910 63.7 30
1718219258932 63.7 31
1718219268961 63.7 32
1718219278983 63.7 33
1718219289004 63.7 34
1718219299026 63.7 35
1718219309045 63.7 36
1718219319065 63.7 37
1718219329086 63.7 38
1718219339108 63.7 39
1718219349130 63.7 40
1718219359152 63.7 41
1718219369174 63.7 42
1718219379196 63.7 43
1718219389217 63.7 44
1718219399241 63.8 45
1718219409266 63.8 46
1718219419304 63.8 47
1718219429330 63.8 48
1718219439352 63.8 49
1718219449373 63.8 50
1718219459403 63.8 51
1718219469438 63.8 52
1718219479466 63.8 53
1718219489493 63.8 54
1718219499520 63.8 55
1718219509540 63.8 56
1718219519571 63.8 57
1718219529592 63.8 58
1718219539612 63.8 59
1718219549635 63.8 60
1718219559657 63.8 61
1718219569681 63.8 62
1718219579703 63.8 63
1718219589727 63.8 64
1718219599756 63.8 65
1718219609796 63.8 66
1718219619822 63.8 67
1718219629846 63.8 68
1718219639868 63.8 69
1718219649892 63.8 70
1718219659916 63.8 71
1718219669939 63.8 72
1718219679970 63.8 73
1718219689994 63.8 74
1718219700018 63.8 75
1718219710047 63.8 76
1718219720080 63.8 77
1718219730105 63.8 78
1718219740144 63.8 79
1718219750184 63.8 80
1718219760212 63.8 81
1718219770240 63.8 82
1718219780263 63.8 83
1718219790293 63.8 84
1718219800324 63.8 85
1718219810353 63.8 86
1718219820378 63.8 87
1718219830406 64.0 88
1718219840435 64.0 89
