1718218948071 593898.5 0
1718218958099 593899.9 1
1718218968127 593899.9 2
1718218978156 593899.9 3
1718218988194 593899.9 4
1718218998231 593900.7 5
1718219008272 593900.7 6
1718219018301 593900.7 7
1718219028339 593900.8 8
1718219038374 593900.8 9
1718219048401 593900.8 10
1718219058423 593900.8 11
1718219068456 593900.9 12
1718219078496 593900.9 13
1718219088522 593900.9 14
1718219098544 593901.1 15
1718219108572 593891.2 16
1718219118600 593891.4 17
1718219128623 593891.9 18
1718219138647 593895.1 19
1718219148669 593895.9 20
1718219158696 593896.0 21
1718219168717 593896.4 22
1718219178746 593896.4 23
1718219188776 593896.4 24
1718219198798 593896.4 25
1718219208823 593896.4 26
1718219218845 593896.4 27
1718219228866 593896.5 28
1718219238888 593896.5 29
1718219248910 593896.5 30
1718219258932 593896.5 31
1718219268961 593896.5 32
1718219278983 593896.5 33
1718219289004 593896.5 34
1718219299026 593896.5 35
1718219309045 593896.5 36
1718219319065 593896.5 37
1718219329086 593896.5 38
1718219339108 593896.5 39
1718219349130 593896.5 40
1718219359152 593896.5 41
1718219369174 593896.5 42
1718219379196 593896.5 43
1718219389217 593896.5 44
1718219399241 595289.9 45
1718219409266 595289.6 46
1718219419304 595291.8 47
1718219429330 595291.8 48
1718219439352 595292.6 49
1718219449373 595293.2 50
1718219459403 595293.4 51
1718219469438 595293.9 52
1718219479466 595294.6 53
1718219489493 595295.8 54
1718219499520 595295.9 55
1718219509540 595295.9 56
1718219519571 595295.9 57
1718219529592 595296.0 58
1718219539612 595296.0 59
1718219549635 595296.0 60
1718219559657 595296.0 61
1718219569681 595296.0 62
1718219579703 595296.0 63
1718219589727 595296.0 64
1718219599756 595296.1 65
1718219609796 595296.1 66
1718219619822 595296.1 67
1718219629846 595296.1 68
1718219639868 595296.1 69
1718219649892 595296.1 70
1718219659916 595296.1 71
1718219669939 595296.1 72
1718219679970 595296.1 73
1718219689994 595296.1 74
1718219700018 595296.1 75
1718219710047 595296.1 76
1718219720080 595296.1 77
1718219730105 595296.1 78
1718219740144 595296.1 79
1718219750184 595296.1 80
1718219760212 595296.1 81
1718219770240 595296.1 82
1718219780263 595296.1 83
1718219790293 595296.1 84
1718219800324 595296.1 85
1718219810353 595296.1 86
1718219820378 595296.1 87
1718219830406 596689.4 88
1718219840435 596689.5 89
