1718218948071 338922.3 0
1718218958099 338921.0 1
1718218968127 338921.0 2
1718218978156 338920.9 3
1718218988194 338920.9 4
1718218998231 338920.2 5
1718219008272 338920.1 6
1718219018301 338920.1 7
1718219028339 338920.1 8
1718219038374 338920.1 9
1718219048401 338920.1 10
1718219058423 338920.0 11
1718219068456 338919.9 12
1718219078496 338919.9 13
1718219088522 338919.9 14
1718219098544 338919.7 15
1718219108572 338929.7 16
1718219118600 338929.4 17
1718219128623 338928.9 18
1718219138647 338925.8 19
1718219148669 338924.9 20
1718219158696 338924.8 21
1718219168717 338924.4 22
1718219178746 338924.4 23
1718219188776 338924.4 24
1718219198798 338924.4 25
1718219208823 338924.4 26
1718219218845 338924.4 27
1718219228866 338924.3 28
1718219238888 338924.3 29
1718219248910 338924.3 30
1718219258932 338924.4 31
1718219268961 338924.4 32
1718219278983 338924.3 33
1718219289004 338924.3 34
1718219299026 338924.3 35
1718219309045 338924.3 36
1718219319065 338924.3 37
1718219329086 338924.3 38
1718219339108 338924.3 39
1718219349130 338924.3 40
1718219359152 338924.3 41
1718219369174 338924.3 42
1718219379196 338924.3 43
1718219389217 338924.3 44
1718219399241 337531.0 45
1718219409266 337531.3 46
1718219419304 337529.1 47
1718219429330 337529.0 48
1718219439352 337528.2 49
1718219449373 337527.6 50
1718219459403 337527.4 51
1718219469438 337526.9 52
1718219479466 337526.2 53
1718219489493 337525.0 54
1718219499520 337524.9 55
1718219509540 337524.9 56
1718219519571 337524.9 57
1718219529592 337524.8 58
1718219539612 337524.8 59
1718219549635 337524.8 60
1718219559657 337524.8 61
1718219569681 337524.8 62
1718219579703 337524.8 63
1718219589727 337524.8 64
1718219599756 337524.7 65
1718219609796 337524.7 66
1718219619822 337524.7 67
1718219629846 337524.7 68
1718219639868 337524.7 69
1718219649892 337524.7 70
1718219659916 337524.7 71
1718219669939 337524.7 72
1718219679970 337524.7 73
1718219689994 337524.7 74
1718219700018 337524.7 75
1718219710047 337524.7 76
1718219720080 337524.7 77
1718219730105 337524.7 78
1718219740144 337524.7 79
1718219750184 337524.7 80
1718219760212 337524.7 81
1718219770240 337524.7 82
1718219780263 337524.7 83
1718219790293 337524.7 84
1718219800324 337524.7 85
1718219810353 337524.7 86
1718219820378 337524.7 87
1718219830406 336131.4 88
1718219840435 336131.4 89
