1718218948071 39.3 0
1718218958099 48.0 1
1718218968127 49.1 2
1718218978156 49.1 3
1718218988194 49.9 4
1718218998231 50.4 5
1718219008272 51.5 6
1718219018301 51.5 7
1718219028339 51.5 8
1718219038374 51.4 9
1718219048401 51.4 10
1718219058423 51.3 11
1718219068456 51.3 12
1718219078496 51.3 13
1718219088522 51.5 14
1718219098544 51.9 15
1718219108572 53.1 16
1718219118600 52.6 17
1718219128623 52.8 18
1718219138647 52.8 19
1718219148669 52.7 20
1718219158696 53.2 21
1718219168717 52.2 22
1718219178746 52.2 23
1718219188776 52.2 24
1718219198798 52.1 25
1718219208823 52.1 26
1718219218845 52.2 27
1718219228866 52.2 28
1718219238888 52.2 29
1718219248910 52.1 30
1718219258932 52.1 31
1718219268961 52.1 32
1718219278983 52.2 33
1718219289004 52.2 34
1718219299026 52.2 35
1718219309045 52.1 36
1718219319065 52.1 37
1718219329086 51.7 38
1718219339108 51.8 39
1718219349130 51.7 40
1718219359152 51.7 41
1718219369174 51.7 42
1718219379196 51.7 43
1718219389217 51.7 44
1718219399241 52.3 45
1718219409266 51.8 46
1718219419304 51.5 47
1718219429330 51.5 48
1718219439352 52.0 49
1718219449373 51.6 50
1718219459403 51.8 51
1718219469438 51.9 52
1718219479466 51.7 53
1718219489493 51.8 54
1718219499520 51.8 55
1718219509540 51.7 56
1718219519571 51.7 57
1718219529592 51.7 58
1718219539612 51.5 59
1718219549635 51.6 60
1718219559657 51.6 61
1718219569681 51.5 62
1718219579703 51.5 63
1718219589727 51.5 64
1718219599756 51.6 65
1718219609796 51.6 66
1718219619822 51.5 67
1718219629846 51.5 68
1718219639868 51.5 69
1718219649892 51.5 70
1718219659916 51.6 71
1718219669939 51.6 72
1718219679970 51.5 73
1718219689994 51.5 74
1718219700018 51.5 75
1718219710047 51.6 76
1718219720080 51.6 77
1718219730105 51.5 78
1718219740144 51.5 79
1718219750184 51.5 80
1718219760212 51.6 81
1718219770240 51.6 82
1718219780263 51.5 83
1718219790293 49.8 84
1718219800324 49.8 85
1718219810353 49.8 86
1718219820378 49.8 87
1718219830406 49.9 88
1718219840435 49.8 89
