1718218948071 7.0 0
1718218958099 84.0 1
1718218968127 84.0 2
1718218978156 88.0 3
1718218988194 75.0 4
1718218998231 87.0 5
1718219008272 84.0 6
1718219018301 86.0 7
1718219028339 89.0 8
1718219038374 90.0 9
1718219048401 84.0 10
1718219058423 75.0 11
1718219068456 83.0 12
1718219078496 83.0 13
1718219088522 88.0 14
1718219098544 73.0 15
1718219108572 81.0 16
1718219118600 89.0 17
1718219128623 89.0 18
1718219138647 85.0 19
1718219148669 88.0 20
1718219158696 86.0 21
1718219168717 83.0 22
1718219178746 87.0 23
1718219188776 84.0 24
1718219198798 83.0 25
1718219208823 73.0 26
1718219218845 73.0 27
1718219228866 87.0 28
1718219238888 83.0 29
1718219248910 88.0 30
1718219258932 86.0 31
1718219268961 87.0 32
1718219278983 75.0 33
1718219289004 88.0 34
1718219299026 83.0 35
1718219309045 81.0 36
1718219319065 83.0 37
1718219329086 75.0 38
1718219339108 84.0 39
1718219349130 86.0 40
1718219359152 85.0 41
1718219369174 86.0 42
1718219379196 84.0 43
1718219389217 85.0 44
1718219399241 84.0 45
1718219409266 80.0 46
1718219419304 82.0 47
1718219429330 83.0 48
1718219439352 88.0 49
1718219449373 83.0 50
1718219459403 76.0 51
1718219469438 82.0 52
1718219479466 88.0 53
1718219489493 74.0 54
1718219499520 86.0 55
1718219509540 84.0 56
1718219519571 84.0 57
1718219529592 86.0 58
1718219539612 78.0 59
1718219549635 88.0 60
1718219559657 86.0 61
1718219569681 88.0 62
1718219579703 87.0 63
1718219589727 84.0 64
1718219599756 88.0 65
1718219609796 83.0 66
1718219619822 82.0 67
1718219629846 85.0 68
1718219639868 83.0 69
1718219649892 75.0 70
1718219659916 87.0 71
1718219669939 84.0 72
1718219679970 83.0 73
1718219689994 84.0 74
1718219700018 88.0 75
1718219710047 74.0 76
1718219720080 77.0 77
1718219730105 88.0 78
1718219740144 84.0 79
1718219750184 84.0 80
1718219760212 82.0 81
1718219770240 84.0 82
1718219780263 85.0 83
1718219790293 86.0 84
1718219800324 84.0 85
1718219810353 86.0 86
1718219820378 87.0 87
1718219830406 70.0 88
1718219840435 73.0 89
