1718218948071 5070.1 0
1718218958099 6190.9 1
1718218968127 6325.1 2
1718218978156 6323.1 3
1718218988194 6429.6 4
1718218998231 6487.8 5
1718219008272 6638.2 6
1718219018301 6634.7 7
1718219028339 6634.7 8
1718219038374 6619.2 9
1718219048401 6624.2 10
1718219058423 6615.6 11
1718219068456 6615.7 12
1718219078496 6615.6 13
1718219088522 6640.7 14
1718219098544 6684.5 15
1718219108572 6844.3 16
1718219118600 6783.0 17
1718219128623 6806.4 18
1718219138647 6808.5 19
1718219148669 6793.5 20
1718219158696 6850.0 21
1718219168717 6723.6 22
1718219178746 6727.8 23
1718219188776 6729.8 24
1718219198798 6719.4 25
1718219208823 6719.4 26
1718219218845 6721.1 27
1718219228866 6727.6 28
1718219238888 6727.3 29
1718219248910 6718.9 30
1718219258932 6718.9 31
1718219268961 6718.9 32
1718219278983 6723.1 33
1718219289004 6727.3 34
1718219299026 6729.3 35
1718219309045 6718.9 36
1718219319065 6718.9 37
1718219329086 6667.4 38
1718219339108 6675.8 39
1718219349130 6667.4 40
1718219359152 6667.4 41
1718219369174 6667.4 42
1718219379196 6667.4 43
1718219389217 6667.4 44
1718219399241 6736.1 45
1718219409266 6671.9 46
1718219419304 6634.1 47
1718219429330 6636.0 48
1718219439352 6695.7 49
1718219449373 6653.7 50
1718219459403 6671.1 51
1718219469438 6688.7 52
1718219479466 6667.8 53
1718219489493 6676.2 54
1718219499520 6676.2 55
1718219509540 6667.8 56
1718219519571 6667.8 57
1718219529592 6667.0 58
1718219539612 6638.1 59
1718219549635 6642.3 60
1718219559657 6644.2 61
1718219569681 6633.9 62
1718219579703 6635.8 63
1718219589727 6634.0 64
1718219599756 6642.4 65
1718219609796 6642.4 66
1718219619822 6634.0 67
1718219629846 6634.0 68
1718219639868 6634.0 69
1718219649892 6638.2 70
1718219659916 6642.4 71
1718219669939 6644.4 72
1718219679970 6634.0 73
1718219689994 6634.0 74
1718219700018 6631.9 75
1718219710047 6642.4 76
1718219720080 6642.4 77
1718219730105 6634.0 78
1718219740144 6634.0 79
1718219750184 6634.0 80
1718219760212 6642.4 81
1718219770240 6642.4 82
1718219780263 6634.0 83
1718219790293 6420.8 84
1718219800324 6420.8 85
1718219810353 6420.8 86
1718219820378 6420.8 87
1718219830406 6429.2 88
1718219840435 6418.7 89
