1718218948071 0.0 0
1718218958099 0.02559400000001233 1
1718218968127 0.030797000000006847 2
1718218978156 0.04695100000003549 3
1718218988194 0.048935000000028595 4
1718218998231 0.17551900000000842 5
1718219008272 0.21796000000000504 6
1718219018301 0.264754000000039 7
1718219028339 0.34643900000003214 8
1718219038374 0.40699900000004163 9
1718219048401 0.5067720000000122 10
1718219058423 0.5656790000000456 11
1718219068456 0.6038819999999987 12
1718219078496 0.6358560000000466 13
1718219088522 0.7201750000000402 14
1718219098544 0.865188000000046 15
1718219108572 1.1004700000000298 16
1718219118600 1.1398760000000152 17
1718219128623 1.1896639999999934 18
1718219138647 1.268529000000001 19
1718219148669 1.33966300000003 20
1718219158696 1.36687900000004 21
1718219168717 1.3703690000000393 22
1718219178746 1.3835500000000138 23
1718219188776 1.3894109999999955 24
1718219198798 1.4031229999999937 25
1718219208823 1.4173720000000003 26
1718219218845 1.4386350000000334 27
1718219228866 1.4414970000000267 28
1718219238888 1.4454039999999964 29
1718219248910 1.4502150000000142 30
1718219258932 1.451878000000022 31
1718219268961 1.4530840000000467 32
1718219278983 1.4780470000000037 33
1718219289004 1.4841780000000426 34
1718219299026 1.4866210000000137 35
1718219309045 1.4931210000000306 36
1718219319065 1.5144650000000297 37
1718219329086 1.5193250000000376 38
1718219339108 1.530462 39
1718219349130 1.5374480000000403 40
1718219359152 1.5401280000000384 41
1718219369174 1.5456700000000296 42
1718219379196 1.5477010000000178 43
1718219389217 1.5488880000000336 44
1718219399241 1.589808000000005 45
1718219409266 1.6495310000000245 46
1718219419304 1.7333090000000198 47
1718219429330 1.7456999999999994 48
1718219439352 1.8035240000000385 49
1718219449373 1.813711000000012 50
1718219459403 1.8582160000000272 51
1718219469438 1.8741980000000353 52
1718219479466 1.9008300000000418 53
1718219489493 1.9114100000000462 54
1718219499520 1.9242960000000267 55
1718219509540 1.927090000000021 56
1718219519571 1.949668000000031 57
1718219529592 1.9659460000000308 58
1718219539612 1.9727330000000052 59
1718219549635 1.9805200000000127 60
1718219559657 1.9901140000000055 61
1718219569681 1.9921680000000492 62
1718219579703 2.0173630000000458 63
1718219589727 2.019497000000001 64
1718219599756 2.0270000000000437 65
1718219609796 2.0345460000000344 66
1718219619822 2.0504870000000324 67
1718219629846 2.0531370000000493 68
1718219639868 2.0786090000000286 69
1718219649892 2.079791 70
1718219659916 2.0852910000000406 71
1718219669939 2.090865000000008 72
1718219679970 2.0946630000000255 73
1718219689994 2.0961000000000354 74
1718219700018 2.113330000000019 75
1718219710047 2.1194560000000138 76
1718219720080 2.1211470000000077 77
1718219730105 2.1304020000000037 78
1718219740144 2.1326250000000186 79
1718219750184 2.133938999999998 80
1718219760212 2.155081999999993 81
1718219770240 2.159830999999997 82
1718219780263 2.1675299999999993 83
1718219790293 2.1931979999999953 84
1718219800324 2.213481999999999 85
1718219810353 2.2189630000000307 86
1718219820378 2.227979000000005 87
1718219830406 2.233038000000022 88
1718219840435 2.2380260000000476 89
