1718218948071 0.0 0
1718218958099 0.016886000001250068 1
1718218968127 0.022294000000329106 2
1718218978156 0.03319999999985157 3
1718218988194 0.03530000000137079 4
1718218998231 2.085160000000542 5
1718219008272 3.174951000000874 6
1718219018301 3.938679000000775 7
1718219028339 5.40383600000132 8
1718219038374 6.799587999999858 9
1718219048401 9.894460000001345 10
1718219058423 12.174074000000473 11
1718219068456 13.569540000000416 12
1718219078496 15.241104000000632 13
1718219088522 16.881212000000232 14
1718219098544 18.852822000000742 15
1718219108572 28.389585000000807 16
1718219118600 29.800812999999835 17
1718219128623 30.135009999999966 18
1718219138647 30.663894999999684 19
1718219148669 31.435832000001028 20
1718219158696 31.589320000000953 21
1718219168717 31.593214000000444 22
1718219178746 31.6051750000006 23
1718219188776 31.610835999999836 24
1718219198798 31.638560999999754 25
1718219208823 31.655048000000534 26
1718219218845 31.675285000001168 27
1718219228866 31.678514000001087 28
1718219238888 31.682450000000244 29
1718219248910 31.687450999999783 30
1718219258932 31.68880999999965 31
1718219268961 31.68985900000007 32
1718219278983 31.706591000000117 33
1718219289004 31.711119000001418 34
1718219299026 31.712604000000283 35
1718219309045 31.719356000001426 36
1718219319065 31.734927999999854 37
1718219329086 31.740060000000085 38
1718219339108 31.74591099999998 39
1718219349130 31.755809000000227 40
1718219359152 31.759586000000127 41
1718219369174 31.76487100000122 42
1718219379196 31.767077000000427 43
1718219389217 31.768153000000893 44
1718219399241 32.09048799999982 45
1718219409266 32.41337200000089 46
1718219419304 33.64229400000113 47
1718219429330 33.65404800000033 48
1718219439352 34.08286600000065 49
1718219449373 34.094750000000204 50
1718219459403 34.12978600000133 51
1718219469438 34.15318600000137 52
1718219479466 34.17676500000016 53
1718219489493 34.186970000000656 54
1718219499520 34.20887800000128 55
1718219509540 34.21171099999992 56
1718219519571 34.22397699999965 57
1718219529592 34.238312000001315 58
1718219539612 34.24589500000002 59
1718219549635 34.251603000000614 60
1718219559657 34.26013000000057 61
1718219569681 34.26227100000142 62
1718219579703 34.28655400000025 63
1718219589727 34.28883400000086 64
1718219599756 34.29890300000079 65
1718219609796 34.30800400000044 66
1718219619822 34.318113000001176 67
1718219629846 34.3227939999997 68
1718219639868 34.33906399999978 69
1718219649892 34.34001499999977 70
1718219659916 34.34669000000031 71
1718219669939 34.35195300000123 72
1718219679970 34.35623300000043 73
1718219689994 34.35739400000057 74
1718219700018 34.367959000001065 75
1718219710047 34.378765999999814 76
1718219720080 34.380159000000276 77
1718219730105 34.38942400000087 78
1718219740144 34.391616000000795 79
1718219750184 34.39276600000085 80
1718219760212 34.40790200000083 81
1718219770240 34.412890999999945 82
1718219780263 34.42249500000071 83
1718219790293 34.469209000000774 84
1718219800324 34.49315000000024 85
1718219810353 34.49845600000117 86
1718219820378 34.50184000000081 87
1718219830406 34.51276400000097 88
1718219840435 34.520282000001316 89
