1718218948071 33.5 0
1718218958099 37.2 1
1718218968127 37.2 2
1718218978156 37.2 3
1718218988194 37.3 4
1718218998231 37.3 5
1718219008272 37.2 6
1718219018301 37.2 7
1718219028339 37.1 8
1718219038374 37.1 9
1718219048401 37.1 10
1718219058423 37.2 11
1718219068456 37.0 12
1718219078496 36.7 13
1718219088522 36.8 14
1718219098544 36.9 15
1718219108572 37.2 16
1718219118600 37.2 17
1718219128623 37.2 18
1718219138647 37.2 19
1718219148669 37.2 20
1718219158696 37.1 21
1718219168717 37.2 22
1718219178746 37.0 23
1718219188776 36.9 24
1718219198798 36.8 25
1718219208823 36.8 26
1718219218845 36.8 27
1718219228866 37.0 28
1718219238888 36.8 29
1718219248910 36.7 30
1718219258932 36.7 31
1718219268961 36.8 32
1718219278983 36.8 33
1718219289004 36.8 34
1718219299026 36.8 35
1718219309045 36.7 36
1718219319065 36.7 37
1718219329086 36.6 38
1718219339108 37.0 39
1718219349130 37.0 40
1718219359152 37.0 41
1718219369174 36.7 42
1718219379196 36.7 43
1718219389217 36.7 44
1718219399241 40.4 45
1718219409266 40.6 46
1718219419304 40.9 47
1718219429330 40.7 48
1718219439352 41.0 49
1718219449373 40.8 50
1718219459403 40.8 51
1718219469438 41.0 52
1718219479466 41.0 53
1718219489493 40.6 54
1718219499520 40.5 55
1718219509540 40.4 56
1718219519571 40.5 57
1718219529592 40.5 58
1718219539612 40.5 59
1718219549635 40.6 60
1718219559657 40.4 61
1718219569681 40.4 62
1718219579703 40.5 63
1718219589727 40.4 64
1718219599756 40.4 65
1718219609796 40.4 66
1718219619822 40.4 67
1718219629846 40.4 68
1718219639868 40.4 69
1718219649892 40.4 70
1718219659916 40.4 71
1718219669939 40.4 72
1718219679970 40.4 73
1718219689994 40.4 74
1718219700018 40.5 75
1718219710047 40.5 76
1718219720080 40.5 77
1718219730105 40.4 78
1718219740144 40.4 79
1718219750184 40.4 80
1718219760212 40.4 81
1718219770240 40.5 82
1718219780263 40.5 83
1718219790293 41.0 84
1718219800324 40.8 85
1718219810353 40.8 86
1718219820378 40.8 87
1718219830406 40.9 88
1718219840435 40.9 89
