1718218948071 11250.2 0
1718218958099 12488.5 1
1718218968127 12472.4 2
1718218978156 12477.4 3
1718218988194 12499.0 4
1718218998231 12492.5 5
1718219008272 12461.9 6
1718219018301 12482.6 7
1718219028339 12436.9 8
1718219038374 12445.9 9
1718219048401 12458.6 10
1718219058423 12466.9 11
1718219068456 12414.5 12
1718219078496 12313.5 13
1718219088522 12354.3 14
1718219098544 12390.4 15
1718219108572 12482.7 16
1718219118600 12479.7 17
1718219128623 12490.8 18
1718219138647 12462.9 19
1718219148669 12472.2 20
1718219158696 12448.6 21
1718219168717 12472.9 22
1718219178746 12411.3 23
1718219188776 12364.5 24
1718219198798 12351.9 25
1718219208823 12346.5 26
1718219218845 12347.2 27
1718219228866 12414.3 28
1718219238888 12328.5 29
1718219248910 12318.0 30
1718219258932 12322.3 31
1718219268961 12325.6 32
1718219278983 12351.3 33
1718219289004 12328.2 34
1718219299026 12334.7 35
1718219309045 12298.0 36
1718219319065 12318.4 37
1718219329086 12285.6 38
1718219339108 12396.1 39
1718219349130 12395.2 40
1718219359152 12395.7 41
1718219369174 12313.6 42
1718219379196 12323.7 43
1718219389217 12321.1 44
1718219399241 13538.3 45
1718219409266 13629.3 46
1718219419304 13708.4 47
1718219429330 13661.8 48
1718219439352 13756.2 49
1718219449373 13685.9 50
1718219459403 13694.1 51
1718219469438 13756.6 52
1718219479466 13740.6 53
1718219489493 13604.5 54
1718219499520 13594.0 55
1718219509540 13555.7 56
1718219519571 13572.0 57
1718219529592 13572.0 58
1718219539612 13582.8 59
1718219549635 13602.1 60
1718219559657 13556.8 61
1718219569681 13552.3 62
1718219579703 13568.2 63
1718219589727 13560.0 64
1718219599756 13554.0 65
1718219609796 13540.4 66
1718219619822 13551.0 67
1718219629846 13561.2 68
1718219639868 13557.6 69
1718219649892 13557.3 70
1718219659916 13545.5 71
1718219669939 13550.2 72
1718219679970 13550.9 73
1718219689994 13556.0 74
1718219700018 13577.2 75
1718219710047 13589.4 76
1718219720080 13578.8 77
1718219730105 13563.3 78
1718219740144 13557.4 79
1718219750184 13562.9 80
1718219760212 13564.9 81
1718219770240 13576.6 82
1718219780263 13587.7 83
1718219790293 13735.3 84
1718219800324 13679.5 85
1718219810353 13672.3 86
1718219820378 13684.7 87
1718219830406 13704.0 88
1718219840435 13705.1 89
