1718309187035 0.0 0
1718309197054 8.4 1
1718309207073 6.5 2
1718309217093 6.0 3
1718309227112 6.3 4
1718309237139 6.9 5
1718309247174 8.4 6
1718309257210 6.8 7
1718309267299 6.1 8
1718309277320 7.8 9
1718309287350 7.0 10
1718309297369 8.2 11
1718309307404 6.7 12
1718309317453 7.3 13
1718309327473 6.5 14
1718309337503 6.9 15
1718309347544 7.4 16
1718309357599 7.1 17
1718309367625 7.7 18
1718309377657 7.3 19
1718309387682 9.5 20
1718309397702 7.2 21
1718309407723 6.6 22
1718309417744 7.2 23
1718309427765 9.5 24
1718309437836 7.8 25
1718309447866 7.1 26
1718309457890 6.9 27
1718309467925 7.0 28
1718309477959 8.5 29
1718309487983 8.4 30
1718309498004 6.0 31
1718309508024 7.4 32
1718309518044 6.6 33
1718309528073 7.2 34
1718309538101 8.2 35
1718309548131 7.7 36
1718309558154 5.8 37
1718309568175 6.4 38
1718309578208 5.7 39
1718309588233 5.9 40
1718309598264 7.0 41
1718309608285 6.3 42
1718309618342 6.2 43
1718309628367 5.9 44
1718309638394 5.8 45
1718309648420 5.5 46
1718309658456 6.4 47
1718309668494 5.8 48
1718309678517 5.9 49
1718309688539 5.9 50
1718309698570 6.0 51
1718309708609 6.4 52
1718309718634 6.1 53
1718309728669 5.8 54
1718309738695 6.0 55
1718309748717 6.4 56
1718309758735 5.8 57
1718309768756 5.6 58
1718309778784 7.1 59
1718309788810 6.1 60
1718309798839 6.3 61
1718309808865 5.9 62
1718309818895 6.6 63
1718309828919 6.1 64
1718309838951 6.3 65
1718309848978 6.8 66
1718309859000 6.3 67
1718309869084 6.1 68
1718309879116 6.2 69
1718309889140 6.6 70
1718309899163 7.1 71
1718309909183 6.3 72
1718309919211 6.6 73
1718309929237 9.9 74
1718309939262 8.1 75
1718309949285 9.7 76
1718309959328 9.8 77
1718309969353 9.8 78
1718309979377 10.3 79
1718309989404 10.5 80
1718309999488 9.8 81
1718310009518 8.5 82
1718310019596 5.9 83
1718310029625 6.4 84
1718310039648 5.8 85
1718310049669 5.9 86
1718310059710 5.9 87
1718310069732 5.8 88
1718310079755 6.6 89
1718310089776 5.8 90
1718310099798 5.8 91
1718310109822 6.0 92
1718310119849 5.9 93
1718310129876 6.3 94
1718310139899 6.0 95
1718310149973 5.8 96
1718310160003 6.0 97
1718310170069 5.7 98
1718310180096 6.6 99
1718310190120 5.7 100
1718310200142 5.8 101
1718310210166 5.7 102
1718310220189 5.8 103
1718310230265 5.7 104
1718310240295 6.5 105
1718310250319 5.8 106
1718310260379 6.0 107
1718310270409 5.6 108
1718310280432 6.5 109
1718310290454 5.9 110
1718310300478 6.2 111
1718310310531 5.9 112
1718310320564 5.7 113
1718310330590 6.4 114
1718310340614 6.0 115
1718310350651 5.7 116
1718310360675 5.9 117
1718310370698 6.3 118
1718310380761 5.7 119
1718310390790 5.7 120
1718310400815 6.0 121
1718310410837 6.2 122
1718310420861 5.7 123
1718310430888 6.5 124
1718310440960 5.7 125
1718310450986 5.8 126
1718310461015 6.1 127
1718310471085 6.2 128
1718310481109 5.9 129
1718310491133 5.9 130
1718310501159 5.8 131
1718310511188 5.8 132
1718310521220 6.3 133
1718310531294 6.8 134
1718310541336 6.4 135
1718310551379 6.5 136
1718310561474 6.6 137
1718310571502 6.8 138
1718310581543 6.2 139
1718310591570 6.3 140
1718310601601 6.6 141
1718310611624 6.3 142
1718310621664 7.9 143
1718310631688 9.8 144
1718310641714 10.0 145
1718310651738 10.0 146
