1718309187035 311378.3 0
1718309197054 311374.9 1
1718309207073 311374.8 2
1718309217093 311374.7 3
1718309227112 311374.7 4
1718309237139 311374.3 5
1718309247174 311374.3 6
1718309257210 311374.3 7
1718309267299 311374.3 8
1718309277320 311374.3 9
1718309287350 311374.3 10
1718309297369 311374.3 11
1718309307404 311374.2 12
1718309317453 311374.2 13
1718309327473 311374.2 14
1718309337503 311374.2 15
1718309347544 311374.2 16
1718309357599 311374.2 17
1718309367625 311375.7 18
1718309377657 311377.5 19
1718309387682 311377.2 20
1718309397702 311377.1 21
1718309407723 311377.2 22
1718309417744 311373.5 23
1718309427765 311373.6 24
1718309437836 311372.5 25
1718309447866 311372.5 26
1718309457890 311372.5 27
1718309467925 311372.5 28
1718309477959 311372.4 29
1718309487983 311372.3 30
1718309498004 311372.4 31
1718309508024 311372.3 32
1718309518044 311372.3 33
1718309528073 311372.4 34
1718309538101 311372.3 35
1718309548131 311372.3 36
1718309558154 311372.3 37
1718309568175 311372.3 38
1718309578208 311372.3 39
1718309588233 311372.3 40
1718309598264 311372.3 41
1718309608285 311372.3 42
1718309618342 311372.3 43
1718309628367 311372.3 44
1718309638394 311372.3 45
1718309648420 311372.3 46
1718309658456 311372.3 47
1718309668494 311372.3 48
1718309678517 311372.3 49
1718309688539 311372.3 50
1718309698570 311372.3 51
1718309708609 311372.3 52
1718309718634 311372.2 53
1718309728669 311372.2 54
1718309738695 311372.2 55
1718309748717 311372.2 56
1718309758735 311372.2 57
1718309768756 311372.2 58
1718309778784 311346.3 59
1718309788810 311346.3 60
1718309798839 311347.0 61
1718309808865 311347.0 62
1718309818895 311347.0 63
1718309828919 311347.0 64
1718309838951 311347.0 65
1718309848978 311347.0 66
1718309859000 311347.0 67
1718309869084 311347.0 68
1718309879116 311347.0 69
1718309889140 311347.0 70
1718309899163 311347.0 71
1718309909183 311347.0 72
1718309919211 311092.5 73
1718309929237 311092.5 74
1718309939262 311092.5 75
1718309949285 311092.5 76
1718309959328 311092.5 77
1718309969353 311092.5 78
1718309979377 311092.5 79
1718309989404 311092.5 80
1718309999488 311092.5 81
1718310009518 311092.5 82
1718310019596 311092.5 83
1718310029625 311092.5 84
1718310039648 311092.5 85
1718310049669 311092.4 86
1718310059710 311092.4 87
1718310069732 311092.4 88
1718310079755 311092.4 89
1718310089776 311092.4 90
1718310099798 311092.4 91
1718310109822 311092.4 92
1718310119849 311092.4 93
1718310129876 311092.4 94
1718310139899 311092.4 95
1718310149973 311092.4 96
1718310160003 311092.4 97
1718310170069 311092.4 98
1718310180096 311092.4 99
1718310190120 311092.4 100
1718310200142 311092.4 101
1718310210166 311092.4 102
1718310220189 311092.4 103
1718310230265 311092.4 104
1718310240295 311092.4 105
1718310250319 311092.4 106
1718310260379 311092.4 107
1718310270409 311092.4 108
1718310280432 311092.4 109
1718310290454 311092.4 110
1718310300478 311092.4 111
1718310310531 311092.4 112
1718310320564 311092.4 113
1718310330590 311092.4 114
1718310340614 311092.4 115
1718310350651 311092.4 116
1718310360675 311092.4 117
1718310370698 311092.4 118
1718310380761 311092.4 119
1718310390790 311092.4 120
1718310400815 311092.4 121
1718310410837 311092.3 122
1718310420861 311092.3 123
1718310430888 311092.3 124
1718310440960 311092.3 125
1718310450986 311092.3 126
1718310461015 311092.3 127
1718310471085 311092.3 128
1718310481109 311092.3 129
1718310491133 311092.3 130
1718310501159 311092.3 131
1718310511188 311092.3 132
1718310521220 311092.3 133
1718310531294 311092.3 134
1718310541336 311092.3 135
1718310551379 311092.3 136
1718310561474 311092.3 137
1718310571502 311092.3 138
1718310581543 311092.3 139
1718310591570 311092.3 140
1718310601601 311092.3 141
1718310611624 311092.3 142
1718310621664 310837.8 143
1718310631688 310837.8 144
1718310641714 310837.8 145
1718310651738 310837.8 146
