1718309187035 66.6 0
1718309197054 66.6 1
1718309207073 66.6 2
1718309217093 66.6 3
1718309227112 66.6 4
1718309237139 66.6 5
1718309247174 66.6 6
1718309257210 66.6 7
1718309267299 66.6 8
1718309277320 66.6 9
1718309287350 66.6 10
1718309297369 66.6 11
1718309307404 66.6 12
1718309317453 66.6 13
1718309327473 66.6 14
1718309337503 66.6 15
1718309347544 66.6 16
1718309357599 66.6 17
1718309367625 66.6 18
1718309377657 66.6 19
1718309387682 66.6 20
1718309397702 66.6 21
1718309407723 66.6 22
1718309417744 66.6 23
1718309427765 66.6 24
1718309437836 66.6 25
1718309447866 66.6 26
1718309457890 66.6 27
1718309467925 66.6 28
1718309477959 66.6 29
1718309487983 66.6 30
1718309498004 66.6 31
1718309508024 66.6 32
1718309518044 66.6 33
1718309528073 66.6 34
1718309538101 66.6 35
1718309548131 66.6 36
1718309558154 66.6 37
1718309568175 66.6 38
1718309578208 66.6 39
1718309588233 66.6 40
1718309598264 66.6 41
1718309608285 66.6 42
1718309618342 66.6 43
1718309628367 66.6 44
1718309638394 66.6 45
1718309648420 66.6 46
1718309658456 66.6 47
1718309668494 66.6 48
1718309678517 66.6 49
1718309688539 66.6 50
1718309698570 66.6 51
1718309708609 66.6 52
1718309718634 66.6 53
1718309728669 66.6 54
1718309738695 66.6 55
1718309748717 66.6 56
1718309758735 66.6 57
1718309768756 66.6 58
1718309778784 66.6 59
1718309788810 66.6 60
1718309798839 66.6 61
1718309808865 66.6 62
1718309818895 66.6 63
1718309828919 66.6 64
1718309838951 66.6 65
1718309848978 66.6 66
1718309859000 66.6 67
1718309869084 66.6 68
1718309879116 66.6 69
1718309889140 66.6 70
1718309899163 66.6 71
1718309909183 66.6 72
1718309919211 66.7 73
1718309929237 66.7 74
1718309939262 66.7 75
1718309949285 66.7 76
1718309959328 66.7 77
1718309969353 66.7 78
1718309979377 66.7 79
1718309989404 66.7 80
1718309999488 66.7 81
1718310009518 66.7 82
1718310019596 66.7 83
1718310029625 66.7 84
1718310039648 66.7 85
1718310049669 66.7 86
1718310059710 66.7 87
1718310069732 66.7 88
1718310079755 66.7 89
1718310089776 66.7 90
1718310099798 66.7 91
1718310109822 66.7 92
1718310119849 66.7 93
1718310129876 66.7 94
1718310139899 66.7 95
1718310149973 66.7 96
1718310160003 66.7 97
1718310170069 66.7 98
1718310180096 66.7 99
1718310190120 66.7 100
1718310200142 66.7 101
1718310210166 66.7 102
1718310220189 66.7 103
1718310230265 66.7 104
1718310240295 66.7 105
1718310250319 66.7 106
1718310260379 66.7 107
1718310270409 66.7 108
1718310280432 66.7 109
1718310290454 66.7 110
1718310300478 66.7 111
1718310310531 66.7 112
1718310320564 66.7 113
1718310330590 66.7 114
1718310340614 66.7 115
1718310350651 66.7 116
1718310360675 66.7 117
1718310370698 66.7 118
1718310380761 66.7 119
1718310390790 66.7 120
1718310400815 66.7 121
1718310410837 66.7 122
1718310420861 66.7 123
1718310430888 66.7 124
1718310440960 66.7 125
1718310450986 66.7 126
1718310461015 66.7 127
1718310471085 66.7 128
1718310481109 66.7 129
1718310491133 66.7 130
1718310501159 66.7 131
1718310511188 66.7 132
1718310521220 66.7 133
1718310531294 66.7 134
1718310541336 66.7 135
1718310551379 66.7 136
1718310561474 66.7 137
1718310571502 66.7 138
1718310581543 66.7 139
1718310591570 66.7 140
1718310601601 66.7 141
1718310611624 66.7 142
1718310621664 66.7 143
1718310631688 66.7 144
1718310641714 66.7 145
1718310651738 66.7 146
