1718309187035 621442.6 0
1718309197054 621445.9 1
1718309207073 621446.1 2
1718309217093 621446.1 3
1718309227112 621446.1 4
1718309237139 621446.5 5
1718309247174 621446.5 6
1718309257210 621446.5 7
1718309267299 621446.5 8
1718309277320 621446.5 9
1718309287350 621446.5 10
1718309297369 621446.5 11
1718309307404 621446.6 12
1718309317453 621446.6 13
1718309327473 621446.6 14
1718309337503 621446.6 15
1718309347544 621446.6 16
1718309357599 621446.6 17
1718309367625 621445.1 18
1718309377657 621443.3 19
1718309387682 621443.6 20
1718309397702 621443.7 21
1718309407723 621443.6 22
1718309417744 621447.3 23
1718309427765 621447.2 24
1718309437836 621448.3 25
1718309447866 621448.3 26
1718309457890 621448.3 27
1718309467925 621448.3 28
1718309477959 621448.4 29
1718309487983 621448.5 30
1718309498004 621448.5 31
1718309508024 621448.5 32
1718309518044 621448.5 33
1718309528073 621448.5 34
1718309538101 621448.5 35
1718309548131 621448.5 36
1718309558154 621448.5 37
1718309568175 621448.5 38
1718309578208 621448.5 39
1718309588233 621448.5 40
1718309598264 621448.5 41
1718309608285 621448.5 42
1718309618342 621448.5 43
1718309628367 621448.5 44
1718309638394 621448.5 45
1718309648420 621448.5 46
1718309658456 621448.5 47
1718309668494 621448.5 48
1718309678517 621448.5 49
1718309688539 621448.5 50
1718309698570 621448.5 51
1718309708609 621448.5 52
1718309718634 621448.6 53
1718309728669 621448.6 54
1718309738695 621448.6 55
1718309748717 621448.6 56
1718309758735 621448.6 57
1718309768756 621448.6 58
1718309778784 621474.5 59
1718309788810 621474.5 60
1718309798839 621473.8 61
1718309808865 621473.8 62
1718309818895 621473.8 63
1718309828919 621473.9 64
1718309838951 621473.9 65
1718309848978 621473.9 66
1718309859000 621473.9 67
1718309869084 621473.9 68
1718309879116 621473.9 69
1718309889140 621473.9 70
1718309899163 621473.9 71
1718309909183 621473.9 72
1718309919211 621728.3 73
1718309929237 621728.3 74
1718309939262 621728.3 75
1718309949285 621728.3 76
1718309959328 621728.3 77
1718309969353 621728.3 78
1718309979377 621728.3 79
1718309989404 621728.3 80
1718309999488 621728.3 81
1718310009518 621728.3 82
1718310019596 621728.3 83
1718310029625 621728.3 84
1718310039648 621728.3 85
1718310049669 621728.4 86
1718310059710 621728.4 87
1718310069732 621728.4 88
1718310079755 621728.4 89
1718310089776 621728.4 90
1718310099798 621728.4 91
1718310109822 621728.4 92
1718310119849 621728.4 93
1718310129876 621728.4 94
1718310139899 621728.4 95
1718310149973 621728.4 96
1718310160003 621728.4 97
1718310170069 621728.4 98
1718310180096 621728.4 99
1718310190120 621728.4 100
1718310200142 621728.4 101
1718310210166 621728.4 102
1718310220189 621728.4 103
1718310230265 621728.4 104
1718310240295 621728.4 105
1718310250319 621728.4 106
1718310260379 621728.4 107
1718310270409 621728.4 108
1718310280432 621728.4 109
1718310290454 621728.4 110
1718310300478 621728.4 111
1718310310531 621728.4 112
1718310320564 621728.4 113
1718310330590 621728.4 114
1718310340614 621728.4 115
1718310350651 621728.4 116
1718310360675 621728.4 117
1718310370698 621728.4 118
1718310380761 621728.4 119
1718310390790 621728.4 120
1718310400815 621728.4 121
1718310410837 621728.5 122
1718310420861 621728.5 123
1718310430888 621728.5 124
1718310440960 621728.5 125
1718310450986 621728.5 126
1718310461015 621728.5 127
1718310471085 621728.5 128
1718310481109 621728.5 129
1718310491133 621728.5 130
1718310501159 621728.5 131
1718310511188 621728.5 132
1718310521220 621728.5 133
1718310531294 621728.5 134
1718310541336 621728.5 135
1718310551379 621728.5 136
1718310561474 621728.5 137
1718310571502 621728.5 138
1718310581543 621728.5 139
1718310591570 621728.5 140
1718310601601 621728.5 141
1718310611624 621728.5 142
1718310621664 621983.0 143
1718310631688 621983.0 144
1718310641714 621983.0 145
1718310651738 621983.0 146
