1718309187035 7336.8 0
1718309197054 8644.1 1
1718309207073 8795.3 2
1718309217093 8803.7 3
1718309227112 8794.7 4
1718309237139 8836.0 5
1718309247174 8878.5 6
1718309257210 8809.7 7
1718309267299 8858.3 8
1718309277320 8900.1 9
1718309287350 8864.5 10
1718309297369 8890.6 11
1718309307404 8841.7 12
1718309317453 8830.4 13
1718309327473 8857.1 14
1718309337503 8841.7 15
1718309347544 8892.7 16
1718309357599 8843.3 17
1718309367625 8776.3 18
1718309377657 8757.8 19
1718309387682 8752.7 20
1718309397702 8768.4 21
1718309407723 8737.1 22
1718309417744 8744.5 23
1718309427765 8809.2 24
1718309437836 8736.9 25
1718309447866 8765.4 26
1718309457890 8760.5 27
1718309467925 8731.0 28
1718309477959 8778.2 29
1718309487983 8813.3 30
1718309498004 8729.2 31
1718309508024 8866.2 32
1718309518044 8750.7 33
1718309528073 8785.9 34
1718309538101 8915.3 35
1718309548131 8821.1 36
1718309558154 8734.3 37
1718309568175 8742.7 38
1718309578208 8734.3 39
1718309588233 8738.3 40
1718309598264 8727.6 41
1718309608285 8734.9 42
1718309618342 8727.6 43
1718309628367 8734.9 44
1718309638394 8727.6 45
1718309648420 8727.6 46
1718309658456 8727.6 47
1718309668494 8727.6 48
1718309678517 8727.6 49
1718309688539 8684.8 50
1718309698570 8684.8 51
1718309708609 8684.8 52
1718309718634 8684.8 53
1718309728669 8684.8 54
1718309738695 8684.8 55
1718309748717 8684.8 56
1718309758735 8684.8 57
1718309768756 8684.8 58
1718309778784 8684.8 59
1718309788810 8678.5 60
1718309798839 8678.5 61
1718309808865 8678.5 62
1718309818895 8678.5 63
1718309828919 8678.5 64
1718309838951 8657.3 65
1718309848978 8657.3 66
1718309859000 8657.3 67
1718309869084 8657.3 68
1718309879116 8657.3 69
1718309889140 8615.8 70
1718309899163 8618.0 71
1718309909183 8618.0 72
1718309919211 8618.0 73
1718309929237 8618.0 74
1718309939262 8618.0 75
1718309949285 8618.0 76
1718309959328 8618.0 77
1718309969353 8618.0 78
1718309979377 8618.0 79
1718309989404 8618.0 80
1718309999488 8618.0 81
1718310009518 8618.0 82
1718310019596 8618.0 83
1718310029625 8618.0 84
1718310039648 8618.0 85
1718310049669 8618.0 86
1718310059710 8618.0 87
1718310069732 8618.0 88
1718310079755 8615.8 89
1718310089776 8615.8 90
1718310099798 8615.8 91
1718310109822 8615.8 92
1718310119849 8615.8 93
1718310129876 8615.8 94
1718310139899 8554.5 95
1718310149973 8550.4 96
1718310160003 8554.5 97
1718310170069 8550.4 98
1718310180096 8554.5 99
1718310190120 8550.4 100
1718310200142 8554.5 101
1718310210166 8550.4 102
1718310220189 8554.5 103
1718310230265 8550.4 104
1718310240295 8554.5 105
1718310250319 8549.9 106
1718310260379 8552.3 107
1718310270409 8548.1 108
1718310280432 8556.7 109
1718310290454 8553.2 110
1718310300478 8557.4 111
1718310310531 8553.2 112
1718310320564 8559.5 113
1718310330590 8555.3 114
1718310340614 8559.5 115
1718310350651 8555.3 116
1718310360675 8559.5 117
1718310370698 8555.3 118
1718310380761 8559.5 119
1718310390790 8555.3 120
1718310400815 8559.5 121
1718310410837 8555.3 122
1718310420861 8559.5 123
1718310430888 8556.6 124
1718310440960 8558.9 125
1718310450986 8554.7 126
1718310461015 8558.9 127
1718310471085 8554.7 128
1718310481109 8558.9 129
1718310491133 8554.7 130
1718310501159 8558.9 131
1718310511188 8554.7 132
1718310521220 8562.1 133
1718310531294 8554.7 134
1718310541336 8554.7 135
1718310551379 8554.7 136
1718310561474 8554.7 137
1718310571502 8554.7 138
1718310581543 8554.7 139
1718310591570 8564.3 140
1718310601601 8550.1 141
1718310611624 8550.1 142
1718310621664 8554.3 143
1718310631688 8550.1 144
1718310641714 8550.1 145
1718310651738 8550.1 146
