1718309187035 56.9 0
1718309197054 67.1 1
1718309207073 68.3 2
1718309217093 68.3 3
1718309227112 68.3 4
1718309237139 68.6 5
1718309247174 68.9 6
1718309257210 68.4 7
1718309267299 68.7 8
1718309277320 69.1 9
1718309287350 68.8 10
1718309297369 69.0 11
1718309307404 68.6 12
1718309317453 68.5 13
1718309327473 68.7 14
1718309337503 68.6 15
1718309347544 69.0 16
1718309357599 68.6 17
1718309367625 68.1 18
1718309377657 68.0 19
1718309387682 67.9 20
1718309397702 68.1 21
1718309407723 67.8 22
1718309417744 67.9 23
1718309427765 68.4 24
1718309437836 67.8 25
1718309447866 68.0 26
1718309457890 68.0 27
1718309467925 67.8 28
1718309477959 68.1 29
1718309487983 68.4 30
1718309498004 67.7 31
1718309508024 68.8 32
1718309518044 67.9 33
1718309528073 68.2 34
1718309538101 69.2 35
1718309548131 68.5 36
1718309558154 67.8 37
1718309568175 67.9 38
1718309578208 67.8 39
1718309588233 67.8 40
1718309598264 67.7 41
1718309608285 67.8 42
1718309618342 67.7 43
1718309628367 67.8 44
1718309638394 67.7 45
1718309648420 67.7 46
1718309658456 67.7 47
1718309668494 67.7 48
1718309678517 67.7 49
1718309688539 67.4 50
1718309698570 67.4 51
1718309708609 67.4 52
1718309718634 67.4 53
1718309728669 67.4 54
1718309738695 67.4 55
1718309748717 67.4 56
1718309758735 67.4 57
1718309768756 67.4 58
1718309778784 67.4 59
1718309788810 67.4 60
1718309798839 67.4 61
1718309808865 67.4 62
1718309818895 67.4 63
1718309828919 67.4 64
1718309838951 67.2 65
1718309848978 67.2 66
1718309859000 67.2 67
1718309869084 67.2 68
1718309879116 67.2 69
1718309889140 66.9 70
1718309899163 66.9 71
1718309909183 66.9 72
1718309919211 66.9 73
1718309929237 66.9 74
1718309939262 66.9 75
1718309949285 66.9 76
1718309959328 66.9 77
1718309969353 66.9 78
1718309979377 66.9 79
1718309989404 66.9 80
1718309999488 66.9 81
1718310009518 66.9 82
1718310019596 66.9 83
1718310029625 66.9 84
1718310039648 66.9 85
1718310049669 66.9 86
1718310059710 66.9 87
1718310069732 66.9 88
1718310079755 66.9 89
1718310089776 66.9 90
1718310099798 66.9 91
1718310109822 66.9 92
1718310119849 66.9 93
1718310129876 66.9 94
1718310139899 66.4 95
1718310149973 66.4 96
1718310160003 66.4 97
1718310170069 66.4 98
1718310180096 66.4 99
1718310190120 66.4 100
1718310200142 66.4 101
1718310210166 66.4 102
1718310220189 66.4 103
1718310230265 66.4 104
1718310240295 66.4 105
1718310250319 66.4 106
1718310260379 66.4 107
1718310270409 66.3 108
1718310280432 66.4 109
1718310290454 66.4 110
1718310300478 66.4 111
1718310310531 66.4 112
1718310320564 66.4 113
1718310330590 66.4 114
1718310340614 66.4 115
1718310350651 66.4 116
1718310360675 66.4 117
1718310370698 66.4 118
1718310380761 66.4 119
1718310390790 66.4 120
1718310400815 66.4 121
1718310410837 66.4 122
1718310420861 66.4 123
1718310430888 66.4 124
1718310440960 66.4 125
1718310450986 66.4 126
1718310461015 66.4 127
1718310471085 66.4 128
1718310481109 66.4 129
1718310491133 66.4 130
1718310501159 66.4 131
1718310511188 66.4 132
1718310521220 66.5 133
1718310531294 66.4 134
1718310541336 66.4 135
1718310551379 66.4 136
1718310561474 66.4 137
1718310571502 66.4 138
1718310581543 66.4 139
1718310591570 66.5 140
1718310601601 66.4 141
1718310611624 66.4 142
1718310621664 66.4 143
1718310631688 66.4 144
1718310641714 66.4 145
1718310651738 66.4 146
