1718309187035 0.0 0
1718309197054 94.0 1
1718309207073 93.0 2
1718309217093 94.0 3
1718309227112 93.0 4
1718309237139 93.0 5
1718309247174 72.0 6
1718309257210 92.0 7
1718309267299 86.0 8
1718309277320 94.0 9
1718309287350 86.0 10
1718309297369 94.0 11
1718309307404 96.0 12
1718309317453 70.0 13
1718309327473 94.0 14
1718309337503 87.0 15
1718309347544 93.0 16
1718309357599 94.0 17
1718309367625 95.0 18
1718309377657 94.0 19
1718309387682 94.0 20
1718309397702 87.0 21
1718309407723 95.0 22
1718309417744 85.0 23
1718309427765 94.0 24
1718309437836 95.0 25
1718309447866 74.0 26
1718309457890 93.0 27
1718309467925 97.0 28
1718309477959 86.0 29
1718309487983 86.0 30
1718309498004 94.0 31
1718309508024 93.0 32
1718309518044 81.0 33
1718309528073 94.0 34
1718309538101 95.0 35
1718309548131 86.0 36
1718309558154 94.0 37
1718309568175 94.0 38
1718309578208 85.0 39
1718309588233 94.0 40
1718309598264 93.0 41
1718309608285 93.0 42
1718309618342 80.0 43
1718309628367 83.0 44
1718309638394 94.0 45
1718309648420 93.0 46
1718309658456 85.0 47
1718309668494 94.0 48
1718309678517 85.0 49
1718309688539 93.0 50
1718309698570 85.0 51
1718309708609 85.0 52
1718309718634 94.0 53
1718309728669 86.0 54
1718309738695 94.0 55
1718309748717 94.0 56
1718309758735 94.0 57
1718309768756 93.0 58
1718309778784 72.0 59
1718309788810 94.0 60
1718309798839 94.0 61
1718309808865 70.0 62
1718309818895 93.0 63
1718309828919 93.0 64
1718309838951 92.0 65
1718309848978 92.0 66
1718309859000 92.0 67
1718309869084 92.0 68
1718309879116 92.0 69
1718309889140 92.0 70
1718309899163 93.0 71
1718309909183 92.0 72
1718309919211 93.0 73
1718309929237 87.0 74
1718309939262 93.0 75
1718309949285 87.0 76
1718309959328 87.0 77
1718309969353 94.0 78
1718309979377 86.0 79
1718309989404 87.0 80
1718309999488 94.0 81
1718310009518 94.0 82
1718310019596 93.0 83
1718310029625 73.0 84
1718310039648 73.0 85
1718310049669 83.0 86
1718310059710 93.0 87
1718310069732 85.0 88
1718310079755 94.0 89
1718310089776 93.0 90
1718310099798 85.0 91
1718310109822 92.0 92
1718310119849 86.0 93
1718310129876 93.0 94
1718310139899 86.0 95
1718310149973 94.0 96
1718310160003 95.0 97
1718310170069 94.0 98
1718310180096 93.0 99
1718310190120 76.0 100
1718310200142 94.0 101
1718310210166 94.0 102
1718310220189 80.0 103
1718310230265 93.0 104
1718310240295 74.0 105
1718310250319 66.0 106
1718310260379 73.0 107
1718310270409 94.0 108
1718310280432 93.0 109
1718310290454 85.0 110
1718310300478 88.0 111
1718310310531 87.0 112
1718310320564 95.0 113
1718310330590 93.0 114
1718310340614 87.0 115
1718310350651 94.0 116
1718310360675 93.0 117
1718310370698 91.0 118
1718310380761 93.0 119
1718310390790 88.0 120
1718310400815 87.0 121
1718310410837 89.0 122
1718310420861 94.0 123
1718310430888 87.0 124
1718310440960 93.0 125
1718310450986 86.0 126
1718310461015 94.0 127
1718310471085 93.0 128
1718310481109 92.0 129
1718310491133 71.0 130
1718310501159 72.0 131
1718310511188 94.0 132
1718310521220 88.0 133
1718310531294 92.0 134
1718310541336 92.0 135
1718310551379 92.0 136
1718310561474 92.0 137
1718310571502 92.0 138
1718310581543 92.0 139
1718310591570 92.0 140
1718310601601 91.0 141
1718310611624 92.0 142
1718310621664 86.0 143
1718310631688 86.0 144
1718310641714 92.0 145
1718310651738 71.0 146
