1718309187035 0.0 0
1718309197054 0.002311999999847103 1
1718309207073 0.014402000000018234 2
1718309217093 0.02145099999984268 3
1718309227112 0.025761999999986074 4
1718309237139 0.048518999999942025 5
1718309247174 0.1853449999998702 6
1718309257210 0.1894079999999576 7
1718309267299 0.190494999999828 8
1718309277320 0.1939230000000407 9
1718309287350 0.1981109999999262 10
1718309297369 0.22038199999997232 11
1718309307404 0.2261799999998857 12
1718309317453 0.23264999999992142 13
1718309327473 0.23393699999996898 14
1718309337503 0.24416899999982888 15
1718309347544 0.2480639999998857 16
1718309357599 0.26805399999989277 17
1718309367625 0.28322099999991224 18
1718309377657 0.2997659999998632 19
1718309387682 1.207730999999967 20
1718309397702 2.146447999999964 21
1718309407723 2.147905999999921 22
1718309417744 5.806141000000025 23
1718309427765 5.831234999999879 24
1718309437836 5.83504199999993 25
1718309447866 5.858594999999923 26
1718309457890 5.87271399999986 27
1718309467925 5.894098999999869 28
1718309477959 5.9956949999998415 29
1718309487983 6.177663999999822 30
1718309498004 6.182435999999825 31
1718309508024 6.184962000000041 32
1718309518044 6.199341000000004 33
1718309528073 6.207778999999846 34
1718309538101 6.229920999999877 35
1718309548131 6.246087999999872 36
1718309558154 6.270533999999998 37
1718309568175 6.287124999999833 38
1718309578208 6.290936999999985 39
1718309588233 6.295519999999897 40
1718309598264 6.320768000000044 41
1718309608285 6.388617999999951 42
1718309618342 6.389140999999881 43
1718309628367 6.392072999999982 44
1718309638394 6.399799999999914 45
1718309648420 6.400826999999936 46
1718309658456 6.445748999999978 47
1718309668494 6.4519299999999475 48
1718309678517 6.452595999999858 49
1718309688539 6.455455000000029 50
1718309698570 6.464159999999993 51
1718309708609 6.469981999999845 52
1718309718634 6.493048000000044 53
1718309728669 6.4999709999999595 54
1718309738695 6.500708999999915 55
1718309748717 6.50315599999999 56
1718309758735 6.50663899999995 57
1718309768756 6.5075339999998505 58
1718309778784 11.263410999999905 59
1718309788810 11.26990099999989 60
1718309798839 11.272311999999829 61
1718309808865 11.311797999999953 62
1718309818895 11.321451000000025 63
1718309828919 11.326565999999957 64
1718309838951 11.331548999999995 65
1718309848978 11.395693999999821 66
1718309859000 11.419856999999865 67
1718309869084 11.422166999999945 68
1718309879116 11.427198999999973 69
1718309889140 11.428083000000015 70
1718309899163 11.45107999999982 71
1718309909183 11.457345000000032 72
1718309919211 11.467226999999866 73
1718309929237 11.472954999999956 74
1718309939262 11.477605999999923 75
1718309949285 11.478701000000001 76
1718309959328 11.498843999999963 77
1718309969353 11.505345000000034 78
1718309979377 11.506018999999924 79
1718309989404 11.509368999999879 80
1718309999488 11.512449999999944 81
1718310009518 11.51325699999984 82
1718310019596 11.524081000000024 83
1718310029625 11.530708999999888 84
1718310039648 11.531536999999844 85
1718310049669 11.536439999999857 86
1718310059710 11.54192799999987 87
1718310069732 11.546843999999965 88
1718310079755 11.57179999999994 89
1718310089776 11.581072999999833 90
1718310099798 11.581418999999869 91
1718310109822 11.602268999999978 92
1718310119849 11.60959899999989 93
1718310129876 11.61007699999982 94
1718310139899 11.63186799999994 95
1718310149973 11.64057600000001 96
1718310160003 11.651129999999966 97
1718310170069 11.657138000000032 98
1718310180096 11.661331999999902 99
1718310190120 11.666754999999966 100
1718310200142 11.670188999999937 101
1718310210166 11.679255999999896 102
1718310220189 11.681069999999863 103
1718310230265 11.683018999999831 104
1718310240295 11.69130999999993 105
1718310250319 11.710581999999931 106
1718310260379 11.73811899999987 107
1718310270409 11.744952999999896 108
1718310280432 11.756194999999934 109
1718310290454 11.760642999999845 110
1718310300478 11.76604599999996 111
1718310310531 11.7785429999999 112
1718310320564 11.780350999999882 113
1718310330590 11.787139999999908 114
1718310340614 11.789645999999948 115
1718310350651 11.790174999999863 116
1718310360675 11.794711000000007 117
1718310370698 11.807071999999835 118
1718310380761 11.812513999999965 119
1718310390790 11.818743999999924 120
1718310400815 11.82507099999998 121
1718310410837 11.854084999999941 122
1718310420861 11.86360999999988 123
1718310430888 11.883441999999832 124
1718310440960 11.884391999999934 125
1718310450986 11.892541999999821 126
1718310461015 11.894962999999962 127
1718310471085 11.895094999999856 128
1718310481109 11.898466999999982 129
1718310491133 11.916230999999925 130
1718310501159 11.92306799999983 131
1718310511188 11.929562999999916 132
1718310521220 11.93184199999996 133
1718310531294 11.932187999999996 134
1718310541336 11.940266999999949 135
1718310551379 11.947261000000026 136
1718310561474 11.947664999999915 137
1718310571502 11.955204999999978 138
1718310581543 11.957287999999835 139
1718310591570 11.977095999999847 140
1718310601601 11.981354999999894 141
1718310611624 11.99437799999987 142
1718310621664 12.008478999999852 143
1718310631688 12.021596000000045 144
1718310641714 12.027397999999948 145
1718310651738 12.029356000000007 146
