1718309187035 0.0 0
1718309197054 0.003376000000002932 1
1718309207073 0.01928800000000308 2
1718309217093 0.029709999999994352 3
1718309227112 0.03497199999999623 4
1718309237139 0.05471199999999499 5
1718309247174 0.20412899999999468 6
1718309257210 0.20827900000000454 7
1718309267299 0.2097299999999933 8
1718309277320 0.2188510000000008 9
1718309287350 0.22418899999999553 10
1718309297369 0.26181599999999605 11
1718309307404 0.2680040000000048 12
1718309317453 0.27711700000000405 13
1718309327473 0.27879799999999477 14
1718309337503 0.2951889999999935 15
1718309347544 0.29865999999999815 16
1718309357599 0.33685799999999233 17
1718309367625 0.4727450000000033 18
1718309377657 0.48470500000000527 19
1718309387682 1.396142999999995 20
1718309397702 2.342271999999994 21
1718309407723 2.344807000000003 22
1718309417744 6.003452999999993 23
1718309427765 6.028289999999998 24
1718309437836 6.032603999999992 25
1718309447866 6.056205000000006 26
1718309457890 6.070829000000003 27
1718309467925 6.083232999999993 28
1718309477959 6.186273999999997 29
1718309487983 6.368448999999998 30
1718309498004 6.3744959999999935 31
1718309508024 6.381468999999996 32
1718309518044 6.401754999999994 33
1718309528073 6.408830999999992 34
1718309538101 6.423793000000003 35
1718309548131 6.437226999999993 36
1718309558154 6.456113000000002 37
1718309568175 6.473221999999993 38
1718309578208 6.482518999999996 39
1718309588233 6.4866990000000015 40
1718309598264 6.529510000000002 41
1718309608285 6.541657000000001 42
1718309618342 6.542232999999996 43
1718309628367 6.546161999999995 44
1718309638394 6.561179999999993 45
1718309648420 6.562995000000001 46
1718309658456 6.679534000000004 47
1718309668494 6.685652000000005 48
1718309678517 6.686381999999995 49
1718309688539 6.689373000000003 50
1718309698570 6.701694000000003 51
1718309708609 6.705673000000004 52
1718309718634 6.730149999999995 53
1718309728669 6.737300000000005 54
1718309738695 6.738116000000005 55
1718309748717 6.740707999999998 56
1718309758735 6.750230999999999 57
1718309768756 6.751789000000002 58
1718309778784 6.825766999999999 59
1718309788810 6.832369999999997 60
1718309798839 6.834761 61
1718309808865 6.8604720000000015 62
1718309818895 6.872692000000001 63
1718309828919 6.877590999999995 64
1718309838951 6.883991999999992 65
1718309848978 6.925959000000006 66
1718309859000 6.932214999999999 67
1718309869084 6.934445999999994 68
1718309879116 6.946963999999994 69
1718309889140 6.948195999999996 70
1718309899163 6.965984000000006 71
1718309909183 6.972297999999995 72
1718309919211 6.976146999999997 73
1718309929237 6.9815519999999935 74
1718309939262 6.992279999999994 75
1718309949285 6.993618999999995 76
1718309959328 7.040263999999993 77
1718309969353 7.046879000000004 78
1718309979377 7.047700000000006 79
1718309989404 7.050471999999999 80
1718309999488 7.059584000000001 81
1718310009518 7.060787000000005 82
1718310019596 7.073622 83
1718310029625 7.080453000000006 84
1718310039648 7.0816719999999975 85
1718310049669 7.086139000000003 86
1718310059710 7.0970939999999985 87
1718310069732 7.101685000000003 88
1718310079755 7.122088000000005 89
1718310089776 7.1301090000000045 90
1718310099798 7.130517999999995 91
1718310109822 7.142511999999996 92
1718310119849 7.156430999999998 93
1718310129876 7.157405999999995 94
1718310139899 7.205686 95
1718310149973 7.214536999999993 96
1718310160003 7.219583999999998 97
1718310170069 7.225251999999998 98
1718310180096 7.234994999999998 99
1718310190120 7.242627999999996 100
1718310200142 7.246418000000006 101
1718310210166 7.256161000000006 102
1718310220189 7.258131000000006 103
1718310230265 7.259719000000004 104
1718310240295 7.275768999999997 105
1718310250319 7.291100999999998 106
1718310260379 7.310342000000006 107
1718310270409 7.317252999999994 108
1718310280432 7.322359000000006 109
1718310290454 7.326117999999994 110
1718310300478 7.336523 111
1718310310531 7.372466000000003 112
1718310320564 7.374771999999993 113
1718310330590 7.381797000000006 114
1718310340614 7.384147999999996 115
1718310350651 7.384822999999997 116
1718310360675 7.396389999999997 117
1718310370698 7.407856999999993 118
1718310380761 7.412683000000001 119
1718310390790 7.419015999999999 120
1718310400815 7.424801000000002 121
1718310410837 7.445105999999996 122
1718310420861 7.460887999999997 123
1718310430888 7.478481000000002 124
1718310440960 7.479583000000005 125
1718310450986 7.487899999999996 126
1718310461015 7.490460999999996 127
1718310471085 7.491045 128
1718310481109 7.500418999999994 129
1718310491133 7.535406999999992 130
1718310501159 7.540304000000006 131
1718310511188 7.546785999999997 132
1718310521220 7.549088999999995 133
1718310531294 7.549533999999994 134
1718310541336 7.562477999999999 135
1718310551379 7.571870000000004 136
1718310561474 7.572165999999996 137
1718310571502 7.580068999999995 138
1718310581543 7.582132000000001 139
1718310591570 7.630847000000003 140
1718310601601 7.6511739999999975 141
1718310611624 7.666353999999998 142
1718310621664 7.673698999999999 143
1718310631688 7.693975999999992 144
1718310641714 7.699423999999993 145
1718310651738 7.700346999999994 146
