1718309187035 12944.8 0
1718309197054 14344.0 1
1718309207073 14400.4 2
1718309217093 14357.9 3
1718309227112 14342.6 4
1718309237139 14370.9 5
1718309247174 14372.0 6
1718309257210 14384.3 7
1718309267299 14376.1 8
1718309277320 14364.4 9
1718309287350 14387.4 10
1718309297369 14408.0 11
1718309307404 14423.1 12
1718309317453 14393.9 13
1718309327473 14403.6 14
1718309337503 14379.8 15
1718309347544 14388.1 16
1718309357599 14396.6 17
1718309367625 14447.2 18
1718309377657 14428.9 19
1718309387682 14433.4 20
1718309397702 14455.7 21
1718309407723 14493.9 22
1718309417744 14509.8 23
1718309427765 14582.9 24
1718309437836 14643.7 25
1718309447866 14617.7 26
1718309457890 14427.7 27
1718309467925 14436.2 28
1718309477959 14520.3 29
1718309487983 14633.8 30
1718309498004 14602.9 31
1718309508024 14491.6 32
1718309518044 14460.4 33
1718309528073 14432.9 34
1718309538101 14495.9 35
1718309548131 14495.6 36
1718309558154 14502.5 37
1718309568175 14468.7 38
1718309578208 14457.0 39
1718309588233 14457.4 40
1718309598264 14513.9 41
1718309608285 14517.7 42
1718309618342 14500.6 43
1718309628367 14485.9 44
1718309638394 14485.3 45
1718309648420 14492.0 46
1718309658456 14495.9 47
1718309668494 14498.8 48
1718309678517 14489.1 49
1718309688539 14465.5 50
1718309698570 14488.7 51
1718309708609 14477.0 52
1718309718634 14492.9 53
1718309728669 14478.7 54
1718309738695 14487.9 55
1718309748717 14465.9 56
1718309758735 14469.5 57
1718309768756 14468.4 58
1718309778784 14661.8 59
1718309788810 14582.3 60
1718309798839 14567.6 61
1718309808865 14525.2 62
1718309818895 14590.3 63
1718309828919 14575.9 64
1718309838951 14580.2 65
1718309848978 14574.7 66
1718309859000 14578.8 67
1718309869084 14552.8 68
1718309879116 14573.0 69
1718309889140 14576.5 70
1718309899163 14577.3 71
1718309909183 14573.8 72
1718309919211 14201.0 73
1718309929237 14034.2 74
1718309939262 13855.5 75
1718309949285 13838.2 76
1718309959328 13875.9 77
1718309969353 13878.1 78
1718309979377 13877.9 79
1718309989404 13860.2 80
1718309999488 13867.6 81
1718310009518 13924.6 82
1718310019596 13869.7 83
1718310029625 13867.7 84
1718310039648 13839.0 85
1718310049669 13825.2 86
1718310059710 13827.0 87
1718310069732 13868.7 88
1718310079755 13976.1 89
1718310089776 13854.5 90
1718310099798 13862.7 91
1718310109822 13840.4 92
1718310119849 13850.5 93
1718310129876 13851.4 94
1718310139899 13879.7 95
1718310149973 13875.3 96
1718310160003 13877.6 97
1718310170069 13871.2 98
1718310180096 13851.8 99
1718310190120 13875.9 100
1718310200142 13910.0 101
1718310210166 13890.7 102
1718310220189 13878.7 103
1718310230265 13893.9 104
1718310240295 13871.7 105
1718310250319 13892.7 106
1718310260379 13883.2 107
1718310270409 13879.4 108
1718310280432 13875.0 109
1718310290454 13865.8 110
1718310300478 13849.6 111
1718310310531 13881.4 112
1718310320564 13901.4 113
1718310330590 13867.1 114
1718310340614 13859.4 115
1718310350651 13858.2 116
1718310360675 13860.4 117
1718310370698 13889.9 118
1718310380761 13920.9 119
1718310390790 13882.7 120
1718310400815 13938.6 121
1718310410837 13913.6 122
1718310420861 13908.6 123
1718310430888 13896.7 124
1718310440960 13883.9 125
1718310450986 13872.9 126
1718310461015 13870.9 127
1718310471085 13856.8 128
1718310481109 13834.8 129
1718310491133 13879.0 130
1718310501159 13872.1 131
1718310511188 13871.0 132
1718310521220 13869.6 133
1718310531294 13860.0 134
1718310541336 13863.9 135
1718310551379 13894.0 136
1718310561474 13878.3 137
1718310571502 13872.7 138
1718310581543 13863.8 139
1718310591570 13882.4 140
1718310601601 13877.8 141
1718310611624 13893.0 142
1718310621664 13887.0 143
1718310631688 13892.8 144
1718310641714 13880.0 145
1718310651738 13883.4 146
