1718309187035 38.6 0
1718309197054 42.8 1
1718309207073 42.9 2
1718309217093 42.8 3
1718309227112 42.8 4
1718309237139 42.9 5
1718309247174 42.9 6
1718309257210 42.9 7
1718309267299 42.9 8
1718309277320 42.8 9
1718309287350 42.9 10
1718309297369 43.0 11
1718309307404 43.0 12
1718309317453 42.9 13
1718309327473 42.9 14
1718309337503 42.9 15
1718309347544 42.9 16
1718309357599 42.9 17
1718309367625 43.1 18
1718309377657 43.0 19
1718309387682 43.0 20
1718309397702 43.1 21
1718309407723 43.2 22
1718309417744 43.3 23
1718309427765 43.5 24
1718309437836 43.7 25
1718309447866 43.6 26
1718309457890 43.0 27
1718309467925 43.0 28
1718309477959 43.3 29
1718309487983 43.6 30
1718309498004 43.5 31
1718309508024 43.2 32
1718309518044 43.1 33
1718309528073 43.0 34
1718309538101 43.2 35
1718309548131 43.2 36
1718309558154 43.2 37
1718309568175 43.1 38
1718309578208 43.1 39
1718309588233 43.1 40
1718309598264 43.3 41
1718309608285 43.3 42
1718309618342 43.2 43
1718309628367 43.2 44
1718309638394 43.2 45
1718309648420 43.2 46
1718309658456 43.2 47
1718309668494 43.2 48
1718309678517 43.2 49
1718309688539 43.1 50
1718309698570 43.2 51
1718309708609 43.2 52
1718309718634 43.2 53
1718309728669 43.2 54
1718309738695 43.2 55
1718309748717 43.1 56
1718309758735 43.1 57
1718309768756 43.1 58
1718309778784 43.7 59
1718309788810 43.5 60
1718309798839 43.4 61
1718309808865 43.3 62
1718309818895 43.5 63
1718309828919 43.5 64
1718309838951 43.5 65
1718309848978 43.5 66
1718309859000 43.5 67
1718309869084 43.4 68
1718309879116 43.5 69
1718309889140 43.5 70
1718309899163 43.5 71
1718309909183 43.5 72
1718309919211 42.3 73
1718309929237 41.8 74
1718309939262 41.3 75
1718309949285 41.3 76
1718309959328 41.4 77
1718309969353 41.4 78
1718309979377 41.4 79
1718309989404 41.3 80
1718309999488 41.4 81
1718310009518 41.5 82
1718310019596 41.4 83
1718310029625 41.4 84
1718310039648 41.3 85
1718310049669 41.2 86
1718310059710 41.2 87
1718310069732 41.4 88
1718310079755 41.7 89
1718310089776 41.3 90
1718310099798 41.3 91
1718310109822 41.3 92
1718310119849 41.3 93
1718310129876 41.3 94
1718310139899 41.4 95
1718310149973 41.4 96
1718310160003 41.4 97
1718310170069 41.4 98
1718310180096 41.3 99
1718310190120 41.4 100
1718310200142 41.5 101
1718310210166 41.4 102
1718310220189 41.4 103
1718310230265 41.4 104
1718310240295 41.4 105
1718310250319 41.4 106
1718310260379 41.4 107
1718310270409 41.4 108
1718310280432 41.4 109
1718310290454 41.3 110
1718310300478 41.3 111
1718310310531 41.4 112
1718310320564 41.5 113
1718310330590 41.3 114
1718310340614 41.3 115
1718310350651 41.3 116
1718310360675 41.3 117
1718310370698 41.4 118
1718310380761 41.5 119
1718310390790 41.4 120
1718310400815 41.6 121
1718310410837 41.5 122
1718310420861 41.5 123
1718310430888 41.4 124
1718310440960 41.4 125
1718310450986 41.4 126
1718310461015 41.4 127
1718310471085 41.3 128
1718310481109 41.3 129
1718310491133 41.4 130
1718310501159 41.4 131
1718310511188 41.4 132
1718310521220 41.4 133
1718310531294 41.3 134
1718310541336 41.3 135
1718310551379 41.4 136
1718310561474 41.4 137
1718310571502 41.4 138
1718310581543 41.3 139
1718310591570 41.4 140
1718310601601 41.4 141
1718310611624 41.4 142
1718310621664 41.4 143
1718310631688 41.4 144
1718310641714 41.4 145
1718310651738 41.4 146
