1718211948299 0.0 0
1718211958320 8.0 1
1718211968344 6.6 2
1718211978365 6.2 3
1718211988390 6.3 4
1718211998413 6.4 5
1718212008433 6.3 6
1718212018455 6.4 7
1718212028476 6.4 8
1718212038497 6.5 9
1718212048518 6.2 10
1718212058539 6.2 11
1718212068560 6.2 12
1718212078585 6.1 13
1718212088604 6.2 14
1718212098624 6.6 15
1718212108644 6.4 16
1718212118664 6.5 17
1718212128683 6.3 18
1718212138705 6.4 19
1718212148725 6.2 20
1718212158745 6.2 21
1718212168773 6.2 22
1718212178798 6.4 23
1718212188828 6.3 24
1718212198850 6.8 25
1718212208879 6.3 26
1718212218901 6.3 27
1718212228924 6.3 28
1718212238944 6.6 29
1718212248961 6.3 30
1718212258982 6.2 31
1718212269003 6.3 32
1718212279034 6.2 33
1718212289058 6.4 34
1718212299082 6.3 35
1718212309104 6.3 36
1718212319122 6.3 37
1718212329143 6.3 38
1718212339165 6.8 39
1718212349186 6.2 40
1718212359214 6.4 41
1718212369237 6.5 42
1718212379258 6.7 43
1718212389280 6.9 44
1718212399302 6.6 45
1718212409733 7.2 46
1718212419756 6.8 47
1718212429775 10.2 48
1718212439797 10.2 49
1718212449820 10.0 50
1718212459842 10.3 51
1718212469866 10.1 52
1718212479888 10.3 53
1718212489909 10.2 54
1718212499929 10.1 55
1718212509951 6.3 56
1718212519974 6.4 57
1718212529997 6.5 58
1718212540017 6.5 59
1718212550035 6.5 60
1718212560056 6.3 61
1718212570078 6.7 62
1718212580098 6.2 63
1718212590120 6.2 64
1718212600140 6.3 65
1718212610163 6.3 66
1718212620186 6.3 67
1718212630212 6.3 68
1718212640236 6.5 69
1718212650256 6.3 70
1718212660276 6.1 71
1718212670295 6.1 72
1718212680315 6.4 73
1718212690345 6.3 74
1718212700370 6.4 75
1718212710393 6.3 76
1718212720416 6.4 77
1718212730436 6.4 78
1718212740458 6.5 79
1718212750479 6.1 80
1718212760501 6.3 81
1718212770522 6.4 82
1718212780545 6.3 83
1718212790622 6.0 84
1718212800656 6.7 85
1718212810679 6.5 86
1718212820705 6.7 87
1718212830731 6.9 88
1718212840754 7.2 89
1718212850778 7.0 90
1718212860829 6.7 91
1718212870851 7.0 92
1718212880874 6.5 93
1718212890896 10.1 94
1718212900921 10.4 95
