1718211948299 575623.7 0
1718211958320 575626.4 1
1718211968344 575626.4 2
1718211978365 575626.4 3
1718211988390 575626.4 4
1718211998413 575626.4 5
1718212008433 575626.4 6
1718212018455 575626.4 7
1718212028476 575626.4 8
1718212038497 575626.4 9
1718212048518 575626.4 10
1718212058539 575626.4 11
1718212068560 575626.4 12
1718212078585 575626.4 13
1718212088604 575626.4 14
1718212098624 575626.4 15
1718212108644 575626.4 16
1718212118664 575626.4 17
1718212128683 575626.4 18
1718212138705 575626.4 19
1718212148725 575626.4 20
1718212158745 575626.4 21
1718212168773 575626.4 22
1718212178798 575626.4 23
1718212188828 575626.4 24
1718212198850 575626.4 25
1718212208879 575626.4 26
1718212218901 575626.4 27
1718212228924 575626.4 28
1718212238944 575626.4 29
1718212248961 575626.4 30
1718212258982 575626.4 31
1718212269003 575626.4 32
1718212279034 575626.4 33
1718212289058 575626.4 34
1718212299082 575626.4 35
1718212309104 575626.4 36
1718212319122 575626.4 37
1718212329143 575626.4 38
1718212339165 575626.4 39
1718212349186 575626.4 40
1718212359214 575626.4 41
1718212369237 575626.4 42
1718212379258 575626.4 43
1718212389280 575626.4 44
1718212399302 575626.4 45
1718212409733 575626.4 46
1718212419756 576566.4 47
1718212429775 576566.5 48
1718212439797 576566.5 49
1718212449820 576566.5 50
1718212459842 576566.5 51
1718212469866 576566.5 52
1718212479888 576566.5 53
1718212489909 576566.5 54
1718212499929 576566.5 55
1718212509951 576566.5 56
1718212519974 576566.5 57
1718212529997 576566.5 58
1718212540017 576566.5 59
1718212550035 576566.5 60
1718212560056 576566.5 61
1718212570078 576566.5 62
1718212580098 576566.5 63
1718212590120 576566.5 64
1718212600140 576566.5 65
1718212610163 576566.5 66
1718212620186 576566.5 67
1718212630212 576566.5 68
1718212640236 576566.5 69
1718212650256 576566.5 70
1718212660276 576566.5 71
1718212670295 576566.5 72
1718212680315 576566.5 73
1718212690345 576566.5 74
1718212700370 576566.5 75
1718212710393 576566.5 76
1718212720416 576566.5 77
1718212730436 576566.5 78
1718212740458 576566.5 79
1718212750479 576566.5 80
1718212760501 576566.5 81
1718212770522 576566.5 82
1718212780545 576566.5 83
1718212790622 576566.5 84
1718212800656 576566.5 85
1718212810679 576566.5 86
1718212820705 576566.5 87
1718212830731 576566.5 88
1718212840754 576566.5 89
1718212850778 576566.5 90
1718212860829 576566.5 91
1718212870851 576566.5 92
1718212880874 576566.5 93
1718212890896 577506.5 94
1718212900921 577506.5 95
