1718211948299 357197.1 0
1718211958320 357194.4 1
1718211968344 357194.4 2
1718211978365 357194.4 3
1718211988390 357194.4 4
1718211998413 357194.4 5
1718212008433 357194.4 6
1718212018455 357194.4 7
1718212028476 357194.4 8
1718212038497 357194.4 9
1718212048518 357194.4 10
1718212058539 357194.4 11
1718212068560 357194.4 12
1718212078585 357194.4 13
1718212088604 357194.4 14
1718212098624 357194.4 15
1718212108644 357194.4 16
1718212118664 357194.4 17
1718212128683 357194.4 18
1718212138705 357194.4 19
1718212148725 357194.4 20
1718212158745 357194.4 21
1718212168773 357194.4 22
1718212178798 357194.4 23
1718212188828 357194.4 24
1718212198850 357194.4 25
1718212208879 357194.4 26
1718212218901 357194.4 27
1718212228924 357194.4 28
1718212238944 357194.4 29
1718212248961 357194.4 30
1718212258982 357194.4 31
1718212269003 357194.4 32
1718212279034 357194.4 33
1718212289058 357194.4 34
1718212299082 357194.4 35
1718212309104 357194.4 36
1718212319122 357194.4 37
1718212329143 357194.4 38
1718212339165 357194.4 39
1718212349186 357194.4 40
1718212359214 357194.4 41
1718212369237 357194.4 42
1718212379258 357194.4 43
1718212389280 357194.4 44
1718212399302 357194.4 45
1718212409733 357194.4 46
1718212419756 356254.4 47
1718212429775 356254.4 48
1718212439797 356254.4 49
1718212449820 356254.4 50
1718212459842 356254.4 51
1718212469866 356254.4 52
1718212479888 356254.4 53
1718212489909 356254.4 54
1718212499929 356254.4 55
1718212509951 356254.4 56
1718212519974 356254.4 57
1718212529997 356254.4 58
1718212540017 356254.4 59
1718212550035 356254.4 60
1718212560056 356254.4 61
1718212570078 356254.4 62
1718212580098 356254.4 63
1718212590120 356254.4 64
1718212600140 356254.4 65
1718212610163 356254.4 66
1718212620186 356254.4 67
1718212630212 356254.4 68
1718212640236 356254.4 69
1718212650256 356254.4 70
1718212660276 356254.4 71
1718212670295 356254.4 72
1718212680315 356254.4 73
1718212690345 356254.4 74
1718212700370 356254.4 75
1718212710393 356254.4 76
1718212720416 356254.4 77
1718212730436 356254.4 78
1718212740458 356254.4 79
1718212750479 356254.4 80
1718212760501 356254.4 81
1718212770522 356254.4 82
1718212780545 356254.4 83
1718212790622 356254.4 84
1718212800656 356254.4 85
1718212810679 356254.4 86
1718212820705 356254.4 87
1718212830731 356254.4 88
1718212840754 356254.4 89
1718212850778 356254.4 90
1718212860829 356254.4 91
1718212870851 356254.4 92
1718212880874 356254.3 93
1718212890896 355314.3 94
1718212900921 355314.3 95
