1718211948299 61.7 0
1718211958320 61.7 1
1718211968344 61.7 2
1718211978365 61.7 3
1718211988390 61.7 4
1718211998413 61.7 5
1718212008433 61.7 6
1718212018455 61.7 7
1718212028476 61.7 8
1718212038497 61.7 9
1718212048518 61.7 10
1718212058539 61.7 11
1718212068560 61.7 12
1718212078585 61.7 13
1718212088604 61.7 14
1718212098624 61.7 15
1718212108644 61.7 16
1718212118664 61.7 17
1718212128683 61.7 18
1718212138705 61.7 19
1718212148725 61.7 20
1718212158745 61.7 21
1718212168773 61.7 22
1718212178798 61.7 23
1718212188828 61.7 24
1718212198850 61.7 25
1718212208879 61.7 26
1718212218901 61.7 27
1718212228924 61.7 28
1718212238944 61.7 29
1718212248961 61.7 30
1718212258982 61.7 31
1718212269003 61.7 32
1718212279034 61.7 33
1718212289058 61.7 34
1718212299082 61.7 35
1718212309104 61.7 36
1718212319122 61.7 37
1718212329143 61.7 38
1718212339165 61.7 39
1718212349186 61.7 40
1718212359214 61.7 41
1718212369237 61.7 42
1718212379258 61.7 43
1718212389280 61.7 44
1718212399302 61.7 45
1718212409733 61.7 46
1718212419756 61.8 47
1718212429775 61.8 48
1718212439797 61.8 49
1718212449820 61.8 50
1718212459842 61.8 51
1718212469866 61.8 52
1718212479888 61.8 53
1718212489909 61.8 54
1718212499929 61.8 55
1718212509951 61.8 56
1718212519974 61.8 57
1718212529997 61.8 58
1718212540017 61.8 59
1718212550035 61.8 60
1718212560056 61.8 61
1718212570078 61.8 62
1718212580098 61.8 63
1718212590120 61.8 64
1718212600140 61.8 65
1718212610163 61.8 66
1718212620186 61.8 67
1718212630212 61.8 68
1718212640236 61.8 69
1718212650256 61.8 70
1718212660276 61.8 71
1718212670295 61.8 72
1718212680315 61.8 73
1718212690345 61.8 74
1718212700370 61.8 75
1718212710393 61.8 76
1718212720416 61.8 77
1718212730436 61.8 78
1718212740458 61.8 79
1718212750479 61.8 80
1718212760501 61.8 81
1718212770522 61.8 82
1718212780545 61.8 83
1718212790622 61.8 84
1718212800656 61.8 85
1718212810679 61.8 86
1718212820705 61.8 87
1718212830731 61.8 88
1718212840754 61.8 89
1718212850778 61.8 90
1718212860829 61.8 91
1718212870851 61.8 92
1718212880874 61.8 93
1718212890896 61.9 94
1718212900921 61.9 95
