1718211948299 12.0 0
1718211958320 68.0 1
1718211968344 92.0 2
1718211978365 89.0 3
1718211988390 88.0 4
1718211998413 87.0 5
1718212008433 88.0 6
1718212018455 87.0 7
1718212028476 82.0 8
1718212038497 92.0 9
1718212048518 79.0 10
1718212058539 88.0 11
1718212068560 78.0 12
1718212078585 88.0 13
1718212088604 88.0 14
1718212098624 88.0 15
1718212108644 87.0 16
1718212118664 86.0 17
1718212128683 86.0 18
1718212138705 90.0 19
1718212148725 87.0 20
1718212158745 88.0 21
1718212168773 88.0 22
1718212178798 90.0 23
1718212188828 91.0 24
1718212198850 90.0 25
1718212208879 93.0 26
1718212218901 90.0 27
1718212228924 80.0 28
1718212238944 89.0 29
1718212248961 78.0 30
1718212258982 87.0 31
1718212269003 91.0 32
1718212279034 87.0 33
1718212289058 93.0 34
1718212299082 88.0 35
1718212309104 88.0 36
1718212319122 85.0 37
1718212329143 87.0 38
1718212339165 92.0 39
1718212349186 90.0 40
1718212359214 92.0 41
1718212369237 90.0 42
1718212379258 92.0 43
1718212389280 92.0 44
1718212399302 91.0 45
1718212409733 89.0 46
1718212419756 12.0 47
1718212429775 86.0 48
1718212439797 91.0 49
1718212449820 92.0 50
1718212459842 88.0 51
1718212469866 90.0 52
1718212479888 80.0 53
1718212489909 89.0 54
1718212499929 79.0 55
1718212509951 87.0 56
1718212519974 92.0 57
1718212529997 87.0 58
1718212540017 89.0 59
1718212550035 81.0 60
1718212560056 87.0 61
1718212570078 81.0 62
1718212580098 88.0 63
1718212590120 88.0 64
1718212600140 88.0 65
1718212610163 88.0 66
1718212620186 80.0 67
1718212630212 91.0 68
1718212640236 90.0 69
1718212650256 92.0 70
1718212660276 92.0 71
1718212670295 89.0 72
1718212680315 87.0 73
1718212690345 87.0 74
1718212700370 87.0 75
1718212710393 87.0 76
1718212720416 87.0 77
1718212730436 91.0 78
1718212740458 88.0 79
1718212750479 92.0 80
1718212760501 78.0 81
1718212770522 89.0 82
1718212780545 88.0 83
1718212790622 92.0 84
1718212800656 93.0 85
1718212810679 88.0 86
1718212820705 92.0 87
1718212830731 90.0 88
1718212840754 91.0 89
1718212850778 91.0 90
1718212860829 91.0 91
1718212870851 92.0 92
1718212880874 11.0 93
1718212890896 92.0 94
1718212900921 90.0 95
