1718211948299 3951.0 0
1718211958320 4857.0 1
1718211968344 5003.7 2
1718211978365 5003.7 3
1718211988390 5039.3 4
1718211998413 5039.3 5
1718212008433 5039.3 6
1718212018455 5039.3 7
1718212028476 5039.3 8
1718212038497 5036.2 9
1718212048518 5036.2 10
1718212058539 5036.2 11
1718212068560 5036.2 12
1718212078585 5036.2 13
1718212088604 5036.2 14
1718212098624 5036.2 15
1718212108644 5036.2 16
1718212118664 5036.2 17
1718212128683 5036.2 18
1718212138705 5036.2 19
1718212148725 5036.2 20
1718212158745 5036.2 21
1718212168773 5036.2 22
1718212178798 5036.2 23
1718212188828 5036.2 24
1718212198850 5032.0 25
1718212208879 5032.0 26
1718212218901 5032.0 27
1718212228924 5032.0 28
1718212238944 5032.0 29
1718212248961 5032.0 30
1718212258982 5032.0 31
1718212269003 5032.0 32
1718212279034 5032.0 33
1718212289058 5032.0 34
1718212299082 5032.0 35
1718212309104 5032.0 36
1718212319122 5032.0 37
1718212329143 5032.0 38
1718212339165 5029.4 39
1718212349186 5029.4 40
1718212359214 5029.4 41
1718212369237 5029.4 42
1718212379258 5029.4 43
1718212389280 5029.4 44
1718212399302 5029.4 45
1718212409733 5029.4 46
1718212419756 5037.9 47
1718212429775 5033.6 48
1718212439797 5033.6 49
1718212449820 5033.6 50
1718212459842 5033.6 51
1718212469866 5033.6 52
1718212479888 5033.6 53
1718212489909 5033.6 54
1718212499929 5029.4 55
1718212509951 5029.4 56
1718212519974 5029.4 57
1718212529997 5029.4 58
1718212540017 5029.4 59
1718212550035 5029.4 60
1718212560056 5029.4 61
1718212570078 5029.4 62
1718212580098 5029.4 63
1718212590120 5029.4 64
1718212600140 5029.4 65
1718212610163 5029.4 66
1718212620186 5029.4 67
1718212630212 5029.4 68
1718212640236 5029.4 69
1718212650256 5029.4 70
1718212660276 5029.4 71
1718212670295 5029.4 72
1718212680315 5029.4 73
1718212690345 5029.4 74
1718212700370 5029.4 75
1718212710393 5029.4 76
1718212720416 5029.4 77
1718212730436 5029.4 78
1718212740458 5029.4 79
1718212750479 5029.4 80
1718212760501 5029.4 81
1718212770522 5029.4 82
1718212780545 5029.4 83
1718212790622 5029.4 84
1718212800656 5029.4 85
1718212810679 5029.4 86
1718212820705 5029.4 87
1718212830731 5029.4 88
1718212840754 5029.4 89
1718212850778 5029.4 90
1718212860829 5029.4 91
1718212870851 5029.4 92
1718212880874 5037.9 93
1718212890896 5033.6 94
1718212900921 5033.6 95
