1718211948299 30.7 0
1718211958320 37.7 1
1718211968344 38.8 2
1718211978365 38.8 3
1718211988390 39.1 4
1718211998413 39.1 5
1718212008433 39.1 6
1718212018455 39.1 7
1718212028476 39.1 8
1718212038497 39.1 9
1718212048518 39.1 10
1718212058539 39.1 11
1718212068560 39.1 12
1718212078585 39.1 13
1718212088604 39.1 14
1718212098624 39.1 15
1718212108644 39.1 16
1718212118664 39.1 17
1718212128683 39.1 18
1718212138705 39.1 19
1718212148725 39.1 20
1718212158745 39.1 21
1718212168773 39.1 22
1718212178798 39.1 23
1718212188828 39.1 24
1718212198850 39.1 25
1718212208879 39.1 26
1718212218901 39.1 27
1718212228924 39.1 28
1718212238944 39.1 29
1718212248961 39.1 30
1718212258982 39.1 31
1718212269003 39.1 32
1718212279034 39.1 33
1718212289058 39.1 34
1718212299082 39.1 35
1718212309104 39.1 36
1718212319122 39.1 37
1718212329143 39.1 38
1718212339165 39.0 39
1718212349186 39.0 40
1718212359214 39.0 41
1718212369237 39.0 42
1718212379258 39.0 43
1718212389280 39.0 44
1718212399302 39.0 45
1718212409733 39.0 46
1718212419756 39.1 47
1718212429775 39.1 48
1718212439797 39.1 49
1718212449820 39.1 50
1718212459842 39.1 51
1718212469866 39.1 52
1718212479888 39.1 53
1718212489909 39.1 54
1718212499929 39.0 55
1718212509951 39.0 56
1718212519974 39.0 57
1718212529997 39.0 58
1718212540017 39.0 59
1718212550035 39.0 60
1718212560056 39.0 61
1718212570078 39.0 62
1718212580098 39.0 63
1718212590120 39.0 64
1718212600140 39.0 65
1718212610163 39.0 66
1718212620186 39.0 67
1718212630212 39.0 68
1718212640236 39.0 69
1718212650256 39.0 70
1718212660276 39.0 71
1718212670295 39.0 72
1718212680315 39.0 73
1718212690345 39.0 74
1718212700370 39.0 75
1718212710393 39.0 76
1718212720416 39.0 77
1718212730436 39.0 78
1718212740458 39.0 79
1718212750479 39.0 80
1718212760501 39.0 81
1718212770522 39.0 82
1718212780545 39.0 83
1718212790622 39.0 84
1718212800656 39.0 85
1718212810679 39.0 86
1718212820705 39.0 87
1718212830731 39.0 88
1718212840754 39.0 89
1718212850778 39.0 90
1718212860829 39.0 91
1718212870851 39.0 92
1718212880874 39.1 93
1718212890896 39.1 94
1718212900921 39.1 95
