1718211948299 0.0 0
1718211958320 0.00010000000111176632 1
1718211968344 0.00016000000141502824 2
1718211978365 0.0022160000007716008 3
1718211988390 0.0045760000011796365 4
1718211998413 0.02284700000018347 5
1718212008433 0.02284700000018347 6
1718212018455 0.02284700000018347 7
1718212028476 0.022907000000486732 8
1718212038497 0.025716000000102213 9
1718212048518 0.02827600000091479 10
1718212058539 0.02827600000091479 11
1718212068560 0.02827600000091479 12
1718212078585 0.028326000001470675 13
1718212088604 0.028452000000470434 14
1718212098624 0.030980000001363805 15
1718212108644 0.03346800000144867 16
1718212118664 0.03357099999993807 17
1718212128683 0.033697000000756816 18
1718212138705 0.03386000000136846 19
1718212148725 0.033919999999852735 20
1718212158745 0.03607900000133668 21
1718212168773 0.038207000001420965 22
1718212178798 0.038592000000789994 23
1718212188828 0.03874800000085088 24
1718212198850 0.038851000001159264 25
1718212208879 0.0390110000007553 26
1718212218901 0.04117000000042026 27
1718212228924 0.043358000000807806 28
1718212238944 0.04346100000111619 29
1718212248961 0.044549000000188244 30
1718212258982 0.04465200000049663 31
1718212269003 0.04477200000110315 32
1718212279034 0.04905900000085239 33
1718212289058 0.049291000001176144 34
1718212299082 0.0680819999997766 35
1718212309104 0.0680819999997766 36
1718212319122 0.06818500000008498 37
1718212329143 0.06834499999968102 38
1718212339165 0.07338499999968917 39
1718212349186 0.07351700000072015 40
1718212359214 0.07362000000102853 41
1718212369237 0.07368000000133179 42
1718212379258 0.07378299999982119 43
1718212389280 0.07397500000115542 44
1718212399302 0.07826200000090466 45
1718212409733 0.07826200000090466 46
1718212419756 0.08757300000070245 47
1718212429775 0.08769899999970221 48
1718212439797 0.0878020000000106 49
1718212449820 0.08786200000031386 50
1718212459842 0.09224900000117486 51
1718212469866 0.09224900000117486 52
1718212479888 0.09241199999996752 53
1718212489909 0.09241199999996752 54
1718212499929 0.0925150000002759 55
1718212509951 0.09257500000057917 56
1718212519974 0.09686200000032841 57
1718212529997 0.09692200000063167 58
1718212540017 0.09805299999970885 59
1718212550035 0.09805299999970885 60
1718212560056 0.09866000000147324 61
1718212570078 0.09878000000026077 62
1718212580098 0.10306700000001001 63
1718212590120 0.10339900000144553 64
1718212600140 0.12177300000075775 65
1718212610163 0.12177300000075775 66
1718212620186 0.12187600000106613 67
1718212630212 0.12268500000027416 68
1718212640236 0.1270380000005389 69
1718212650256 0.12710400000105437 70
1718212660276 0.12736300000142364 71
1718212670295 0.12736300000142364 72
1718212680315 0.12746599999991304 73
1718212690345 0.12765800000124727 74
1718212700370 0.13200500000129978 75
1718212710393 0.13210500000059255 76
1718212720416 0.13220800000090094 77
1718212730436 0.1323339999999007 78
1718212740458 0.13243700000020908 79
1718212750479 0.13243700000020908 80
1718212760501 0.13678400000026159 81
1718212770522 0.13678400000026159 82
1718212780545 0.13694700000087323 83
1718212790622 0.13694700000087323 84
1718212800656 0.13705000000118162 85
1718212810679 0.13711800000055518 86
1718212820705 0.1414650000006077 87
1718212830731 0.1414650000006077 88
1718212840754 0.16332099999999627 89
1718212850778 0.16332099999999627 90
1718212860829 0.16342400000030466 91
1718212870851 0.4611800000002404 92
1718212880874 0.5106730000006792 93
1718212890896 0.5189430000009452 94
1718212900921 0.5352860000002693 95
