1718211948299 0.0 0
1718211958320 7.400000004054164e-05 1
1718211968344 0.00015999999999394277 2
1718211978365 0.0022160000000326363 3
1718211988390 0.004575999999985925 4
1718211998413 0.014136000000007698 5
1718212008433 0.014222000000017943 6
1718212018455 0.014308000000028187 7
1718212028476 0.014394000000038432 8
1718212038497 0.017095000000040272 9
1718212048518 0.01945699999998851 10
1718212058539 0.019542999999998756 11
1718212068560 0.019542999999998756 12
1718212078585 0.019542999999998756 13
1718212088604 0.0197029999999927 14
1718212098624 0.02190699999999879 15
1718212108644 0.024097000000040225 16
1718212118664 0.024097000000040225 17
1718212128683 0.024182999999993626 18
1718212138705 0.02424500000000762 19
1718212148725 0.02424500000000762 20
1718212158745 0.02630099999998947 21
1718212168773 0.028429000000016913 22
1718212178798 0.0286750000000211 23
1718212188828 0.02884700000004159 24
1718212198850 0.02884700000004159 25
1718212208879 0.028921000000025288 26
1718212218901 0.031063000000017382 27
1718212228924 0.033253000000001975 28
1718212238944 0.033253000000001975 29
1718212248961 0.034211000000027525 30
1718212258982 0.034211000000027525 31
1718212269003 0.03435899999999492 32
1718212279034 0.03854300000000421 33
1718212289058 0.0387749999999869 34
1718212299082 0.04853000000002794 35
1718212309104 0.048616000000038184 36
1718212319122 0.048701999999991585 37
1718212329143 0.04878800000000183 38
1718212339165 0.05369100000001481 39
1718212349186 0.0538630000000353 40
1718212359214 0.0538630000000353 41
1718212369237 0.054011000000002696 42
1718212379258 0.054011000000002696 43
1718212389280 0.054183000000023185 44
1718212399302 0.058367000000032476 45
1718212409733 0.058367000000032476 46
1718212419756 0.06139100000001463 47
1718212429775 0.06147700000002487 48
1718212439797 0.06147700000002487 49
1718212449820 0.06147700000002487 50
1718212459842 0.06573500000001786 51
1718212469866 0.06573500000001786 52
1718212479888 0.06588299999998526 53
1718212489909 0.06588299999998526 54
1718212499929 0.06588299999998526 55
1718212509951 0.06588299999998526 56
1718212519974 0.0701530000000048 57
1718212529997 0.07064100000002327 58
1718212540017 0.07153700000003482 59
1718212550035 0.07153700000003482 60
1718212560056 0.07153700000003482 61
1718212570078 0.07168500000000222 62
1718212580098 0.07586900000001151 63
1718212590120 0.07617500000003474 64
1718212600140 0.0856499999999869 65
1718212610163 0.08573599999999715 66
1718212620186 0.08582200000000739 67
1718212630212 0.08655300000003763 68
1718212640236 0.09082300000000032 69
1718212650256 0.09090900000001056 70
1718212660276 0.0911670000000413 71
1718212670295 0.0911670000000413 72
1718212680315 0.0911670000000413 73
1718212690345 0.09140100000001894 74
1718212700370 0.09558500000002823 75
1718212710393 0.09565900000001193 76
1718212720416 0.09565900000001193 77
1718212730436 0.09574500000002217 78
1718212740458 0.09574500000002217 79
1718212750479 0.09574500000002217 80
1718212760501 0.09992900000003146 81
1718212770522 0.09992900000003146 82
1718212780545 0.10007699999999886 83
1718212790622 0.10007699999999886 84
1718212800656 0.10007699999999886 85
1718212810679 0.1003690000000006 86
1718212820705 0.10463900000002013 87
1718212830731 0.10463900000002013 88
1718212840754 0.11564800000002151 89
1718212850778 0.11564800000002151 90
1718212860829 0.11564800000002151 91
1718212870851 0.12659700000000385 92
1718212880874 0.15481199999999262 93
1718212890896 0.1651560000000245 94
1718212900921 0.17428499999999758 95
