1718211948299 5607.2 0
1718211958320 7032.7 1
1718211968344 7027.4 2
1718211978365 7028.6 3
1718211988390 7041.0 4
1718211998413 7035.8 5
1718212008433 7027.9 6
1718212018455 7027.9 7
1718212028476 7036.7 8
1718212038497 7033.4 9
1718212048518 7028.1 10
1718212058539 7035.6 11
1718212068560 7028.8 12
1718212078585 7043.6 13
1718212088604 7042.0 14
1718212098624 7038.3 15
1718212108644 7041.8 16
1718212118664 7032.4 17
1718212128683 7030.0 18
1718212138705 7039.8 19
1718212148725 7042.7 20
1718212158745 7044.5 21
1718212168773 7043.6 22
1718212178798 7038.3 23
1718212188828 7036.8 24
1718212198850 7033.0 25
1718212208879 7030.2 26
1718212218901 7028.3 27
1718212228924 7025.9 28
1718212238944 7035.4 29
1718212248961 7019.0 30
1718212258982 7020.5 31
1718212269003 7028.0 32
1718212279034 7034.7 33
1718212289058 7042.2 34
1718212299082 7036.4 35
1718212309104 7030.4 36
1718212319122 7033.5 37
1718212329143 7032.5 38
1718212339165 7026.9 39
1718212349186 7035.5 40
1718212359214 7119.7 41
1718212369237 7126.7 42
1718212379258 7138.3 43
1718212389280 7122.5 44
1718212399302 7132.7 45
1718212409733 7131.5 46
1718212419756 8052.2 47
1718212429775 8090.3 48
1718212439797 8104.6 49
1718212449820 8089.8 50
1718212459842 8097.2 51
1718212469866 8102.2 52
1718212479888 8097.2 53
1718212489909 8098.7 54
1718212499929 8106.2 55
1718212509951 8107.6 56
1718212519974 8104.9 57
1718212529997 8081.3 58
1718212540017 8087.1 59
1718212550035 8086.2 60
1718212560056 8078.9 61
1718212570078 8086.9 62
1718212580098 8083.5 63
1718212590120 8076.7 64
1718212600140 8077.1 65
1718212610163 8086.3 66
1718212620186 8083.2 67
1718212630212 8081.0 68
1718212640236 8079.4 69
1718212650256 8086.2 70
1718212660276 8086.2 71
1718212670295 8078.6 72
1718212680315 8090.9 73
1718212690345 8093.5 74
1718212700370 8095.2 75
1718212710393 8089.0 76
1718212720416 8093.2 77
1718212730436 8092.3 78
1718212740458 8088.8 79
1718212750479 8091.9 80
1718212760501 8087.2 81
1718212770522 8089.6 82
1718212780545 8100.2 83
1718212790622 8094.9 84
1718212800656 8082.4 85
1718212810679 8079.9 86
1718212820705 8088.6 87
1718212830731 8090.6 88
1718212840754 8099.3 89
1718212850778 8082.9 90
1718212860829 8105.4 91
1718212870851 8109.6 92
1718212880874 8105.5 93
1718212890896 8122.9 94
1718212900921 8126.2 95
