1718211948299 16.7 0
1718211958320 21.0 1
1718211968344 21.0 2
1718211978365 21.0 3
1718211988390 21.0 4
1718211998413 21.0 5
1718212008433 21.0 6
1718212018455 21.0 7
1718212028476 21.0 8
1718212038497 21.0 9
1718212048518 21.0 10
1718212058539 21.0 11
1718212068560 21.0 12
1718212078585 21.0 13
1718212088604 21.0 14
1718212098624 21.0 15
1718212108644 21.0 16
1718212118664 21.0 17
1718212128683 21.0 18
1718212138705 21.0 19
1718212148725 21.0 20
1718212158745 21.0 21
1718212168773 21.0 22
1718212178798 21.0 23
1718212188828 21.0 24
1718212198850 21.0 25
1718212208879 21.0 26
1718212218901 21.0 27
1718212228924 20.9 28
1718212238944 21.0 29
1718212248961 20.9 30
1718212258982 20.9 31
1718212269003 21.0 32
1718212279034 21.0 33
1718212289058 21.0 34
1718212299082 21.0 35
1718212309104 21.0 36
1718212319122 21.0 37
1718212329143 21.0 38
1718212339165 21.0 39
1718212349186 21.0 40
1718212359214 21.2 41
1718212369237 21.3 42
1718212379258 21.3 43
1718212389280 21.2 44
1718212399302 21.3 45
1718212409733 21.3 46
1718212419756 24.0 47
1718212429775 24.1 48
1718212439797 24.2 49
1718212449820 24.1 50
1718212459842 24.1 51
1718212469866 24.2 52
1718212479888 24.1 53
1718212489909 24.1 54
1718212499929 24.2 55
1718212509951 24.2 56
1718212519974 24.2 57
1718212529997 24.1 58
1718212540017 24.1 59
1718212550035 24.1 60
1718212560056 24.1 61
1718212570078 24.1 62
1718212580098 24.1 63
1718212590120 24.1 64
1718212600140 24.1 65
1718212610163 24.1 66
1718212620186 24.1 67
1718212630212 24.1 68
1718212640236 24.1 69
1718212650256 24.1 70
1718212660276 24.1 71
1718212670295 24.1 72
1718212680315 24.1 73
1718212690345 24.1 74
1718212700370 24.1 75
1718212710393 24.1 76
1718212720416 24.1 77
1718212730436 24.1 78
1718212740458 24.1 79
1718212750479 24.1 80
1718212760501 24.1 81
1718212770522 24.1 82
1718212780545 24.2 83
1718212790622 24.1 84
1718212800656 24.1 85
1718212810679 24.1 86
1718212820705 24.1 87
1718212830731 24.1 88
1718212840754 24.2 89
1718212850778 24.1 90
1718212860829 24.2 91
1718212870851 24.2 92
1718212880874 24.2 93
1718212890896 24.2 94
1718212900921 24.2 95
