1718417953569 0.0 0
1718417963588 6.4 1
1718417973610 5.1 2
1718417983629 5.2 3
1718417993649 4.9 4
1718418003670 5.2 5
1718418013692 5.1 6
1718418023713 5.2 7
1718418033733 4.9 8
1718418043752 5.1 9
1718418053771 5.0 10
1718418063790 5.2 11
1718418073810 5.0 12
1718418083828 5.1 13
1718418093851 4.9 14
1718418103874 5.0 15
1718418113892 5.1 16
1718418123922 5.0 17
1718418133944 5.1 18
1718418143965 5.0 19
1718418153983 5.1 20
1718418164006 5.0 21
1718418174027 5.2 22
1718418184048 5.1 23
1718418194068 5.1 24
1718418204087 4.9 25
1718418214107 5.1 26
1718418224126 5.0 27
1718418234154 5.1 28
1718418244213 5.1 29
1718418254240 5.2 30
1718418264296 5.1 31
1718418274325 5.1 32
1718418284358 5.1 33
1718418294386 5.0 34
1718418304416 5.0 35
1718418314446 5.1 36
1718418324474 4.9 37
1718418334501 5.1 38
1718418344528 5.1 39
1718418354549 5.2 40
1718418364570 5.1 41
1718418374589 5.1 42
1718418384608 5.1 43
1718418394628 5.1 44
1718418404647 4.9 45
1718418414676 5.1 46
1718418424704 5.0 47
1718418434733 5.1 48
1718418444764 5.1 49
1718418454790 5.3 50
1718418464814 5.0 51
1718418474842 5.1 52
1718418484870 5.1 53
1718418494900 5.0 54
1718418504927 5.1 55
1718418514949 4.9 56
1718418524979 5.1 57
1718418535012 4.9 58
1718418545048 5.1 59
1718418555078 5.0 60
1718418565106 5.2 61
1718418575134 5.0 62
1718418585163 5.6 63
1718418595193 5.5 64
1718418605223 5.4 65
1718418615245 5.5 66
1718418625271 5.4 67
1718418635301 5.3 68
1718418645331 5.4 69
1718418655356 5.3 70
1718418665389 5.4 71
1718418675416 5.3 72
1718418685447 5.5 73
1718418695475 5.2 74
1718418705503 5.4 75
1718418715527 5.4 76
1718418725554 5.3 77
1718418735582 5.4 78
1718418745608 5.5 79
1718418755631 5.3 80
1718418768193 5.5 81
1718418778225 5.9 82
1718418788267 9.4 83
1718418798289 9.0 84
1718418808310 9.3 85
1718418818333 9.3 86
1718418828357 9.0 87
1718418838385 9.2 88
1718418848462 9.1 89
1718418858492 8.1 90
1718418868526 5.2 91
1718418878557 5.1 92
1718418888580 5.1 93
1718418898601 4.9 94
1718418908621 5.2 95
1718418918645 5.2 96
1718418928668 5.2 97
1718418938718 5.0 98
1718418948740 5.2 99
1718418958762 5.0 100
1718418968789 5.2 101
1718418978811 5.0 102
1718418988833 5.2 103
1718418998856 4.9 104
1718419008876 5.1 105
1718419018913 5.0 106
1718419028982 5.1 107
1718419039003 5.0 108
1718419049025 5.1 109
1718419059051 5.0 110
1718419069075 5.2 111
1718419079099 5.1 112
1718419089160 5.2 113
1718419099184 5.0 114
1718419109221 5.0 115
1718419119251 5.0 116
1718419129322 5.0 117
1718419139342 5.1 118
1718419149416 5.0 119
1718419159482 5.0 120
1718419169505 5.1 121
1718419179579 5.3 122
1718419189648 5.0 123
1718419199735 5.1 124
1718419209759 5.0 125
1718419219825 5.3 126
1718419229900 5.1 127
1718419239982 5.1 128
1718419250062 5.1 129
1718419260141 5.1 130
1718419270176 5.1 131
1718419280254 5.2 132
1718419290341 5.0 133
1718419300416 5.0 134
1718419310455 5.0 135
1718419320544 5.1 136
1718419330573 5.0 137
1718419340651 5.1 138
1718419350685 5.0 139
1718419360711 5.1 140
1718419370798 5.1 141
1718419380863 5.2 142
1718419390938 5.0 143
1718419401007 5.3 144
1718419411087 5.5 145
1718419421162 5.4 146
1718419431204 5.4 147
1718419441236 5.4 148
1718419451282 5.5 149
1718419461315 5.4 150
1718419471350 5.4 151
1718419481376 5.6 152
1718419491442 5.2 153
1718419501465 5.3 154
1718419511489 5.5 155
1718419521513 5.3 156
1718419531538 5.4 157
1718419541604 5.4 158
1718419551667 5.4 159
1718419561740 5.5 160
1718419571773 5.4 161
1718419581802 5.4 162
1718419591874 5.3 163
1718419601900 8.2 164
1718419611926 9.3 165
1718419621952 9.1 166
1718419631992 9.2 167
1718419642017 9.2 168
1718419652039 9.2 169
1718419662068 9.3 170
1718419672138 9.2 171
1718419682211 5.2 172
1718419692278 5.0 173
1718419702353 5.1 174
1718419712377 4.9 175
1718419722452 5.1 176
1718419732522 5.0 177
1718419742590 5.1 178
1718419752665 5.0 179
1718419762689 5.1 180
1718419772763 5.1 181
1718419782837 5.2 182
1718419792930 5.0 183
1718419803001 5.1 184
1718419813025 5.1 185
1718419823046 5.2 186
1718419833068 5.0 187
1718419843146 5.1 188
1718419853169 5.0 189
1718419863193 5.2 190
1718419873215 5.0 191
1718419883300 5.1 192
1718419893365 5.0 193
1718419903442 4.9 194
1718419913511 5.0 195
1718419923587 5.0 196
1718419933655 5.2 197
1718419943735 5.0 198
1718419953822 5.1 199
1718419963896 5.0 200
1718419973962 5.1 201
1718419984044 5.1 202
1718419994136 5.0 203
1718420004221 4.9 204
1718420014295 5.1 205
1718420024323 4.9 206
1718420034392 5.1 207
1718420044420 5.0 208
1718420054500 5.2 209
1718420064529 5.1 210
1718420074558 5.2 211
1718420084587 5.0 212
1718420094670 5.0 213
1718420104740 4.9 214
1718420114816 5.3 215
1718420124909 5.0 216
1718420134991 5.2 217
1718420145086 5.1 218
1718420155165 5.2 219
1718420165243 5.1 220
1718420175330 5.1 221
1718420185407 5.1 222
1718420195439 5.1 223
1718420205523 5.0 224
1718420215606 5.2 225
1718420225636 5.4 226
1718420235719 5.5 227
1718420245794 5.3 228
1718420255868 5.4 229
1718420265947 5.3 230
1718420276025 5.5 231
1718420286106 5.3 232
1718420296191 5.3 233
1718420306230 5.5 234
1718420316309 5.3 235
1718420326340 5.5 236
1718420336378 5.5 237
1718420346422 5.5 238
1718420356460 5.3 239
1718420366535 5.5 240
1718420376559 5.5 241
1718420386631 5.5 242
1718420396665 5.4 243
1718420406696 5.4 244
1718420416725 8.1 245
1718420426753 9.3 246
1718420436785 9.2 247
1718420446815 9.1 248
1718420456845 9.2 249
1718420466875 9.2 250
1718420476913 9.2 251
1718420486998 9.1 252
1718420497040 5.5 253
1718420507129 4.9 254
1718420517208 5.1 255
1718420527247 5.0 256
1718420537327 5.1 257
1718420547414 5.0 258
1718420557490 5.0 259
1718420567564 5.0 260
1718420577652 5.2 261
1718420587712 5.0 262
1718420597795 5.1 263
1718420607822 5.0 264
1718420617848 5.1 265
1718420627874 5.0 266
1718420637959 5.2 267
1718420647997 5.1 268
1718420658034 5.2 269
1718420668073 5.1 270
1718420678155 5.2 271
1718420688235 4.9 272
1718420698311 4.9 273
1718420708338 5.1 274
1718420718430 5.1 275
1718420728513 5.1 276
1718420738600 4.9 277
1718420748681 5.1 278
1718420758708 5.0 279
1718420768781 5.2 280
1718420778858 5.1 281
1718420788946 5.1 282
1718420799034 5.0 283
1718420809112 5.1 284
1718420819150 4.9 285
1718420829229 5.1 286
1718420839268 5.0 287
1718420849347 5.1 288
1718420859378 5.1 289
1718420869455 5.1 290
1718420879490 5.1 291
1718420889576 5.1 292
1718420899616 4.9 293
1718420909698 5.2 294
1718420919736 5.0 295
1718420929824 5.2 296
1718420939917 5.0 297
1718420949996 5.1 298
1718420960084 5.0 299
1718420970168 5.2 300
1718420980251 5.1 301
1718420990344 5.1 302
1718421000432 5.0 303
1718421010516 5.1 304
1718421020603 5.1 305
1718421030680 5.3 306
1718421040752 5.4 307
1718421050844 5.4 308
1718421060920 5.5 309
1718421070951 5.6 310
1718421081025 5.5 311
1718421091096 5.4 312
1718421101167 5.5 313
1718421111245 5.3 314
1718421121274 5.4 315
1718421131315 5.5 316
1718421141353 5.5 317
1718421151446 5.4 318
1718421161524 5.6 319
1718421171615 5.5 320
1718421181693 5.5 321
1718421191776 5.5 322
1718421201859 5.4 323
1718421211934 5.4 324
1718421222019 5.5 325
1718421232046 7.6 326
1718421242075 9.1 327
1718421252107 9.2 328
1718421262170 9.3 329
1718421272201 9.4 330
1718421282233 9.1 331
1718421292263 9.0 332
1718421302301 9.1 333
1718421312341 5.8 334
