1718417953569 296250.3 0
1718417963588 296249.2 1
1718417973610 296249.1 2
1718417983629 296249.0 3
1718417993649 296249.0 4
1718418003670 296249.0 5
1718418013692 296249.0 6
1718418023713 296249.0 7
1718418033733 296249.0 8
1718418043752 296249.0 9
1718418053771 296249.0 10
1718418063790 296249.0 11
1718418073810 296249.0 12
1718418083828 296249.0 13
1718418093851 296249.0 14
1718418103874 296249.0 15
1718418113892 296249.0 16
1718418123922 296249.0 17
1718418133944 296249.0 18
1718418143965 296249.0 19
1718418153983 296249.0 20
1718418164006 296249.0 21
1718418174027 296249.0 22
1718418184048 296249.0 23
1718418194068 296249.0 24
1718418204087 296249.0 25
1718418214107 296249.0 26
1718418224126 296249.0 27
1718418234154 296249.0 28
1718418244213 296249.0 29
1718418254240 296249.0 30
1718418264296 296249.0 31
1718418274325 296249.0 32
1718418284358 296249.0 33
1718418294386 296249.0 34
1718418304416 296249.0 35
1718418314446 296249.0 36
1718418324474 296249.0 37
1718418334501 296249.0 38
1718418344528 296249.0 39
1718418354549 296249.0 40
1718418364570 296249.0 41
1718418374589 296249.0 42
1718418384608 296249.0 43
1718418394628 296249.0 44
1718418404647 296249.0 45
1718418414676 296249.0 46
1718418424704 296249.0 47
1718418434733 296249.0 48
1718418444764 296249.0 49
1718418454790 296249.0 50
1718418464814 296249.0 51
1718418474842 296249.0 52
1718418484870 296249.0 53
1718418494900 296249.0 54
1718418504927 296249.0 55
1718418514949 296249.0 56
1718418524979 296249.0 57
1718418535012 296249.0 58
1718418545048 296249.0 59
1718418555078 296249.0 60
1718418565106 296249.0 61
1718418575134 296249.0 62
1718418585163 296249.0 63
1718418595193 296249.0 64
1718418605223 296249.0 65
1718418615245 296249.0 66
1718418625271 296249.0 67
1718418635301 296249.0 68
1718418645331 296249.0 69
1718418655356 296249.0 70
1718418665389 296249.0 71
1718418675416 296249.0 72
1718418685447 296249.0 73
1718418695475 296249.0 74
1718418705503 296249.0 75
1718418715527 296249.0 76
1718418725554 296249.0 77
1718418735582 296249.0 78
1718418745608 296249.0 79
1718418755631 296249.0 80
1718418768193 296249.0 81
1718418778225 294231.9 82
1718418788267 294231.9 83
1718418798289 294231.9 84
1718418808310 294231.8 85
1718418818333 294231.8 86
1718418828357 294231.8 87
1718418838385 294231.8 88
1718418848462 294231.8 89
1718418858492 294231.8 90
1718418868526 294231.8 91
1718418878557 294231.8 92
1718418888580 294231.8 93
1718418898601 294231.8 94
1718418908621 294231.8 95
1718418918645 294231.8 96
1718418928668 294231.8 97
1718418938718 294231.8 98
1718418948740 294231.8 99
1718418958762 294231.8 100
1718418968789 294231.8 101
1718418978811 294231.8 102
1718418988833 294231.8 103
1718418998856 294231.8 104
1718419008876 294231.8 105
1718419018913 294231.8 106
1718419028982 294231.8 107
1718419039003 294231.8 108
1718419049025 294231.8 109
1718419059051 294231.8 110
1718419069075 294231.8 111
1718419079099 294231.8 112
1718419089160 294231.8 113
1718419099184 294231.8 114
1718419109221 294231.8 115
1718419119251 294231.8 116
1718419129322 294231.8 117
1718419139342 294231.8 118
1718419149416 294231.8 119
1718419159482 294231.8 120
1718419169505 294231.8 121
1718419179579 294231.8 122
1718419189648 294231.8 123
1718419199735 294231.8 124
1718419209759 294231.8 125
1718419219825 294231.8 126
1718419229900 294231.8 127
1718419239982 294231.8 128
1718419250062 294231.8 129
1718419260141 294231.8 130
1718419270176 294231.8 131
1718419280254 294231.8 132
1718419290341 294231.8 133
1718419300416 294231.8 134
1718419310455 294231.8 135
1718419320544 294231.8 136
1718419330573 294231.8 137
1718419340651 294231.8 138
1718419350685 294231.8 139
1718419360711 294231.8 140
1718419370798 294231.8 141
1718419380863 294231.8 142
1718419390938 294231.8 143
1718419401007 294231.8 144
1718419411087 294231.8 145
1718419421162 294231.8 146
1718419431204 294231.8 147
1718419441236 294231.8 148
1718419451282 294231.8 149
1718419461315 294231.8 150
1718419471350 294231.8 151
1718419481376 294231.8 152
1718419491442 294231.8 153
1718419501465 294231.8 154
1718419511489 294231.8 155
1718419521513 294231.8 156
1718419531538 294231.8 157
1718419541604 294231.8 158
1718419551667 294231.8 159
1718419561740 294231.8 160
1718419571773 294231.8 161
1718419581802 294231.8 162
1718419591874 294231.8 163
1718419601900 292214.6 164
1718419611926 292214.6 165
1718419621952 292214.6 166
1718419631992 292214.6 167
1718419642017 292214.6 168
1718419652039 292214.6 169
1718419662068 292214.6 170
1718419672138 292214.6 171
1718419682211 292214.6 172
1718419692278 292214.6 173
1718419702353 292214.6 174
1718419712377 292214.6 175
1718419722452 292214.6 176
1718419732522 292214.6 177
1718419742590 292214.6 178
1718419752665 292214.6 179
1718419762689 292214.6 180
1718419772763 292214.6 181
1718419782837 292214.6 182
1718419792930 292214.6 183
1718419803001 292214.6 184
1718419813025 292214.6 185
1718419823046 292214.6 186
1718419833068 292214.6 187
1718419843146 292214.6 188
1718419853169 292214.6 189
1718419863193 292214.6 190
1718419873215 292214.6 191
1718419883300 292214.6 192
1718419893365 292214.6 193
1718419903442 292214.6 194
1718419913511 292214.6 195
1718419923587 292214.6 196
1718419933655 292214.6 197
1718419943735 292214.6 198
1718419953822 292214.6 199
1718419963896 292214.6 200
1718419973962 292214.6 201
1718419984044 292214.6 202
1718419994136 292214.6 203
1718420004221 292214.6 204
1718420014295 292214.6 205
1718420024323 292214.6 206
1718420034392 292214.6 207
1718420044420 292214.6 208
1718420054500 292214.6 209
1718420064529 292214.6 210
1718420074558 292214.6 211
1718420084587 292214.6 212
1718420094670 292214.6 213
1718420104740 292214.6 214
1718420114816 292214.6 215
1718420124909 292214.6 216
1718420134991 292214.6 217
1718420145086 292214.6 218
1718420155165 292214.6 219
1718420165243 292214.6 220
1718420175330 292214.6 221
1718420185407 292214.6 222
1718420195439 292214.6 223
1718420205523 292214.6 224
1718420215606 292214.6 225
1718420225636 292214.6 226
1718420235719 292214.6 227
1718420245794 292214.6 228
1718420255868 292214.6 229
1718420265947 292214.6 230
1718420276025 292214.6 231
1718420286106 292214.6 232
1718420296191 292214.6 233
1718420306230 292214.6 234
1718420316309 292214.6 235
1718420326340 292214.6 236
1718420336378 292214.6 237
1718420346422 292214.6 238
1718420356460 292214.6 239
1718420366535 292214.6 240
1718420376559 292214.6 241
1718420386631 292214.6 242
1718420396665 292214.6 243
1718420406696 292214.6 244
1718420416725 290197.3 245
1718420426753 290197.3 246
1718420436785 290197.3 247
1718420446815 290197.3 248
1718420456845 290197.3 249
1718420466875 290197.3 250
1718420476913 290197.3 251
1718420486998 290197.3 252
1718420497040 290197.3 253
1718420507129 290197.3 254
1718420517208 290197.3 255
1718420527247 290197.3 256
1718420537327 290197.3 257
1718420547414 290197.3 258
1718420557490 290197.3 259
1718420567564 290197.3 260
1718420577652 290197.3 261
1718420587712 290197.3 262
1718420597795 290197.3 263
1718420607822 290197.3 264
1718420617848 290197.3 265
1718420627874 290197.3 266
1718420637959 290197.3 267
1718420647997 290197.3 268
1718420658034 290197.3 269
1718420668073 290197.3 270
1718420678155 290197.3 271
1718420688235 290197.3 272
1718420698311 290197.3 273
1718420708338 290197.3 274
1718420718430 290197.3 275
1718420728513 290197.3 276
1718420738600 290197.3 277
1718420748681 290197.3 278
1718420758708 290197.3 279
1718420768781 290197.3 280
1718420778858 290197.3 281
1718420788946 290197.3 282
1718420799034 290197.3 283
1718420809112 290197.3 284
1718420819150 290197.3 285
1718420829229 290197.3 286
1718420839268 290197.3 287
1718420849347 290197.3 288
1718420859378 290197.3 289
1718420869455 290197.3 290
1718420879490 290197.3 291
1718420889576 290197.3 292
1718420899616 290197.3 293
1718420909698 290197.3 294
1718420919736 290197.3 295
1718420929824 290197.3 296
1718420939917 290197.3 297
1718420949996 290197.3 298
1718420960084 290197.3 299
1718420970168 290197.3 300
1718420980251 290197.3 301
1718420990344 290197.3 302
1718421000432 290197.3 303
1718421010516 290197.3 304
1718421020603 290197.3 305
1718421030680 290197.3 306
1718421040752 290197.3 307
1718421050844 290197.3 308
1718421060920 290197.3 309
1718421070951 290197.3 310
1718421081025 290197.3 311
1718421091096 290197.3 312
1718421101167 290197.3 313
1718421111245 290197.3 314
1718421121274 290197.3 315
1718421131315 290197.3 316
1718421141353 290197.3 317
1718421151446 290197.3 318
1718421161524 290197.3 319
1718421171615 290197.3 320
1718421181693 290197.3 321
1718421191776 290197.3 322
1718421201859 290197.3 323
1718421211934 290197.3 324
1718421222019 290197.3 325
1718421232046 288180.1 326
1718421242075 288180.1 327
1718421252107 288180.1 328
1718421262170 288180.1 329
1718421272201 288180.1 330
1718421282233 288180.1 331
1718421292263 288180.1 332
1718421302301 288180.1 333
1718421312341 288180.1 334
