1718417953569 68.2 0
1718417963588 68.2 1
1718417973610 68.2 2
1718417983629 68.2 3
1718417993649 68.2 4
1718418003670 68.2 5
1718418013692 68.2 6
1718418023713 68.2 7
1718418033733 68.2 8
1718418043752 68.2 9
1718418053771 68.2 10
1718418063790 68.2 11
1718418073810 68.2 12
1718418083828 68.2 13
1718418093851 68.2 14
1718418103874 68.2 15
1718418113892 68.2 16
1718418123922 68.2 17
1718418133944 68.2 18
1718418143965 68.2 19
1718418153983 68.2 20
1718418164006 68.2 21
1718418174027 68.2 22
1718418184048 68.2 23
1718418194068 68.2 24
1718418204087 68.2 25
1718418214107 68.2 26
1718418224126 68.2 27
1718418234154 68.2 28
1718418244213 68.2 29
1718418254240 68.2 30
1718418264296 68.2 31
1718418274325 68.2 32
1718418284358 68.2 33
1718418294386 68.2 34
1718418304416 68.2 35
1718418314446 68.2 36
1718418324474 68.2 37
1718418334501 68.2 38
1718418344528 68.2 39
1718418354549 68.2 40
1718418364570 68.2 41
1718418374589 68.2 42
1718418384608 68.2 43
1718418394628 68.2 44
1718418404647 68.2 45
1718418414676 68.2 46
1718418424704 68.2 47
1718418434733 68.2 48
1718418444764 68.2 49
1718418454790 68.2 50
1718418464814 68.2 51
1718418474842 68.2 52
1718418484870 68.2 53
1718418494900 68.2 54
1718418504927 68.2 55
1718418514949 68.2 56
1718418524979 68.2 57
1718418535012 68.2 58
1718418545048 68.2 59
1718418555078 68.2 60
1718418565106 68.2 61
1718418575134 68.2 62
1718418585163 68.2 63
1718418595193 68.2 64
1718418605223 68.2 65
1718418615245 68.2 66
1718418625271 68.2 67
1718418635301 68.2 68
1718418645331 68.2 69
1718418655356 68.2 70
1718418665389 68.2 71
1718418675416 68.2 72
1718418685447 68.2 73
1718418695475 68.2 74
1718418705503 68.2 75
1718418715527 68.2 76
1718418725554 68.2 77
1718418735582 68.2 78
1718418745608 68.2 79
1718418755631 68.2 80
1718418768193 68.2 81
1718418778225 68.5 82
1718418788267 68.5 83
1718418798289 68.5 84
1718418808310 68.5 85
1718418818333 68.5 86
1718418828357 68.5 87
1718418838385 68.5 88
1718418848462 68.5 89
1718418858492 68.5 90
1718418868526 68.5 91
1718418878557 68.5 92
1718418888580 68.5 93
1718418898601 68.5 94
1718418908621 68.5 95
1718418918645 68.5 96
1718418928668 68.5 97
1718418938718 68.5 98
1718418948740 68.5 99
1718418958762 68.5 100
1718418968789 68.5 101
1718418978811 68.5 102
1718418988833 68.5 103
1718418998856 68.5 104
1718419008876 68.5 105
1718419018913 68.5 106
1718419028982 68.5 107
1718419039003 68.5 108
1718419049025 68.5 109
1718419059051 68.5 110
1718419069075 68.5 111
1718419079099 68.5 112
1718419089160 68.5 113
1718419099184 68.5 114
1718419109221 68.5 115
1718419119251 68.5 116
1718419129322 68.5 117
1718419139342 68.5 118
1718419149416 68.5 119
1718419159482 68.5 120
1718419169505 68.5 121
1718419179579 68.5 122
1718419189648 68.5 123
1718419199735 68.5 124
1718419209759 68.5 125
1718419219825 68.5 126
1718419229900 68.5 127
1718419239982 68.5 128
1718419250062 68.5 129
1718419260141 68.5 130
1718419270176 68.5 131
1718419280254 68.5 132
1718419290341 68.5 133
1718419300416 68.5 134
1718419310455 68.5 135
1718419320544 68.5 136
1718419330573 68.5 137
1718419340651 68.5 138
1718419350685 68.5 139
1718419360711 68.5 140
1718419370798 68.5 141
1718419380863 68.5 142
1718419390938 68.5 143
1718419401007 68.5 144
1718419411087 68.5 145
1718419421162 68.5 146
1718419431204 68.5 147
1718419441236 68.5 148
1718419451282 68.5 149
1718419461315 68.5 150
1718419471350 68.5 151
1718419481376 68.5 152
1718419491442 68.5 153
1718419501465 68.5 154
1718419511489 68.5 155
1718419521513 68.5 156
1718419531538 68.5 157
1718419541604 68.5 158
1718419551667 68.5 159
1718419561740 68.5 160
1718419571773 68.5 161
1718419581802 68.5 162
1718419591874 68.5 163
1718419601900 68.7 164
1718419611926 68.7 165
1718419621952 68.7 166
1718419631992 68.7 167
1718419642017 68.7 168
1718419652039 68.7 169
1718419662068 68.7 170
1718419672138 68.7 171
1718419682211 68.7 172
1718419692278 68.7 173
1718419702353 68.7 174
1718419712377 68.7 175
1718419722452 68.7 176
1718419732522 68.7 177
1718419742590 68.7 178
1718419752665 68.7 179
1718419762689 68.7 180
1718419772763 68.7 181
1718419782837 68.7 182
1718419792930 68.7 183
1718419803001 68.7 184
1718419813025 68.7 185
1718419823046 68.7 186
1718419833068 68.7 187
1718419843146 68.7 188
1718419853169 68.7 189
1718419863193 68.7 190
1718419873215 68.7 191
1718419883300 68.7 192
1718419893365 68.7 193
1718419903442 68.7 194
1718419913511 68.7 195
1718419923587 68.7 196
1718419933655 68.7 197
1718419943735 68.7 198
1718419953822 68.7 199
1718419963896 68.7 200
1718419973962 68.7 201
1718419984044 68.7 202
1718419994136 68.7 203
1718420004221 68.7 204
1718420014295 68.7 205
1718420024323 68.7 206
1718420034392 68.7 207
1718420044420 68.7 208
1718420054500 68.7 209
1718420064529 68.7 210
1718420074558 68.7 211
1718420084587 68.7 212
1718420094670 68.7 213
1718420104740 68.7 214
1718420114816 68.7 215
1718420124909 68.7 216
1718420134991 68.7 217
1718420145086 68.7 218
1718420155165 68.7 219
1718420165243 68.7 220
1718420175330 68.7 221
1718420185407 68.7 222
1718420195439 68.7 223
1718420205523 68.7 224
1718420215606 68.7 225
1718420225636 68.7 226
1718420235719 68.7 227
1718420245794 68.7 228
1718420255868 68.7 229
1718420265947 68.7 230
1718420276025 68.7 231
1718420286106 68.7 232
1718420296191 68.7 233
1718420306230 68.7 234
1718420316309 68.7 235
1718420326340 68.7 236
1718420336378 68.7 237
1718420346422 68.7 238
1718420356460 68.7 239
1718420366535 68.7 240
1718420376559 68.7 241
1718420386631 68.7 242
1718420396665 68.7 243
1718420406696 68.7 244
1718420416725 68.9 245
1718420426753 68.9 246
1718420436785 68.9 247
1718420446815 68.9 248
1718420456845 68.9 249
1718420466875 68.9 250
1718420476913 68.9 251
1718420486998 68.9 252
1718420497040 68.9 253
1718420507129 68.9 254
1718420517208 68.9 255
1718420527247 68.9 256
1718420537327 68.9 257
1718420547414 68.9 258
1718420557490 68.9 259
1718420567564 68.9 260
1718420577652 68.9 261
1718420587712 68.9 262
1718420597795 68.9 263
1718420607822 68.9 264
1718420617848 68.9 265
1718420627874 68.9 266
1718420637959 68.9 267
1718420647997 68.9 268
1718420658034 68.9 269
1718420668073 68.9 270
1718420678155 68.9 271
1718420688235 68.9 272
1718420698311 68.9 273
1718420708338 68.9 274
1718420718430 68.9 275
1718420728513 68.9 276
1718420738600 68.9 277
1718420748681 68.9 278
1718420758708 68.9 279
1718420768781 68.9 280
1718420778858 68.9 281
1718420788946 68.9 282
1718420799034 68.9 283
1718420809112 68.9 284
1718420819150 68.9 285
1718420829229 68.9 286
1718420839268 68.9 287
1718420849347 68.9 288
1718420859378 68.9 289
1718420869455 68.9 290
1718420879490 68.9 291
1718420889576 68.9 292
1718420899616 68.9 293
1718420909698 68.9 294
1718420919736 68.9 295
1718420929824 68.9 296
1718420939917 68.9 297
1718420949996 68.9 298
1718420960084 68.9 299
1718420970168 68.9 300
1718420980251 68.9 301
1718420990344 68.9 302
1718421000432 68.9 303
1718421010516 68.9 304
1718421020603 68.9 305
1718421030680 68.9 306
1718421040752 68.9 307
1718421050844 68.9 308
1718421060920 68.9 309
1718421070951 68.9 310
1718421081025 68.9 311
1718421091096 68.9 312
1718421101167 68.9 313
1718421111245 68.9 314
1718421121274 68.9 315
1718421131315 68.9 316
1718421141353 68.9 317
1718421151446 68.9 318
1718421161524 68.9 319
1718421171615 68.9 320
1718421181693 68.9 321
1718421191776 68.9 322
1718421201859 68.9 323
1718421211934 68.9 324
1718421222019 68.9 325
1718421232046 69.1 326
1718421242075 69.1 327
1718421252107 69.1 328
1718421262170 69.1 329
1718421272201 69.1 330
1718421282233 69.1 331
1718421292263 69.1 332
1718421302301 69.1 333
1718421312341 69.1 334
