1718417953569 636570.5 0
1718417963588 636571.6 1
1718417973610 636571.7 2
1718417983629 636571.8 3
1718417993649 636571.8 4
1718418003670 636571.8 5
1718418013692 636571.8 6
1718418023713 636571.8 7
1718418033733 636571.8 8
1718418043752 636571.8 9
1718418053771 636571.8 10
1718418063790 636571.8 11
1718418073810 636571.8 12
1718418083828 636571.8 13
1718418093851 636571.8 14
1718418103874 636571.8 15
1718418113892 636571.8 16
1718418123922 636571.8 17
1718418133944 636571.8 18
1718418143965 636571.8 19
1718418153983 636571.8 20
1718418164006 636571.8 21
1718418174027 636571.8 22
1718418184048 636571.8 23
1718418194068 636571.8 24
1718418204087 636571.8 25
1718418214107 636571.8 26
1718418224126 636571.8 27
1718418234154 636571.8 28
1718418244213 636571.8 29
1718418254240 636571.8 30
1718418264296 636571.8 31
1718418274325 636571.8 32
1718418284358 636571.8 33
1718418294386 636571.8 34
1718418304416 636571.8 35
1718418314446 636571.8 36
1718418324474 636571.8 37
1718418334501 636571.8 38
1718418344528 636571.8 39
1718418354549 636571.8 40
1718418364570 636571.8 41
1718418374589 636571.8 42
1718418384608 636571.8 43
1718418394628 636571.8 44
1718418404647 636571.8 45
1718418414676 636571.8 46
1718418424704 636571.8 47
1718418434733 636571.8 48
1718418444764 636571.8 49
1718418454790 636571.8 50
1718418464814 636571.8 51
1718418474842 636571.8 52
1718418484870 636571.8 53
1718418494900 636571.8 54
1718418504927 636571.8 55
1718418514949 636571.8 56
1718418524979 636571.8 57
1718418535012 636571.8 58
1718418545048 636571.8 59
1718418555078 636571.8 60
1718418565106 636571.8 61
1718418575134 636571.8 62
1718418585163 636571.8 63
1718418595193 636571.8 64
1718418605223 636571.8 65
1718418615245 636571.8 66
1718418625271 636571.8 67
1718418635301 636571.8 68
1718418645331 636571.8 69
1718418655356 636571.8 70
1718418665389 636571.8 71
1718418675416 636571.8 72
1718418685447 636571.8 73
1718418695475 636571.8 74
1718418705503 636571.8 75
1718418715527 636571.8 76
1718418725554 636571.8 77
1718418735582 636571.8 78
1718418745608 636571.8 79
1718418755631 636571.8 80
1718418768193 636571.8 81
1718418778225 638589.0 82
1718418788267 638589.0 83
1718418798289 638589.0 84
1718418808310 638589.0 85
1718418818333 638589.0 86
1718418828357 638589.0 87
1718418838385 638589.0 88
1718418848462 638589.0 89
1718418858492 638589.0 90
1718418868526 638589.0 91
1718418878557 638589.0 92
1718418888580 638589.0 93
1718418898601 638589.0 94
1718418908621 638589.0 95
1718418918645 638589.0 96
1718418928668 638589.0 97
1718418938718 638589.0 98
1718418948740 638589.0 99
1718418958762 638589.0 100
1718418968789 638589.0 101
1718418978811 638589.0 102
1718418988833 638589.0 103
1718418998856 638589.0 104
1718419008876 638589.0 105
1718419018913 638589.0 106
1718419028982 638589.0 107
1718419039003 638589.0 108
1718419049025 638589.0 109
1718419059051 638589.0 110
1718419069075 638589.0 111
1718419079099 638589.0 112
1718419089160 638589.0 113
1718419099184 638589.0 114
1718419109221 638589.0 115
1718419119251 638589.0 116
1718419129322 638589.0 117
1718419139342 638589.0 118
1718419149416 638589.0 119
1718419159482 638589.0 120
1718419169505 638589.0 121
1718419179579 638589.0 122
1718419189648 638589.0 123
1718419199735 638589.0 124
1718419209759 638589.0 125
1718419219825 638589.0 126
1718419229900 638589.0 127
1718419239982 638589.0 128
1718419250062 638589.0 129
1718419260141 638589.0 130
1718419270176 638589.0 131
1718419280254 638589.0 132
1718419290341 638589.0 133
1718419300416 638589.0 134
1718419310455 638589.0 135
1718419320544 638589.0 136
1718419330573 638589.0 137
1718419340651 638589.0 138
1718419350685 638589.0 139
1718419360711 638589.0 140
1718419370798 638589.0 141
1718419380863 638589.0 142
1718419390938 638589.0 143
1718419401007 638589.0 144
1718419411087 638589.0 145
1718419421162 638589.0 146
1718419431204 638589.0 147
1718419441236 638589.0 148
1718419451282 638589.0 149
1718419461315 638589.0 150
1718419471350 638589.0 151
1718419481376 638589.0 152
1718419491442 638589.0 153
1718419501465 638589.0 154
1718419511489 638589.0 155
1718419521513 638589.0 156
1718419531538 638589.0 157
1718419541604 638589.0 158
1718419551667 638589.0 159
1718419561740 638589.0 160
1718419571773 638589.0 161
1718419581802 638589.0 162
1718419591874 638589.1 163
1718419601900 640606.2 164
1718419611926 640606.2 165
1718419621952 640606.2 166
1718419631992 640606.2 167
1718419642017 640606.2 168
1718419652039 640606.2 169
1718419662068 640606.2 170
1718419672138 640606.2 171
1718419682211 640606.2 172
1718419692278 640606.2 173
1718419702353 640606.2 174
1718419712377 640606.2 175
1718419722452 640606.2 176
1718419732522 640606.2 177
1718419742590 640606.2 178
1718419752665 640606.2 179
1718419762689 640606.2 180
1718419772763 640606.2 181
1718419782837 640606.2 182
1718419792930 640606.2 183
1718419803001 640606.2 184
1718419813025 640606.2 185
1718419823046 640606.2 186
1718419833068 640606.2 187
1718419843146 640606.2 188
1718419853169 640606.2 189
1718419863193 640606.2 190
1718419873215 640606.2 191
1718419883300 640606.2 192
1718419893365 640606.2 193
1718419903442 640606.2 194
1718419913511 640606.2 195
1718419923587 640606.2 196
1718419933655 640606.2 197
1718419943735 640606.2 198
1718419953822 640606.2 199
1718419963896 640606.2 200
1718419973962 640606.2 201
1718419984044 640606.2 202
1718419994136 640606.2 203
1718420004221 640606.2 204
1718420014295 640606.2 205
1718420024323 640606.2 206
1718420034392 640606.2 207
1718420044420 640606.2 208
1718420054500 640606.2 209
1718420064529 640606.2 210
1718420074558 640606.2 211
1718420084587 640606.2 212
1718420094670 640606.2 213
1718420104740 640606.2 214
1718420114816 640606.2 215
1718420124909 640606.2 216
1718420134991 640606.2 217
1718420145086 640606.2 218
1718420155165 640606.2 219
1718420165243 640606.2 220
1718420175330 640606.2 221
1718420185407 640606.2 222
1718420195439 640606.2 223
1718420205523 640606.2 224
1718420215606 640606.2 225
1718420225636 640606.2 226
1718420235719 640606.2 227
1718420245794 640606.2 228
1718420255868 640606.2 229
1718420265947 640606.2 230
1718420276025 640606.2 231
1718420286106 640606.2 232
1718420296191 640606.2 233
1718420306230 640606.2 234
1718420316309 640606.2 235
1718420326340 640606.2 236
1718420336378 640606.2 237
1718420346422 640606.2 238
1718420356460 640606.2 239
1718420366535 640606.2 240
1718420376559 640606.2 241
1718420386631 640606.2 242
1718420396665 640606.2 243
1718420406696 640606.2 244
1718420416725 642623.5 245
1718420426753 642623.5 246
1718420436785 642623.5 247
1718420446815 642623.5 248
1718420456845 642623.5 249
1718420466875 642623.5 250
1718420476913 642623.5 251
1718420486998 642623.5 252
1718420497040 642623.5 253
1718420507129 642623.5 254
1718420517208 642623.5 255
1718420527247 642623.5 256
1718420537327 642623.5 257
1718420547414 642623.5 258
1718420557490 642623.5 259
1718420567564 642623.5 260
1718420577652 642623.5 261
1718420587712 642623.5 262
1718420597795 642623.5 263
1718420607822 642623.5 264
1718420617848 642623.5 265
1718420627874 642623.5 266
1718420637959 642623.5 267
1718420647997 642623.5 268
1718420658034 642623.5 269
1718420668073 642623.5 270
1718420678155 642623.5 271
1718420688235 642623.5 272
1718420698311 642623.5 273
1718420708338 642623.5 274
1718420718430 642623.5 275
1718420728513 642623.5 276
1718420738600 642623.5 277
1718420748681 642623.5 278
1718420758708 642623.5 279
1718420768781 642623.5 280
1718420778858 642623.5 281
1718420788946 642623.5 282
1718420799034 642623.5 283
1718420809112 642623.5 284
1718420819150 642623.5 285
1718420829229 642623.5 286
1718420839268 642623.5 287
1718420849347 642623.5 288
1718420859378 642623.5 289
1718420869455 642623.5 290
1718420879490 642623.5 291
1718420889576 642623.5 292
1718420899616 642623.5 293
1718420909698 642623.5 294
1718420919736 642623.5 295
1718420929824 642623.5 296
1718420939917 642623.5 297
1718420949996 642623.5 298
1718420960084 642623.5 299
1718420970168 642623.5 300
1718420980251 642623.5 301
1718420990344 642623.5 302
1718421000432 642623.5 303
1718421010516 642623.5 304
1718421020603 642623.5 305
1718421030680 642623.5 306
1718421040752 642623.5 307
1718421050844 642623.5 308
1718421060920 642623.5 309
1718421070951 642623.5 310
1718421081025 642623.5 311
1718421091096 642623.5 312
1718421101167 642623.5 313
1718421111245 642623.5 314
1718421121274 642623.5 315
1718421131315 642623.5 316
1718421141353 642623.5 317
1718421151446 642623.5 318
1718421161524 642623.5 319
1718421171615 642623.5 320
1718421181693 642623.5 321
1718421191776 642623.5 322
1718421201859 642623.5 323
1718421211934 642623.5 324
1718421222019 642623.5 325
1718421232046 644640.7 326
1718421242075 644640.7 327
1718421252107 644640.7 328
1718421262170 644640.7 329
1718421272201 644640.7 330
1718421282233 644640.7 331
1718421292263 644640.7 332
1718421302301 644640.7 333
1718421312341 644640.7 334
