1718417953569 0.0 0
1718417963588 93.0 1
1718417973610 93.0 2
1718417983629 84.0 3
1718417993649 93.0 4
1718418003670 94.0 5
1718418013692 92.0 6
1718418023713 94.0 7
1718418033733 87.0 8
1718418043752 87.0 9
1718418053771 94.0 10
1718418063790 95.0 11
1718418073810 72.0 12
1718418083828 93.0 13
1718418093851 94.0 14
1718418103874 86.0 15
1718418113892 94.0 16
1718418123922 88.0 17
1718418133944 94.0 18
1718418143965 93.0 19
1718418153983 88.0 20
1718418164006 93.0 21
1718418174027 88.0 22
1718418184048 86.0 23
1718418194068 94.0 24
1718418204087 86.0 25
1718418214107 95.0 26
1718418224126 75.0 27
1718418234154 94.0 28
1718418244213 87.0 29
1718418254240 93.0 30
1718418264296 86.0 31
1718418274325 87.0 32
1718418284358 93.0 33
1718418294386 94.0 34
1718418304416 71.0 35
1718418314446 72.0 36
1718418324474 88.0 37
1718418334501 95.0 38
1718418344528 86.0 39
1718418354549 93.0 40
1718418364570 87.0 41
1718418374589 94.0 42
1718418384608 72.0 43
1718418394628 87.0 44
1718418404647 93.0 45
1718418414676 86.0 46
1718418424704 94.0 47
1718418434733 87.0 48
1718418444764 93.0 49
1718418454790 72.0 50
1718418464814 73.0 51
1718418474842 72.0 52
1718418484870 93.0 53
1718418494900 94.0 54
1718418504927 88.0 55
1718418514949 93.0 56
1718418524979 94.0 57
1718418535012 79.0 58
1718418545048 73.0 59
1718418555078 94.0 60
1718418565106 93.0 61
1718418575134 87.0 62
1718418585163 92.0 63
1718418595193 93.0 64
1718418605223 93.0 65
1718418615245 93.0 66
1718418625271 93.0 67
1718418635301 93.0 68
1718418645331 93.0 69
1718418655356 92.0 70
1718418665389 93.0 71
1718418675416 93.0 72
1718418685447 93.0 73
1718418695475 93.0 74
1718418705503 92.0 75
1718418715527 92.0 76
1718418725554 93.0 77
1718418735582 93.0 78
1718418745608 93.0 79
1718418755631 92.0 80
1718418768193 92.0 81
1718418778225 3.0 82
1718418788267 94.0 83
1718418798289 87.0 84
1718418808310 92.0 85
1718418818333 94.0 86
1718418828357 94.0 87
1718418838385 87.0 88
1718418848462 93.0 89
1718418858492 94.0 90
1718418868526 94.0 91
1718418878557 92.0 92
1718418888580 88.0 93
1718418898601 94.0 94
1718418908621 76.0 95
1718418918645 92.0 96
1718418928668 86.0 97
1718418938718 93.0 98
1718418948740 94.0 99
1718418958762 93.0 100
1718418968789 94.0 101
1718418978811 94.0 102
1718418988833 71.0 103
1718418998856 88.0 104
1718419008876 94.0 105
1718419018913 87.0 106
1718419028982 94.0 107
1718419039003 87.0 108
1718419049025 93.0 109
1718419059051 80.0 110
1718419069075 94.0 111
1718419079099 93.0 112
1718419089160 93.0 113
1718419099184 94.0 114
1718419109221 88.0 115
1718419119251 95.0 116
1718419129322 85.0 117
1718419139342 94.0 118
1718419149416 71.0 119
1718419159482 94.0 120
1718419169505 93.0 121
1718419179579 94.0 122
1718419189648 85.0 123
1718419199735 93.0 124
1718419209759 94.0 125
1718419219825 93.0 126
1718419229900 94.0 127
1718419239982 70.0 128
1718419250062 94.0 129
1718419260141 87.0 130
1718419270176 87.0 131
1718419280254 94.0 132
1718419290341 94.0 133
1718419300416 90.0 134
1718419310455 87.0 135
1718419320544 94.0 136
1718419330573 91.0 137
1718419340651 78.0 138
1718419350685 72.0 139
1718419360711 93.0 140
1718419370798 86.0 141
1718419380863 94.0 142
1718419390938 85.0 143
1718419401007 92.0 144
1718419411087 93.0 145
1718419421162 92.0 146
1718419431204 93.0 147
1718419441236 93.0 148
1718419451282 92.0 149
1718419461315 91.0 150
1718419471350 93.0 151
1718419481376 93.0 152
1718419491442 93.0 153
1718419501465 93.0 154
1718419511489 93.0 155
1718419521513 93.0 156
1718419531538 93.0 157
1718419541604 93.0 158
1718419551667 93.0 159
1718419561740 92.0 160
1718419571773 92.0 161
1718419581802 91.0 162
1718419591874 0.0 163
1718419601900 92.0 164
1718419611926 88.0 165
1718419621952 72.0 166
1718419631992 94.0 167
1718419642017 87.0 168
1718419652039 85.0 169
1718419662068 93.0 170
1718419672138 90.0 171
1718419682211 94.0 172
1718419692278 92.0 173
1718419702353 80.0 174
1718419712377 94.0 175
1718419722452 88.0 176
1718419732522 94.0 177
1718419742590 91.0 178
1718419752665 94.0 179
1718419762689 88.0 180
1718419772763 88.0 181
1718419782837 93.0 182
1718419792930 72.0 183
1718419803001 72.0 184
1718419813025 93.0 185
1718419823046 87.0 186
1718419833068 93.0 187
1718419843146 93.0 188
1718419853169 93.0 189
1718419863193 94.0 190
1718419873215 93.0 191
1718419883300 72.0 192
1718419893365 94.0 193
1718419903442 66.0 194
1718419913511 86.0 195
1718419923587 93.0 196
1718419933655 87.0 197
1718419943735 94.0 198
1718419953822 89.0 199
1718419963896 94.0 200
1718419973962 93.0 201
1718419984044 87.0 202
1718419994136 81.0 203
1718420004221 93.0 204
1718420014295 94.0 205
1718420024323 88.0 206
1718420034392 93.0 207
1718420044420 87.0 208
1718420054500 94.0 209
1718420064529 88.0 210
1718420074558 94.0 211
1718420084587 94.0 212
1718420094670 73.0 213
1718420104740 94.0 214
1718420114816 83.0 215
1718420124909 86.0 216
1718420134991 94.0 217
1718420145086 93.0 218
1718420155165 94.0 219
1718420165243 94.0 220
1718420175330 88.0 221
1718420185407 94.0 222
1718420195439 94.0 223
1718420205523 93.0 224
1718420215606 93.0 225
1718420225636 92.0 226
1718420235719 92.0 227
1718420245794 93.0 228
1718420255868 93.0 229
1718420265947 93.0 230
1718420276025 92.0 231
1718420286106 92.0 232
1718420296191 92.0 233
1718420306230 93.0 234
1718420316309 93.0 235
1718420326340 93.0 236
1718420336378 92.0 237
1718420346422 93.0 238
1718420356460 93.0 239
1718420366535 92.0 240
1718420376559 93.0 241
1718420386631 92.0 242
1718420396665 93.0 243
1718420406696 93.0 244
1718420416725 71.0 245
1718420426753 93.0 246
1718420436785 94.0 247
1718420446815 88.0 248
1718420456845 87.0 249
1718420466875 91.0 250
1718420476913 73.0 251
1718420486998 94.0 252
1718420497040 93.0 253
1718420507129 87.0 254
1718420517208 89.0 255
1718420527247 94.0 256
1718420537327 88.0 257
1718420547414 94.0 258
1718420557490 93.0 259
1718420567564 94.0 260
1718420577652 75.0 261
1718420587712 72.0 262
1718420597795 94.0 263
1718420607822 94.0 264
1718420617848 93.0 265
1718420627874 94.0 266
1718420637959 92.0 267
1718420647997 93.0 268
1718420658034 87.0 269
1718420668073 94.0 270
1718420678155 72.0 271
1718420688235 94.0 272
1718420698311 94.0 273
1718420708338 87.0 274
1718420718430 92.0 275
1718420728513 95.0 276
1718420738600 88.0 277
1718420748681 89.0 278
1718420758708 93.0 279
1718420768781 87.0 280
1718420778858 94.0 281
1718420788946 71.0 282
1718420799034 94.0 283
1718420809112 94.0 284
1718420819150 87.0 285
1718420829229 88.0 286
1718420839268 87.0 287
1718420849347 94.0 288
1718420859378 93.0 289
1718420869455 88.0 290
1718420879490 92.0 291
1718420889576 94.0 292
1718420899616 94.0 293
1718420909698 93.0 294
1718420919736 92.0 295
1718420929824 87.0 296
1718420939917 94.0 297
1718420949996 92.0 298
1718420960084 94.0 299
1718420970168 87.0 300
1718420980251 88.0 301
1718420990344 94.0 302
1718421000432 74.0 303
1718421010516 94.0 304
1718421020603 94.0 305
1718421030680 88.0 306
1718421040752 93.0 307
1718421050844 91.0 308
1718421060920 92.0 309
1718421070951 92.0 310
1718421081025 92.0 311
1718421091096 92.0 312
1718421101167 91.0 313
1718421111245 92.0 314
1718421121274 92.0 315
1718421131315 92.0 316
1718421141353 92.0 317
1718421151446 93.0 318
1718421161524 93.0 319
1718421171615 92.0 320
1718421181693 91.0 321
1718421191776 92.0 322
1718421201859 91.0 323
1718421211934 92.0 324
1718421222019 93.0 325
1718421232046 88.0 326
1718421242075 86.0 327
1718421252107 93.0 328
1718421262170 94.0 329
1718421272201 86.0 330
1718421282233 94.0 331
1718421292263 87.0 332
1718421302301 93.0 333
1718421312341 86.0 334
