1718417953569 7711.8 0
1718417963588 10509.0 1
1718417973610 11576.4 2
1718417983629 11581.0 3
1718417993649 11576.4 4
1718418003670 11581.0 5
1718418013692 11576.4 6
1718418023713 11580.3 7
1718418033733 11576.4 8
1718418043752 11581.0 9
1718418053771 11576.4 10
1718418063790 11608.3 11
1718418073810 11603.7 12
1718418083828 11603.7 13
1718418093851 11603.7 14
1718418103874 11603.7 15
1718418113892 11603.7 16
1718418123922 11603.7 17
1718418133944 11603.7 18
1718418143965 11603.7 19
1718418153983 11603.7 20
1718418164006 11603.7 21
1718418174027 11603.7 22
1718418184048 11603.7 23
1718418194068 11603.7 24
1718418204087 11603.7 25
1718418214107 11603.7 26
1718418224126 11603.7 27
1718418234154 11603.7 28
1718418244213 11603.7 29
1718418254240 11603.7 30
1718418264296 11603.7 31
1718418274325 11603.7 32
1718418284358 11603.7 33
1718418294386 11607.5 34
1718418304416 11603.7 35
1718418314446 11608.3 36
1718418324474 11603.7 37
1718418334501 11607.5 38
1718418344528 11603.7 39
1718418354549 11607.5 40
1718418364570 11603.7 41
1718418374589 11607.5 42
1718418384608 11603.7 43
1718418394628 11607.5 44
1718418404647 11603.7 45
1718418414676 11608.3 46
1718418424704 11603.7 47
1718418434733 11608.5 48
1718418444764 11603.7 49
1718418454790 11608.3 50
1718418464814 11603.7 51
1718418474842 11607.5 52
1718418484870 11603.7 53
1718418494900 11603.7 54
1718418504927 11603.7 55
1718418514949 11603.7 56
1718418524979 11603.7 57
1718418535012 11603.7 58
1718418545048 11603.7 59
1718418555078 11603.7 60
1718418565106 11603.7 61
1718418575134 11603.7 62
1718418585163 11605.8 63
1718418595193 11605.8 64
1718418605223 11605.8 65
1718418615245 11601.6 66
1718418625271 11601.6 67
1718418635301 11601.6 68
1718418645331 11601.6 69
1718418655356 11601.6 70
1718418665389 11601.6 71
1718418675416 11601.6 72
1718418685447 11601.6 73
1718418695475 11601.6 74
1718418705503 11601.6 75
1718418715527 11601.6 76
1718418725554 11601.6 77
1718418735582 11601.6 78
1718418745608 11601.6 79
1718418755631 11601.6 80
1718418768193 11601.6 81
1718418778225 11606.2 82
1718418788267 11601.6 83
1718418798289 11601.6 84
1718418808310 11601.6 85
1718418818333 11601.6 86
1718418828357 11605.8 87
1718418838385 11605.8 88
1718418848462 11605.8 89
1718418858492 11605.8 90
1718418868526 11605.8 91
1718418878557 11605.8 92
1718418888580 11605.8 93
1718418898601 11605.8 94
1718418908621 11605.8 95
1718418918645 11605.7 96
1718418928668 11608.9 97
1718418938718 11605.7 98
1718418948740 11606.4 99
1718418958762 11605.7 100
1718418968789 11610.3 101
1718418978811 11605.7 102
1718418988833 11610.3 103
1718418998856 11605.7 104
1718419008876 11610.3 105
1718419018913 11605.7 106
1718419028982 11609.6 107
1718419039003 11605.7 108
1718419049025 11610.3 109
1718419059051 11605.7 110
1718419069075 11609.6 111
1718419079099 11605.7 112
1718419089160 11611.3 113
1718419099184 11605.8 114
1718419109221 11609.6 115
1718419119251 11605.8 116
1718419129322 11610.4 117
1718419139342 11605.8 118
1718419149416 11610.4 119
1718419159482 11605.8 120
1718419169505 11605.8 121
1718419179579 11605.8 122
1718419189648 11605.8 123
1718419199735 11605.8 124
1718419209759 11605.8 125
1718419219825 11605.8 126
1718419229900 11605.8 127
1718419239982 11605.8 128
1718419250062 11605.8 129
1718419260141 11605.8 130
1718419270176 11605.8 131
1718419280254 11605.8 132
1718419290341 11605.8 133
1718419300416 11605.8 134
1718419310455 11605.8 135
1718419320544 11605.8 136
1718419330573 11605.8 137
1718419340651 11605.8 138
1718419350685 11605.8 139
1718419360711 11605.8 140
1718419370798 11605.8 141
1718419380863 11608.9 142
1718419390938 11605.8 143
1718419401007 11608.9 144
1718419411087 11605.8 145
1718419421162 11605.8 146
1718419431204 11605.8 147
1718419441236 11605.8 148
1718419451282 11605.8 149
1718419461315 11605.8 150
1718419471350 11605.8 151
1718419481376 11605.8 152
1718419491442 11605.8 153
1718419501465 11605.8 154
1718419511489 11601.6 155
1718419521513 11601.6 156
1718419531538 11601.6 157
1718419541604 11601.6 158
1718419551667 11601.6 159
1718419561740 11601.6 160
1718419571773 11601.6 161
1718419581802 11601.6 162
1718419591874 11606.2 163
1718419601900 11601.6 164
1718419611926 11601.6 165
1718419621952 11605.8 166
1718419631992 11605.8 167
1718419642017 11605.8 168
1718419652039 11605.8 169
1718419662068 11608.9 170
1718419672138 11605.8 171
1718419682211 11609.6 172
1718419692278 11605.8 173
1718419702353 11609.6 174
1718419712377 11605.8 175
1718419722452 11609.6 176
1718419732522 11605.8 177
1718419742590 11610.4 178
1718419752665 11605.8 179
1718419762689 11609.6 180
1718419772763 11605.8 181
1718419782837 11610.4 182
1718419792930 11605.8 183
1718419803001 11609.6 184
1718419813025 11605.8 185
1718419823046 11610.4 186
1718419833068 11605.8 187
1718419843146 11609.6 188
1718419853169 11605.8 189
1718419863193 11609.6 190
1718419873215 11605.8 191
1718419883300 11610.4 192
1718419893365 11605.8 193
1718419903442 11610.4 194
1718419913511 11605.8 195
1718419923587 11605.8 196
1718419933655 11605.8 197
1718419943735 11605.8 198
1718419953822 11605.8 199
1718419963896 11605.8 200
1718419973962 11605.8 201
1718419984044 11605.8 202
1718419994136 11605.8 203
1718420004221 11605.8 204
1718420014295 11605.8 205
1718420024323 11605.8 206
1718420034392 11605.8 207
1718420044420 11605.8 208
1718420054500 11605.8 209
1718420064529 11605.8 210
1718420074558 11605.8 211
1718420084587 11605.8 212
1718420094670 11605.8 213
1718420104740 11605.8 214
1718420114816 11605.8 215
1718420124909 11605.8 216
1718420134991 11605.8 217
1718420145086 11605.8 218
1718420155165 11608.9 219
1718420165243 11605.8 220
1718420175330 11610.4 221
1718420185407 11605.8 222
1718420195439 11609.6 223
1718420205523 11605.8 224
1718420215606 11610.4 225
1718420225636 11605.8 226
1718420235719 11605.8 227
1718420245794 11605.8 228
1718420255868 11605.8 229
1718420265947 11605.8 230
1718420276025 11605.8 231
1718420286106 11605.8 232
1718420296191 11605.8 233
1718420306230 11605.8 234
1718420316309 11605.8 235
1718420326340 11605.8 236
1718420336378 11605.8 237
1718420346422 11605.8 238
1718420356460 11605.8 239
1718420366535 11605.8 240
1718420376559 11605.8 241
1718420386631 11605.8 242
1718420396665 11605.8 243
1718420406696 11605.8 244
1718420416725 11605.8 245
1718420426753 11605.8 246
1718420436785 11608.9 247
1718420446815 11605.8 248
1718420456845 11609.6 249
1718420466875 11605.8 250
1718420476913 11609.6 251
1718420486998 11605.8 252
1718420497040 11610.4 253
1718420507129 11605.8 254
1718420517208 11610.4 255
1718420527247 11605.8 256
1718420537327 11610.4 257
1718420547414 11605.8 258
1718420557490 11609.6 259
1718420567564 11605.8 260
1718420577652 11610.4 261
1718420587712 11605.8 262
1718420597795 11609.6 263
1718420607822 11605.8 264
1718420617848 11609.6 265
1718420627874 11605.8 266
1718420637959 11609.6 267
1718420647997 11605.8 268
1718420658034 11610.4 269
1718420668073 11605.8 270
1718420678155 11610.6 271
1718420688235 11605.8 272
1718420698311 11605.8 273
1718420708338 11605.8 274
1718420718430 11605.8 275
1718420728513 11605.8 276
1718420738600 11605.8 277
1718420748681 11605.8 278
1718420758708 11605.8 279
1718420768781 11605.8 280
1718420778858 11605.8 281
1718420788946 11605.8 282
1718420799034 11605.8 283
1718420809112 11605.8 284
1718420819150 11605.8 285
1718420829229 11605.8 286
1718420839268 11605.8 287
1718420849347 11605.8 288
1718420859378 11605.8 289
1718420869455 11605.8 290
1718420879490 11605.8 291
1718420889576 11605.8 292
1718420899616 11605.8 293
1718420909698 11605.8 294
1718420919736 11605.8 295
1718420929824 11605.8 296
1718420939917 11605.8 297
1718420949996 11608.9 298
1718420960084 11605.8 299
1718420970168 11610.4 300
1718420980251 11605.8 301
1718420990344 11609.6 302
1718421000432 11605.8 303
1718421010516 11610.4 304
1718421020603 11605.8 305
1718421030680 11609.6 306
1718421040752 11605.8 307
1718421050844 11605.8 308
1718421060920 11605.8 309
1718421070951 11605.8 310
1718421081025 11605.8 311
1718421091096 11605.8 312
1718421101167 11605.8 313
1718421111245 11605.8 314
1718421121274 11605.8 315
1718421131315 11605.8 316
1718421141353 11605.8 317
1718421151446 11605.8 318
1718421161524 11605.8 319
1718421171615 11605.8 320
1718421181693 11605.8 321
1718421191776 11605.8 322
1718421201859 11605.8 323
1718421211934 11605.8 324
1718421222019 11605.8 325
1718421232046 11605.8 326
1718421242075 11605.8 327
1718421252107 11609.6 328
1718421262170 11605.8 329
1718421272201 11610.4 330
1718421282233 11605.8 331
1718421292263 11609.6 332
1718421302301 11605.8 333
1718421312341 11609.6 334
