1718417953569 59.9 0
1718417963588 81.6 1
1718417973610 89.8 2
1718417983629 89.9 3
1718417993649 89.8 4
1718418003670 89.9 5
1718418013692 89.8 6
1718418023713 89.9 7
1718418033733 89.8 8
1718418043752 89.9 9
1718418053771 89.8 10
1718418063790 90.1 11
1718418073810 90.1 12
1718418083828 90.1 13
1718418093851 90.1 14
1718418103874 90.1 15
1718418113892 90.1 16
1718418123922 90.1 17
1718418133944 90.1 18
1718418143965 90.1 19
1718418153983 90.1 20
1718418164006 90.1 21
1718418174027 90.1 22
1718418184048 90.1 23
1718418194068 90.1 24
1718418204087 90.1 25
1718418214107 90.1 26
1718418224126 90.1 27
1718418234154 90.1 28
1718418244213 90.1 29
1718418254240 90.1 30
1718418264296 90.1 31
1718418274325 90.1 32
1718418284358 90.1 33
1718418294386 90.1 34
1718418304416 90.1 35
1718418314446 90.1 36
1718418324474 90.1 37
1718418334501 90.1 38
1718418344528 90.1 39
1718418354549 90.1 40
1718418364570 90.1 41
1718418374589 90.1 42
1718418384608 90.1 43
1718418394628 90.1 44
1718418404647 90.1 45
1718418414676 90.1 46
1718418424704 90.1 47
1718418434733 90.1 48
1718418444764 90.1 49
1718418454790 90.1 50
1718418464814 90.1 51
1718418474842 90.1 52
1718418484870 90.1 53
1718418494900 90.1 54
1718418504927 90.1 55
1718418514949 90.1 56
1718418524979 90.1 57
1718418535012 90.1 58
1718418545048 90.1 59
1718418555078 90.1 60
1718418565106 90.1 61
1718418575134 90.1 62
1718418585163 90.1 63
1718418595193 90.1 64
1718418605223 90.1 65
1718418615245 90.0 66
1718418625271 90.0 67
1718418635301 90.0 68
1718418645331 90.0 69
1718418655356 90.0 70
1718418665389 90.0 71
1718418675416 90.0 72
1718418685447 90.0 73
1718418695475 90.0 74
1718418705503 90.0 75
1718418715527 90.0 76
1718418725554 90.0 77
1718418735582 90.0 78
1718418745608 90.0 79
1718418755631 90.0 80
1718418768193 90.0 81
1718418778225 90.1 82
1718418788267 90.0 83
1718418798289 90.0 84
1718418808310 90.0 85
1718418818333 90.0 86
1718418828357 90.1 87
1718418838385 90.1 88
1718418848462 90.1 89
1718418858492 90.1 90
1718418868526 90.1 91
1718418878557 90.1 92
1718418888580 90.1 93
1718418898601 90.1 94
1718418908621 90.1 95
1718418918645 90.1 96
1718418928668 90.1 97
1718418938718 90.1 98
1718418948740 90.1 99
1718418958762 90.1 100
1718418968789 90.1 101
1718418978811 90.1 102
1718418988833 90.1 103
1718418998856 90.1 104
1718419008876 90.1 105
1718419018913 90.1 106
1718419028982 90.1 107
1718419039003 90.1 108
1718419049025 90.1 109
1718419059051 90.1 110
1718419069075 90.1 111
1718419079099 90.1 112
1718419089160 90.1 113
1718419099184 90.1 114
1718419109221 90.1 115
1718419119251 90.1 116
1718419129322 90.1 117
1718419139342 90.1 118
1718419149416 90.1 119
1718419159482 90.1 120
1718419169505 90.1 121
1718419179579 90.1 122
1718419189648 90.1 123
1718419199735 90.1 124
1718419209759 90.1 125
1718419219825 90.1 126
1718419229900 90.1 127
1718419239982 90.1 128
1718419250062 90.1 129
1718419260141 90.1 130
1718419270176 90.1 131
1718419280254 90.1 132
1718419290341 90.1 133
1718419300416 90.1 134
1718419310455 90.1 135
1718419320544 90.1 136
1718419330573 90.1 137
1718419340651 90.1 138
1718419350685 90.1 139
1718419360711 90.1 140
1718419370798 90.1 141
1718419380863 90.1 142
1718419390938 90.1 143
1718419401007 90.1 144
1718419411087 90.1 145
1718419421162 90.1 146
1718419431204 90.1 147
1718419441236 90.1 148
1718419451282 90.1 149
1718419461315 90.1 150
1718419471350 90.1 151
1718419481376 90.1 152
1718419491442 90.1 153
1718419501465 90.1 154
1718419511489 90.0 155
1718419521513 90.0 156
1718419531538 90.0 157
1718419541604 90.0 158
1718419551667 90.0 159
1718419561740 90.0 160
1718419571773 90.0 161
1718419581802 90.0 162
1718419591874 90.1 163
1718419601900 90.0 164
1718419611926 90.0 165
1718419621952 90.1 166
1718419631992 90.1 167
1718419642017 90.1 168
1718419652039 90.1 169
1718419662068 90.1 170
1718419672138 90.1 171
1718419682211 90.1 172
1718419692278 90.1 173
1718419702353 90.1 174
1718419712377 90.1 175
1718419722452 90.1 176
1718419732522 90.1 177
1718419742590 90.1 178
1718419752665 90.1 179
1718419762689 90.1 180
1718419772763 90.1 181
1718419782837 90.1 182
1718419792930 90.1 183
1718419803001 90.1 184
1718419813025 90.1 185
1718419823046 90.1 186
1718419833068 90.1 187
1718419843146 90.1 188
1718419853169 90.1 189
1718419863193 90.1 190
1718419873215 90.1 191
1718419883300 90.1 192
1718419893365 90.1 193
1718419903442 90.1 194
1718419913511 90.1 195
1718419923587 90.1 196
1718419933655 90.1 197
1718419943735 90.1 198
1718419953822 90.1 199
1718419963896 90.1 200
1718419973962 90.1 201
1718419984044 90.1 202
1718419994136 90.1 203
1718420004221 90.1 204
1718420014295 90.1 205
1718420024323 90.1 206
1718420034392 90.1 207
1718420044420 90.1 208
1718420054500 90.1 209
1718420064529 90.1 210
1718420074558 90.1 211
1718420084587 90.1 212
1718420094670 90.1 213
1718420104740 90.1 214
1718420114816 90.1 215
1718420124909 90.1 216
1718420134991 90.1 217
1718420145086 90.1 218
1718420155165 90.1 219
1718420165243 90.1 220
1718420175330 90.1 221
1718420185407 90.1 222
1718420195439 90.1 223
1718420205523 90.1 224
1718420215606 90.1 225
1718420225636 90.1 226
1718420235719 90.1 227
1718420245794 90.1 228
1718420255868 90.1 229
1718420265947 90.1 230
1718420276025 90.1 231
1718420286106 90.1 232
1718420296191 90.1 233
1718420306230 90.1 234
1718420316309 90.1 235
1718420326340 90.1 236
1718420336378 90.1 237
1718420346422 90.1 238
1718420356460 90.1 239
1718420366535 90.1 240
1718420376559 90.1 241
1718420386631 90.1 242
1718420396665 90.1 243
1718420406696 90.1 244
1718420416725 90.1 245
1718420426753 90.1 246
1718420436785 90.1 247
1718420446815 90.1 248
1718420456845 90.1 249
1718420466875 90.1 250
1718420476913 90.1 251
1718420486998 90.1 252
1718420497040 90.1 253
1718420507129 90.1 254
1718420517208 90.1 255
1718420527247 90.1 256
1718420537327 90.1 257
1718420547414 90.1 258
1718420557490 90.1 259
1718420567564 90.1 260
1718420577652 90.1 261
1718420587712 90.1 262
1718420597795 90.1 263
1718420607822 90.1 264
1718420617848 90.1 265
1718420627874 90.1 266
1718420637959 90.1 267
1718420647997 90.1 268
1718420658034 90.1 269
1718420668073 90.1 270
1718420678155 90.1 271
1718420688235 90.1 272
1718420698311 90.1 273
1718420708338 90.1 274
1718420718430 90.1 275
1718420728513 90.1 276
1718420738600 90.1 277
1718420748681 90.1 278
1718420758708 90.1 279
1718420768781 90.1 280
1718420778858 90.1 281
1718420788946 90.1 282
1718420799034 90.1 283
1718420809112 90.1 284
1718420819150 90.1 285
1718420829229 90.1 286
1718420839268 90.1 287
1718420849347 90.1 288
1718420859378 90.1 289
1718420869455 90.1 290
1718420879490 90.1 291
1718420889576 90.1 292
1718420899616 90.1 293
1718420909698 90.1 294
1718420919736 90.1 295
1718420929824 90.1 296
1718420939917 90.1 297
1718420949996 90.1 298
1718420960084 90.1 299
1718420970168 90.1 300
1718420980251 90.1 301
1718420990344 90.1 302
1718421000432 90.1 303
1718421010516 90.1 304
1718421020603 90.1 305
1718421030680 90.1 306
1718421040752 90.1 307
1718421050844 90.1 308
1718421060920 90.1 309
1718421070951 90.1 310
1718421081025 90.1 311
1718421091096 90.1 312
1718421101167 90.1 313
1718421111245 90.1 314
1718421121274 90.1 315
1718421131315 90.1 316
1718421141353 90.1 317
1718421151446 90.1 318
1718421161524 90.1 319
1718421171615 90.1 320
1718421181693 90.1 321
1718421191776 90.1 322
1718421201859 90.1 323
1718421211934 90.1 324
1718421222019 90.1 325
1718421232046 90.1 326
1718421242075 90.1 327
1718421252107 90.1 328
1718421262170 90.1 329
1718421272201 90.1 330
1718421282233 90.1 331
1718421292263 90.1 332
1718421302301 90.1 333
1718421312341 90.1 334
