1718417953569 0.0 0
1718417963588 0.00015900000000002024 1
1718417973610 0.00031900000000106843 2
1718417983629 0.00031900000000106843 3
1718417993649 0.005552000000001556 4
1718418003670 0.01022000000000034 5
1718418013692 0.01561799999999991 6
1718418023713 0.015703999999999496 7
1718418033733 0.015790000000002635 8
1718418043752 0.015790000000002635 9
1718418053771 0.02014600000000044 10
1718418063790 0.02014600000000044 11
1718418073810 0.020232000000000028 12
1718418083828 0.020232000000000028 13
1718418093851 0.020392000000001076 14
1718418103874 0.020540000000000447 15
1718418113892 0.024724000000002633 16
1718418123922 0.024724000000002633 17
1718418133944 0.024724000000002633 18
1718418143965 0.024872000000002004 19
1718418153983 0.024872000000002004 20
1718418164006 0.024872000000002004 21
1718418174027 0.02922799999999981 22
1718418184048 0.02931400000000295 23
1718418194068 0.029548000000001906 24
1718418204087 0.030444000000002802 25
1718418214107 0.030444000000002802 26
1718418224126 0.03051800000000071 27
1718418234154 0.03485000000000227 28
1718418244213 0.03485000000000227 29
1718418254240 0.03485000000000227 30
1718418264296 0.03485000000000227 31
1718418274325 0.034936000000001854 32
1718418284358 0.03499800000000164 33
1718418294386 0.04005900000000295 34
1718418304416 0.04457900000000237 35
1718418314446 0.05378600000000233 36
1718418324474 0.05387200000000192 37
1718418334501 0.053958000000001505 38
1718418344528 0.053958000000001505 39
1718418354549 0.05845000000000056 40
1718418364570 0.058536000000000143 41
1718418374589 0.05862199999999973 42
1718418384608 0.05862199999999973 43
1718418394628 0.05870800000000287 44
1718418404647 0.058942000000001826 45
1718418414676 0.06312600000000046 46
1718418424704 0.06312600000000046 47
1718418434733 0.06321200000000005 48
1718418444764 0.06327399999999983 49
1718418454790 0.06336000000000297 50
1718418464814 0.06336000000000297 51
1718418474842 0.06761799999999951 52
1718418484870 0.06770400000000265 53
1718418494900 0.0680240000000012 54
1718418504927 0.06892000000000209 55
1718418514949 0.06898200000000188 56
1718418524979 0.06898200000000188 57
1718418535012 0.07331399999999988 58
1718418545048 0.07331399999999988 59
1718418555078 0.07331399999999988 60
1718418565106 0.07331399999999988 61
1718418575134 0.07339999999999947 62
1718418585163 0.0734620000000028 63
1718418595193 0.07852300000000056 64
1718418605223 0.08336200000000105 65
1718418615245 0.12178300000000064 66
1718418625271 0.12186900000000023 67
1718418635301 0.12195499999999981 68
1718418645331 0.1220169999999996 69
1718418655356 0.12637300000000096 70
1718418665389 0.12637300000000096 71
1718418675416 0.12652100000000033 72
1718418685447 0.12652100000000033 73
1718418695475 0.13033300000000025 74
1718418705503 0.13041899999999984 75
1718418715527 0.13460300000000203 76
1718418725554 0.13460300000000203 77
1718418735582 0.13476299999999952 78
1718418745608 0.13482500000000286 79
1718418755631 0.13482500000000286 80
1718418768193 0.13482500000000286 81
1718418778225 0.14203700000000197 82
1718418788267 0.14212300000000155 83
1718418798289 0.14212300000000155 84
1718418808310 0.14308100000000223 85
1718418818333 0.14308100000000223 86
1718418828357 0.14316700000000182 87
1718418838385 0.14735100000000045 88
1718418848462 0.14735100000000045 89
1718418858492 0.14742500000000192 90
1718418868526 0.14742500000000192 91
1718418878557 0.1475730000000013 92
1718418888580 0.14780500000000174 93
1718418898601 0.1527200000000022 94
1718418908621 0.16267400000000265 95
1718418918645 0.16276000000000224 96
1718418928668 0.16284600000000182 97
1718418938718 0.1629320000000014 98
1718418948740 0.1629320000000014 99
1718418958762 0.16735000000000255 100
1718418968789 0.16743600000000214 101
1718418978811 0.16743600000000214 102
1718418988833 0.16751000000000005 103
1718418998856 0.16768200000000277 104
1718419008876 0.16774400000000256 105
1718419018913 0.17211200000000204 106
1718419028982 0.17211200000000204 107
1718419039003 0.17219800000000163 108
1718419049025 0.1722600000000014 109
1718419059051 0.1722600000000014 110
1718419069075 0.1722600000000014 111
1718419079099 0.17644400000000005 112
1718419089160 0.17689900000000236 113
1718419099184 0.17689900000000236 114
1718419109221 0.17786900000000117 115
1718419119251 0.17786900000000117 116
1718419129322 0.17795500000000075 117
1718419139342 0.18220100000000272 118
1718419149416 0.18220100000000272 119
1718419159482 0.18220100000000272 120
1718419169505 0.18220100000000272 121
1718419179579 0.1823490000000021 122
1718419189648 0.18258100000000255 123
1718419199735 0.187496000000003 124
1718419209759 0.1976140000000015 125
1718419219825 0.19778600000000068 126
1718419229900 0.19786000000000215 127
1718419239982 0.19800800000000152 128
1718419250062 0.19800800000000152 129
1718419260141 0.20236400000000287 130
1718419270176 0.20251200000000225 131
1718419280254 0.20251200000000225 132
1718419290341 0.20251200000000225 133
1718419300416 0.2027460000000012 134
1718419310455 0.2027460000000012 135
1718419320544 0.20692999999999984 136
1718419330573 0.20692999999999984 137
1718419340651 0.20701600000000298 138
1718419350685 0.20707800000000276 139
1718419360711 0.20715200000000067 140
1718419370798 0.20715200000000067 141
1718419380863 0.21133600000000285 142
1718419390938 0.21148400000000223 143
1718419401007 0.21148400000000223 144
1718419411087 0.21237999999999957 145
1718419421162 0.2124420000000029 146
1718419431204 0.2125280000000025 147
1718419441236 0.2167740000000009 148
1718419451282 0.2167740000000009 149
1718419461315 0.2167740000000009 150
1718419471350 0.2168600000000005 151
1718419481376 0.21699600000000174 152
1718419491442 0.2172280000000022 153
1718419501465 0.2220569999999995 154
1718419511489 0.24211600000000288 155
1718419521513 0.24228800000000206 156
1718419531538 0.24228800000000206 157
1718419541604 0.24237400000000164 158
1718419551667 0.24246000000000123 159
1718419561740 0.2467920000000028 160
1718419571773 0.24687800000000237 161
1718419581802 0.24687800000000237 162
1718419591874 0.24990600000000285 163
1718419601900 0.25017599999999973 164
1718419611926 0.25042200000000037 165
1718419621952 0.2544339999999998 166
1718419631992 0.2544339999999998 167
1718419642017 0.25458200000000275 168
1718419652039 0.25458200000000275 169
1718419662068 0.25458200000000275 170
1718419672138 0.25663800000000236 171
1718419682211 0.25885200000000097 172
1718419692278 0.25891400000000075 173
1718419702353 0.25981000000000165 174
1718419712377 0.25981000000000165 175
1718419722452 0.25981000000000165 176
1718419732522 0.26414199999999965 177
1718419742590 0.2642160000000011 178
1718419752665 0.2642160000000011 179
1718419762689 0.2642160000000011 180
1718419772763 0.2643020000000007 181
1718419782837 0.2643640000000005 182
1718419792930 0.2694250000000018 183
1718419803001 0.2694250000000018 184
1718419813025 0.27935500000000246 185
1718419823046 0.27944100000000205 186
1718419833068 0.2796250000000029 187
1718419843146 0.27977300000000227 188
1718419853169 0.2840430000000005 189
1718419863193 0.28420300000000154 190
1718419873215 0.2842890000000011 191
1718419883300 0.2842890000000011 192
1718419893365 0.2842890000000011 193
1718419903442 0.2845230000000001 194
1718419913511 0.28870700000000227 195
1718419923587 0.28870700000000227 196
1718419933655 0.28870700000000227 197
1718419943735 0.28885500000000164 198
1718419953822 0.28885500000000164 199
1718419963896 0.28885500000000164 200
1718419973962 0.29303900000000027 201
1718419984044 0.2931990000000013 202
1718419994136 0.2932610000000011 203
1718420004221 0.294157000000002 204
1718420014295 0.294157000000002 205
1718420024323 0.294157000000002 206
1718420034392 0.298489 207
1718420044420 0.298489 208
1718420054500 0.298489 209
1718420064529 0.298489 210
1718420074558 0.2985749999999996 211
1718420084587 0.29863700000000293 212
1718420094670 0.3036980000000007 213
1718420104740 0.3036980000000007 214
1718420114816 0.3137010000000018 215
1718420124909 0.31378700000000137 216
1718420134991 0.31378700000000137 217
1718420145086 0.31393500000000074 218
1718420155165 0.3182910000000021 219
1718420165243 0.3182910000000021 220
1718420175330 0.31843900000000147 221
1718420185407 0.31843900000000147 222
1718420195439 0.31843900000000147 223
1718420205523 0.31867300000000043 224
1718420215606 0.3228570000000026 225
1718420225636 0.3228570000000026 226
1718420235719 0.3228570000000026 227
1718420245794 0.3230789999999999 228
1718420255868 0.3230789999999999 229
1718420265947 0.3230789999999999 230
1718420276025 0.3272630000000021 231
1718420286106 0.32734900000000167 232
1718420296191 0.32741100000000145 233
1718420306230 0.32830700000000235 234
1718420316309 0.32830700000000235 235
1718420326340 0.32836900000000213 236
1718420336378 0.33270100000000014 237
1718420346422 0.33270100000000014 238
1718420356460 0.33270100000000014 239
1718420366535 0.3327750000000016 240
1718420376559 0.3328610000000012 241
1718420386631 0.33292300000000097 242
1718420396665 0.3379840000000023 243
1718420406696 0.3498480000000015 244
1718420416725 0.38425499999999957 245
1718420426753 0.3843410000000027 246
1718420436785 0.3844270000000023 247
1718420446815 0.3844890000000021 248
1718420456845 0.3888449999999999 249
1718420466875 0.3888449999999999 250
1718420476913 0.3889930000000028 251
1718420486998 0.3889930000000028 252
1718420497040 0.39279300000000106 253
1718420507129 0.39296500000000023 254
1718420517208 0.3971490000000024 255
1718420527247 0.3971490000000024 256
1718420537327 0.397235000000002 257
1718420547414 0.3972970000000018 258
1718420557490 0.3972970000000018 259
1718420567564 0.3972970000000018 260
1718420577652 0.4014810000000004 261
1718420587712 0.401567 262
1718420597795 0.4016289999999998 263
1718420607822 0.4025250000000007 264
1718420617848 0.40259900000000215 265
1718420627874 0.40259900000000215 266
1718420637959 0.40693100000000015 267
1718420647997 0.407115000000001 268
1718420658034 0.407115000000001 269
1718420668073 0.407115000000001 270
1718420678155 0.4072010000000006 271
1718420688235 0.40749500000000083 272
1718420698311 0.4123240000000017 273
1718420708338 0.4204900000000009 274
1718420718430 0.4241039999999998 275
1718420728513 0.42419000000000295 276
1718420738600 0.42427600000000254 277
1718420748681 0.42450900000000047 278
1718420758708 0.4290130000000012 279
1718420768781 0.4290130000000012 280
1718420778858 0.4290990000000008 281
1718420788946 0.4290990000000008 282
1718420799034 0.42918500000000037 283
1718420809112 0.4294190000000029 284
1718420819150 0.4336030000000015 285
1718420829229 0.4336030000000015 286
1718420839268 0.4336890000000011 287
1718420849347 0.4337510000000009 288
1718420859378 0.4337510000000009 289
1718420869455 0.43382500000000235 290
1718420879490 0.438009000000001 291
1718420889576 0.43815700000000035 292
1718420899616 0.43815700000000035 293
1718420909698 0.43905300000000125 294
1718420919736 0.43905300000000125 295
1718420929824 0.43913900000000083 296
1718420939917 0.4433850000000028 297
1718420949996 0.4433850000000028 298
1718420960084 0.4434950000000022 299
1718420970168 0.4434950000000022 300
1718420980251 0.44364300000000156 301
1718420990344 0.443875000000002 302
1718421000432 0.4488640000000004 303
1718421010516 0.4604720000000029 304
1718421020603 0.46055800000000247 305
1718421030680 0.46064400000000205 306
1718421040752 0.46073000000000164 307
1718421050844 0.46073000000000164 308
1718421060920 0.46523400000000237 309
1718421070951 0.46532000000000195 310
1718421081025 0.46532000000000195 311
1718421091096 0.46532000000000195 312
1718421101167 0.4654920000000011 313
1718421111245 0.4656400000000005 314
1718421121274 0.4698240000000027 315
1718421131315 0.4698980000000006 316
1718421141353 0.4699840000000002 317
1718421151446 0.4699840000000002 318
1718421161524 0.4699840000000002 319
1718421171615 0.4699840000000002 320
1718421181693 0.47416800000000237 321
1718421191776 0.47431600000000174 322
1718421201859 0.47521200000000263 323
1718421211934 0.47521200000000263 324
1718421222019 0.47521200000000263 325
1718421232046 0.4783880000000025 326
1718421242075 0.4825720000000011 327
1718421252107 0.4826460000000026 328
1718421262170 0.4826460000000026 329
1718421272201 0.4826460000000026 330
1718421282233 0.48279400000000194 331
1718421292263 0.4836710000000011 332
1718421302301 0.4878549999999997 333
1718421312341 0.5078309999999995 334
