1718417953569 0.0 0
1718417963588 0.00011099999994712562 1
1718417973610 0.00021099999992202356 2
1718417983629 0.00021099999992202356 3
1718417993649 0.0053799999999455395 4
1718418003670 0.014733999999975822 5
1718418013692 0.024116999999932887 6
1718418023713 0.024116999999932887 7
1718418033733 0.024116999999932887 8
1718418043752 0.024116999999932887 9
1718418053771 0.02843299999994997 10
1718418063790 0.02843299999994997 11
1718418073810 0.02843299999994997 12
1718418083828 0.02843299999994997 13
1718418093851 0.028598999999985608 14
1718418103874 0.02872500000000855 15
1718418113892 0.032908999999904154 16
1718418123922 0.032908999999904154 17
1718418133944 0.03296899999998004 18
1718418143965 0.03309500000000298 19
1718418153983 0.03309500000000298 20
1718418164006 0.03309500000000298 21
1718418174027 0.03743499999995947 22
1718418184048 0.03743499999995947 23
1718418194068 0.03765099999998256 24
1718418204087 0.038679000000001906 25
1718418214107 0.038679000000001906 26
1718418224126 0.038778999999976804 27
1718418234154 0.0430229999999483 28
1718418244213 0.0430229999999483 29
1718418254240 0.0430229999999483 30
1718418264296 0.0430229999999483 31
1718418274325 0.0430229999999483 32
1718418284358 0.0430829999999105 33
1718418294386 0.048251999999934014 34
1718418304416 0.057479999999941356 35
1718418314446 0.0763449999999466 36
1718418324474 0.0763449999999466 37
1718418334501 0.0763449999999466 38
1718418344528 0.07644499999992149 39
1718418354549 0.08082099999990078 40
1718418364570 0.08088699999996152 41
1718418374589 0.08088699999996152 42
1718418384608 0.08088699999996152 43
1718418394628 0.08095299999990857 44
1718418404647 0.08114499999999225 45
1718418414676 0.08532900000000154 46
1718418424704 0.08532900000000154 47
1718418434733 0.0854549999999108 48
1718418444764 0.08551499999998668 49
1718418454790 0.08558099999993374 50
1718418464814 0.08558099999993374 51
1718418474842 0.08986499999991793 52
1718418484870 0.08986499999991793 53
1718418494900 0.09026999999991858 54
1718418504927 0.09129799999993793 55
1718418514949 0.09153799999990042 56
1718418524979 0.09153799999990042 57
1718418535012 0.0957819999999856 58
1718418545048 0.09628599999996368 59
1718418555078 0.09628599999996368 60
1718418565106 0.09628599999996368 61
1718418575134 0.09628599999996368 62
1718418585163 0.09634599999992588 63
1718418595193 0.1015109999999595 64
1718418605223 0.1110159999999496 65
1718418615245 0.18664100000000872 66
1718418625271 0.18664100000000872 67
1718418635301 0.18664100000000872 68
1718418645331 0.18670099999997092 69
1718418655356 0.191016999999988 70
1718418665389 0.191016999999988 71
1718418675416 0.1910769999999502 72
1718418685447 0.1910769999999502 73
1718418695475 0.19931099999996604 74
1718418705503 0.1993769999999131 75
1718418715527 0.2035609999999224 76
1718418725554 0.20366100000001097 77
1718418735582 0.20378699999992023 78
1718418745608 0.20384699999999611 79
1718418755631 0.20384699999999611 80
1718418768193 0.20384699999999611 81
1718418778225 0.21723899999994956 82
1718418788267 0.21723899999994956 83
1718418798289 0.21723899999994956 84
1718418808310 0.2183269999999311 85
1718418818333 0.2183269999999311 86
1718418828357 0.2183269999999311 87
1718418838385 0.2225109999999404 88
1718418848462 0.2226109999999153 89
1718418858492 0.2226109999999153 90
1718418868526 0.2226109999999153 91
1718418878557 0.22267099999999118 92
1718418888580 0.22290299999997387 93
1718418898601 0.2278359999999111 94
1718418908621 0.24668499999995674 95
1718418918645 0.24668499999995674 96
1718418928668 0.24668499999995674 97
1718418938718 0.24668499999995674 98
1718418948740 0.24668499999995674 99
1718418958762 0.25106099999993603 100
1718418968789 0.25106099999993603 101
1718418978811 0.2511609999999109 102
1718418988833 0.2511609999999109 103
1718418998856 0.2512929999999187 104
1718419008876 0.2513529999999946 105
1718419018913 0.25575900000001184 106
1718419028982 0.25575900000001184 107
1718419039003 0.2558849999999211 108
1718419049025 0.255944999999997 109
1718419059051 0.255944999999997 110
1718419069075 0.255944999999997 111
1718419079099 0.26012900000000627 112
1718419089160 0.26026200000001154 113
1718419099184 0.26026200000001154 114
1718419109221 0.2613900000000058 115
1718419119251 0.2613900000000058 116
1718419129322 0.2613900000000058 117
1718419139342 0.2656339999999773 118
1718419149416 0.2656339999999773 119
1718419159482 0.2656339999999773 120
1718419169505 0.2656339999999773 121
1718419179579 0.2656939999999395 122
1718419189648 0.26592599999992217 123
1718419199735 0.2708589999999731 124
1718419209759 0.28967999999997573 125
1718419219825 0.2901839999999538 126
1718419229900 0.2902839999999287 127
1718419239982 0.2903440000000046 128
1718419250062 0.2903440000000046 129
1718419260141 0.294659999999908 130
1718419270176 0.2950199999999086 131
1718419280254 0.2950199999999086 132
1718419290341 0.2950199999999086 133
1718419300416 0.29521199999999226 134
1718419310455 0.29521199999999226 135
1718419320544 0.29939600000000155 136
1718419330573 0.29939600000000155 137
1718419340651 0.2995219999999108 138
1718419350685 0.2995819999999867 139
1718419360711 0.2996819999999616 140
1718419370798 0.2996819999999616 141
1718419380863 0.3038659999999709 142
1718419390938 0.3039259999999331 143
1718419401007 0.3039259999999331 144
1718419411087 0.30495399999995243 145
1718419421162 0.3052539999999908 146
1718419431204 0.3052539999999908 147
1718419441236 0.3094979999999623 148
1718419451282 0.3094979999999623 149
1718419461315 0.3094979999999623 150
1718419471350 0.3094979999999623 151
1718419481376 0.3096579999998994 152
1718419491442 0.3098899999999958 153
1718419501465 0.3148269999999229 154
1718419511489 0.35479899999995723 155
1718419521513 0.35479899999995723 156
1718419531538 0.35479899999995723 157
1718419541604 0.35479899999995723 158
1718419551667 0.3548649999999043 159
1718419561740 0.3591749999999365 160
1718419571773 0.3591749999999365 161
1718419581802 0.3591749999999365 162
1718419591874 0.36720199999990655 163
1718419601900 0.3695639999999685 164
1718419611926 0.36983599999996386 165
1718419621952 0.37384799999995266 166
1718419631992 0.37384799999995266 167
1718419642017 0.3740339999999378 168
1718419652039 0.3740339999999378 169
1718419662068 0.3740339999999378 170
1718419672138 0.3760899999999765 171
1718419682211 0.3782179999999471 172
1718419692278 0.3782779999999093 173
1718419702353 0.37930599999992864 174
1718419712377 0.37930599999992864 175
1718419722452 0.37930599999992864 176
1718419732522 0.3836499999999887 177
1718419742590 0.3836499999999887 178
1718419752665 0.3836499999999887 179
1718419762689 0.3836499999999887 180
1718419772763 0.3836499999999887 181
1718419782837 0.3837099999999509 182
1718419792930 0.38887899999997444 183
1718419803001 0.38887899999997444 184
1718419813025 0.40763799999990624 185
1718419823046 0.40763799999990624 186
1718419833068 0.4078599999999142 187
1718419843146 0.40791999999999007 188
1718419853169 0.4121699999999464 189
1718419863193 0.41233599999998205 190
1718419873215 0.41233599999998205 191
1718419883300 0.41233599999998205 192
1718419893365 0.41233599999998205 193
1718419903442 0.4130319999999301 194
1718419913511 0.4172159999999394 195
1718419923587 0.4172159999999394 196
1718419933655 0.4172759999999016 197
1718419943735 0.41740199999992456 198
1718419953822 0.41740199999992456 199
1718419963896 0.41740199999992456 200
1718419973962 0.42158599999993385 201
1718419984044 0.42168599999990874 202
1718419994136 0.42174599999998463 203
1718420004221 0.422774000000004 204
1718420014295 0.422774000000004 205
1718420024323 0.422774000000004 206
1718420034392 0.4270179999999755 207
1718420044420 0.4270179999999755 208
1718420054500 0.4270179999999755 209
1718420064529 0.4270179999999755 210
1718420074558 0.4270179999999755 211
1718420084587 0.4270779999999377 212
1718420094670 0.4322429999999713 213
1718420104740 0.4322429999999713 214
1718420114816 0.4509699999999839 215
1718420124909 0.4509699999999839 216
1718420134991 0.4509699999999839 217
1718420145086 0.4510299999999461 218
1718420155165 0.45534599999996317 219
1718420165243 0.45534599999996317 220
1718420175330 0.45540599999992537 221
1718420185407 0.45540599999992537 222
1718420195439 0.45540599999992537 223
1718420205523 0.45559800000000905 224
1718420215606 0.45978199999990466 225
1718420225636 0.45978199999990466 226
1718420235719 0.45994199999995544 227
1718420245794 0.4600679999999784 228
1718420255868 0.4600679999999784 229
1718420265947 0.4600679999999784 230
1718420276025 0.4642519999999877 231
1718420286106 0.4642519999999877 232
1718420296191 0.4643119999999499 233
1718420306230 0.4653399999999692 234
1718420316309 0.4653399999999692 235
1718420326340 0.4655199999999695 236
1718420336378 0.469763999999941 237
1718420346422 0.469763999999941 238
1718420356460 0.469763999999941 239
1718420366535 0.4698639999999159 240
1718420376559 0.4698639999999159 241
1718420386631 0.4699239999999918 242
1718420396665 0.4750929999999016 243
1718420406696 0.49810500000000957 244
1718420416725 0.5734709999999268 245
1718420426753 0.5734709999999268 246
1718420436785 0.5734709999999268 247
1718420446815 0.5735310000000027 248
1718420456845 0.5778469999999061 249
1718420466875 0.5778469999999061 250
1718420476913 0.577906999999982 251
1718420486998 0.5780069999999569 252
1718420497040 0.586174999999912 253
1718420507129 0.5863069999999198 254
1718420517208 0.590490999999929 255
1718420527247 0.590490999999929 256
1718420537327 0.590616999999952 257
1718420547414 0.5906769999999142 258
1718420557490 0.5906769999999142 259
1718420567564 0.5906769999999142 260
1718420577652 0.5953649999999016 261
1718420587712 0.5953649999999016 262
1718420597795 0.5954249999999774 263
1718420607822 0.5964529999999968 264
1718420617848 0.5965529999999717 265
1718420627874 0.5965529999999717 266
1718420637959 0.6007969999999432 267
1718420647997 0.6010189999999511 268
1718420658034 0.6010189999999511 269
1718420668073 0.6010189999999511 270
1718420678155 0.6010189999999511 271
1718420688235 0.6013110000000097 272
1718420698311 0.6062479999999368 273
1718420708338 0.6172619999999824 274
1718420718430 0.631984999999986 275
1718420728513 0.631984999999986 276
1718420738600 0.6320849999999609 277
1718420748681 0.632195999999908 278
1718420758708 0.6366379999999481 279
1718420768781 0.6366379999999481 280
1718420778858 0.6366379999999481 281
1718420788946 0.6366379999999481 282
1718420799034 0.6367040000000088 283
1718420809112 0.6368959999999788 284
1718420819150 0.6410799999999881 285
1718420829229 0.6410799999999881 286
1718420839268 0.641206000000011 287
1718420849347 0.6413259999999354 288
1718420859378 0.6413259999999354 289
1718420869455 0.6414259999999103 290
1718420879490 0.6456099999999196 291
1718420889576 0.6456699999999955 292
1718420899616 0.6456699999999955 293
1718420909698 0.6466979999999012 294
1718420919736 0.6466979999999012 295
1718420929824 0.6466979999999012 296
1718420939917 0.6509419999999864 297
1718420949996 0.6509419999999864 298
1718420960084 0.6510319999999865 299
1718420970168 0.6510319999999865 300
1718420980251 0.6510919999999487 301
1718420990344 0.6514239999999063 302
1718421000432 0.6563569999999572 303
1718421010516 0.6822919999999613 304
1718421020603 0.6822919999999613 305
1718421030680 0.6822919999999613 306
1718421040752 0.6822919999999613 307
1718421050844 0.6822919999999613 308
1718421060920 0.6867340000000013 309
1718421070951 0.6867340000000013 310
1718421081025 0.6867340000000013 311
1718421091096 0.6867340000000013 312
1718421101167 0.6868660000000091 313
1718421111245 0.6869919999999183 314
1718421121274 0.6912759999999025 315
1718421131315 0.6912759999999025 316
1718421141353 0.6914620000000014 317
1718421151446 0.6914620000000014 318
1718421161524 0.6914620000000014 319
1718421171615 0.6914620000000014 320
1718421181693 0.6956460000000106 321
1718421191776 0.6957059999999728 322
1718421201859 0.6967339999999922 323
1718421211934 0.6967339999999922 324
1718421222019 0.6967339999999922 325
1718421232046 0.7060559999999896 326
1718421242075 0.7102399999999989 327
1718421252107 0.7103399999999738 328
1718421262170 0.7108439999999518 329
1718421272201 0.7108439999999518 330
1718421282233 0.710903999999914 331
1718421292263 0.7118189999999913 332
1718421302301 0.7160689999999477 333
1718421312341 0.7559769999999162 334
