1718417953569 17.6 0
1718417963588 21.5 1
1718417973610 21.4 2
1718417983629 21.4 3
1718417993649 21.4 4
1718418003670 21.4 5
1718418013692 21.4 6
1718418023713 21.4 7
1718418033733 21.4 8
1718418043752 21.4 9
1718418053771 21.4 10
1718418063790 21.4 11
1718418073810 21.4 12
1718418083828 21.4 13
1718418093851 21.4 14
1718418103874 21.4 15
1718418113892 21.4 16
1718418123922 21.4 17
1718418133944 21.4 18
1718418143965 21.4 19
1718418153983 21.4 20
1718418164006 21.4 21
1718418174027 21.4 22
1718418184048 21.4 23
1718418194068 21.4 24
1718418204087 21.4 25
1718418214107 21.4 26
1718418224126 21.4 27
1718418234154 21.4 28
1718418244213 21.5 29
1718418254240 21.4 30
1718418264296 21.4 31
1718418274325 21.4 32
1718418284358 21.4 33
1718418294386 21.4 34
1718418304416 21.4 35
1718418314446 21.5 36
1718418324474 21.4 37
1718418334501 21.4 38
1718418344528 21.4 39
1718418354549 21.4 40
1718418364570 21.4 41
1718418374589 21.4 42
1718418384608 21.4 43
1718418394628 21.4 44
1718418404647 21.4 45
1718418414676 21.4 46
1718418424704 21.4 47
1718418434733 21.4 48
1718418444764 21.4 49
1718418454790 21.4 50
1718418464814 21.4 51
1718418474842 21.4 52
1718418484870 21.4 53
1718418494900 21.4 54
1718418504927 21.4 55
1718418514949 21.4 56
1718418524979 21.4 57
1718418535012 21.4 58
1718418545048 21.4 59
1718418555078 21.4 60
1718418565106 21.4 61
1718418575134 21.4 62
1718418585163 21.7 63
1718418595193 21.7 64
1718418605223 21.7 65
1718418615245 21.7 66
1718418625271 21.8 67
1718418635301 21.8 68
1718418645331 21.8 69
1718418655356 21.7 70
1718418665389 21.7 71
1718418675416 21.8 72
1718418685447 21.8 73
1718418695475 21.8 74
1718418705503 21.8 75
1718418715527 21.8 76
1718418725554 21.7 77
1718418735582 21.7 78
1718418745608 21.7 79
1718418755631 21.8 80
1718418768193 21.8 81
1718418778225 26.6 82
1718418788267 26.7 83
1718418798289 26.8 84
1718418808310 26.8 85
1718418818333 26.8 86
1718418828357 26.8 87
1718418838385 26.9 88
1718418848462 26.9 89
1718418858492 26.9 90
1718418868526 26.9 91
1718418878557 26.9 92
1718418888580 26.8 93
1718418898601 26.8 94
1718418908621 26.9 95
1718418918645 26.8 96
1718418928668 26.9 97
1718418938718 26.8 98
1718418948740 26.9 99
1718418958762 26.8 100
1718418968789 26.8 101
1718418978811 26.8 102
1718418988833 26.8 103
1718418998856 26.8 104
1718419008876 26.8 105
1718419018913 26.8 106
1718419028982 26.8 107
1718419039003 26.8 108
1718419049025 26.8 109
1718419059051 26.8 110
1718419069075 26.8 111
1718419079099 26.8 112
1718419089160 26.8 113
1718419099184 26.8 114
1718419109221 26.8 115
1718419119251 26.9 116
1718419129322 26.8 117
1718419139342 26.8 118
1718419149416 26.9 119
1718419159482 26.8 120
1718419169505 26.8 121
1718419179579 26.8 122
1718419189648 26.8 123
1718419199735 26.8 124
1718419209759 26.9 125
1718419219825 26.8 126
1718419229900 26.8 127
1718419239982 26.8 128
1718419250062 26.8 129
1718419260141 26.8 130
1718419270176 26.8 131
1718419280254 26.8 132
1718419290341 26.8 133
1718419300416 26.8 134
1718419310455 26.8 135
1718419320544 26.9 136
1718419330573 26.8 137
1718419340651 26.8 138
1718419350685 26.8 139
1718419360711 26.9 140
1718419370798 26.9 141
1718419380863 26.9 142
1718419390938 26.8 143
1718419401007 26.8 144
1718419411087 26.8 145
1718419421162 26.8 146
1718419431204 26.9 147
1718419441236 26.9 148
1718419451282 26.9 149
1718419461315 26.8 150
1718419471350 26.8 151
1718419481376 26.8 152
1718419491442 26.8 153
1718419501465 26.8 154
1718419511489 26.8 155
1718419521513 26.9 156
1718419531538 26.8 157
1718419541604 26.9 158
1718419551667 26.9 159
1718419561740 26.9 160
1718419571773 26.9 161
1718419581802 26.9 162
1718419591874 26.9 163
1718419601900 26.9 164
1718419611926 26.9 165
1718419621952 26.9 166
1718419631992 26.9 167
1718419642017 26.9 168
1718419652039 26.9 169
1718419662068 26.9 170
1718419672138 26.9 171
1718419682211 26.9 172
1718419692278 26.9 173
1718419702353 26.9 174
1718419712377 26.8 175
1718419722452 26.8 176
1718419732522 26.8 177
1718419742590 26.8 178
1718419752665 26.8 179
1718419762689 26.8 180
1718419772763 26.8 181
1718419782837 26.8 182
1718419792930 26.9 183
1718419803001 26.8 184
1718419813025 26.8 185
1718419823046 26.8 186
1718419833068 26.8 187
1718419843146 26.8 188
1718419853169 26.8 189
1718419863193 26.8 190
1718419873215 26.8 191
1718419883300 26.8 192
1718419893365 26.8 193
1718419903442 26.8 194
1718419913511 26.8 195
1718419923587 26.8 196
1718419933655 26.8 197
1718419943735 26.8 198
1718419953822 26.9 199
1718419963896 26.8 200
1718419973962 26.9 201
1718419984044 26.8 202
1718419994136 26.8 203
1718420004221 26.8 204
1718420014295 26.8 205
1718420024323 26.8 206
1718420034392 26.9 207
1718420044420 26.8 208
1718420054500 26.8 209
1718420064529 26.8 210
1718420074558 26.8 211
1718420084587 26.8 212
1718420094670 26.9 213
1718420104740 26.9 214
1718420114816 26.8 215
1718420124909 26.8 216
1718420134991 26.8 217
1718420145086 26.8 218
1718420155165 26.8 219
1718420165243 26.8 220
1718420175330 26.8 221
1718420185407 26.8 222
1718420195439 26.8 223
1718420205523 26.8 224
1718420215606 26.9 225
1718420225636 26.9 226
1718420235719 26.8 227
1718420245794 26.9 228
1718420255868 26.8 229
1718420265947 26.9 230
1718420276025 26.8 231
1718420286106 26.9 232
1718420296191 26.8 233
1718420306230 26.8 234
1718420316309 26.8 235
1718420326340 26.8 236
1718420336378 26.8 237
1718420346422 26.8 238
1718420356460 26.8 239
1718420366535 26.8 240
1718420376559 26.8 241
1718420386631 26.9 242
1718420396665 26.9 243
1718420406696 26.9 244
1718420416725 27.0 245
1718420426753 27.0 246
1718420436785 27.0 247
1718420446815 27.0 248
1718420456845 27.0 249
1718420466875 27.0 250
1718420476913 27.0 251
1718420486998 27.0 252
1718420497040 27.0 253
1718420507129 27.0 254
1718420517208 27.0 255
1718420527247 27.0 256
1718420537327 27.0 257
1718420547414 27.0 258
1718420557490 26.9 259
1718420567564 26.9 260
1718420577652 26.9 261
1718420587712 26.9 262
1718420597795 26.9 263
1718420607822 27.0 264
1718420617848 27.0 265
1718420627874 27.0 266
1718420637959 27.0 267
1718420647997 27.0 268
1718420658034 27.0 269
1718420668073 27.0 270
1718420678155 27.0 271
1718420688235 27.0 272
1718420698311 27.0 273
1718420708338 27.0 274
1718420718430 26.9 275
1718420728513 27.0 276
1718420738600 27.0 277
1718420748681 26.9 278
1718420758708 27.0 279
1718420768781 27.0 280
1718420778858 27.0 281
1718420788946 27.0 282
1718420799034 27.0 283
1718420809112 27.0 284
1718420819150 27.0 285
1718420829229 27.1 286
1718420839268 27.0 287
1718420849347 27.0 288
1718420859378 27.0 289
1718420869455 27.0 290
1718420879490 27.0 291
1718420889576 27.0 292
1718420899616 26.9 293
1718420909698 27.0 294
1718420919736 27.0 295
1718420929824 27.0 296
1718420939917 27.0 297
1718420949996 27.0 298
1718420960084 27.0 299
1718420970168 27.0 300
1718420980251 27.0 301
1718420990344 27.0 302
1718421000432 27.0 303
1718421010516 27.0 304
1718421020603 27.0 305
1718421030680 27.0 306
1718421040752 27.0 307
1718421050844 27.0 308
1718421060920 27.0 309
1718421070951 27.0 310
1718421081025 27.0 311
1718421091096 27.0 312
1718421101167 27.0 313
1718421111245 27.0 314
1718421121274 27.0 315
1718421131315 26.9 316
1718421141353 27.0 317
1718421151446 26.9 318
1718421161524 26.9 319
1718421171615 26.9 320
1718421181693 27.0 321
1718421191776 27.0 322
1718421201859 27.0 323
1718421211934 27.0 324
1718421222019 27.0 325
1718421232046 27.0 326
1718421242075 27.0 327
1718421252107 27.0 328
1718421262170 27.0 329
1718421272201 27.0 330
1718421282233 27.0 331
1718421292263 27.0 332
1718421302301 27.0 333
1718421312341 27.1 334
