1718417953569 5907.6 0
1718417963588 7210.4 1
1718417973610 7169.8 2
1718417983629 7173.7 3
1718417993649 7166.0 4
1718418003670 7178.6 5
1718418013692 7177.4 6
1718418023713 7178.6 7
1718418033733 7174.3 8
1718418043752 7181.3 9
1718418053771 7176.6 10
1718418063790 7180.1 11
1718418073810 7170.6 12
1718418083828 7177.1 13
1718418093851 7175.5 14
1718418103874 7177.7 15
1718418113892 7180.7 16
1718418123922 7179.9 17
1718418133944 7183.1 18
1718418143965 7177.4 19
1718418153983 7183.4 20
1718418164006 7181.0 21
1718418174027 7181.9 22
1718418184048 7187.6 23
1718418194068 7190.5 24
1718418204087 7191.1 25
1718418214107 7182.5 26
1718418224126 7183.4 27
1718418234154 7193.0 28
1718418244213 7196.6 29
1718418254240 7192.2 30
1718418264296 7188.3 31
1718418274325 7191.5 32
1718418284358 7187.5 33
1718418294386 7188.1 34
1718418304416 7185.3 35
1718418314446 7195.1 36
1718418324474 7177.7 37
1718418334501 7180.7 38
1718418344528 7180.3 39
1718418354549 7180.7 40
1718418364570 7181.6 41
1718418374589 7188.1 42
1718418384608 7176.9 43
1718418394628 7173.7 44
1718418404647 7179.8 45
1718418414676 7181.7 46
1718418424704 7179.7 47
1718418434733 7186.8 48
1718418444764 7188.0 49
1718418454790 7188.0 50
1718418464814 7180.5 51
1718418474842 7184.4 52
1718418484870 7182.8 53
1718418494900 7185.8 54
1718418504927 7192.6 55
1718418514949 7185.3 56
1718418524979 7187.4 57
1718418535012 7185.3 58
1718418545048 7187.2 59
1718418555078 7188.7 60
1718418565106 7184.9 61
1718418575134 7182.6 62
1718418585163 7282.3 63
1718418595193 7278.2 64
1718418605223 7288.4 65
1718418615245 7293.7 66
1718418625271 7307.9 67
1718418635301 7297.5 68
1718418645331 7300.8 69
1718418655356 7286.3 70
1718418665389 7292.4 71
1718418675416 7294.9 72
1718418685447 7301.4 73
1718418695475 7301.3 74
1718418705503 7296.9 75
1718418715527 7302.4 76
1718418725554 7290.3 77
1718418735582 7293.3 78
1718418745608 7290.6 79
1718418755631 7308.6 80
1718418768193 7300.0 81
1718418778225 8921.2 82
1718418788267 8967.0 83
1718418798289 8975.9 84
1718418808310 8993.5 85
1718418818333 8999.5 86
1718418828357 8994.3 87
1718418838385 9005.4 88
1718418848462 9021.5 89
1718418858492 9014.3 90
1718418868526 9020.0 91
1718418878557 9012.0 92
1718418888580 8986.8 93
1718418898601 8998.7 94
1718418908621 9009.9 95
1718418918645 8998.2 96
1718418928668 9005.4 97
1718418938718 8999.5 98
1718418948740 9007.7 99
1718418958762 9003.2 100
1718418968789 8998.0 101
1718418978811 9000.0 102
1718418988833 9001.1 103
1718418998856 8999.0 104
1718419008876 9001.5 105
1718419018913 8993.4 106
1718419028982 9002.5 107
1718419039003 8998.3 108
1718419049025 9003.6 109
1718419059051 8995.4 110
1718419069075 8997.6 111
1718419079099 9000.8 112
1718419089160 9002.6 113
1718419099184 9001.1 114
1718419109221 9002.0 115
1718419119251 9004.8 116
1718419129322 9002.3 117
1718419139342 9002.3 118
1718419149416 9006.7 119
1718419159482 8992.8 120
1718419169505 8993.7 121
1718419179579 9002.5 122
1718419189648 8989.7 123
1718419199735 9004.3 124
1718419209759 9007.3 125
1718419219825 9004.4 126
1718419229900 9001.3 127
1718419239982 9002.2 128
1718419250062 8991.3 129
1718419260141 8995.8 130
1718419270176 9001.8 131
1718419280254 8997.6 132
1718419290341 9000.0 133
1718419300416 9001.7 134
1718419310455 9003.5 135
1718419320544 9011.9 136
1718419330573 8995.8 137
1718419340651 9004.4 138
1718419350685 9003.6 139
1718419360711 9010.8 140
1718419370798 9005.9 141
1718419380863 9010.8 142
1718419390938 9004.3 143
1718419401007 9001.7 144
1718419411087 8999.3 145
1718419421162 9003.5 146
1718419431204 9007.4 147
1718419441236 9016.7 148
1718419451282 9009.3 149
1718419461315 9002.8 150
1718419471350 9000.7 151
1718419481376 9002.6 152
1718419491442 8993.7 153
1718419501465 9002.2 154
1718419511489 9003.7 155
1718419521513 9006.3 156
1718419531538 8991.7 157
1718419541604 9009.1 158
1718419551667 9011.6 159
1718419561740 9005.0 160
1718419571773 9005.8 161
1718419581802 9006.8 162
1718419591874 9006.5 163
1718419601900 9026.5 164
1718419611926 9030.9 165
1718419621952 9022.9 166
1718419631992 9034.3 167
1718419642017 9029.4 168
1718419652039 9035.5 169
1718419662068 9028.8 170
1718419672138 9026.5 171
1718419682211 9030.7 172
1718419692278 9036.2 173
1718419702353 9036.9 174
1718419712377 8999.3 175
1718419722452 9002.2 176
1718419732522 8993.1 177
1718419742590 8996.8 178
1718419752665 8999.9 179
1718419762689 9001.9 180
1718419772763 8992.3 181
1718419782837 8997.8 182
1718419792930 9008.7 183
1718419803001 9001.2 184
1718419813025 8996.0 185
1718419823046 8991.3 186
1718419833068 8993.8 187
1718419843146 8993.0 188
1718419853169 8993.4 189
1718419863193 8995.2 190
1718419873215 8984.9 191
1718419883300 8988.1 192
1718419893365 8987.6 193
1718419903442 8989.3 194
1718419913511 8992.1 195
1718419923587 8998.9 196
1718419933655 8993.5 197
1718419943735 8994.9 198
1718419953822 9005.7 199
1718419963896 9004.3 200
1718419973962 9005.3 201
1718419984044 8998.3 202
1718419994136 9004.5 203
1718420004221 9004.5 204
1718420014295 9003.1 205
1718420024323 8998.5 206
1718420034392 9009.4 207
1718420044420 8996.4 208
1718420054500 9000.5 209
1718420064529 8994.7 210
1718420074558 9004.5 211
1718420084587 9003.3 212
1718420094670 9009.9 213
1718420104740 9007.5 214
1718420114816 9003.7 215
1718420124909 9001.3 216
1718420134991 9002.8 217
1718420145086 9000.9 218
1718420155165 9001.7 219
1718420165243 8996.0 220
1718420175330 9004.4 221
1718420185407 8995.6 222
1718420195439 9001.2 223
1718420205523 8993.2 224
1718420215606 9007.0 225
1718420225636 9005.2 226
1718420235719 9001.3 227
1718420245794 9005.9 228
1718420255868 9000.3 229
1718420265947 9005.7 230
1718420276025 9002.4 231
1718420286106 9005.6 232
1718420296191 9001.8 233
1718420306230 8993.1 234
1718420316309 9001.1 235
1718420326340 9003.3 236
1718420336378 8992.9 237
1718420346422 8997.9 238
1718420356460 8987.4 239
1718420366535 9000.0 240
1718420376559 8991.8 241
1718420386631 9009.8 242
1718420396665 9009.2 243
1718420406696 9026.7 244
1718420416725 9052.8 245
1718420426753 9068.6 246
1718420436785 9054.7 247
1718420446815 9053.3 248
1718420456845 9060.6 249
1718420466875 9062.6 250
1718420476913 9063.3 251
1718420486998 9058.4 252
1718420497040 9065.6 253
1718420507129 9066.7 254
1718420517208 9067.4 255
1718420527247 9041.6 256
1718420537327 9050.4 257
1718420547414 9049.4 258
1718420557490 9037.5 259
1718420567564 9023.9 260
1718420577652 9036.9 261
1718420587712 9026.2 262
1718420597795 9032.0 263
1718420607822 9046.8 264
1718420617848 9052.1 265
1718420627874 9051.2 266
1718420637959 9051.2 267
1718420647997 9056.6 268
1718420658034 9056.0 269
1718420668073 9053.1 270
1718420678155 9057.4 271
1718420688235 9056.2 272
1718420698311 9056.0 273
1718420708338 9058.3 274
1718420718430 9037.4 275
1718420728513 9044.7 276
1718420738600 9040.4 277
1718420748681 9038.1 278
1718420758708 9045.9 279
1718420768781 9041.7 280
1718420778858 9047.9 281
1718420788946 9052.2 282
1718420799034 9051.3 283
1718420809112 9054.4 284
1718420819150 9056.9 285
1718420829229 9075.5 286
1718420839268 9054.9 287
1718420849347 9061.8 288
1718420859378 9056.7 289
1718420869455 9046.2 290
1718420879490 9039.1 291
1718420889576 9041.1 292
1718420899616 9026.6 293
1718420909698 9044.4 294
1718420919736 9050.1 295
1718420929824 9044.5 296
1718420939917 9052.7 297
1718420949996 9056.5 298
1718420960084 9053.5 299
1718420970168 9056.1 300
1718420980251 9054.9 301
1718420990344 9057.7 302
1718421000432 9055.5 303
1718421010516 9051.7 304
1718421020603 9043.7 305
1718421030680 9046.3 306
1718421040752 9044.0 307
1718421050844 9046.1 308
1718421060920 9042.5 309
1718421070951 9050.6 310
1718421081025 9056.3 311
1718421091096 9061.1 312
1718421101167 9061.0 313
1718421111245 9051.2 314
1718421121274 9060.8 315
1718421131315 9037.7 316
1718421141353 9046.9 317
1718421151446 9033.3 318
1718421161524 9033.2 319
1718421171615 9036.9 320
1718421181693 9038.2 321
1718421191776 9040.6 322
1718421201859 9038.9 323
1718421211934 9051.1 324
1718421222019 9058.5 325
1718421232046 9058.5 326
1718421242075 9061.2 327
1718421252107 9055.0 328
1718421262170 9047.6 329
1718421272201 9061.3 330
1718421282233 9056.6 331
1718421292263 9058.6 332
1718421302301 9053.5 333
1718421312341 9090.7 334
