1718215139962 0.04 10
1718215152342 0.08 20
1718215164700 0.12 30
1718215177372 0.16 40
1718215189870 0.2 50
1718215203001 0.24 60
1718215215989 0.28 70
1718215228687 0.32 80
1718215241976 0.36 90
1718215254993 0.4 100
1718215268312 0.44 110
1718215281193 0.48 120
1718215294155 0.52 130
1718215307129 0.56 140
1718215319684 0.6 150
1718215332950 0.64 160
1718215345923 0.68 170
1718215358687 0.72 180
1718215371454 0.76 190
1718215384253 0.8 200
1718215397310 0.84 210
1718215410176 0.88 220
1718215422991 0.92 230
1718215435720 0.96 240
1718215448131 1.0 250
1718215448132 1.0 250
