1718215139962 0.7262500524520874 10
1718215152342 0.5795866847038269 20
1718215164700 0.20288152992725372 30
1718215177372 1.335666537284851 40
1718215189870 0.3038572371006012 50
1718215203001 0.40879952907562256 60
1718215215989 1.1316723823547363 70
1718215228687 1.0848705768585205 80
1718215241976 0.655457615852356 90
1718215254993 0.15691246092319489 100
1718215268312 1.141111135482788 110
1718215281193 0.44720458984375 120
1718215294155 0.6559813022613525 130
1718215307129 0.5010698437690735 140
1718215319684 0.8184729814529419 150
1718215332950 0.2794272005558014 160
1718215345923 0.2264954298734665 170
1718215358687 1.0551738739013672 180
1718215371454 0.6030433773994446 190
1718215384253 0.5022022724151611 200
1718215397310 0.5755456686019897 210
1718215410176 0.5906822681427002 220
1718215422991 0.28189483284950256 230
1718215435720 0.3265793025493622 240
1718215448131 0.21582677960395813 250
