1718215139962 0.0001999915737775817 10
1718215152342 0.0001989821441880933 20
1718215164700 0.00019630694141514464 30
1718215177372 0.0001920109865186052 40
1718215189870 0.0001861665762396974 50
1718215203001 0.00017887206631718203 60
1718215215989 0.00017025021625596853 70
1718215228687 0.00016044612340408466 80
1718215241976 0.00014962478110547918 90
1718215254993 0.0001379683020225714 100
1718215268312 0.00012567285335732633 110
1718215281193 0.00011294535554810354 120
1718215294155 0.0001 130
1718215307129 8.705464445189647e-05 140
1718215319684 7.432714664267373e-05 150
1718215332950 6.203169797742861e-05 160
1718215345923 5.0375218894520834e-05 170
1718215358687 3.9553876595915375e-05 180
1718215371454 2.974978374403147e-05 190
1718215384253 2.112793368281799e-05 200
1718215397310 1.3833423760302611e-05 210
1718215410176 7.989013481394814e-06 220
1718215422991 3.693058584855369e-06 230
1718215435720 1.0178558119067315e-06 240
1718215448131 8.426222418311814e-09 250
