1718215139962 1.5497 10
1718215152342 0.193 20
1718215164700 0.175 30
1718215177372 0.171 40
1718215189870 0.102 50
1718215203001 0.3421 60
1718215215989 0.1589 70
1718215228687 0.201 80
1718215241976 0.1396 90
1718215254993 0.1198 100
1718215268312 0.1768 110
1718215281193 0.1623 120
1718215294155 0.1367 130
1718215307129 0.139 140
1718215319684 0.1261 150
1718215332950 0.0992 160
1718215345923 0.0988 170
1718215358687 0.1773 180
1718215371454 0.1402 190
1718215384253 0.1401 200
1718215397310 0.1333 210
1718215410176 0.0907 220
1718215422991 0.0848 230
1718215435720 0.1069 240
1718215448131 0.1021 250
