1718201395197 100.0 0
1718201405215 7.8 1
1718201415234 6.3 2
1718201425256 6.1 3
1718201435275 6.4 4
1718201445299 6.3 5
1718201455317 6.3 6
1718201465337 6.2 7
1718201475364 6.3 8
1718201485387 6.0 9
1718201495404 6.2 10
1718201505437 6.4 11
1718201515453 6.2 12
1718201525468 6.4 13
1718201535486 6.2 14
1718201545515 6.4 15
1718201555537 6.1 16
1718201565556 6.3 17
1718201575577 6.6 18
1718201585596 6.2 19
1718201595616 6.2 20
1718201605634 6.3 21
1718201615655 6.4 22
1718201625674 6.1 23
1718201635695 6.4 24
1718201645714 6.2 25
1718201655735 6.1 26
1718201665754 6.1 27
1718201675774 6.1 28
1718201685794 6.3 29
1718201695813 6.1 30
1718201705830 6.3 31
1718201715848 6.2 32
1718201725869 6.2 33
1718201735889 6.3 34
1718201745909 6.3 35
1718201755929 6.1 36
1718201765959 6.0 37
1718201775982 6.2 38
1718201786002 6.1 39
1718201796022 6.6 40
1718201806048 6.4 41
1718201816067 6.3 42
1718201826085 6.3 43
1718201836105 6.4 44
1718201846123 6.3 45
1718201856150 6.1 46
1718201866173 6.1 47
1718201876194 6.0 48
1718201886215 6.1 49
1718201896236 6.1 50
1718201906256 6.2 51
1718201916277 6.3 52
1718201926297 6.2 53
1718201936316 6.4 54
1718201946336 6.5 55
1718201956357 6.1 56
1718201966384 6.1 57
1718201976406 6.1 58
1718201986424 6.3 59
1718201996455 6.2 60
1718202006480 6.4 61
1718202016498 6.1 62
1718202026515 6.2 63
1718202036533 6.5 64
1718202046553 6.2 65
1718202056573 6.2 66
1718202066592 6.5 67
1718202076625 6.4 68
1718202086647 6.2 69
1718202096669 6.1 70
1718202106689 6.5 71
1718202116711 6.6 72
1718202126732 6.5 73
1718202136757 6.6 74
1718202146784 7.0 75
1718202156809 6.4 76
1718202166829 6.5 77
1718202176848 6.6 78
1718202186863 6.4 79
1718202196884 6.8 80
1718202206904 6.5 81
1718202216925 6.6 82
1718202226945 6.4 83
1718202236966 6.5 84
1718202246986 6.9 85
1718202257007 6.5 86
1718202267042 6.4 87
1718202277066 6.6 88
1718202287087 6.5 89
1718202297109 7.0 90
1718202307130 6.5 91
1718202317153 6.4 92
1718202327172 9.4 93
1718202337197 10.3 94
1718202347218 10.3 95
1718202357242 10.3 96
1718202367263 10.6 97
1718202377293 10.3 98
1718202387316 10.2 99
1718202397338 10.3 100
1718202407360 6.9 101
1718202417381 6.2 102
1718202427403 6.4 103
1718202437426 6.2 104
1718202447447 6.4 105
1718202457469 6.2 106
1718202467491 6.2 107
1718202477512 6.2 108
1718202487529 6.3 109
1718202497552 6.2 110
1718202507574 6.3 111
1718202517596 6.2 112
1718202527621 6.3 113
1718202537643 6.3 114
1718202547664 6.3 115
1718202557685 6.2 116
1718202567709 6.0 117
1718202577732 6.2 118
1718202587756 6.1 119
1718202597781 6.4 120
1718202607804 6.3 121
1718202617828 6.3 122
1718202627851 6.4 123
1718202637871 6.4 124
1718202647900 6.4 125
1718202657931 6.4 126
1718202667969 6.2 127
1718202677995 6.3 128
1718202688023 6.1 129
1718202698055 6.3 130
1718202708086 6.2 131
1718202718113 6.3 132
1718202728137 6.2 133
1718202738166 6.3 134
1718202748209 6.4 135
1718202758240 6.2 136
1718202768270 6.2 137
1718202778307 6.0 138
1718202788335 6.2 139
1718202798376 6.1 140
1718202808402 6.2 141
1718202818424 6.2 142
1718202828448 6.3 143
1718202838472 6.4 144
1718202848498 6.3 145
1718202858520 6.5 146
1718202868546 6.3 147
1718202878567 6.3 148
1718202888587 6.2 149
1718202898610 6.2 150
1718202908634 6.5 151
1718202918658 6.5 152
1718202928683 6.7 153
1718202938707 6.5 154
1718202948728 6.6 155
1718202958751 6.6 156
1718202968775 6.2 157
1718202978799 6.6 158
1718202988823 6.1 159
1718202998846 6.3 160
1718203008869 6.2 161
1718203018892 6.5 162
1718203028917 6.5 163
1718203038940 6.5 164
1718203048963 6.6 165
1718203058983 6.7 166
1718203069006 6.3 167
1718203079031 6.3 168
1718203089056 6.4 169
1718203099077 6.4 170
1718203109099 6.7 171
1718203119121 6.3 172
1718203129147 6.6 173
1718203139168 6.4 174
1718203149192 6.6 175
1718203159223 6.7 176
1718203169254 6.3 177
1718203179290 6.5 178
1718203189322 6.5 179
1718203199355 6.5 180
1718203209392 7.1 181
1718203219424 6.7 182
1718203229449 6.7 183
1718203239476 7.5 184
1718203249504 10.4 185
1718203259533 10.6 186
1718203269557 10.2 187
1718203279585 10.3 188
1718203289613 10.2 189
1718203299643 10.3 190
1718203309672 10.3 191
1718203319698 8.4 192
1718203329722 6.2 193
1718203339756 6.3 194
1718203349784 6.3 195
1718203359810 6.3 196
1718203369836 6.1 197
1718203379861 6.3 198
1718203389891 6.1 199
1718203399916 6.1 200
1718203409940 6.2 201
1718203419973 6.2 202
1718203430000 6.6 203
1718203440038 6.3 204
1718203450073 6.4 205
1718203460101 6.0 206
1718203470133 6.2 207
1718203480162 6.2 208
1718203490197 6.1 209
1718203500227 6.2 210
1718203510255 6.1 211
1718203520288 6.2 212
1718203530330 6.3 213
1718203540365 6.5 214
1718203550400 6.3 215
1718203560432 6.6 216
1718203570462 6.3 217
1718203580498 6.3 218
1718203590532 6.2 219
1718203600562 6.1 220
1718203610596 6.4 221
1718203620626 6.3 222
1718203630659 6.2 223
1718203640688 6.6 224
1718203650722 6.3 225
1718203660750 6.2 226
1718203670786 6.0 227
1718203680818 6.3 228
1718203690846 6.2 229
1718203700883 6.3 230
1718203710909 6.2 231
1718203720936 6.2 232
1718203730970 6.4 233
1718203741000 6.4 234
1718203751033 6.2 235
1718203761083 6.0 236
1718203771109 6.3 237
1718203781133 6.1 238
1718203791160 6.2 239
1718203801186 6.3 240
1718203811221 6.2 241
1718203821253 6.2 242
1718203831302 6.3 243
1718203841340 6.4 244
1718203851377 6.2 245
1718203861406 6.3 246
1718203871431 6.1 247
1718203881458 6.2 248
1718203891493 6.2 249
1718203901529 6.1 250
1718203911567 6.3 251
1718203921598 6.3 252
1718203931632 6.4 253
1718203941666 6.9 254
1718203951703 6.6 255
1718203961732 6.4 256
1718203971767 7.0 257
1718203981803 6.4 258
1718203991834 6.5 259
1718204001870 6.5 260
1718204011903 6.5 261
1718204021938 6.9 262
1718204031967 6.7 263
1718204041999 6.7 264
1718204052025 6.6 265
1718204062052 6.6 266
1718204072079 7.0 267
1718204082109 6.4 268
1718204092137 6.6 269
1718204102166 6.5 270
1718204112195 6.6 271
1718204122220 6.9 272
1718204132247 6.5 273
1718204142275 6.8 274
1718204152305 6.6 275
1718204162329 9.8 276
1718204172368 10.3 277
1718204182399 10.2 278
1718204192429 10.5 279
1718204202454 10.2 280
1718204212496 10.3 281
1718204222535 10.4 282
1718204232571 10.2 283
1718204242608 6.4 284
1718204252638 6.4 285
1718204262666 6.0 286
1718204272697 6.2 287
1718204282729 6.1 288
1718204292768 6.1 289
1718204302805 6.3 290
1718204312833 6.3 291
1718204322870 6.3 292
1718204332906 6.3 293
1718204342945 6.3 294
1718204352980 6.3 295
1718204363007 6.0 296
1718204373042 6.2 297
1718204383079 6.1 298
1718204393120 6.5 299
1718204403158 6.4 300
1718204413193 6.4 301
1718204423230 6.3 302
1718204433267 6.3 303
1718204443305 6.5 304
1718204453344 6.0 305
1718204463378 6.7 306
1718204473413 6.2 307
1718204483453 6.3 308
1718204493488 6.2 309
1718204503527 6.4 310
1718204513581 6.3 311
1718204523615 6.2 312
1718204533657 6.3 313
1718204543697 6.3 314
1718204553733 6.2 315
1718204563768 6.3 316
1718204573808 6.2 317
1718204583841 6.3 318
1718204593894 6.2 319
1718204603930 6.3 320
1718204613968 6.3 321
1718204624022 6.3 322
1718204634061 6.4 323
1718204644100 6.5 324
1718204654139 6.1 325
1718204664179 6.1 326
1718204674220 6.2 327
1718204684251 6.1 328
1718204694291 6.3 329
1718204704330 6.1 330
1718204714366 6.3 331
1718204724416 6.2 332
1718204734447 6.4 333
1718204744487 6.3 334
1718204754524 6.0 335
1718204764552 6.6 336
1718204774589 6.2 337
1718204784628 6.2 338
1718204794666 6.2 339
1718204804710 6.3 340
1718204814747 6.3 341
1718204824784 6.3 342
1718204834823 6.6 343
1718204844851 6.3 344
1718204854888 6.3 345
1718204864924 6.3 346
1718204874963 6.3 347
1718204884990 6.5 348
1718204895018 6.9 349
1718204905058 6.6 350
1718204915097 6.5 351
1718204925125 6.5 352
1718204935161 6.9 353
1718204945199 6.9 354
1718204955241 6.6 355
1718204965269 6.5 356
1718204975308 6.4 357
1718204985347 6.8 358
1718204995387 6.5 359
1718205005415 6.4 360
1718205015448 7.0 361
1718205025481 6.5 362
1718205035520 7.0 363
1718205045559 6.7 364
1718205055600 6.4 365
1718205065635 6.8 366
1718205075662 8.0 367
1718205085692 10.1 368
1718205095725 10.2 369
1718205105758 10.1 370
1718205115790 10.4 371
1718205125819 10.4 372
1718205135852 10.3 373
1718205145884 10.4 374
1718205155929 7.6 375
1718205165956 6.2 376
1718205175982 6.1 377
