1718201395197 59.4 0
1718201405215 59.4 1
1718201415234 59.4 2
1718201425256 59.4 3
1718201435275 59.4 4
1718201445299 59.4 5
1718201455317 59.4 6
1718201465337 59.4 7
1718201475364 59.4 8
1718201485387 59.4 9
1718201495404 59.4 10
1718201505437 59.4 11
1718201515453 59.4 12
1718201525468 59.4 13
1718201535486 59.4 14
1718201545515 59.4 15
1718201555537 59.4 16
1718201565556 59.4 17
1718201575577 59.4 18
1718201585596 59.4 19
1718201595616 59.4 20
1718201605634 59.4 21
1718201615655 59.4 22
1718201625674 59.4 23
1718201635695 59.4 24
1718201645714 59.4 25
1718201655735 59.4 26
1718201665754 59.4 27
1718201675774 59.4 28
1718201685794 59.4 29
1718201695813 59.4 30
1718201705830 59.4 31
1718201715848 59.4 32
1718201725869 59.4 33
1718201735889 59.4 34
1718201745909 59.4 35
1718201755929 59.4 36
1718201765959 59.4 37
1718201775982 59.4 38
1718201786002 59.4 39
1718201796022 59.4 40
1718201806048 59.4 41
1718201816067 59.4 42
1718201826085 59.4 43
1718201836105 59.4 44
1718201846123 59.4 45
1718201856150 59.4 46
1718201866173 59.4 47
1718201876194 59.4 48
1718201886215 59.4 49
1718201896236 59.4 50
1718201906256 59.4 51
1718201916277 59.4 52
1718201926297 59.4 53
1718201936316 59.4 54
1718201946336 59.4 55
1718201956357 59.4 56
1718201966384 59.4 57
1718201976406 59.4 58
1718201986424 59.4 59
1718201996455 59.4 60
1718202006480 59.4 61
1718202016498 59.4 62
1718202026515 59.4 63
1718202036533 59.4 64
1718202046553 59.4 65
1718202056573 59.4 66
1718202066592 59.4 67
1718202076625 59.4 68
1718202086647 59.4 69
1718202096669 59.4 70
1718202106689 59.4 71
1718202116711 59.4 72
1718202126732 59.4 73
1718202136757 59.4 74
1718202146784 59.4 75
1718202156809 59.4 76
1718202166829 59.4 77
1718202176848 59.4 78
1718202186863 59.4 79
1718202196884 59.4 80
1718202206904 59.4 81
1718202216925 59.4 82
1718202226945 59.4 83
1718202236966 59.4 84
1718202246986 59.4 85
1718202257007 59.4 86
1718202267042 59.4 87
1718202277066 59.4 88
1718202287087 59.4 89
1718202297109 59.4 90
1718202307130 59.4 91
1718202317153 59.4 92
1718202327172 59.5 93
1718202337197 59.5 94
1718202347218 59.5 95
1718202357242 59.5 96
1718202367263 59.5 97
1718202377293 59.5 98
1718202387316 59.5 99
1718202397338 59.5 100
1718202407360 59.5 101
1718202417381 59.5 102
1718202427403 59.5 103
1718202437426 59.5 104
1718202447447 59.5 105
1718202457469 59.5 106
1718202467491 59.5 107
1718202477512 59.5 108
1718202487529 59.5 109
1718202497552 59.5 110
1718202507574 59.5 111
1718202517596 59.5 112
1718202527621 59.5 113
1718202537643 59.5 114
1718202547664 59.5 115
1718202557685 59.5 116
1718202567709 59.5 117
1718202577732 59.5 118
1718202587756 59.5 119
1718202597781 59.5 120
1718202607804 59.5 121
1718202617828 59.5 122
1718202627851 59.5 123
1718202637871 59.5 124
1718202647900 59.5 125
1718202657931 59.5 126
1718202667969 59.5 127
1718202677995 59.5 128
1718202688023 59.5 129
1718202698055 59.5 130
1718202708086 59.5 131
1718202718113 59.5 132
1718202728137 59.5 133
1718202738166 59.5 134
1718202748209 59.5 135
1718202758240 59.5 136
1718202768270 59.5 137
1718202778307 59.5 138
1718202788335 59.5 139
1718202798376 59.5 140
1718202808402 59.5 141
1718202818424 59.5 142
1718202828448 59.5 143
1718202838472 59.5 144
1718202848498 59.5 145
1718202858520 59.5 146
1718202868546 59.5 147
1718202878567 59.5 148
1718202888587 59.5 149
1718202898610 59.5 150
1718202908634 59.5 151
1718202918658 59.5 152
1718202928683 59.5 153
1718202938707 59.5 154
1718202948728 59.5 155
1718202958751 59.5 156
1718202968775 59.5 157
1718202978799 59.5 158
1718202988823 59.5 159
1718202998846 59.5 160
1718203008869 59.5 161
1718203018892 59.5 162
1718203028917 59.5 163
1718203038940 59.5 164
1718203048963 59.5 165
1718203058983 59.5 166
1718203069006 59.5 167
1718203079031 59.5 168
1718203089056 59.5 169
1718203099077 59.5 170
1718203109099 59.5 171
1718203119121 59.5 172
1718203129147 59.5 173
1718203139168 59.5 174
1718203149192 59.5 175
1718203159223 59.5 176
1718203169254 59.5 177
1718203179290 59.5 178
1718203189322 59.5 179
1718203199355 59.5 180
1718203209392 59.5 181
1718203219424 59.5 182
1718203229449 59.5 183
1718203239476 59.6 184
1718203249504 59.6 185
1718203259533 59.6 186
1718203269557 59.6 187
1718203279585 59.6 188
1718203289613 59.6 189
1718203299643 59.6 190
1718203309672 59.6 191
1718203319698 59.6 192
1718203329722 59.6 193
1718203339756 59.6 194
1718203349784 59.6 195
1718203359810 59.6 196
1718203369836 59.6 197
1718203379861 59.6 198
1718203389891 59.6 199
1718203399916 59.6 200
1718203409940 59.6 201
1718203419973 59.6 202
1718203430000 59.6 203
1718203440038 59.6 204
1718203450073 59.6 205
1718203460101 59.6 206
1718203470133 59.6 207
1718203480162 59.6 208
1718203490197 59.6 209
1718203500227 59.6 210
1718203510255 59.6 211
1718203520288 59.6 212
1718203530330 59.6 213
1718203540365 59.6 214
1718203550400 59.6 215
1718203560432 59.6 216
1718203570462 59.6 217
1718203580498 59.6 218
1718203590532 59.6 219
1718203600562 59.6 220
1718203610596 59.6 221
1718203620626 59.6 222
1718203630659 59.6 223
1718203640688 59.6 224
1718203650722 59.6 225
1718203660750 59.6 226
1718203670786 59.6 227
1718203680818 59.6 228
1718203690846 59.6 229
1718203700883 59.6 230
1718203710909 59.6 231
1718203720936 59.6 232
1718203730970 59.6 233
1718203741000 59.6 234
1718203751033 59.6 235
1718203761083 59.6 236
1718203771109 59.6 237
1718203781133 59.6 238
1718203791160 59.6 239
1718203801186 59.6 240
1718203811221 59.6 241
1718203821253 59.6 242
1718203831302 59.6 243
1718203841340 59.6 244
1718203851377 59.6 245
1718203861406 59.6 246
1718203871431 59.6 247
1718203881458 59.6 248
1718203891493 59.6 249
1718203901529 59.6 250
1718203911567 59.6 251
1718203921598 59.6 252
1718203931632 59.6 253
1718203941666 59.6 254
1718203951703 59.6 255
1718203961732 59.6 256
1718203971767 59.6 257
1718203981803 59.6 258
1718203991834 59.6 259
1718204001870 59.6 260
1718204011903 59.6 261
1718204021938 59.6 262
1718204031967 59.6 263
1718204041999 59.6 264
1718204052025 59.6 265
1718204062052 59.6 266
1718204072079 59.6 267
1718204082109 59.6 268
1718204092137 59.6 269
1718204102166 59.6 270
1718204112195 59.6 271
1718204122220 59.6 272
1718204132247 59.6 273
1718204142275 59.6 274
1718204152305 59.6 275
1718204162329 59.7 276
1718204172368 59.7 277
1718204182399 59.7 278
1718204192429 59.7 279
1718204202454 59.7 280
1718204212496 59.7 281
1718204222535 59.7 282
1718204232571 59.7 283
1718204242608 59.7 284
1718204252638 59.7 285
1718204262666 59.7 286
1718204272697 59.7 287
1718204282729 59.7 288
1718204292768 59.7 289
1718204302805 59.7 290
1718204312833 59.7 291
1718204322870 59.7 292
1718204332906 59.7 293
1718204342945 59.7 294
1718204352980 59.7 295
1718204363007 59.7 296
1718204373042 59.7 297
1718204383079 59.7 298
1718204393120 59.7 299
1718204403158 59.7 300
1718204413193 59.7 301
1718204423230 59.7 302
1718204433267 59.7 303
1718204443305 59.7 304
1718204453344 59.7 305
1718204463378 59.7 306
1718204473413 59.7 307
1718204483453 59.7 308
1718204493488 59.7 309
1718204503527 59.7 310
1718204513581 59.7 311
1718204523615 59.7 312
1718204533657 59.7 313
1718204543697 59.7 314
1718204553733 59.7 315
1718204563768 59.7 316
1718204573808 59.7 317
1718204583841 59.7 318
1718204593894 59.7 319
1718204603930 59.7 320
1718204613968 59.7 321
1718204624022 59.7 322
1718204634061 59.7 323
1718204644100 59.7 324
1718204654139 59.7 325
1718204664179 59.7 326
1718204674220 59.7 327
1718204684251 59.7 328
1718204694291 59.7 329
1718204704330 59.7 330
1718204714366 59.7 331
1718204724416 59.7 332
1718204734447 59.7 333
1718204744487 59.7 334
1718204754524 59.7 335
1718204764552 59.7 336
1718204774589 59.7 337
1718204784628 59.7 338
1718204794666 59.7 339
1718204804710 59.7 340
1718204814747 59.7 341
1718204824784 59.7 342
1718204834823 59.7 343
1718204844851 59.7 344
1718204854888 59.7 345
1718204864924 59.7 346
1718204874963 59.7 347
1718204884990 59.7 348
1718204895018 59.7 349
1718204905058 59.7 350
1718204915097 59.7 351
1718204925125 59.7 352
1718204935161 59.7 353
1718204945199 59.7 354
1718204955241 59.7 355
1718204965269 59.7 356
1718204975308 59.7 357
1718204985347 59.7 358
1718204995387 59.7 359
1718205005415 59.7 360
1718205015448 59.7 361
1718205025481 59.7 362
1718205035520 59.7 363
1718205045559 59.7 364
1718205055600 59.7 365
1718205065635 59.7 366
1718205075662 59.8 367
1718205085692 59.8 368
1718205095725 59.8 369
1718205105758 59.8 370
1718205115790 59.8 371
1718205125819 59.8 372
1718205135852 59.8 373
1718205145884 59.8 374
1718205155929 59.8 375
1718205165956 59.8 376
1718205175982 59.8 377
