1718201395197 378957.9 0
1718201405215 378957.0 1
1718201415234 378957.0 2
1718201425256 378957.0 3
1718201435275 378957.0 4
1718201445299 378957.0 5
1718201455317 378957.0 6
1718201465337 378957.0 7
1718201475364 378957.0 8
1718201485387 378957.0 9
1718201495404 378957.0 10
1718201505437 378957.0 11
1718201515453 378957.0 12
1718201525468 378957.0 13
1718201535486 378957.0 14
1718201545515 378957.0 15
1718201555537 378957.0 16
1718201565556 378957.0 17
1718201575577 378957.0 18
1718201585596 378957.0 19
1718201595616 378957.0 20
1718201605634 378957.0 21
1718201615655 378957.0 22
1718201625674 378957.0 23
1718201635695 378957.0 24
1718201645714 378957.0 25
1718201655735 378957.0 26
1718201665754 378957.0 27
1718201675774 378957.0 28
1718201685794 378957.0 29
1718201695813 378957.0 30
1718201705830 378957.0 31
1718201715848 378957.0 32
1718201725869 378957.0 33
1718201735889 378957.0 34
1718201745909 378957.0 35
1718201755929 378957.0 36
1718201765959 378957.0 37
1718201775982 378957.0 38
1718201786002 378957.0 39
1718201796022 378957.0 40
1718201806048 378957.0 41
1718201816067 378957.0 42
1718201826085 378957.0 43
1718201836105 378957.0 44
1718201846123 378957.0 45
1718201856150 378957.0 46
1718201866173 378957.0 47
1718201876194 378957.0 48
1718201886215 378957.0 49
1718201896236 378957.0 50
1718201906256 378957.0 51
1718201916277 378957.0 52
1718201926297 378957.0 53
1718201936316 378957.0 54
1718201946336 378957.0 55
1718201956357 378957.0 56
1718201966384 378957.0 57
1718201976406 378957.0 58
1718201986424 378957.0 59
1718201996455 378957.0 60
1718202006480 378957.0 61
1718202016498 378957.0 62
1718202026515 378957.0 63
1718202036533 378957.0 64
1718202046553 378957.0 65
1718202056573 378957.0 66
1718202066592 378957.0 67
1718202076625 378957.0 68
1718202086647 378957.0 69
1718202096669 378957.0 70
1718202106689 378957.0 71
1718202116711 378957.0 72
1718202126732 378957.0 73
1718202136757 378957.0 74
1718202146784 378957.0 75
1718202156809 378957.0 76
1718202166829 378957.0 77
1718202176848 378957.0 78
1718202186863 378957.0 79
1718202196884 378957.0 80
1718202206904 378957.0 81
1718202216925 378957.0 82
1718202226945 378957.0 83
1718202236966 378957.0 84
1718202246986 378957.0 85
1718202257007 378957.0 86
1718202267042 378957.0 87
1718202277066 378957.0 88
1718202287087 378957.0 89
1718202297109 378957.0 90
1718202307130 378957.0 91
1718202317153 378957.0 92
1718202327172 377947.3 93
1718202337197 377947.3 94
1718202347218 377947.3 95
1718202357242 377947.3 96
1718202367263 377947.3 97
1718202377293 377947.3 98
1718202387316 377947.2 99
1718202397338 377947.2 100
1718202407360 377947.2 101
1718202417381 377947.2 102
1718202427403 377947.2 103
1718202437426 377947.2 104
1718202447447 377947.2 105
1718202457469 377947.2 106
1718202467491 377947.2 107
1718202477512 377947.2 108
1718202487529 377947.2 109
1718202497552 377947.2 110
1718202507574 377947.2 111
1718202517596 377947.2 112
1718202527621 377947.2 113
1718202537643 377947.2 114
1718202547664 377947.2 115
1718202557685 377947.2 116
1718202567709 377947.2 117
1718202577732 377947.2 118
1718202587756 377947.2 119
1718202597781 377947.2 120
1718202607804 377947.2 121
1718202617828 377947.2 122
1718202627851 377947.2 123
1718202637871 377947.2 124
1718202647900 377947.2 125
1718202657931 377947.2 126
1718202667969 377947.2 127
1718202677995 377947.2 128
1718202688023 377947.2 129
1718202698055 377947.2 130
1718202708086 377947.2 131
1718202718113 377947.2 132
1718202728137 377947.2 133
1718202738166 377947.2 134
1718202748209 377947.2 135
1718202758240 377947.2 136
1718202768270 377947.2 137
1718202778307 377947.2 138
1718202788335 377947.2 139
1718202798376 377947.2 140
1718202808402 377947.2 141
1718202818424 377947.2 142
1718202828448 377947.2 143
1718202838472 377947.2 144
1718202848498 377947.2 145
1718202858520 377946.9 146
1718202868546 377946.9 147
1718202878567 377946.9 148
1718202888587 377946.9 149
1718202898610 377946.9 150
1718202908634 377946.9 151
1718202918658 377946.9 152
1718202928683 377946.9 153
1718202938707 377946.9 154
1718202948728 377946.9 155
1718202958751 377946.9 156
1718202968775 377946.9 157
1718202978799 377946.9 158
1718202988823 377946.9 159
1718202998846 377946.9 160
1718203008869 377946.9 161
1718203018892 377946.9 162
1718203028917 377946.9 163
1718203038940 377946.9 164
1718203048963 377946.9 165
1718203058983 377946.9 166
1718203069006 377946.9 167
1718203079031 377946.9 168
1718203089056 377946.8 169
1718203099077 377946.8 170
1718203109099 377946.8 171
1718203119121 377946.8 172
1718203129147 377946.8 173
1718203139168 377946.8 174
1718203149192 377946.8 175
1718203159223 377946.8 176
1718203169254 377946.8 177
1718203179290 377946.8 178
1718203189322 377946.8 179
1718203199355 377946.8 180
1718203209392 377946.8 181
1718203219424 377946.8 182
1718203229449 377946.8 183
1718203239476 376937.1 184
1718203249504 376937.1 185
1718203259533 376937.1 186
1718203269557 376937.1 187
1718203279585 376937.1 188
1718203289613 376937.1 189
1718203299643 376937.1 190
1718203309672 376937.1 191
1718203319698 376937.1 192
1718203329722 376937.1 193
1718203339756 376937.1 194
1718203349784 376937.1 195
1718203359810 376937.1 196
1718203369836 376937.1 197
1718203379861 376937.1 198
1718203389891 376937.1 199
1718203399916 376937.1 200
1718203409940 376937.1 201
1718203419973 376937.1 202
1718203430000 376937.1 203
1718203440038 376937.1 204
1718203450073 376937.1 205
1718203460101 376937.1 206
1718203470133 376937.1 207
1718203480162 376937.1 208
1718203490197 376937.1 209
1718203500227 376937.1 210
1718203510255 376937.1 211
1718203520288 376937.1 212
1718203530330 376937.1 213
1718203540365 376937.1 214
1718203550400 376937.1 215
1718203560432 376937.1 216
1718203570462 376937.1 217
1718203580498 376937.1 218
1718203590532 376937.1 219
1718203600562 376937.1 220
1718203610596 376937.1 221
1718203620626 376937.1 222
1718203630659 376937.1 223
1718203640688 376937.1 224
1718203650722 376937.1 225
1718203660750 376937.1 226
1718203670786 376937.1 227
1718203680818 376937.1 228
1718203690846 376937.1 229
1718203700883 376937.1 230
1718203710909 376937.1 231
1718203720936 376937.1 232
1718203730970 376937.1 233
1718203741000 376937.1 234
1718203751033 376937.1 235
1718203761083 376937.1 236
1718203771109 376937.0 237
1718203781133 376937.0 238
1718203791160 376937.0 239
1718203801186 376937.0 240
1718203811221 376937.0 241
1718203821253 376937.0 242
1718203831302 376937.0 243
1718203841340 376937.0 244
1718203851377 376937.0 245
1718203861406 376937.0 246
1718203871431 376937.0 247
1718203881458 376937.0 248
1718203891493 376937.0 249
1718203901529 376937.0 250
1718203911567 376937.0 251
1718203921598 376937.0 252
1718203931632 376937.0 253
1718203941666 376937.0 254
1718203951703 376937.0 255
1718203961732 376937.0 256
1718203971767 376937.0 257
1718203981803 376937.0 258
1718203991834 376937.0 259
1718204001870 376937.0 260
1718204011903 376937.0 261
1718204021938 376937.0 262
1718204031967 376937.0 263
1718204041999 376937.0 264
1718204052025 376937.0 265
1718204062052 376937.0 266
1718204072079 376937.0 267
1718204082109 376937.0 268
1718204092137 376937.0 269
1718204102166 376937.0 270
1718204112195 376937.0 271
1718204122220 376937.0 272
1718204132247 376937.0 273
1718204142275 376937.0 274
1718204152305 376937.0 275
1718204162329 375927.3 276
1718204172368 375927.3 277
1718204182399 375927.3 278
1718204192429 375927.3 279
1718204202454 375927.3 280
1718204212496 375927.3 281
1718204222535 375927.3 282
1718204232571 375927.3 283
1718204242608 375927.3 284
1718204252638 375927.3 285
1718204262666 375927.3 286
1718204272697 375927.3 287
1718204282729 375927.3 288
1718204292768 375927.3 289
1718204302805 375927.3 290
1718204312833 375927.3 291
1718204322870 375927.3 292
1718204332906 375927.3 293
1718204342945 375927.3 294
1718204352980 375927.3 295
1718204363007 375927.3 296
1718204373042 375927.3 297
1718204383079 375927.3 298
1718204393120 375927.3 299
1718204403158 375927.3 300
1718204413193 375927.3 301
1718204423230 375927.3 302
1718204433267 375927.3 303
1718204443305 375927.3 304
1718204453344 375927.3 305
1718204463378 375927.3 306
1718204473413 375927.3 307
1718204483453 375927.3 308
1718204493488 375927.3 309
1718204503527 375927.3 310
1718204513581 375927.3 311
1718204523615 375927.3 312
1718204533657 375927.3 313
1718204543697 375927.3 314
1718204553733 375927.3 315
1718204563768 375927.3 316
1718204573808 375927.3 317
1718204583841 375927.3 318
1718204593894 375927.3 319
1718204603930 375927.3 320
1718204613968 375927.3 321
1718204624022 375927.3 322
1718204634061 375927.3 323
1718204644100 375927.3 324
1718204654139 375927.3 325
1718204664179 375927.3 326
1718204674220 375927.3 327
1718204684251 375927.3 328
1718204694291 375927.3 329
1718204704330 375927.2 330
1718204714366 375927.2 331
1718204724416 375927.2 332
1718204734447 375927.2 333
1718204744487 375927.2 334
1718204754524 375927.2 335
1718204764552 375927.2 336
1718204774589 375927.2 337
1718204784628 375927.2 338
1718204794666 375927.2 339
1718204804710 375927.2 340
1718204814747 375927.2 341
1718204824784 375927.2 342
1718204834823 375927.2 343
1718204844851 375927.2 344
1718204854888 375927.2 345
1718204864924 375927.2 346
1718204874963 375927.2 347
1718204884990 375927.2 348
1718204895018 375927.2 349
1718204905058 375927.2 350
1718204915097 375927.2 351
1718204925125 375927.2 352
1718204935161 375927.2 353
1718204945199 375927.2 354
1718204955241 375927.2 355
1718204965269 375927.2 356
1718204975308 375927.2 357
1718204985347 375927.2 358
1718204995387 375927.2 359
1718205005415 375927.2 360
1718205015448 375927.2 361
1718205025481 375927.2 362
1718205035520 375927.2 363
1718205045559 375927.2 364
1718205055600 375927.2 365
1718205065635 375927.2 366
1718205075662 374917.5 367
1718205085692 374917.5 368
1718205095725 374917.5 369
1718205105758 374917.5 370
1718205115790 374917.4 371
1718205125819 374917.4 372
1718205135852 374917.4 373
1718205145884 374917.4 374
1718205155929 374917.4 375
1718205165956 374917.4 376
1718205175982 374917.4 377
