1718201395197 553862.9 0
1718201405215 553863.8 1
1718201415234 553863.8 2
1718201425256 553863.8 3
1718201435275 553863.8 4
1718201445299 553863.8 5
1718201455317 553863.8 6
1718201465337 553863.8 7
1718201475364 553863.8 8
1718201485387 553863.8 9
1718201495404 553863.8 10
1718201505437 553863.8 11
1718201515453 553863.8 12
1718201525468 553863.8 13
1718201535486 553863.8 14
1718201545515 553863.8 15
1718201555537 553863.8 16
1718201565556 553863.8 17
1718201575577 553863.8 18
1718201585596 553863.8 19
1718201595616 553863.8 20
1718201605634 553863.8 21
1718201615655 553863.8 22
1718201625674 553863.8 23
1718201635695 553863.8 24
1718201645714 553863.8 25
1718201655735 553863.8 26
1718201665754 553863.8 27
1718201675774 553863.8 28
1718201685794 553863.8 29
1718201695813 553863.8 30
1718201705830 553863.8 31
1718201715848 553863.8 32
1718201725869 553863.8 33
1718201735889 553863.8 34
1718201745909 553863.8 35
1718201755929 553863.8 36
1718201765959 553863.8 37
1718201775982 553863.8 38
1718201786002 553863.8 39
1718201796022 553863.8 40
1718201806048 553863.8 41
1718201816067 553863.8 42
1718201826085 553863.8 43
1718201836105 553863.8 44
1718201846123 553863.8 45
1718201856150 553863.8 46
1718201866173 553863.8 47
1718201876194 553863.8 48
1718201886215 553863.8 49
1718201896236 553863.8 50
1718201906256 553863.8 51
1718201916277 553863.8 52
1718201926297 553863.8 53
1718201936316 553863.8 54
1718201946336 553863.8 55
1718201956357 553863.8 56
1718201966384 553863.8 57
1718201976406 553863.8 58
1718201986424 553863.8 59
1718201996455 553863.8 60
1718202006480 553863.8 61
1718202016498 553863.8 62
1718202026515 553863.8 63
1718202036533 553863.8 64
1718202046553 553863.8 65
1718202056573 553863.8 66
1718202066592 553863.8 67
1718202076625 553863.8 68
1718202086647 553863.8 69
1718202096669 553863.8 70
1718202106689 553863.8 71
1718202116711 553863.8 72
1718202126732 553863.8 73
1718202136757 553863.8 74
1718202146784 553863.8 75
1718202156809 553863.8 76
1718202166829 553863.8 77
1718202176848 553863.8 78
1718202186863 553863.8 79
1718202196884 553863.8 80
1718202206904 553863.8 81
1718202216925 553863.8 82
1718202226945 553863.8 83
1718202236966 553863.8 84
1718202246986 553863.8 85
1718202257007 553863.8 86
1718202267042 553863.8 87
1718202277066 553863.8 88
1718202287087 553863.8 89
1718202297109 553863.8 90
1718202307130 553863.8 91
1718202317153 553863.8 92
1718202327172 554873.6 93
1718202337197 554873.6 94
1718202347218 554873.6 95
1718202357242 554873.6 96
1718202367263 554873.6 97
1718202377293 554873.6 98
1718202387316 554873.6 99
1718202397338 554873.6 100
1718202407360 554873.6 101
1718202417381 554873.6 102
1718202427403 554873.6 103
1718202437426 554873.6 104
1718202447447 554873.6 105
1718202457469 554873.6 106
1718202467491 554873.6 107
1718202477512 554873.6 108
1718202487529 554873.6 109
1718202497552 554873.6 110
1718202507574 554873.6 111
1718202517596 554873.6 112
1718202527621 554873.6 113
1718202537643 554873.6 114
1718202547664 554873.6 115
1718202557685 554873.6 116
1718202567709 554873.6 117
1718202577732 554873.6 118
1718202587756 554873.6 119
1718202597781 554873.6 120
1718202607804 554873.6 121
1718202617828 554873.6 122
1718202627851 554873.6 123
1718202637871 554873.6 124
1718202647900 554873.6 125
1718202657931 554873.6 126
1718202667969 554873.6 127
1718202677995 554873.6 128
1718202688023 554873.6 129
1718202698055 554873.6 130
1718202708086 554873.6 131
1718202718113 554873.6 132
1718202728137 554873.6 133
1718202738166 554873.6 134
1718202748209 554873.6 135
1718202758240 554873.6 136
1718202768270 554873.6 137
1718202778307 554873.6 138
1718202788335 554873.6 139
1718202798376 554873.6 140
1718202808402 554873.6 141
1718202818424 554873.6 142
1718202828448 554873.6 143
1718202838472 554873.6 144
1718202848498 554873.6 145
1718202858520 554873.9 146
1718202868546 554873.9 147
1718202878567 554873.9 148
1718202888587 554873.9 149
1718202898610 554873.9 150
1718202908634 554873.9 151
1718202918658 554873.9 152
1718202928683 554873.9 153
1718202938707 554873.9 154
1718202948728 554873.9 155
1718202958751 554874.0 156
1718202968775 554874.0 157
1718202978799 554874.0 158
1718202988823 554874.0 159
1718202998846 554874.0 160
1718203008869 554874.0 161
1718203018892 554874.0 162
1718203028917 554874.0 163
1718203038940 554874.0 164
1718203048963 554874.0 165
1718203058983 554874.0 166
1718203069006 554874.0 167
1718203079031 554874.0 168
1718203089056 554874.0 169
1718203099077 554874.0 170
1718203109099 554874.0 171
1718203119121 554874.0 172
1718203129147 554874.0 173
1718203139168 554874.0 174
1718203149192 554874.0 175
1718203159223 554874.0 176
1718203169254 554874.0 177
1718203179290 554874.0 178
1718203189322 554874.0 179
1718203199355 554874.0 180
1718203209392 554874.0 181
1718203219424 554874.0 182
1718203229449 554874.0 183
1718203239476 555883.7 184
1718203249504 555883.7 185
1718203259533 555883.7 186
1718203269557 555883.7 187
1718203279585 555883.7 188
1718203289613 555883.7 189
1718203299643 555883.7 190
1718203309672 555883.7 191
1718203319698 555883.7 192
1718203329722 555883.7 193
1718203339756 555883.7 194
1718203349784 555883.7 195
1718203359810 555883.7 196
1718203369836 555883.7 197
1718203379861 555883.7 198
1718203389891 555883.7 199
1718203399916 555883.7 200
1718203409940 555883.8 201
1718203419973 555883.8 202
1718203430000 555883.8 203
1718203440038 555883.8 204
1718203450073 555883.8 205
1718203460101 555883.8 206
1718203470133 555883.8 207
1718203480162 555883.8 208
1718203490197 555883.8 209
1718203500227 555883.8 210
1718203510255 555883.8 211
1718203520288 555883.8 212
1718203530330 555883.8 213
1718203540365 555883.8 214
1718203550400 555883.8 215
1718203560432 555883.8 216
1718203570462 555883.8 217
1718203580498 555883.8 218
1718203590532 555883.8 219
1718203600562 555883.8 220
1718203610596 555883.8 221
1718203620626 555883.8 222
1718203630659 555883.8 223
1718203640688 555883.8 224
1718203650722 555883.8 225
1718203660750 555883.8 226
1718203670786 555883.8 227
1718203680818 555883.8 228
1718203690846 555883.8 229
1718203700883 555883.8 230
1718203710909 555883.8 231
1718203720936 555883.8 232
1718203730970 555883.8 233
1718203741000 555883.8 234
1718203751033 555883.8 235
1718203761083 555883.8 236
1718203771109 555883.8 237
1718203781133 555883.8 238
1718203791160 555883.8 239
1718203801186 555883.8 240
1718203811221 555883.8 241
1718203821253 555883.8 242
1718203831302 555883.8 243
1718203841340 555883.8 244
1718203851377 555883.8 245
1718203861406 555883.8 246
1718203871431 555883.8 247
1718203881458 555883.8 248
1718203891493 555883.8 249
1718203901529 555883.8 250
1718203911567 555883.8 251
1718203921598 555883.8 252
1718203931632 555883.8 253
1718203941666 555883.8 254
1718203951703 555883.8 255
1718203961732 555883.8 256
1718203971767 555883.8 257
1718203981803 555883.8 258
1718203991834 555883.8 259
1718204001870 555883.8 260
1718204011903 555883.8 261
1718204021938 555883.8 262
1718204031967 555883.8 263
1718204041999 555883.8 264
1718204052025 555883.8 265
1718204062052 555883.8 266
1718204072079 555883.8 267
1718204082109 555883.8 268
1718204092137 555883.8 269
1718204102166 555883.8 270
1718204112195 555883.8 271
1718204122220 555883.8 272
1718204132247 555883.8 273
1718204142275 555883.8 274
1718204152305 555883.8 275
1718204162329 556893.5 276
1718204172368 556893.5 277
1718204182399 556893.5 278
1718204192429 556893.5 279
1718204202454 556893.5 280
1718204212496 556893.5 281
1718204222535 556893.5 282
1718204232571 556893.5 283
1718204242608 556893.5 284
1718204252638 556893.5 285
1718204262666 556893.5 286
1718204272697 556893.5 287
1718204282729 556893.5 288
1718204292768 556893.5 289
1718204302805 556893.5 290
1718204312833 556893.5 291
1718204322870 556893.5 292
1718204332906 556893.5 293
1718204342945 556893.5 294
1718204352980 556893.5 295
1718204363007 556893.5 296
1718204373042 556893.5 297
1718204383079 556893.5 298
1718204393120 556893.5 299
1718204403158 556893.5 300
1718204413193 556893.5 301
1718204423230 556893.5 302
1718204433267 556893.5 303
1718204443305 556893.5 304
1718204453344 556893.5 305
1718204463378 556893.5 306
1718204473413 556893.5 307
1718204483453 556893.6 308
1718204493488 556893.6 309
1718204503527 556893.6 310
1718204513581 556893.6 311
1718204523615 556893.6 312
1718204533657 556893.6 313
1718204543697 556893.6 314
1718204553733 556893.6 315
1718204563768 556893.6 316
1718204573808 556893.6 317
1718204583841 556893.6 318
1718204593894 556893.6 319
1718204603930 556893.6 320
1718204613968 556893.6 321
1718204624022 556893.6 322
1718204634061 556893.6 323
1718204644100 556893.6 324
1718204654139 556893.6 325
1718204664179 556893.6 326
1718204674220 556893.6 327
1718204684251 556893.6 328
1718204694291 556893.6 329
1718204704330 556893.6 330
1718204714366 556893.6 331
1718204724416 556893.6 332
1718204734447 556893.6 333
1718204744487 556893.6 334
1718204754524 556893.6 335
1718204764552 556893.6 336
1718204774589 556893.6 337
1718204784628 556893.6 338
1718204794666 556893.6 339
1718204804710 556893.6 340
1718204814747 556893.6 341
1718204824784 556893.6 342
1718204834823 556893.6 343
1718204844851 556893.6 344
1718204854888 556893.6 345
1718204864924 556893.6 346
1718204874963 556893.6 347
1718204884990 556893.6 348
1718204895018 556893.6 349
1718204905058 556893.6 350
1718204915097 556893.6 351
1718204925125 556893.6 352
1718204935161 556893.6 353
1718204945199 556893.6 354
1718204955241 556893.6 355
1718204965269 556893.6 356
1718204975308 556893.6 357
1718204985347 556893.6 358
1718204995387 556893.6 359
1718205005415 556893.6 360
1718205015448 556893.6 361
1718205025481 556893.6 362
1718205035520 556893.6 363
1718205045559 556893.6 364
1718205055600 556893.6 365
1718205065635 556893.6 366
1718205075662 557903.4 367
1718205085692 557903.4 368
1718205095725 557903.4 369
1718205105758 557903.4 370
1718205115790 557903.4 371
1718205125819 557903.4 372
1718205135852 557903.4 373
1718205145884 557903.4 374
1718205155929 557903.4 375
1718205165956 557903.4 376
1718205175982 557903.4 377
