1718201395197 7303.4 0
1718201405215 9233.0 1
1718201415234 9652.4 2
1718201425256 9652.4 3
1718201435275 9652.4 4
1718201445299 9652.4 5
1718201455317 9652.4 6
1718201465337 9652.4 7
1718201475364 9652.4 8
1718201485387 9652.4 9
1718201495404 9652.4 10
1718201505437 9652.4 11
1718201515453 9673.4 12
1718201525468 9688.1 13
1718201535486 9688.1 14
1718201545515 9688.1 15
1718201555537 9688.1 16
1718201565556 9688.1 17
1718201575577 9688.1 18
1718201585596 9688.1 19
1718201595616 9688.1 20
1718201605634 9688.1 21
1718201615655 9688.1 22
1718201625674 9688.1 23
1718201635695 9700.6 24
1718201645714 9700.6 25
1718201655735 9700.6 26
1718201665754 9700.6 27
1718201675774 9700.6 28
1718201685794 9700.6 29
1718201695813 9696.4 30
1718201705830 9696.4 31
1718201715848 9696.4 32
1718201725869 9696.4 33
1718201735889 9696.4 34
1718201745909 9696.4 35
1718201755929 9696.4 36
1718201765959 9696.4 37
1718201775982 9696.4 38
1718201786002 9696.4 39
1718201796022 9696.4 40
1718201806048 9696.4 41
1718201816067 9696.4 42
1718201826085 9696.4 43
1718201836105 9696.4 44
1718201846123 9696.4 45
1718201856150 9696.4 46
1718201866173 9696.4 47
1718201876194 9696.4 48
1718201886215 9696.4 49
1718201896236 9696.4 50
1718201906256 9696.4 51
1718201916277 9696.4 52
1718201926297 9696.4 53
1718201936316 9696.4 54
1718201946336 9696.4 55
1718201956357 9696.4 56
1718201966384 9696.4 57
1718201976406 9696.4 58
1718201986424 9696.4 59
1718201996455 9696.4 60
1718202006480 9696.4 61
1718202016498 9696.4 62
1718202026515 9696.4 63
1718202036533 9696.4 64
1718202046553 9696.4 65
1718202056573 9696.4 66
1718202066592 9696.4 67
1718202076625 9696.4 68
1718202086647 9696.4 69
1718202096669 9696.4 70
1718202106689 9696.4 71
1718202116711 9696.4 72
1718202126732 9696.4 73
1718202136757 9696.4 74
1718202146784 9696.4 75
1718202156809 9696.4 76
1718202166829 9696.4 77
1718202176848 9696.4 78
1718202186863 9696.4 79
1718202196884 9696.4 80
1718202206904 9696.4 81
1718202216925 9696.4 82
1718202226945 9696.4 83
1718202236966 9696.4 84
1718202246986 9696.4 85
1718202257007 9696.4 86
1718202267042 9696.4 87
1718202277066 9696.4 88
1718202287087 9696.4 89
1718202297109 9696.4 90
1718202307130 9696.4 91
1718202317153 9696.4 92
1718202327172 9701.5 93
1718202337197 9700.7 94
1718202347218 9700.7 95
1718202357242 9700.7 96
1718202367263 9700.7 97
1718202377293 9700.7 98
1718202387316 9700.7 99
1718202397338 9700.7 100
1718202407360 9700.7 101
1718202417381 9700.7 102
1718202427403 9700.7 103
1718202437426 9700.7 104
1718202447447 9700.7 105
1718202457469 9700.7 106
1718202467491 9700.7 107
1718202477512 9700.7 108
1718202487529 9700.7 109
1718202497552 9700.7 110
1718202507574 9700.7 111
1718202517596 9700.7 112
1718202527621 9700.7 113
1718202537643 9700.7 114
1718202547664 9700.7 115
1718202557685 9700.7 116
1718202567709 9700.7 117
1718202577732 9700.7 118
1718202587756 9700.7 119
1718202597781 9696.5 120
1718202607804 9696.5 121
1718202617828 9696.5 122
1718202627851 9696.5 123
1718202637871 9696.5 124
1718202647900 9696.5 125
1718202657931 9696.5 126
1718202667969 9696.5 127
1718202677995 9696.5 128
1718202688023 9696.5 129
1718202698055 9696.5 130
1718202708086 9696.5 131
1718202718113 9696.5 132
1718202728137 9696.5 133
1718202738166 9696.5 134
1718202748209 9696.5 135
1718202758240 9696.5 136
1718202768270 9696.5 137
1718202778307 9696.5 138
1718202788335 9696.5 139
1718202798376 9696.5 140
1718202808402 9696.5 141
1718202818424 9696.5 142
1718202828448 9696.5 143
1718202838472 9696.5 144
1718202848498 9696.5 145
1718202858520 9696.5 146
1718202868546 9696.5 147
1718202878567 9696.5 148
1718202888587 9696.5 149
1718202898610 9696.4 150
1718202908634 9696.4 151
1718202918658 9696.4 152
1718202928683 9696.4 153
1718202938707 9696.4 154
1718202948728 9696.4 155
1718202958751 9696.4 156
1718202968775 9696.4 157
1718202978799 9696.4 158
1718202988823 9696.4 159
1718202998846 9696.4 160
1718203008869 9696.4 161
1718203018892 9696.4 162
1718203028917 9696.4 163
1718203038940 9696.4 164
1718203048963 9696.4 165
1718203058983 9696.4 166
1718203069006 9696.4 167
1718203079031 9696.4 168
1718203089056 9696.4 169
1718203099077 9696.4 170
1718203109099 9696.4 171
1718203119121 9696.4 172
1718203129147 9696.4 173
1718203139168 9696.4 174
1718203149192 9696.4 175
1718203159223 9696.4 176
1718203169254 9696.4 177
1718203179290 9696.4 178
1718203189322 9696.4 179
1718203199355 9696.4 180
1718203209392 9696.4 181
1718203219424 9696.4 182
1718203229449 9696.4 183
1718203239476 9697.5 184
1718203249504 9696.5 185
1718203259533 9696.5 186
1718203269557 9696.5 187
1718203279585 9696.5 188
1718203289613 9696.5 189
1718203299643 9696.5 190
1718203309672 9696.5 191
1718203319698 9696.5 192
1718203329722 9696.5 193
1718203339756 9696.5 194
1718203349784 9696.5 195
1718203359810 9696.5 196
1718203369836 9696.5 197
1718203379861 9696.5 198
1718203389891 9696.5 199
1718203399916 9696.5 200
1718203409940 9696.5 201
1718203419973 9696.5 202
1718203430000 9696.5 203
1718203440038 9696.5 204
1718203450073 9696.5 205
1718203460101 9696.5 206
1718203470133 9696.5 207
1718203480162 9696.5 208
1718203490197 9696.5 209
1718203500227 9696.5 210
1718203510255 9696.5 211
1718203520288 9696.5 212
1718203530330 9696.5 213
1718203540365 9696.5 214
1718203550400 9696.5 215
1718203560432 9696.5 216
1718203570462 9696.5 217
1718203580498 9696.5 218
1718203590532 9696.5 219
1718203600562 9696.5 220
1718203610596 9696.5 221
1718203620626 9696.5 222
1718203630659 9696.5 223
1718203640688 9696.5 224
1718203650722 9696.5 225
1718203660750 9696.5 226
1718203670786 9696.5 227
1718203680818 9696.5 228
1718203690846 9696.5 229
1718203700883 9696.5 230
1718203710909 9696.5 231
1718203720936 9696.5 232
1718203730970 9696.5 233
1718203741000 9696.5 234
1718203751033 9696.5 235
1718203761083 9696.5 236
1718203771109 9696.5 237
1718203781133 9696.5 238
1718203791160 9696.5 239
1718203801186 9696.4 240
1718203811221 9696.4 241
1718203821253 9696.4 242
1718203831302 9696.4 243
1718203841340 9696.4 244
1718203851377 9696.4 245
1718203861406 9696.4 246
1718203871431 9696.4 247
1718203881458 9696.4 248
1718203891493 9696.4 249
1718203901529 9696.4 250
1718203911567 9696.4 251
1718203921598 9696.4 252
1718203931632 9696.4 253
1718203941666 9696.4 254
1718203951703 9696.4 255
1718203961732 9696.4 256
1718203971767 9696.4 257
1718203981803 9696.4 258
1718203991834 9696.4 259
1718204001870 9696.4 260
1718204011903 9696.4 261
1718204021938 9696.4 262
1718204031967 9696.4 263
1718204041999 9696.4 264
1718204052025 9696.4 265
1718204062052 9696.4 266
1718204072079 9696.4 267
1718204082109 9696.4 268
1718204092137 9696.4 269
1718204102166 9696.4 270
1718204112195 9696.4 271
1718204122220 9696.4 272
1718204132247 9696.4 273
1718204142275 9696.4 274
1718204152305 9696.4 275
1718204162329 9696.5 276
1718204172368 9696.5 277
1718204182399 9696.5 278
1718204192429 9696.5 279
1718204202454 9696.5 280
1718204212496 9696.5 281
1718204222535 9696.5 282
1718204232571 9696.5 283
1718204242608 9696.5 284
1718204252638 9696.5 285
1718204262666 9696.5 286
1718204272697 9696.5 287
1718204282729 9696.5 288
1718204292768 9696.5 289
1718204302805 9696.5 290
1718204312833 9696.5 291
1718204322870 9696.5 292
1718204332906 9696.5 293
1718204342945 9696.5 294
1718204352980 9696.5 295
1718204363007 9696.5 296
1718204373042 9696.5 297
1718204383079 9696.5 298
1718204393120 9696.5 299
1718204403158 9696.5 300
1718204413193 9696.5 301
1718204423230 9696.5 302
1718204433267 9696.5 303
1718204443305 9696.5 304
1718204453344 9696.5 305
1718204463378 9696.5 306
1718204473413 9696.5 307
1718204483453 9696.5 308
1718204493488 9696.5 309
1718204503527 9696.5 310
1718204513581 9696.5 311
1718204523615 9696.5 312
1718204533657 9696.5 313
1718204543697 9696.5 314
1718204553733 9696.5 315
1718204563768 9696.5 316
1718204573808 9696.5 317
1718204583841 9696.5 318
1718204593894 9696.5 319
1718204603930 9696.5 320
1718204613968 9696.5 321
1718204624022 9696.5 322
1718204634061 9696.5 323
1718204644100 9696.5 324
1718204654139 9696.5 325
1718204664179 9696.5 326
1718204674220 9696.5 327
1718204684251 9696.5 328
1718204694291 9696.4 329
1718204704330 9696.4 330
1718204714366 9696.4 331
1718204724416 9696.4 332
1718204734447 9696.4 333
1718204744487 9696.4 334
1718204754524 9696.4 335
1718204764552 9696.4 336
1718204774589 9696.4 337
1718204784628 9696.4 338
1718204794666 9696.4 339
1718204804710 9696.4 340
1718204814747 9696.4 341
1718204824784 9696.4 342
1718204834823 9696.4 343
1718204844851 9696.4 344
1718204854888 9696.4 345
1718204864924 9696.4 346
1718204874963 9696.4 347
1718204884990 9696.4 348
1718204895018 9696.4 349
1718204905058 9696.4 350
1718204915097 9696.4 351
1718204925125 9696.4 352
1718204935161 9696.4 353
1718204945199 9696.4 354
1718204955241 9696.4 355
1718204965269 9696.4 356
1718204975308 9696.4 357
1718204985347 9696.4 358
1718204995387 9696.4 359
1718205005415 9696.4 360
1718205015448 9744.6 361
1718205025481 9702.6 362
1718205035520 9701.0 363
1718205045559 9701.0 364
1718205055600 9701.0 365
1718205065635 9701.0 366
1718205075662 9715.5 367
1718205085692 9701.0 368
1718205095725 9701.0 369
1718205105758 9701.0 370
1718205115790 9701.0 371
1718205125819 9701.0 372
1718205135852 9701.0 373
1718205145884 9701.0 374
1718205155929 9701.0 375
1718205165956 9701.0 376
1718205175982 9701.0 377
