1718201395197 56.7 0
1718201405215 71.7 1
1718201415234 74.9 2
1718201425256 74.9 3
1718201435275 74.9 4
1718201445299 74.9 5
1718201455317 74.9 6
1718201465337 74.9 7
1718201475364 74.9 8
1718201485387 74.9 9
1718201495404 74.9 10
1718201505437 74.9 11
1718201515453 75.1 12
1718201525468 75.2 13
1718201535486 75.2 14
1718201545515 75.2 15
1718201555537 75.2 16
1718201565556 75.2 17
1718201575577 75.2 18
1718201585596 75.2 19
1718201595616 75.2 20
1718201605634 75.2 21
1718201615655 75.2 22
1718201625674 75.2 23
1718201635695 75.3 24
1718201645714 75.3 25
1718201655735 75.3 26
1718201665754 75.3 27
1718201675774 75.3 28
1718201685794 75.3 29
1718201695813 75.3 30
1718201705830 75.3 31
1718201715848 75.3 32
1718201725869 75.3 33
1718201735889 75.3 34
1718201745909 75.3 35
1718201755929 75.3 36
1718201765959 75.3 37
1718201775982 75.3 38
1718201786002 75.3 39
1718201796022 75.3 40
1718201806048 75.3 41
1718201816067 75.3 42
1718201826085 75.3 43
1718201836105 75.3 44
1718201846123 75.3 45
1718201856150 75.3 46
1718201866173 75.3 47
1718201876194 75.3 48
1718201886215 75.3 49
1718201896236 75.3 50
1718201906256 75.3 51
1718201916277 75.3 52
1718201926297 75.3 53
1718201936316 75.3 54
1718201946336 75.3 55
1718201956357 75.3 56
1718201966384 75.3 57
1718201976406 75.3 58
1718201986424 75.3 59
1718201996455 75.3 60
1718202006480 75.3 61
1718202016498 75.3 62
1718202026515 75.3 63
1718202036533 75.3 64
1718202046553 75.3 65
1718202056573 75.3 66
1718202066592 75.3 67
1718202076625 75.3 68
1718202086647 75.3 69
1718202096669 75.3 70
1718202106689 75.3 71
1718202116711 75.3 72
1718202126732 75.3 73
1718202136757 75.3 74
1718202146784 75.3 75
1718202156809 75.3 76
1718202166829 75.3 77
1718202176848 75.3 78
1718202186863 75.3 79
1718202196884 75.3 80
1718202206904 75.3 81
1718202216925 75.3 82
1718202226945 75.3 83
1718202236966 75.3 84
1718202246986 75.3 85
1718202257007 75.3 86
1718202267042 75.3 87
1718202277066 75.3 88
1718202287087 75.3 89
1718202297109 75.3 90
1718202307130 75.3 91
1718202317153 75.3 92
1718202327172 75.3 93
1718202337197 75.3 94
1718202347218 75.3 95
1718202357242 75.3 96
1718202367263 75.3 97
1718202377293 75.3 98
1718202387316 75.3 99
1718202397338 75.3 100
1718202407360 75.3 101
1718202417381 75.3 102
1718202427403 75.3 103
1718202437426 75.3 104
1718202447447 75.3 105
1718202457469 75.3 106
1718202467491 75.3 107
1718202477512 75.3 108
1718202487529 75.3 109
1718202497552 75.3 110
1718202507574 75.3 111
1718202517596 75.3 112
1718202527621 75.3 113
1718202537643 75.3 114
1718202547664 75.3 115
1718202557685 75.3 116
1718202567709 75.3 117
1718202577732 75.3 118
1718202587756 75.3 119
1718202597781 75.3 120
1718202607804 75.3 121
1718202617828 75.3 122
1718202627851 75.3 123
1718202637871 75.3 124
1718202647900 75.3 125
1718202657931 75.3 126
1718202667969 75.3 127
1718202677995 75.3 128
1718202688023 75.3 129
1718202698055 75.3 130
1718202708086 75.3 131
1718202718113 75.3 132
1718202728137 75.3 133
1718202738166 75.3 134
1718202748209 75.3 135
1718202758240 75.3 136
1718202768270 75.3 137
1718202778307 75.3 138
1718202788335 75.3 139
1718202798376 75.3 140
1718202808402 75.3 141
1718202818424 75.3 142
1718202828448 75.3 143
1718202838472 75.3 144
1718202848498 75.3 145
1718202858520 75.3 146
1718202868546 75.3 147
1718202878567 75.3 148
1718202888587 75.3 149
1718202898610 75.3 150
1718202908634 75.3 151
1718202918658 75.3 152
1718202928683 75.3 153
1718202938707 75.3 154
1718202948728 75.3 155
1718202958751 75.3 156
1718202968775 75.3 157
1718202978799 75.3 158
1718202988823 75.3 159
1718202998846 75.3 160
1718203008869 75.3 161
1718203018892 75.3 162
1718203028917 75.3 163
1718203038940 75.3 164
1718203048963 75.3 165
1718203058983 75.3 166
1718203069006 75.3 167
1718203079031 75.3 168
1718203089056 75.3 169
1718203099077 75.3 170
1718203109099 75.3 171
1718203119121 75.3 172
1718203129147 75.3 173
1718203139168 75.3 174
1718203149192 75.3 175
1718203159223 75.3 176
1718203169254 75.3 177
1718203179290 75.3 178
1718203189322 75.3 179
1718203199355 75.3 180
1718203209392 75.3 181
1718203219424 75.3 182
1718203229449 75.3 183
1718203239476 75.3 184
1718203249504 75.3 185
1718203259533 75.3 186
1718203269557 75.3 187
1718203279585 75.3 188
1718203289613 75.3 189
1718203299643 75.3 190
1718203309672 75.3 191
1718203319698 75.3 192
1718203329722 75.3 193
1718203339756 75.3 194
1718203349784 75.3 195
1718203359810 75.3 196
1718203369836 75.3 197
1718203379861 75.3 198
1718203389891 75.3 199
1718203399916 75.3 200
1718203409940 75.3 201
1718203419973 75.3 202
1718203430000 75.3 203
1718203440038 75.3 204
1718203450073 75.3 205
1718203460101 75.3 206
1718203470133 75.3 207
1718203480162 75.3 208
1718203490197 75.3 209
1718203500227 75.3 210
1718203510255 75.3 211
1718203520288 75.3 212
1718203530330 75.3 213
1718203540365 75.3 214
1718203550400 75.3 215
1718203560432 75.3 216
1718203570462 75.3 217
1718203580498 75.3 218
1718203590532 75.3 219
1718203600562 75.3 220
1718203610596 75.3 221
1718203620626 75.3 222
1718203630659 75.3 223
1718203640688 75.3 224
1718203650722 75.3 225
1718203660750 75.3 226
1718203670786 75.3 227
1718203680818 75.3 228
1718203690846 75.3 229
1718203700883 75.3 230
1718203710909 75.3 231
1718203720936 75.3 232
1718203730970 75.3 233
1718203741000 75.3 234
1718203751033 75.3 235
1718203761083 75.3 236
1718203771109 75.3 237
1718203781133 75.3 238
1718203791160 75.3 239
1718203801186 75.3 240
1718203811221 75.3 241
1718203821253 75.3 242
1718203831302 75.3 243
1718203841340 75.3 244
1718203851377 75.3 245
1718203861406 75.3 246
1718203871431 75.3 247
1718203881458 75.3 248
1718203891493 75.3 249
1718203901529 75.3 250
1718203911567 75.3 251
1718203921598 75.3 252
1718203931632 75.3 253
1718203941666 75.3 254
1718203951703 75.3 255
1718203961732 75.3 256
1718203971767 75.3 257
1718203981803 75.3 258
1718203991834 75.3 259
1718204001870 75.3 260
1718204011903 75.3 261
1718204021938 75.3 262
1718204031967 75.3 263
1718204041999 75.3 264
1718204052025 75.3 265
1718204062052 75.3 266
1718204072079 75.3 267
1718204082109 75.3 268
1718204092137 75.3 269
1718204102166 75.3 270
1718204112195 75.3 271
1718204122220 75.3 272
1718204132247 75.3 273
1718204142275 75.3 274
1718204152305 75.3 275
1718204162329 75.3 276
1718204172368 75.3 277
1718204182399 75.3 278
1718204192429 75.3 279
1718204202454 75.3 280
1718204212496 75.3 281
1718204222535 75.3 282
1718204232571 75.3 283
1718204242608 75.3 284
1718204252638 75.3 285
1718204262666 75.3 286
1718204272697 75.3 287
1718204282729 75.3 288
1718204292768 75.3 289
1718204302805 75.3 290
1718204312833 75.3 291
1718204322870 75.3 292
1718204332906 75.3 293
1718204342945 75.3 294
1718204352980 75.3 295
1718204363007 75.3 296
1718204373042 75.3 297
1718204383079 75.3 298
1718204393120 75.3 299
1718204403158 75.3 300
1718204413193 75.3 301
1718204423230 75.3 302
1718204433267 75.3 303
1718204443305 75.3 304
1718204453344 75.3 305
1718204463378 75.3 306
1718204473413 75.3 307
1718204483453 75.3 308
1718204493488 75.3 309
1718204503527 75.3 310
1718204513581 75.3 311
1718204523615 75.3 312
1718204533657 75.3 313
1718204543697 75.3 314
1718204553733 75.3 315
1718204563768 75.3 316
1718204573808 75.3 317
1718204583841 75.3 318
1718204593894 75.3 319
1718204603930 75.3 320
1718204613968 75.3 321
1718204624022 75.3 322
1718204634061 75.3 323
1718204644100 75.3 324
1718204654139 75.3 325
1718204664179 75.3 326
1718204674220 75.3 327
1718204684251 75.3 328
1718204694291 75.3 329
1718204704330 75.3 330
1718204714366 75.3 331
1718204724416 75.3 332
1718204734447 75.3 333
1718204744487 75.3 334
1718204754524 75.3 335
1718204764552 75.3 336
1718204774589 75.3 337
1718204784628 75.3 338
1718204794666 75.3 339
1718204804710 75.3 340
1718204814747 75.3 341
1718204824784 75.3 342
1718204834823 75.3 343
1718204844851 75.3 344
1718204854888 75.3 345
1718204864924 75.3 346
1718204874963 75.3 347
1718204884990 75.3 348
1718204895018 75.3 349
1718204905058 75.3 350
1718204915097 75.3 351
1718204925125 75.3 352
1718204935161 75.3 353
1718204945199 75.3 354
1718204955241 75.3 355
1718204965269 75.3 356
1718204975308 75.3 357
1718204985347 75.3 358
1718204995387 75.3 359
1718205005415 75.3 360
1718205015448 75.6 361
1718205025481 75.3 362
1718205035520 75.3 363
1718205045559 75.3 364
1718205055600 75.3 365
1718205065635 75.3 366
1718205075662 75.4 367
1718205085692 75.3 368
1718205095725 75.3 369
1718205105758 75.3 370
1718205115790 75.3 371
1718205125819 75.3 372
1718205135852 75.3 373
1718205145884 75.3 374
1718205155929 75.3 375
1718205165956 75.3 376
1718205175982 75.3 377
