1718201395197 10.0 0
1718201405215 96.0 1
1718201415234 90.0 2
1718201425256 97.0 3
1718201435275 98.0 4
1718201445299 98.0 5
1718201455317 92.0 6
1718201465337 92.0 7
1718201475364 97.0 8
1718201485387 97.0 9
1718201495404 98.0 10
1718201505437 96.0 11
1718201515453 91.0 12
1718201525468 97.0 13
1718201535486 97.0 14
1718201545515 96.0 15
1718201555537 97.0 16
1718201565556 96.0 17
1718201575577 96.0 18
1718201585596 95.0 19
1718201595616 76.0 20
1718201605634 96.0 21
1718201615655 98.0 22
1718201625674 75.0 23
1718201635695 96.0 24
1718201645714 96.0 25
1718201655735 77.0 26
1718201665754 97.0 27
1718201675774 97.0 28
1718201685794 97.0 29
1718201695813 92.0 30
1718201705830 89.0 31
1718201715848 97.0 32
1718201725869 91.0 33
1718201735889 95.0 34
1718201745909 91.0 35
1718201755929 97.0 36
1718201765959 96.0 37
1718201775982 97.0 38
1718201786002 98.0 39
1718201796022 92.0 40
1718201806048 97.0 41
1718201816067 96.0 42
1718201826085 92.0 43
1718201836105 96.0 44
1718201846123 97.0 45
1718201856150 92.0 46
1718201866173 97.0 47
1718201876194 97.0 48
1718201886215 96.0 49
1718201896236 94.0 50
1718201906256 71.0 51
1718201916277 93.0 52
1718201926297 96.0 53
1718201936316 97.0 54
1718201946336 96.0 55
1718201956357 91.0 56
1718201966384 97.0 57
1718201976406 97.0 58
1718201986424 96.0 59
1718201996455 97.0 60
1718202006480 96.0 61
1718202016498 94.0 62
1718202026515 92.0 63
1718202036533 97.0 64
1718202046553 96.0 65
1718202056573 97.0 66
1718202066592 76.0 67
1718202076625 97.0 68
1718202086647 91.0 69
1718202096669 96.0 70
1718202106689 96.0 71
1718202116711 97.0 72
1718202126732 94.0 73
1718202136757 93.0 74
1718202146784 96.0 75
1718202156809 97.0 76
1718202166829 97.0 77
1718202176848 97.0 78
1718202186863 96.0 79
1718202196884 97.0 80
1718202206904 96.0 81
1718202216925 96.0 82
1718202226945 96.0 83
1718202236966 97.0 84
1718202246986 96.0 85
1718202257007 97.0 86
1718202267042 97.0 87
1718202277066 97.0 88
1718202287087 97.0 89
1718202297109 97.0 90
1718202307130 95.0 91
1718202317153 97.0 92
1718202327172 97.0 93
1718202337197 97.0 94
1718202347218 95.0 95
1718202357242 96.0 96
1718202367263 91.0 97
1718202377293 97.0 98
1718202387316 97.0 99
1718202397338 91.0 100
1718202407360 97.0 101
1718202417381 96.0 102
1718202427403 92.0 103
1718202437426 92.0 104
1718202447447 76.0 105
1718202457469 97.0 106
1718202467491 92.0 107
1718202477512 76.0 108
1718202487529 97.0 109
1718202497552 97.0 110
1718202507574 74.0 111
1718202517596 92.0 112
1718202527621 96.0 113
1718202537643 84.0 114
1718202547664 96.0 115
1718202557685 91.0 116
1718202567709 74.0 117
1718202577732 92.0 118
1718202587756 97.0 119
1718202597781 96.0 120
1718202607804 92.0 121
1718202617828 97.0 122
1718202627851 96.0 123
1718202637871 91.0 124
1718202647900 97.0 125
1718202657931 97.0 126
1718202667969 96.0 127
1718202677995 89.0 128
1718202688023 75.0 129
1718202698055 90.0 130
1718202708086 96.0 131
1718202718113 97.0 132
1718202728137 91.0 133
1718202738166 90.0 134
1718202748209 98.0 135
1718202758240 98.0 136
1718202768270 91.0 137
1718202778307 97.0 138
1718202788335 92.0 139
1718202798376 97.0 140
1718202808402 98.0 141
1718202818424 92.0 142
1718202828448 90.0 143
1718202838472 96.0 144
1718202848498 97.0 145
1718202858520 97.0 146
1718202868546 91.0 147
1718202878567 96.0 148
1718202888587 96.0 149
1718202898610 77.0 150
1718202908634 97.0 151
1718202918658 97.0 152
1718202928683 97.0 153
1718202938707 97.0 154
1718202948728 97.0 155
1718202958751 89.0 156
1718202968775 92.0 157
1718202978799 98.0 158
1718202988823 96.0 159
1718202998846 92.0 160
1718203008869 98.0 161
1718203018892 97.0 162
1718203028917 97.0 163
1718203038940 96.0 164
1718203048963 97.0 165
1718203058983 96.0 166
1718203069006 97.0 167
1718203079031 97.0 168
1718203089056 95.0 169
1718203099077 97.0 170
1718203109099 95.0 171
1718203119121 97.0 172
1718203129147 96.0 173
1718203139168 94.0 174
1718203149192 97.0 175
1718203159223 97.0 176
1718203169254 96.0 177
1718203179290 97.0 178
1718203189322 97.0 179
1718203199355 97.0 180
1718203209392 96.0 181
1718203219424 96.0 182
1718203229449 97.0 183
1718203239476 97.0 184
1718203249504 96.0 185
1718203259533 97.0 186
1718203269557 96.0 187
1718203279585 98.0 188
1718203289613 75.0 189
1718203299643 97.0 190
1718203309672 97.0 191
1718203319698 76.0 192
1718203329722 95.0 193
1718203339756 97.0 194
1718203349784 97.0 195
1718203359810 92.0 196
1718203369836 97.0 197
1718203379861 97.0 198
1718203389891 98.0 199
1718203399916 91.0 200
1718203409940 97.0 201
1718203419973 91.0 202
1718203430000 91.0 203
1718203440038 96.0 204
1718203450073 92.0 205
1718203460101 96.0 206
1718203470133 95.0 207
1718203480162 96.0 208
1718203490197 97.0 209
1718203500227 97.0 210
1718203510255 98.0 211
1718203520288 96.0 212
1718203530330 97.0 213
1718203540365 96.0 214
1718203550400 91.0 215
1718203560432 98.0 216
1718203570462 88.0 217
1718203580498 98.0 218
1718203590532 89.0 219
1718203600562 95.0 220
1718203610596 97.0 221
1718203620626 97.0 222
1718203630659 90.0 223
1718203640688 96.0 224
1718203650722 97.0 225
1718203660750 96.0 226
1718203670786 91.0 227
1718203680818 97.0 228
1718203690846 93.0 229
1718203700883 74.0 230
1718203710909 90.0 231
1718203720936 90.0 232
1718203730970 92.0 233
1718203741000 97.0 234
1718203751033 98.0 235
1718203761083 91.0 236
1718203771109 97.0 237
1718203781133 97.0 238
1718203791160 90.0 239
1718203801186 97.0 240
1718203811221 97.0 241
1718203821253 96.0 242
1718203831302 97.0 243
1718203841340 96.0 244
1718203851377 97.0 245
1718203861406 75.0 246
1718203871431 96.0 247
1718203881458 91.0 248
1718203891493 75.0 249
1718203901529 98.0 250
1718203911567 96.0 251
1718203921598 79.0 252
1718203931632 98.0 253
1718203941666 96.0 254
1718203951703 97.0 255
1718203961732 98.0 256
1718203971767 97.0 257
1718203981803 96.0 258
1718203991834 97.0 259
1718204001870 95.0 260
1718204011903 96.0 261
1718204021938 95.0 262
1718204031967 94.0 263
1718204041999 94.0 264
1718204052025 97.0 265
1718204062052 97.0 266
1718204072079 97.0 267
1718204082109 96.0 268
1718204092137 96.0 269
1718204102166 96.0 270
1718204112195 97.0 271
1718204122220 96.0 272
1718204132247 96.0 273
1718204142275 97.0 274
1718204152305 97.0 275
1718204162329 97.0 276
1718204172368 97.0 277
1718204182399 97.0 278
1718204192429 95.0 279
1718204202454 93.0 280
1718204212496 97.0 281
1718204222535 95.0 282
1718204232571 92.0 283
1718204242608 96.0 284
1718204252638 71.0 285
1718204262666 97.0 286
1718204272697 91.0 287
1718204282729 76.0 288
1718204292768 98.0 289
1718204302805 96.0 290
1718204312833 74.0 291
1718204322870 92.0 292
1718204332906 97.0 293
1718204342945 97.0 294
1718204352980 98.0 295
1718204363007 94.0 296
1718204373042 97.0 297
1718204383079 92.0 298
1718204393120 97.0 299
1718204403158 98.0 300
1718204413193 92.0 301
1718204423230 91.0 302
1718204433267 97.0 303
1718204443305 96.0 304
1718204453344 96.0 305
1718204463378 92.0 306
1718204473413 96.0 307
1718204483453 91.0 308
1718204493488 97.0 309
1718204503527 97.0 310
1718204513581 96.0 311
1718204523615 88.0 312
1718204533657 91.0 313
1718204543697 97.0 314
1718204553733 98.0 315
1718204563768 98.0 316
1718204573808 97.0 317
1718204583841 76.0 318
1718204593894 94.0 319
1718204603930 96.0 320
1718204613968 72.0 321
1718204624022 95.0 322
1718204634061 96.0 323
1718204644100 95.0 324
1718204654139 92.0 325
1718204664179 91.0 326
1718204674220 91.0 327
1718204684251 90.0 328
1718204694291 96.0 329
1718204704330 97.0 330
1718204714366 90.0 331
1718204724416 97.0 332
1718204734447 97.0 333
1718204744487 95.0 334
1718204754524 92.0 335
1718204764552 92.0 336
1718204774589 98.0 337
1718204784628 97.0 338
1718204794666 85.0 339
1718204804710 91.0 340
1718204814747 97.0 341
1718204824784 75.0 342
1718204834823 95.0 343
1718204844851 96.0 344
1718204854888 95.0 345
1718204864924 97.0 346
1718204874963 96.0 347
1718204884990 97.0 348
1718204895018 97.0 349
1718204905058 97.0 350
1718204915097 97.0 351
1718204925125 97.0 352
1718204935161 97.0 353
1718204945199 97.0 354
1718204955241 96.0 355
1718204965269 97.0 356
1718204975308 97.0 357
1718204985347 96.0 358
1718204995387 96.0 359
1718205005415 95.0 360
1718205015448 97.0 361
1718205025481 93.0 362
1718205035520 96.0 363
1718205045559 97.0 364
1718205055600 93.0 365
1718205065635 94.0 366
1718205075662 91.0 367
1718205085692 97.0 368
1718205095725 97.0 369
1718205105758 98.0 370
1718205115790 90.0 371
1718205125819 96.0 372
1718205135852 96.0 373
1718205145884 96.0 374
1718205155929 91.0 375
1718205165956 96.0 376
1718205175982 97.0 377
