1718201395197 0.0 0
1718201405215 0.0 1
1718201415234 0.004184000000009291 2
1718201425256 0.004184000000009291 3
1718201435275 0.004184000000009291 4
1718201445299 0.005227999999988242 5
1718201455317 0.005227999999988242 6
1718201465337 0.005227999999988242 7
1718201475364 0.019331999999963045 8
1718201485387 0.019735999999966225 9
1718201495404 0.019735999999966225 10
1718201505437 0.019895999999960168 11
1718201515453 0.019981999999970412 12
1718201525468 0.020129999999994652 13
1718201535486 0.025044999999977335 14
1718201545515 0.025044999999977335 15
1718201555537 0.025044999999977335 16
1718201565556 0.025216999999997824 17
1718201575577 0.025216999999997824 18
1718201585596 0.025216999999997824 19
1718201595616 0.029401000000007116 20
1718201605634 0.029486999999960517 21
1718201615655 0.02964699999995446 22
1718201625674 0.029831000000001495 23
1718201635695 0.03000299999996514 24
1718201645714 0.03000299999996514 25
1718201655735 0.03433499999999867 26
1718201665754 0.03433499999999867 27
1718201675774 0.03433499999999867 28
1718201685794 0.03433499999999867 29
1718201695813 0.03442100000000892 30
1718201705830 0.03448299999996607 31
1718201715848 0.03866699999997536 32
1718201725869 0.03909299999997984 33
1718201735889 0.03909299999997984 34
1718201745909 0.04013699999995879 35
1718201755929 0.04021099999999933 36
1718201765959 0.04021099999999933 37
1718201775982 0.05635100000000648 38
1718201786002 0.056754999999952815 39
1718201796022 0.056754999999952815 40
1718201806048 0.056902999999977055 41
1718201816067 0.056902999999977055 42
1718201826085 0.057074999999997544 43
1718201836105 0.06205199999999422 44
1718201846123 0.06205199999999422 45
1718201856150 0.06205199999999422 46
1718201866173 0.06222399999995787 47
1718201876194 0.06235999999995556 48
1718201886215 0.06235999999995556 49
1718201896236 0.06654399999996485 50
1718201906256 0.0666919999999891 51
1718201916277 0.0666919999999891 52
1718201926297 0.0666919999999891 53
1718201936316 0.0666919999999891 54
1718201946336 0.0666919999999891 55
1718201956357 0.07102399999996578 56
1718201966384 0.07102399999996578 57
1718201976406 0.07102399999996578 58
1718201986424 0.07102399999996578 59
1718201996455 0.07110999999997603 60
1718202006480 0.07124599999997372 61
1718202016498 0.07572199999998475 62
1718202026515 0.07572199999998475 63
1718202036533 0.08576099999999087 64
1718202046553 0.08674299999995583 65
1718202056573 0.08674299999995583 66
1718202066592 0.08674299999995583 67
1718202076625 0.10068599999999606 68
1718202086647 0.10108999999999924 69
1718202096669 0.10108999999999924 70
1718202106689 0.10117599999995264 71
1718202116711 0.10123799999996663 72
1718202126732 0.10148399999997082 73
1718202136757 0.10663299999998799 74
1718202146784 0.10663299999998799 75
1718202156809 0.10663299999998799 76
1718202166829 0.10686699999996563 77
1718202176848 0.10692899999997962 78
1718202186863 0.10692899999997962 79
1718202196884 0.11111299999998892 80
1718202206904 0.11126099999995631 81
1718202216925 0.11126099999995631 82
1718202226945 0.11126099999995631 83
1718202236966 0.11126099999995631 84
1718202246986 0.11134699999996656 85
1718202257007 0.11566699999997354 86
1718202267042 0.11566699999997354 87
1718202277066 0.11566699999997354 88
1718202287087 0.11566699999997354 89
1718202297109 0.11581499999999778 90
1718202307130 0.11581499999999778 91
1718202317153 0.11999900000000707 92
1718202327172 0.12294099999996888 93
1718202337197 0.12302699999997913 94
1718202347218 0.12392299999999068 95
1718202357242 0.12392299999999068 96
1718202367263 0.1329979999999864 97
1718202377293 0.1601819999999634 98
1718202387316 0.17072299999995266 99
1718202397338 0.17439300000000912 100
1718202407360 0.17513099999996484 101
1718202417381 0.1752169999999751 102
1718202427403 0.17538899999999558 103
1718202437426 0.18030399999997826 104
1718202447447 0.18030399999997826 105
1718202457469 0.1803899999999885 106
1718202467491 0.18047599999999875 107
1718202477512 0.18062399999996614 108
1718202487529 0.18062399999996614 109
1718202497552 0.18489399999998568 110
1718202507574 0.18554000000000315 111
1718202517596 0.18554000000000315 112
1718202527621 0.18554000000000315 113
1718202537643 0.18554000000000315 114
1718202547664 0.18606999999997242 115
1718202557685 0.19025399999998172 116
1718202567709 0.1904260000000022 117
1718202577732 0.1904260000000022 118
1718202587756 0.1904260000000022 119
1718202597781 0.1905739999999696 120
1718202607804 0.1905739999999696 121
1718202617828 0.1947579999999789 122
1718202627851 0.1947579999999789 123
1718202637871 0.19491799999997284 124
1718202647900 0.19587599999999838 125
1718202657931 0.19587599999999838 126
1718202667969 0.19587599999999838 127
1718202677995 0.20962099999997008 128
1718202688023 0.21002499999997326 129
1718202698055 0.21002499999997326 130
1718202708086 0.2101729999999975 131
1718202718113 0.21025900000000775 132
1718202728137 0.21034499999996115 133
1718202738166 0.21526000000000067 134
1718202748209 0.21526000000000067 135
1718202758240 0.21533399999998437 136
1718202768270 0.215567999999962 137
1718202778307 0.215567999999962 138
1718202788335 0.215567999999962 139
1718202798376 0.2197519999999713 140
1718202808402 0.21989999999999554 141
1718202818424 0.21989999999999554 142
1718202828448 0.21989999999999554 143
1718202838472 0.21989999999999554 144
1718202848498 0.2199860000000058 145
1718202858520 0.22423199999997223 146
1718202868546 0.22430499999995845 147
1718202878567 0.22430499999995845 148
1718202888587 0.224378999999999 149
1718202898610 0.22446500000000924 150
1718202908634 0.2245269999999664 151
1718202918658 0.22871099999997568 152
1718202928683 0.22871099999997568 153
1718202938707 0.265754999999956 154
1718202948728 0.26665099999996755 155
1718202958751 0.26665099999996755 156
1718202968775 0.26665099999996755 157
1718202978799 0.2805799999999863 158
1718202988823 0.28098399999998946 159
1718202998846 0.28098399999998946 160
1718203008869 0.2812059999999974 161
1718203018892 0.28129200000000765 162
1718203028917 0.28137799999996105 163
1718203038940 0.2864649999999642 164
1718203048963 0.2864649999999642 165
1718203058983 0.2864649999999642 166
1718203069006 0.28676099999995586 167
1718203079031 0.28676099999995586 168
1718203089056 0.28676099999995586 169
1718203099077 0.29094499999996515 170
1718203109099 0.2910929999999894 171
1718203119121 0.2910929999999894 172
1718203129147 0.2910929999999894 173
1718203139168 0.2911669999999731 174
1718203149192 0.29125299999998333 175
1718203159223 0.2954990000000066 176
1718203169254 0.2954990000000066 177
1718203179290 0.2954990000000066 178
1718203189322 0.2954990000000066 179
1718203199355 0.295646999999974 180
1718203209392 0.295646999999974 181
1718203219424 0.2998309999999833 182
1718203229449 0.2998309999999833 183
1718203239476 0.30303099999997585 184
1718203249504 0.3039269999999874 185
1718203259533 0.3040009999999711 186
1718203269557 0.3040009999999711 187
1718203279585 0.3178350000000023 188
1718203289613 0.31815299999999525 189
1718203299643 0.31815299999999525 190
1718203309672 0.31830099999996264 191
1718203319698 0.31847299999998313 192
1718203329722 0.31847299999998313 193
1718203339756 0.32347399999997606 194
1718203349784 0.32347399999997606 195
1718203359810 0.32347399999997606 196
1718203369836 0.3237079999999537 197
1718203379861 0.3237079999999537 198
1718203389891 0.32378199999999424 199
1718203399916 0.32796600000000353 200
1718203409940 0.32811399999997093 201
1718203419973 0.32811399999997093 202
1718203430000 0.32811399999997093 203
1718203440038 0.32811399999997093 204
1718203450073 0.3281999999999812 205
1718203460101 0.33244600000000446 206
1718203470133 0.33244600000000446 207
1718203480162 0.3327279999999746 208
1718203490197 0.3327899999999886 209
1718203500227 0.33287599999999884 210
1718203510255 0.3350059999999644 211
1718203520288 0.33713399999999183 212
1718203530330 0.33713399999999183 213
1718203540365 0.3381159999999568 214
1718203550400 0.3381779999999708 215
1718203560432 0.3381779999999708 216
1718203570462 0.3402340000000095 217
1718203580498 0.3540949999999725 218
1718203590532 0.35441299999996545 219
1718203600562 0.35441299999996545 220
1718203610596 0.3544989999999757 221
1718203620626 0.35458499999998594 222
1718203630659 0.35760599999997567 223
1718203640688 0.35989399999999705 224
1718203650722 0.35989399999999705 225
1718203660750 0.35989399999999705 226
1718203670786 0.36032399999999143 227
1718203680818 0.36032399999999143 228
1718203690846 0.3623799999999733 229
1718203700883 0.3645080000000007 230
1718203710909 0.3645939999999541 231
1718203720936 0.3645939999999541 232
1718203730970 0.3645939999999541 233
1718203741000 0.3645939999999541 234
1718203751033 0.36673600000000306 235
1718203761083 0.36899999999997135 236
1718203771109 0.36899999999997135 237
1718203781133 0.36899999999997135 238
1718203791160 0.36914600000000064 239
1718203801186 0.36929399999996804 240
1718203811221 0.3714620000000082 241
1718203821253 0.37347799999997733 242
1718203831302 0.37347799999997733 243
1718203841340 0.38450699999998506 244
1718203851377 0.38450699999998506 245
1718203861406 0.38450699999998506 246
1718203871431 0.397562999999991 247
1718203881458 0.41507899999999154 248
1718203891493 0.42905099999995855 249
1718203901529 0.4300829999999678 250
1718203911567 0.43090100000000575 251
1718203921598 0.4311529999999948 252
1718203931632 0.43623399999995627 253
1718203941666 0.4363199999999665 254
1718203951703 0.4363199999999665 255
1718203961732 0.4363199999999665 256
1718203971767 0.4367199999999798 257
1718203981803 0.4367199999999798 258
1718203991834 0.4409039999999891 259
1718204001870 0.4409039999999891 260
1718204011903 0.4420839999999657 261
1718204021938 0.44232399999998506 262
1718204031967 0.44232399999998506 263
1718204041999 0.44248999999996386 264
1718204052025 0.4467599999999834 265
1718204062052 0.4467599999999834 266
1718204072079 0.4469879999999762 267
1718204082109 0.4469879999999762 268
1718204092137 0.4469879999999762 269
1718204102166 0.4470739999999864 270
1718204112195 0.4512579999999957 271
1718204122220 0.4512579999999957 272
1718204132247 0.4512579999999957 273
1718204142275 0.4523140000000012 274
1718204152305 0.45237599999995837 275
1718204162329 0.4554899999999975 276
1718204172368 0.4596740000000068 277
1718204182399 0.47051599999997507 278
1718204192429 0.470833999999968 279
1718204202454 0.470833999999968 280
1718204212496 0.47091999999997824 281
1718204222535 0.47109199999999873 282
1718204232571 0.4760689999999954 283
1718204242608 0.47615500000000566 284
1718204252638 0.47615500000000566 285
1718204262666 0.47615500000000566 286
1718204272697 0.476400999999953 287
1718204282729 0.476462999999967 288
1718204292768 0.4806469999999763 289
1718204302805 0.4806469999999763 290
1718204312833 0.48073299999998653 291
1718204322870 0.48073299999998653 292
1718204332906 0.48073299999998653 293
1718204342945 0.48073299999998653 294
1718204352980 0.48500300000000607 295
1718204363007 0.4850649999999632 296
1718204373042 0.4850649999999632 297
1718204383079 0.4850649999999632 298
1718204393120 0.4850649999999632 299
1718204403158 0.48547099999996135 300
1718204413193 0.48965499999997064 301
1718204423230 0.48965499999997064 302
1718204433267 0.48965499999997064 303
1718204443305 0.49063699999999244 304
1718204453344 0.49069900000000644 305
1718204463378 0.49069900000000644 306
1718204473413 0.49931699999996226 307
1718204483453 0.5066909999999893 308
1718204493488 0.5070089999999823 309
1718204503527 0.5070089999999823 310
1718204513581 0.5071570000000065 311
1718204523615 0.5074889999999641 312
1718204533657 0.5123179999999934 313
1718204543697 0.5124040000000036 314
1718204553733 0.5124040000000036 315
1718204563768 0.5124040000000036 316
1718204573808 0.5127239999999915 317
1718204583841 0.5127239999999915 318
1718204593894 0.5169080000000008 319
1718204603930 0.5169080000000008 320
1718204613968 0.5170559999999682 321
1718204624022 0.5170559999999682 322
1718204634061 0.5170559999999682 323
1718204644100 0.5171300000000087 324
1718204654139 0.5213999999999714 325
1718204664179 0.5214619999999854 326
1718204674220 0.5214619999999854 327
1718204684251 0.5214619999999854 328
1718204694291 0.5214619999999854 329
1718204704330 0.5216099999999528 330
1718204714366 0.5257939999999621 331
1718204724416 0.5257939999999621 332
1718204734447 0.5568979999999897 333
1718204744487 0.5629989999999907 334
1718204754524 0.5629989999999907 335
1718204764552 0.5629989999999907 336
1718204774589 0.5718630000000076 337
1718204784628 0.5787329999999997 338
1718204794666 0.5789350000000013 339
1718204804710 0.5789350000000013 340
1718204814747 0.5790209999999547 341
1718204824784 0.5792789999999854 342
1718204834823 0.5842559999999821 343
1718204844851 0.5844040000000064 344
1718204854888 0.5844859999999699 345
1718204864924 0.5845719999999801 346
1718204874963 0.5848059999999577 347
1718204884990 0.5848059999999577 348
1718204895018 0.588989999999967 349
1718204905058 0.589149999999961 350
1718204915097 0.589211999999975 351
1718204925125 0.589211999999975 352
1718204935161 0.589211999999975 353
1718204945199 0.589211999999975 354
1718204955241 0.5934819999999945 355
1718204965269 0.5934819999999945 356
1718204975308 0.5934819999999945 357
1718204985347 0.5934819999999945 358
1718204995387 0.5935680000000048 359
1718205005415 0.5936299999999619 360
1718205015448 0.5978139999999712 361
1718205025481 0.5978879999999549 362
1718205035520 0.5978879999999549 363
1718205045559 0.5988699999999767 364
1718205055600 0.5988699999999767 365
1718205065635 0.5988699999999767 366
1718205075662 0.6108600000000024 367
1718205085692 0.6163310000000024 368
1718205095725 0.6164169999999558 369
1718205105758 0.616502999999966 370
1718205115790 0.616502999999966 371
1718205125819 0.6167370000000005 372
1718205135852 0.6216519999999832 373
1718205145884 0.6217379999999935 374
1718205155929 0.6218119999999772 375
1718205165956 0.6218979999999874 376
1718205175982 0.6220459999999548 377
