1718201395197 0.0 0
1718201405215 0.0 1
1718201415234 0.004183999999440857 2
1718201425256 0.004183999999440857 3
1718201435275 0.004183999999440857 4
1718201445299 0.0052720000003319 5
1718201455317 0.0052720000003319 6
1718201465337 0.0052720000003319 7
1718201475364 0.028066999999282416 8
1718201485387 0.028298999999606167 9
1718201495404 0.028398999998898944 10
1718201505437 0.028398999998898944 11
1718201515453 0.02846499999941443 12
1718201525468 0.02859100000023318 13
1718201535486 0.03352400000039779 14
1718201545515 0.03352400000039779 15
1718201555537 0.03352400000039779 16
1718201565556 0.033655999999609776 17
1718201575577 0.033655999999609776 18
1718201585596 0.033655999999609776 19
1718201595616 0.03783999999905063 20
1718201605634 0.03796599999986938 21
1718201615655 0.03824799999893003 22
1718201625674 0.03843799999958719 23
1718201635695 0.038593999999648076 24
1718201645714 0.038593999999648076 25
1718201655735 0.044519999999465654 26
1718201665754 0.044519999999465654 27
1718201675774 0.044519999999465654 28
1718201685794 0.044519999999465654 29
1718201695813 0.044519999999465654 30
1718201705830 0.04508399999940593 31
1718201715848 0.04926799999884679 32
1718201725869 0.04926799999884679 33
1718201735889 0.04926799999884679 34
1718201745909 0.050406000000293716 35
1718201755929 0.050406000000293716 36
1718201765959 0.05046599999877799 37
1718201775982 0.08048899999994319 38
1718201786002 0.08072100000026694 39
1718201796022 0.08072100000026694 40
1718201806048 0.08078099999875121 41
1718201816067 0.08078099999875121 42
1718201826085 0.08091299999978219 43
1718201836105 0.08590600000025006 44
1718201846123 0.08590600000025006 45
1718201856150 0.08590600000025006 46
1718201866173 0.08603799999946204 47
1718201876194 0.08619799999905808 48
1718201886215 0.08619799999905808 49
1718201896236 0.09038200000031793 50
1718201906256 0.09056799999962095 51
1718201916277 0.09056799999962095 52
1718201926297 0.09056799999962095 53
1718201936316 0.09056799999962095 54
1718201946336 0.09056799999962095 55
1718201956357 0.09481199999936507 56
1718201966384 0.09481199999936507 57
1718201976406 0.09481199999936507 58
1718201986424 0.09481199999936507 59
1718201996455 0.09491199999865785 60
1718202006480 0.09497199999896111 61
1718202016498 0.09922399999959453 62
1718202026515 0.09922399999959453 63
1718202036533 0.11998099999982514 64
1718202046553 0.12100899999859394 65
1718202056573 0.12100899999859394 66
1718202066592 0.12100899999859394 67
1718202076625 0.1438189999989845 68
1718202086647 0.14405099999930826 69
1718202096669 0.14405099999930826 70
1718202106689 0.14405099999930826 71
1718202116711 0.14411099999961152 72
1718202126732 0.14434299999993527 73
1718202136757 0.1494059999986348 74
1718202146784 0.1494059999986348 75
1718202156809 0.14964599999984785 76
1718202166829 0.14989799999966635 77
1718202176848 0.14995799999996962 78
1718202186863 0.14995799999996962 79
1718202196884 0.15414199999941047 80
1718202206904 0.1543279999987135 81
1718202216925 0.1543279999987135 82
1718202226945 0.1543279999987135 83
1718202236966 0.1543279999987135 84
1718202246986 0.1543279999987135 85
1718202257007 0.15867199999956938 86
1718202267042 0.15867199999956938 87
1718202277066 0.15867199999956938 88
1718202287087 0.15867199999956938 89
1718202297109 0.15873199999987264 90
1718202307130 0.15873199999987264 91
1718202317153 0.1629159999993135 92
1718202327172 0.17199199999959092 93
1718202337197 0.17199199999959092 94
1718202347218 0.17307999999866297 95
1718202357242 0.17307999999866297 96
1718202367263 0.19269100000019534 97
1718202377293 0.23320499999863387 98
1718202387316 0.2408450000002631 99
1718202397338 0.24690999999984342 100
1718202407360 0.2476779999997234 101
1718202417381 0.24774400000023888 102
1718202427403 0.24780999999893538 103
1718202437426 0.2527429999991 104
1718202447447 0.2527429999991 105
1718202457469 0.2528089999996155 106
1718202467491 0.25293499999861524 107
1718202477512 0.253060999999434 108
1718202487529 0.253060999999434 109
1718202497552 0.2573709999996936 110
1718202507574 0.25791799999933573 111
1718202517596 0.25791799999933573 112
1718202527621 0.25791799999933573 113
1718202537643 0.25791799999933573 114
1718202547664 0.258388999998715 115
1718202557685 0.26257299999997485 116
1718202567709 0.26272900000003574 117
1718202577732 0.26272900000003574 118
1718202587756 0.26272900000003574 119
1718202597781 0.262789000000339 120
1718202607804 0.262789000000339 121
1718202617828 0.26697299999977986 122
1718202627851 0.26707299999907264 123
1718202637871 0.26707299999907264 124
1718202647900 0.2681609999999637 125
1718202657931 0.2681609999999637 126
1718202667969 0.2681609999999637 127
1718202677995 0.2906810000004043 128
1718202688023 0.29091299999890907 129
1718202698055 0.29091299999890907 130
1718202708086 0.29097299999921233 131
1718202718113 0.2910389999997278 132
1718202728137 0.2911050000002433 133
1718202738166 0.2960419999999431 134
1718202748209 0.2960419999999431 135
1718202758240 0.29614199999923585 136
1718202768270 0.2963339999987511 137
1718202778307 0.2963339999987511 138
1718202788335 0.2963339999987511 139
1718202798376 0.30051800000001094 140
1718202808402 0.30070399999931396 141
1718202818424 0.30070399999931396 142
1718202828448 0.30070399999931396 143
1718202838472 0.30070399999931396 144
1718202848498 0.30070399999931396 145
1718202858520 0.3049479999990581 146
1718202868546 0.30502100000012433 147
1718202878567 0.3051209999994171 148
1718202888587 0.30518099999972037 149
1718202898610 0.30518099999972037 150
1718202908634 0.30524100000002363 151
1718202918658 0.3094249999994645 152
1718202928683 0.3094249999994645 153
1718202938707 0.3835010000002512 154
1718202948728 0.3845889999993233 155
1718202958751 0.3845889999993233 156
1718202968775 0.3845889999993233 157
1718202978799 0.4074449999989156 158
1718202988823 0.40767699999923934 159
1718202998846 0.40767699999923934 160
1718203008869 0.40784700000040175 161
1718203018892 0.40791299999909825 162
1718203028917 0.40797899999961373 163
1718203038940 0.412981999999829 164
1718203048963 0.412981999999829 165
1718203058983 0.413485999999466 166
1718203069006 0.41397799999867857 167
1718203079031 0.41397799999867857 168
1718203089056 0.41397799999867857 169
1718203099077 0.4182220000002417 170
1718203109099 0.4184079999995447 171
1718203119121 0.4184079999995447 172
1718203129147 0.4184079999995447 173
1718203139168 0.4185079999988375 174
1718203149192 0.41881699999976263 175
1718203159223 0.42306099999950675 176
1718203169254 0.42306099999950675 177
1718203179290 0.42312099999981 178
1718203189322 0.42312099999981 179
1718203199355 0.42318100000011327 180
1718203209392 0.42318100000011327 181
1718203219424 0.42736499999955413 182
1718203229449 0.42736499999955413 183
1718203239476 0.43650700000034703 184
1718203249504 0.4375349999991158 185
1718203259533 0.4376350000002276 186
1718203269557 0.4376350000002276 187
1718203279585 0.4601599999987229 188
1718203289613 0.4603919999990467 189
1718203299643 0.4603919999990467 190
1718203309672 0.4606579999999667 191
1718203319698 0.4607899999991787 192
1718203329722 0.4607899999991787 193
1718203339756 0.4657889999998588 194
1718203349784 0.4657889999998588 195
1718203359810 0.4657889999998588 196
1718203369836 0.46598099999937403 197
1718203379861 0.46598099999937403 198
1718203389891 0.4660809999986668 199
1718203399916 0.47026499999992666 200
1718203409940 0.4704509999992297 201
1718203419973 0.4704509999992297 202
1718203430000 0.47076000000015483 203
1718203440038 0.4708199999986391 204
1718203450073 0.4709229999989475 205
1718203460101 0.4751669999986916 206
1718203470133 0.475269999999 207
1718203480162 0.47558199999912176 208
1718203490197 0.4757449999997334 209
1718203500227 0.47580500000003667 210
1718203510255 0.4780639999989944 211
1718203520288 0.4801919999990787 212
1718203530330 0.4802949999993871 213
1718203540365 0.48132299999997485 214
1718203550400 0.4813830000002781 215
1718203560432 0.4813830000002781 216
1718203570462 0.4834389999996347 217
1718203580498 0.5117719999998371 218
1718203590532 0.5120040000001609 219
1718203600562 0.5120040000001609 220
1718203610596 0.5120040000001609 221
1718203620626 0.5120699999988574 222
1718203630659 0.515067000000272 223
1718203640688 0.517294999999649 224
1718203650722 0.517294999999649 225
1718203660750 0.517294999999649 226
1718203670786 0.5176429999992251 227
1718203680818 0.5176429999992251 228
1718203690846 0.5196990000004007 229
1718203700883 0.5218869999989693 230
1718203710909 0.522012999999788 231
1718203720936 0.522012999999788 232
1718203730970 0.522012999999788 233
1718203741000 0.522516999999425 234
1718203751033 0.5245729999987816 235
1718203761083 0.5268610000002809 236
1718203771109 0.5268610000002809 237
1718203781133 0.5268610000002809 238
1718203791160 0.5270069999987754 239
1718203801186 0.5270669999990787 240
1718203811221 0.5292349999999715 241
1718203821253 0.5312510000003385 242
1718203831302 0.5312510000003385 243
1718203841340 0.5530419999995502 244
1718203851377 0.5530419999995502 245
1718203861406 0.5530419999995502 246
1718203871431 0.5734799999991083 247
1718203881458 0.5974909999986266 248
1718203891493 0.6098220000003494 249
1718203901529 0.61014299999988 250
1718203911567 0.610566999999719 251
1718203921598 0.6108989999993355 252
1718203931632 0.6159019999995508 253
1718203941666 0.6160049999998591 254
1718203951703 0.6160049999998591 255
1718203961732 0.6161080000001675 256
1718203971767 0.6165399999990768 257
1718203981803 0.6166429999993852 258
1718203991834 0.6208869999991293 259
1718204001870 0.6208869999991293 260
1718204011903 0.6213279999992665 261
1718204021938 0.6214280000003782 262
1718204031967 0.6214280000003782 263
1718204041999 0.6214280000003782 264
1718204052025 0.6256119999998191 265
1718204062052 0.6256119999998191 266
1718204072079 0.6256720000001224 267
1718204082109 0.6256720000001224 268
1718204092137 0.6256720000001224 269
1718204102166 0.6256720000001224 270
1718204112195 0.6298559999995632 271
1718204122220 0.6298559999995632 272
1718204132247 0.6298559999995632 273
1718204142275 0.6309839999994438 274
1718204152305 0.631043999999747 275
1718204162329 0.6402519999992364 276
1718204172368 0.6444359999986773 277
1718204182399 0.6630420000001322 278
1718204192429 0.663273999998637 279
1718204202454 0.663273999998637 280
1718204212496 0.663273999998637 281
1718204222535 0.663405999999668 282
1718204232571 0.668402999999671 283
1718204242608 0.668402999999671 284
1718204252638 0.668402999999671 285
1718204262666 0.668402999999671 286
1718204272697 0.6686349999999948 287
1718204282729 0.668695000000298 288
1718204292768 0.6728789999997389 289
1718204302805 0.6729390000000421 290
1718204312833 0.6730049999987386 291
1718204322870 0.6730049999987386 292
1718204332906 0.6730049999987386 293
1718204342945 0.6730049999987386 294
1718204352980 0.6771889999999985 295
1718204363007 0.6772490000003017 296
1718204373042 0.6772490000003017 297
1718204383079 0.6772490000003017 298
1718204393120 0.6773489999995945 299
1718204403158 0.6776309999986552 300
1718204413193 0.681814999999915 301
1718204423230 0.682318999999552 302
1718204433267 0.682318999999552 303
1718204443305 0.6833470000001398 304
1718204453344 0.6834069999986241 305
1718204463378 0.6834069999986241 306
1718204473413 0.6969509999998991 307
1718204483453 0.713633999999729 308
1718204493488 0.7138660000000527 309
1718204503527 0.7138660000000527 310
1718204513581 0.7141319999991538 311
1718204523615 0.7145330000003014 312
1718204533657 0.719941999999719 313
1718204543697 0.719941999999719 314
1718204553733 0.7200450000000274 315
1718204563768 0.7200450000000274 316
1718204573808 0.7203030000000581 317
1718204583841 0.7203030000000581 318
1718204593894 0.7245469999998022 319
1718204603930 0.7246669999985897 320
1718204613968 0.7247929999994085 321
1718204624022 0.7247929999994085 322
1718204634061 0.7247929999994085 323
1718204644100 0.7248929999987013 324
1718204654139 0.7290769999999611 325
1718204664179 0.7291370000002644 326
1718204674220 0.7291370000002644 327
1718204684251 0.7291370000002644 328
1718204694291 0.7291969999987487 329
1718204704330 0.7292569999990519 330
1718204714366 0.7334410000003118 331
1718204724416 0.7334410000003118 332
1718204734447 0.7948849999993399 333
1718204744487 0.8132999999997992 334
1718204754524 0.8132999999997992 335
1718204764552 0.8133600000001024 336
1718204774589 0.8268719999996392 337
1718204784628 0.8433279999990191 338
1718204794666 0.8434440000000905 339
1718204804710 0.8434440000000905 340
1718204814747 0.8434440000000905 341
1718204824784 0.8437020000001212 342
1718204834823 0.8486949999987701 343
1718204844851 0.8489950000002864 344
1718204854888 0.8489950000002864 345
1718204864924 0.8490609999989829 346
1718204874963 0.8496130000003177 347
1718204884990 0.849672999998802 348
1718204895018 0.8539569999993546 349
1718204905058 0.8541429999986576 350
1718204915097 0.8542029999989609 351
1718204925125 0.8542029999989609 352
1718204935161 0.8542029999989609 353
1718204945199 0.8542029999989609 354
1718204955241 0.8583870000002207 355
1718204965269 0.8583870000002207 356
1718204975308 0.8583870000002207 357
1718204985347 0.8583870000002207 358
1718204995387 0.8583870000002207 359
1718205005415 0.858446999998705 360
1718205015448 0.8626309999999648 361
1718205025481 0.8627309999992576 362
1718205035520 0.8627309999992576 363
1718205045559 0.8637589999998454 364
1718205055600 0.8637589999998454 365
1718205065635 0.8637589999998454 366
1718205075662 0.8863789999995788 367
1718205085692 0.8960090000000491 368
1718205095725 0.8965129999996861 369
1718205105758 0.8965129999996861 370
1718205115790 0.8965129999996861 371
1718205125819 0.8967049999992014 372
1718205135852 0.9016419999989012 373
1718205145884 0.9016419999989012 374
1718205155929 0.9017420000000129 375
1718205165956 0.9018079999987094 376
1718205175982 0.9019339999995282 377
