1718201395197 6969.5 0
1718201405215 8271.8 1
1718201415234 8238.5 2
1718201425256 8245.1 3
1718201435275 8237.2 4
1718201445299 8252.0 5
1718201455317 8254.2 6
1718201465337 8253.3 7
1718201475364 8246.8 8
1718201485387 8251.8 9
1718201495404 8247.7 10
1718201505437 8254.3 11
1718201515453 8248.9 12
1718201525468 8250.4 13
1718201535486 8250.1 14
1718201545515 8256.6 15
1718201555537 8252.1 16
1718201565556 8245.4 17
1718201575577 8233.9 18
1718201585596 8241.0 19
1718201595616 8236.5 20
1718201605634 8241.7 21
1718201615655 8244.8 22
1718201625674 8239.3 23
1718201635695 8240.1 24
1718201645714 8246.9 25
1718201655735 8244.1 26
1718201665754 8242.0 27
1718201675774 8246.1 28
1718201685794 8247.8 29
1718201695813 8243.4 30
1718201705830 8240.4 31
1718201715848 8244.7 32
1718201725869 8230.4 33
1718201735889 8239.1 34
1718201745909 8249.7 35
1718201755929 8239.3 36
1718201765959 8252.6 37
1718201775982 8256.5 38
1718201786002 8246.2 39
1718201796022 8242.0 40
1718201806048 8244.7 41
1718201816067 8237.4 42
1718201826085 8242.3 43
1718201836105 8237.3 44
1718201846123 8240.7 45
1718201856150 8235.1 46
1718201866173 8250.4 47
1718201876194 8245.1 48
1718201886215 8246.2 49
1718201896236 8247.5 50
1718201906256 8241.6 51
1718201916277 8256.6 52
1718201926297 8243.2 53
1718201936316 8246.2 54
1718201946336 8249.5 55
1718201956357 8245.6 56
1718201966384 8246.4 57
1718201976406 8249.3 58
1718201986424 8250.2 59
1718201996455 8250.3 60
1718202006480 8247.3 61
1718202016498 8248.0 62
1718202026515 8242.7 63
1718202036533 8253.4 64
1718202046553 8244.1 65
1718202056573 8248.5 66
1718202066592 8250.2 67
1718202076625 8248.8 68
1718202086647 8240.2 69
1718202096669 8243.4 70
1718202106689 8332.8 71
1718202116711 8340.7 72
1718202126732 8344.1 73
1718202136757 8351.2 74
1718202146784 8348.9 75
1718202156809 8351.8 76
1718202166829 8352.8 77
1718202176848 8341.6 78
1718202186863 8369.8 79
1718202196884 8356.5 80
1718202206904 8351.6 81
1718202216925 8352.1 82
1718202226945 8355.0 83
1718202236966 8361.5 84
1718202246986 8351.6 85
1718202257007 8343.7 86
1718202267042 8352.0 87
1718202277066 8350.5 88
1718202287087 8365.6 89
1718202297109 8358.6 90
1718202307130 8356.8 91
1718202317153 8363.1 92
1718202327172 9423.2 93
1718202337197 9414.5 94
1718202347218 9419.1 95
1718202357242 9420.0 96
1718202367263 9445.5 97
1718202377293 9427.5 98
1718202387316 9433.3 99
1718202397338 9426.9 100
1718202407360 9431.2 101
1718202417381 9440.4 102
1718202427403 9445.8 103
1718202437426 9408.9 104
1718202447447 9410.6 105
1718202457469 9408.4 106
1718202467491 9411.7 107
1718202477512 9406.8 108
1718202487529 9409.5 109
1718202497552 9408.2 110
1718202507574 9416.8 111
1718202517596 9407.9 112
1718202527621 9411.1 113
1718202537643 9414.7 114
1718202547664 9414.8 115
1718202557685 9416.1 116
1718202567709 9412.7 117
1718202577732 9413.5 118
1718202587756 9416.9 119
1718202597781 9417.2 120
1718202607804 9414.4 121
1718202617828 9411.6 122
1718202627851 9415.4 123
1718202637871 9410.5 124
1718202647900 9413.4 125
1718202657931 9431.3 126
1718202667969 9408.8 127
1718202677995 9405.2 128
1718202688023 9395.7 129
1718202698055 9401.5 130
1718202708086 9406.6 131
1718202718113 9405.7 132
1718202728137 9412.6 133
1718202738166 9410.0 134
1718202748209 9405.8 135
1718202758240 9405.3 136
1718202768270 9411.7 137
1718202778307 9406.8 138
1718202788335 9405.1 139
1718202798376 9404.2 140
1718202808402 9414.0 141
1718202818424 9400.0 142
1718202828448 9408.9 143
1718202838472 9414.7 144
1718202848498 9407.8 145
1718202858520 9419.5 146
1718202868546 9405.0 147
1718202878567 9411.2 148
1718202888587 9405.1 149
1718202898610 9411.3 150
1718202908634 9412.6 151
1718202918658 9412.5 152
1718202928683 9417.8 153
1718202938707 9411.1 154
1718202948728 9413.9 155
1718202958751 9411.6 156
1718202968775 9411.7 157
1718202978799 9409.1 158
1718202988823 9411.8 159
1718202998846 9408.2 160
1718203008869 9405.7 161
1718203018892 9413.1 162
1718203028917 9407.1 163
1718203038940 9406.0 164
1718203048963 9417.0 165
1718203058983 9408.5 166
1718203069006 9398.3 167
1718203079031 9404.6 168
1718203089056 9405.6 169
1718203099077 9415.7 170
1718203109099 9402.5 171
1718203119121 9403.2 172
1718203129147 9401.8 173
1718203139168 9409.3 174
1718203149192 9409.8 175
1718203159223 9406.7 176
1718203169254 9418.6 177
1718203179290 9410.7 178
1718203189322 9417.2 179
1718203199355 9416.4 180
1718203209392 9410.7 181
1718203219424 9412.3 182
1718203229449 9414.7 183
1718203239476 9445.2 184
1718203249504 9430.6 185
1718203259533 9429.8 186
1718203269557 9411.9 187
1718203279585 9431.2 188
1718203289613 9433.9 189
1718203299643 9428.7 190
1718203309672 9432.9 191
1718203319698 9433.4 192
1718203329722 9444.1 193
1718203339756 9447.8 194
1718203349784 9403.2 195
1718203359810 9407.6 196
1718203369836 9407.9 197
1718203379861 9402.1 198
1718203389891 9408.7 199
1718203399916 9406.4 200
1718203409940 9405.9 201
1718203419973 9402.7 202
1718203430000 9400.6 203
1718203440038 9403.5 204
1718203450073 9412.9 205
1718203460101 9409.8 206
1718203470133 9413.1 207
1718203480162 9411.4 208
1718203490197 9411.7 209
1718203500227 9412.0 210
1718203510255 9410.3 211
1718203520288 9408.9 212
1718203530330 9416.2 213
1718203540365 9421.5 214
1718203550400 9415.4 215
1718203560432 9418.2 216
1718203570462 9411.3 217
1718203580498 9409.2 218
1718203590532 9410.3 219
1718203600562 9395.1 220
1718203610596 9406.6 221
1718203620626 9396.4 222
1718203630659 9402.5 223
1718203640688 9408.2 224
1718203650722 9398.0 225
1718203660750 9406.0 226
1718203670786 9404.2 227
1718203680818 9410.6 228
1718203690846 9414.2 229
1718203700883 9410.4 230
1718203710909 9417.5 231
1718203720936 9397.3 232
1718203730970 9411.2 233
1718203741000 9399.4 234
1718203751033 9415.0 235
1718203761083 9404.6 236
1718203771109 9407.7 237
1718203781133 9412.6 238
1718203791160 9413.1 239
1718203801186 9413.3 240
1718203811221 9417.4 241
1718203821253 9411.4 242
1718203831302 9406.3 243
1718203841340 9415.3 244
1718203851377 9413.5 245
1718203861406 9413.9 246
1718203871431 9424.6 247
1718203881458 9405.7 248
1718203891493 9406.8 249
1718203901529 9409.5 250
1718203911567 9408.8 251
1718203921598 9396.5 252
1718203931632 9407.8 253
1718203941666 9413.6 254
1718203951703 9417.4 255
1718203961732 9412.1 256
1718203971767 9430.5 257
1718203981803 9409.2 258
1718203991834 9411.9 259
1718204001870 9399.2 260
1718204011903 9420.6 261
1718204021938 9394.5 262
1718204031967 9410.2 263
1718204041999 9414.1 264
1718204052025 9411.4 265
1718204062052 9414.3 266
1718204072079 9405.3 267
1718204082109 9406.1 268
1718204092137 9417.3 269
1718204102166 9413.2 270
1718204112195 9424.8 271
1718204122220 9413.3 272
1718204132247 9412.0 273
1718204142275 9410.3 274
1718204152305 9414.7 275
1718204162329 9434.3 276
1718204172368 9434.5 277
1718204182399 9434.2 278
1718204192429 9435.7 279
1718204202454 9434.3 280
1718204212496 9431.5 281
1718204222535 9433.6 282
1718204232571 9442.0 283
1718204242608 9446.3 284
1718204252638 9452.0 285
1718204262666 9417.5 286
1718204272697 9424.8 287
1718204282729 9416.0 288
1718204292768 9409.4 289
1718204302805 9416.3 290
1718204312833 9415.1 291
1718204322870 9408.5 292
1718204332906 9417.0 293
1718204342945 9419.1 294
1718204352980 9407.6 295
1718204363007 9417.6 296
1718204373042 9421.5 297
1718204383079 9412.0 298
1718204393120 9419.2 299
1718204403158 9417.7 300
1718204413193 9413.7 301
1718204423230 9418.4 302
1718204433267 9421.4 303
1718204443305 9417.3 304
1718204453344 9422.1 305
1718204463378 9423.7 306
1718204473413 9411.5 307
1718204483453 9407.3 308
1718204493488 9401.4 309
1718204503527 9405.4 310
1718204513581 9409.4 311
1718204523615 9404.6 312
1718204533657 9407.6 313
1718204543697 9409.7 314
1718204553733 9414.2 315
1718204563768 9411.9 316
1718204573808 9414.9 317
1718204583841 9406.8 318
1718204593894 9397.1 319
1718204603930 9409.3 320
1718204613968 9412.8 321
1718204624022 9408.1 322
1718204634061 9403.6 323
1718204644100 9415.3 324
1718204654139 9417.3 325
1718204664179 9408.8 326
1718204674220 9418.7 327
1718204684251 9411.2 328
1718204694291 9426.7 329
1718204704330 9417.0 330
1718204714366 9408.4 331
1718204724416 9409.2 332
1718204734447 9413.5 333
1718204744487 9410.5 334
1718204754524 9408.6 335
1718204764552 9420.6 336
1718204774589 9415.6 337
1718204784628 9418.0 338
1718204794666 9413.5 339
1718204804710 9426.1 340
1718204814747 9411.6 341
1718204824784 9404.7 342
1718204834823 9413.7 343
1718204844851 9417.0 344
1718204854888 9414.0 345
1718204864924 9414.8 346
1718204874963 9411.1 347
1718204884990 9418.2 348
1718204895018 9400.5 349
1718204905058 9413.6 350
1718204915097 9429.7 351
1718204925125 9419.9 352
1718204935161 9426.0 353
1718204945199 9414.6 354
1718204955241 9413.4 355
1718204965269 9427.3 356
1718204975308 9424.0 357
1718204985347 9433.0 358
1718204995387 9412.5 359
1718205005415 9408.2 360
1718205015448 9451.6 361
1718205025481 9431.2 362
1718205035520 9409.5 363
1718205045559 9417.4 364
1718205055600 9418.0 365
1718205065635 9414.7 366
1718205075662 9430.5 367
1718205085692 9452.8 368
1718205095725 9436.7 369
1718205105758 9421.0 370
1718205115790 9432.7 371
1718205125819 9427.6 372
1718205135852 9437.0 373
1718205145884 9440.4 374
1718205155929 9440.5 375
1718205165956 9444.8 376
1718205175982 9435.0 377
