1718201395197 20.8 0
1718201405215 24.7 1
1718201415234 24.6 2
1718201425256 24.6 3
1718201435275 24.6 4
1718201445299 24.6 5
1718201455317 24.6 6
1718201465337 24.6 7
1718201475364 24.6 8
1718201485387 24.6 9
1718201495404 24.6 10
1718201505437 24.6 11
1718201515453 24.6 12
1718201525468 24.6 13
1718201535486 24.6 14
1718201545515 24.6 15
1718201555537 24.6 16
1718201565556 24.6 17
1718201575577 24.6 18
1718201585596 24.6 19
1718201595616 24.6 20
1718201605634 24.6 21
1718201615655 24.6 22
1718201625674 24.6 23
1718201635695 24.6 24
1718201645714 24.6 25
1718201655735 24.6 26
1718201665754 24.6 27
1718201675774 24.6 28
1718201685794 24.6 29
1718201695813 24.6 30
1718201705830 24.6 31
1718201715848 24.6 32
1718201725869 24.5 33
1718201735889 24.6 34
1718201745909 24.6 35
1718201755929 24.6 36
1718201765959 24.6 37
1718201775982 24.6 38
1718201786002 24.6 39
1718201796022 24.6 40
1718201806048 24.6 41
1718201816067 24.6 42
1718201826085 24.6 43
1718201836105 24.6 44
1718201846123 24.6 45
1718201856150 24.6 46
1718201866173 24.6 47
1718201876194 24.6 48
1718201886215 24.6 49
1718201896236 24.6 50
1718201906256 24.6 51
1718201916277 24.6 52
1718201926297 24.6 53
1718201936316 24.6 54
1718201946336 24.6 55
1718201956357 24.6 56
1718201966384 24.6 57
1718201976406 24.6 58
1718201986424 24.6 59
1718201996455 24.6 60
1718202006480 24.6 61
1718202016498 24.6 62
1718202026515 24.6 63
1718202036533 24.6 64
1718202046553 24.6 65
1718202056573 24.6 66
1718202066592 24.6 67
1718202076625 24.6 68
1718202086647 24.6 69
1718202096669 24.6 70
1718202106689 24.8 71
1718202116711 24.9 72
1718202126732 24.9 73
1718202136757 24.9 74
1718202146784 24.9 75
1718202156809 24.9 76
1718202166829 24.9 77
1718202176848 24.9 78
1718202186863 25.0 79
1718202196884 24.9 80
1718202206904 24.9 81
1718202216925 24.9 82
1718202226945 24.9 83
1718202236966 24.9 84
1718202246986 24.9 85
1718202257007 24.9 86
1718202267042 24.9 87
1718202277066 24.9 88
1718202287087 24.9 89
1718202297109 24.9 90
1718202307130 24.9 91
1718202317153 24.9 92
1718202327172 28.1 93
1718202337197 28.1 94
1718202347218 28.1 95
1718202357242 28.1 96
1718202367263 28.2 97
1718202377293 28.1 98
1718202387316 28.1 99
1718202397338 28.1 100
1718202407360 28.1 101
1718202417381 28.1 102
1718202427403 28.2 103
1718202437426 28.1 104
1718202447447 28.1 105
1718202457469 28.1 106
1718202467491 28.1 107
1718202477512 28.0 108
1718202487529 28.1 109
1718202497552 28.1 110
1718202507574 28.1 111
1718202517596 28.1 112
1718202527621 28.1 113
1718202537643 28.1 114
1718202547664 28.1 115
1718202557685 28.1 116
1718202567709 28.1 117
1718202577732 28.1 118
1718202587756 28.1 119
1718202597781 28.1 120
1718202607804 28.1 121
1718202617828 28.1 122
1718202627851 28.1 123
1718202637871 28.1 124
1718202647900 28.1 125
1718202657931 28.1 126
1718202667969 28.1 127
1718202677995 28.0 128
1718202688023 28.0 129
1718202698055 28.0 130
1718202708086 28.0 131
1718202718113 28.0 132
1718202728137 28.1 133
1718202738166 28.1 134
1718202748209 28.0 135
1718202758240 28.0 136
1718202768270 28.1 137
1718202778307 28.0 138
1718202788335 28.0 139
1718202798376 28.0 140
1718202808402 28.1 141
1718202818424 28.0 142
1718202828448 28.1 143
1718202838472 28.1 144
1718202848498 28.1 145
1718202858520 28.1 146
1718202868546 28.0 147
1718202878567 28.1 148
1718202888587 28.0 149
1718202898610 28.1 150
1718202908634 28.1 151
1718202918658 28.1 152
1718202928683 28.1 153
1718202938707 28.1 154
1718202948728 28.1 155
1718202958751 28.1 156
1718202968775 28.1 157
1718202978799 28.1 158
1718202988823 28.1 159
1718202998846 28.1 160
1718203008869 28.0 161
1718203018892 28.1 162
1718203028917 28.0 163
1718203038940 28.0 164
1718203048963 28.1 165
1718203058983 28.1 166
1718203069006 28.0 167
1718203079031 28.0 168
1718203089056 28.0 169
1718203099077 28.1 170
1718203109099 28.0 171
1718203119121 28.0 172
1718203129147 28.0 173
1718203139168 28.1 174
1718203149192 28.1 175
1718203159223 28.0 176
1718203169254 28.1 177
1718203179290 28.1 178
1718203189322 28.1 179
1718203199355 28.1 180
1718203209392 28.1 181
1718203219424 28.1 182
1718203229449 28.1 183
1718203239476 28.2 184
1718203249504 28.1 185
1718203259533 28.1 186
1718203269557 28.1 187
1718203279585 28.1 188
1718203289613 28.1 189
1718203299643 28.1 190
1718203309672 28.1 191
1718203319698 28.1 192
1718203329722 28.2 193
1718203339756 28.2 194
1718203349784 28.0 195
1718203359810 28.1 196
1718203369836 28.1 197
1718203379861 28.0 198
1718203389891 28.1 199
1718203399916 28.0 200
1718203409940 28.0 201
1718203419973 28.0 202
1718203430000 28.0 203
1718203440038 28.0 204
1718203450073 28.1 205
1718203460101 28.1 206
1718203470133 28.1 207
1718203480162 28.1 208
1718203490197 28.1 209
1718203500227 28.1 210
1718203510255 28.1 211
1718203520288 28.1 212
1718203530330 28.1 213
1718203540365 28.1 214
1718203550400 28.1 215
1718203560432 28.1 216
1718203570462 28.1 217
1718203580498 28.1 218
1718203590532 28.1 219
1718203600562 28.0 220
1718203610596 28.0 221
1718203620626 28.0 222
1718203630659 28.0 223
1718203640688 28.1 224
1718203650722 28.0 225
1718203660750 28.0 226
1718203670786 28.0 227
1718203680818 28.1 228
1718203690846 28.1 229
1718203700883 28.1 230
1718203710909 28.1 231
1718203720936 28.0 232
1718203730970 28.1 233
1718203741000 28.0 234
1718203751033 28.1 235
1718203761083 28.0 236
1718203771109 28.1 237
1718203781133 28.1 238
1718203791160 28.1 239
1718203801186 28.1 240
1718203811221 28.1 241
1718203821253 28.1 242
1718203831302 28.0 243
1718203841340 28.1 244
1718203851377 28.1 245
1718203861406 28.1 246
1718203871431 28.1 247
1718203881458 28.0 248
1718203891493 28.0 249
1718203901529 28.1 250
1718203911567 28.1 251
1718203921598 28.0 252
1718203931632 28.1 253
1718203941666 28.1 254
1718203951703 28.1 255
1718203961732 28.1 256
1718203971767 28.1 257
1718203981803 28.1 258
1718203991834 28.1 259
1718204001870 28.0 260
1718204011903 28.1 261
1718204021938 28.0 262
1718204031967 28.1 263
1718204041999 28.1 264
1718204052025 28.1 265
1718204062052 28.1 266
1718204072079 28.0 267
1718204082109 28.0 268
1718204092137 28.1 269
1718204102166 28.1 270
1718204112195 28.1 271
1718204122220 28.1 272
1718204132247 28.1 273
1718204142275 28.1 274
1718204152305 28.1 275
1718204162329 28.1 276
1718204172368 28.1 277
1718204182399 28.1 278
1718204192429 28.1 279
1718204202454 28.1 280
1718204212496 28.1 281
1718204222535 28.1 282
1718204232571 28.2 283
1718204242608 28.2 284
1718204252638 28.2 285
1718204262666 28.1 286
1718204272697 28.1 287
1718204282729 28.1 288
1718204292768 28.1 289
1718204302805 28.1 290
1718204312833 28.1 291
1718204322870 28.1 292
1718204332906 28.1 293
1718204342945 28.1 294
1718204352980 28.1 295
1718204363007 28.1 296
1718204373042 28.1 297
1718204383079 28.1 298
1718204393120 28.1 299
1718204403158 28.1 300
1718204413193 28.1 301
1718204423230 28.1 302
1718204433267 28.1 303
1718204443305 28.1 304
1718204453344 28.1 305
1718204463378 28.1 306
1718204473413 28.1 307
1718204483453 28.1 308
1718204493488 28.0 309
1718204503527 28.0 310
1718204513581 28.1 311
1718204523615 28.0 312
1718204533657 28.1 313
1718204543697 28.1 314
1718204553733 28.1 315
1718204563768 28.1 316
1718204573808 28.1 317
1718204583841 28.0 318
1718204593894 28.0 319
1718204603930 28.1 320
1718204613968 28.1 321
1718204624022 28.1 322
1718204634061 28.0 323
1718204644100 28.1 324
1718204654139 28.1 325
1718204664179 28.1 326
1718204674220 28.1 327
1718204684251 28.1 328
1718204694291 28.1 329
1718204704330 28.1 330
1718204714366 28.1 331
1718204724416 28.1 332
1718204734447 28.1 333
1718204744487 28.1 334
1718204754524 28.1 335
1718204764552 28.1 336
1718204774589 28.1 337
1718204784628 28.1 338
1718204794666 28.1 339
1718204804710 28.1 340
1718204814747 28.1 341
1718204824784 28.0 342
1718204834823 28.1 343
1718204844851 28.1 344
1718204854888 28.1 345
1718204864924 28.1 346
1718204874963 28.1 347
1718204884990 28.1 348
1718204895018 28.0 349
1718204905058 28.1 350
1718204915097 28.1 351
1718204925125 28.1 352
1718204935161 28.1 353
1718204945199 28.1 354
1718204955241 28.1 355
1718204965269 28.1 356
1718204975308 28.1 357
1718204985347 28.1 358
1718204995387 28.1 359
1718205005415 28.1 360
1718205015448 28.2 361
1718205025481 28.1 362
1718205035520 28.1 363
1718205045559 28.1 364
1718205055600 28.1 365
1718205065635 28.1 366
1718205075662 28.1 367
1718205085692 28.2 368
1718205095725 28.1 369
1718205105758 28.1 370
1718205115790 28.1 371
1718205125819 28.1 372
1718205135852 28.1 373
1718205145884 28.1 374
1718205155929 28.1 375
1718205165956 28.2 376
1718205175982 28.1 377
