1718216463721 0.0 0
1718216473775 12.4 1
1718216483803 10.5 2
1718216493823 6.4 3
1718216503853 6.3 4
1718216513886 8.1 5
1718216523916 8.1 6
1718216533938 7.5 7
1718216543960 7.0 8
1718216553981 8.0 9
1718216564003 7.6 10
1718216574023 7.7 11
1718216584045 8.4 12
1718216594064 6.5 13
1718216604084 7.2 14
1718216614106 6.8 15
1718216624129 7.4 16
1718216634152 7.0 17
1718216644174 7.3 18
1718216654195 6.6 19
1718216664218 6.2 20
1718216674244 7.1 21
1718216684276 7.3 22
1718216694297 7.1 23
1718216704319 7.7 24
1718216714342 7.2 25
1718216724359 8.8 26
1718216734380 6.2 27
1718216744401 11.6 28
1718216754425 9.9 29
1718216764452 10.1 30
1718216774475 10.8 31
1718216784506 9.9 32
1718216794533 9.6 33
1718216804561 7.4 34
1718216814589 7.4 35
1718216824617 11.8 36
1718216834649 10.5 37
1718216844672 10.8 38
1718216854691 12.6 39
1718216864710 11.7 40
1718216874733 11.6 41
1718216884757 11.6 42
1718216894780 10.4 43
1718216904807 12.5 44
1718216914830 11.4 45
1718216924860 10.4 46
1718216934895 10.6 47
1718216944918 10.8 48
1718216954940 11.2 49
1718216964978 12.0 50
1718216975036 11.7 51
1718216985058 13.6 52
1718216995079 12.9 53
1718217005105 14.6 54
1718217015128 13.1 55
1718217025153 13.1 56
1718217035178 13.3 57
1718217045211 13.5 58
1718217055235 10.7 59
1718217065258 10.7 60
1718217075291 9.5 61
1718217085349 9.4 62
1718217095384 10.6 63
1718217105407 11.4 64
1718217115444 12.6 65
1718217125470 11.0 66
1718217135492 10.8 67
1718217145511 11.8 68
1718217155534 10.1 69
1718217165559 10.3 70
1718217175586 11.6 71
1718217185620 9.1 72
1718217195643 10.0 73
1718217205673 10.4 74
1718217215727 12.0 75
1718217225758 12.5 76
1718217235787 11.5 77
1718217245810 8.1 78
1718217255841 9.4 79
1718217265875 8.9 80
1718217275915 7.0 81
1718217285942 6.8 82
1718217295974 6.5 83
1718217305999 9.3 84
1718217316024 9.3 85
1718217326306 9.0 86
1718217336329 8.3 87
1718217346356 8.4 88
1718217356379 12.2 89
1718217366401 12.2 90
1718217376424 12.0 91
1718217386449 11.1 92
1718217396472 11.4 93
1718217406493 12.4 94
1718217416519 11.5 95
1718217426542 11.3 96
1718217436563 12.1 97
1718217446582 11.6 98
1718217456606 10.6 99
1718217466637 10.3 100
1718217476668 10.6 101
1718217486706 13.3 102
1718217496738 12.7 103
1718217506778 13.4 104
1718217516805 12.9 105
1718217526837 13.2 106
1718217536860 13.7 107
1718217546887 13.5 108
1718217556914 13.0 109
1718217566936 10.3 110
1718217576961 9.5 111
1718217586991 7.9 112
1718217597012 11.5 113
1718217607035 8.1 114
1718217617060 8.4 115
1718217627087 9.0 116
1718217637128 7.7 117
1718217647223 7.8 118
1718217657251 9.2 119
1718217667324 8.6 120
1718217677356 8.3 121
1718217687382 8.5 122
1718217697411 9.2 123
1718217707442 10.4 124
1718217717476 12.4 125
1718217727519 10.3 126
1718217737563 10.2 127
1718217747599 9.2 128
1718217757638 8.8 129
1718217767719 10.0 130
1718217777757 7.9 131
1718217787813 9.2 132
1718217797902 9.1 133
1718217807944 9.7 134
1718217817974 8.6 135
1718217828003 9.6 136
1718217838047 8.9 137
1718217848129 8.5 138
1718217858155 9.6 139
1718217868198 9.4 140
1718217878229 11.1 141
1718217888254 8.7 142
1718217898282 9.6 143
1718217908325 9.8 144
1718217918352 9.6 145
1718217928378 9.6 146
1718217938411 9.2 147
1718217948479 10.0 148
1718217958505 9.1 149
1718217968730 10.7 150
1718217978755 7.9 151
1718217988803 11.2 152
1718217998831 10.8 153
1718218008854 11.4 154
1718218018880 11.2 155
1718218028908 10.8 156
1718218038934 11.5 157
1718218048959 10.8 158
1718218058985 10.7 159
1718218069015 7.0 160
1718218079047 10.2 161
1718218089075 9.1 162
1718218099100 8.9 163
1718218109127 11.1 164
1718218119152 10.1 165
1718218129174 10.5 166
1718218139202 8.7 167
1718218149232 8.7 168
1718218159279 10.6 169
1718218169330 12.2 170
1718218179376 9.6 171
1718218189411 9.3 172
1718218199455 12.0 173
1718218209487 10.1 174
1718218219542 8.4 175
1718218229588 8.5 176
1718218239677 9.0 177
1718218249766 9.0 178
1718218259799 9.3 179
1718218269836 8.8 180
1718218279873 8.4 181
1718218289915 9.1 182
1718218299945 8.6 183
1718218309972 8.6 184
1718218320050 8.0 185
1718218330081 9.7 186
1718218340132 10.0 187
1718218350162 11.7 188
1718218360191 11.6 189
1718218370219 14.2 190
1718218380248 12.5 191
1718218390273 13.1 192
1718218400301 12.3 193
1718218410350 11.8 194
1718218420424 12.4 195
1718218430497 11.5 196
1718218440526 11.0 197
1718218450553 10.3 198
1718218460581 12.0 199
1718218470611 12.5 200
1718218480646 12.7 201
1718218490673 15.7 202
1718218500703 12.9 203
1718218510726 12.9 204
1718218520757 13.1 205
1718218530799 13.9 206
