1718216463721 63.0 0
1718216473775 63.0 1
1718216483803 63.0 2
1718216493823 63.0 3
1718216503853 63.0 4
1718216513886 63.0 5
1718216523916 63.0 6
1718216533938 63.0 7
1718216543960 63.0 8
1718216553981 63.0 9
1718216564003 63.0 10
1718216574023 63.0 11
1718216584045 63.0 12
1718216594064 63.0 13
1718216604084 63.0 14
1718216614106 63.0 15
1718216624129 63.0 16
1718216634152 63.0 17
1718216644174 63.0 18
1718216654195 63.0 19
1718216664218 63.0 20
1718216674244 63.0 21
1718216684276 63.0 22
1718216694297 63.0 23
1718216704319 63.0 24
1718216714342 63.0 25
1718216724359 63.0 26
1718216734380 63.0 27
1718216744401 63.0 28
1718216754425 63.0 29
1718216764452 63.0 30
1718216774475 63.0 31
1718216784506 63.0 32
1718216794533 63.0 33
1718216804561 63.0 34
1718216814589 63.0 35
1718216824617 63.0 36
1718216834649 63.0 37
1718216844672 63.0 38
1718216854691 63.0 39
1718216864710 63.0 40
1718216874733 63.0 41
1718216884757 63.0 42
1718216894780 63.0 43
1718216904807 63.0 44
1718216914830 63.0 45
1718216924860 63.0 46
1718216934895 63.0 47
1718216944918 63.0 48
1718216954940 63.0 49
1718216964978 63.0 50
1718216975036 63.1 51
1718216985058 63.1 52
1718216995079 63.1 53
1718217005105 63.1 54
1718217015128 63.1 55
1718217025153 63.1 56
1718217035178 63.1 57
1718217045211 63.1 58
1718217055235 63.1 59
1718217065258 63.1 60
1718217075291 63.1 61
1718217085349 63.1 62
1718217095384 63.1 63
1718217105407 63.1 64
1718217115444 63.1 65
1718217125470 63.1 66
1718217135492 63.1 67
1718217145511 63.1 68
1718217155534 63.1 69
1718217165559 63.1 70
1718217175586 63.1 71
1718217185620 63.1 72
1718217195643 63.1 73
1718217205673 63.1 74
1718217215727 63.1 75
1718217225758 63.1 76
1718217235787 63.1 77
1718217245810 63.1 78
1718217255841 63.1 79
1718217265875 63.1 80
1718217275915 63.1 81
1718217285942 63.1 82
1718217295974 63.1 83
1718217305999 63.1 84
1718217316024 63.1 85
1718217326306 63.1 86
1718217336329 63.1 87
1718217346356 63.1 88
1718217356379 63.1 89
1718217366401 63.1 90
1718217376424 63.1 91
1718217386449 63.1 92
1718217396472 63.1 93
1718217406493 63.1 94
1718217416519 63.1 95
1718217426542 63.1 96
1718217436563 63.1 97
1718217446582 63.1 98
1718217456606 63.1 99
1718217466637 63.1 100
1718217476668 63.2 101
1718217486706 63.2 102
1718217496738 63.2 103
1718217506778 63.2 104
1718217516805 63.2 105
1718217526837 63.2 106
1718217536860 63.2 107
1718217546887 63.2 108
1718217556914 63.2 109
1718217566936 63.2 110
1718217576961 63.2 111
1718217586991 63.2 112
1718217597012 63.2 113
1718217607035 63.2 114
1718217617060 63.2 115
1718217627087 63.2 116
1718217637128 63.2 117
1718217647223 63.2 118
1718217657251 63.2 119
1718217667324 63.2 120
1718217677356 63.2 121
1718217687382 63.2 122
1718217697411 63.2 123
1718217707442 63.2 124
1718217717476 63.2 125
1718217727519 63.2 126
1718217737563 63.2 127
1718217747599 63.2 128
1718217757638 63.2 129
1718217767719 63.2 130
1718217777757 63.2 131
1718217787813 63.2 132
1718217797902 63.2 133
1718217807944 63.2 134
1718217817974 63.2 135
1718217828003 63.2 136
1718217838047 63.2 137
1718217848129 63.2 138
1718217858155 63.2 139
1718217868198 63.2 140
1718217878229 63.2 141
1718217888254 63.2 142
1718217898282 63.2 143
1718217908325 63.2 144
1718217918352 63.2 145
1718217928378 63.2 146
1718217938411 63.2 147
1718217948479 63.2 148
1718217958505 63.2 149
1718217968730 63.2 150
1718217978755 63.3 151
1718217988803 63.3 152
1718217998831 63.3 153
1718218008854 63.3 154
1718218018880 63.3 155
1718218028908 63.3 156
1718218038934 63.3 157
1718218048959 63.3 158
1718218058985 63.3 159
1718218069015 63.3 160
1718218079047 63.3 161
1718218089075 63.3 162
1718218099100 63.3 163
1718218109127 63.3 164
1718218119152 63.3 165
1718218129174 63.3 166
1718218139202 63.3 167
1718218149232 63.3 168
1718218159279 63.3 169
1718218169330 63.3 170
1718218179376 63.3 171
1718218189411 63.3 172
1718218199455 63.3 173
1718218209487 63.3 174
1718218219542 63.3 175
1718218229588 63.3 176
1718218239677 63.3 177
1718218249766 63.3 178
1718218259799 63.3 179
1718218269836 63.3 180
1718218279873 63.3 181
1718218289915 63.3 182
1718218299945 63.3 183
1718218309972 63.3 184
1718218320050 63.3 185
1718218330081 63.3 186
1718218340132 63.3 187
1718218350162 63.3 188
1718218360191 63.3 189
1718218370219 63.3 190
1718218380248 63.3 191
1718218390273 63.3 192
1718218400301 63.3 193
1718218410350 63.3 194
1718218420424 63.3 195
1718218430497 63.3 196
1718218440526 63.3 197
1718218450553 63.3 198
1718218460581 63.3 199
1718218470611 63.3 200
1718218480646 63.3 201
1718218490673 63.4 202
1718218500703 63.4 203
1718218510726 63.4 204
1718218520757 63.4 205
1718218530799 63.4 206
