1718216463721 587328.4 0
1718216473775 587329.5 1
1718216483803 587330.2 2
1718216493823 587329.2 3
1718216503853 587329.2 4
1718216513886 587327.2 5
1718216523916 587328.6 6
1718216533938 587329.7 7
1718216543960 587329.3 8
1718216553981 587327.5 9
1718216564003 587328.0 10
1718216574023 587328.7 11
1718216584045 587330.1 12
1718216594064 587321.7 13
1718216604084 587318.6 14
1718216614106 587319.1 15
1718216624129 587320.1 16
1718216634152 587320.2 17
1718216644174 587320.9 18
1718216654195 587321.5 19
1718216664218 587321.5 20
1718216674244 587321.2 21
1718216684276 587318.9 22
1718216694297 587318.9 23
1718216704319 587319.0 24
1718216714342 587319.0 25
1718216724359 587319.0 26
1718216734380 587319.0 27
1718216744401 587317.0 28
1718216754425 587317.0 29
1718216764452 587317.0 30
1718216774475 587317.2 31
1718216784506 587317.2 32
1718216794533 587316.8 33
1718216804561 587317.3 34
1718216814589 587317.5 35
1718216824617 587318.1 36
1718216834649 587318.1 37
1718216844672 587318.1 38
1718216854691 587318.3 39
1718216864710 587318.3 40
1718216874733 587318.3 41
1718216884757 587318.4 42
1718216894780 587318.4 43
1718216904807 587318.4 44
1718216914830 587318.4 45
1718216924860 587318.4 46
1718216934895 587318.4 47
1718216944918 587318.5 48
1718216954940 587318.5 49
1718216964978 587318.5 50
1718216975036 588409.7 51
1718216985058 588409.7 52
1718216995079 588409.7 53
1718217005105 588409.7 54
1718217015128 588409.7 55
1718217025153 588409.7 56
1718217035178 588409.7 57
1718217045211 588409.7 58
1718217055235 588409.8 59
1718217065258 588410.0 60
1718217075291 588410.1 61
1718217085349 588410.1 62
1718217095384 588410.1 63
1718217105407 588410.7 64
1718217115444 588411.1 65
1718217125470 588411.5 66
1718217135492 588411.5 67
1718217145511 588411.6 68
1718217155534 588411.7 69
1718217165559 588411.7 70
1718217175586 588411.7 71
1718217185620 588411.7 72
1718217195643 588411.8 73
1718217205673 588411.8 74
1718217215727 588412.0 75
1718217225758 588419.6 76
1718217235787 588422.8 77
1718217245810 588423.2 78
1718217255841 588424.7 79
1718217265875 588425.4 80
1718217275915 588425.5 81
1718217285942 588425.7 82
1718217295974 588426.0 83
1718217305999 588426.1 84
1718217316024 588426.2 85
1718217326306 588426.4 86
1718217336329 588426.6 87
1718217346356 588426.6 88
1718217356379 588430.3 89
1718217366401 588433.8 90
1718217376424 588434.3 91
1718217386449 588434.8 92
1718217396472 588435.0 93
1718217406493 588435.9 94
1718217416519 588436.2 95
1718217426542 588439.2 96
1718217436563 588439.2 97
1718217446582 588439.2 98
1718217456606 588439.5 99
1718217466637 588439.9 100
1718217476668 589531.1 101
1718217486706 589531.1 102
1718217496738 589531.5 103
1718217506778 589531.6 104
1718217516805 589531.6 105
1718217526837 589531.8 106
1718217536860 589531.8 107
1718217546887 589532.0 108
1718217556914 589532.2 109
1718217566936 589532.1 110
1718217576961 589531.4 111
1718217586991 589528.8 112
1718217597012 589529.3 113
1718217607035 589529.3 114
1718217617060 589529.3 115
1718217627087 589529.3 116
1718217637128 589529.4 117
1718217647223 589529.4 118
1718217657251 589529.4 119
1718217667324 589529.4 120
1718217677356 589529.4 121
1718217687382 589529.4 122
1718217697411 589529.4 123
1718217707442 589529.9 124
1718217717476 589530.3 125
1718217727519 589530.2 126
1718217737563 589530.2 127
1718217747599 589530.1 128
1718217757638 589530.2 129
1718217767719 589531.0 130
1718217777757 589531.0 131
1718217787813 589531.0 132
1718217797902 589531.0 133
1718217807944 589531.1 134
1718217817974 589531.1 135
1718217828003 589531.1 136
1718217838047 589531.2 137
1718217848129 589531.2 138
1718217858155 589531.2 139
1718217868198 589531.2 140
1718217878229 589531.2 141
1718217888254 589531.4 142
1718217898282 589531.6 143
1718217908325 589531.6 144
1718217918352 589531.6 145
1718217928378 589531.6 146
1718217938411 589531.6 147
1718217948479 589531.6 148
1718217958505 589531.7 149
1718217968730 589532.2 150
1718217978755 590623.6 151
1718217988803 590623.6 152
1718217998831 590623.6 153
1718218008854 590623.7 154
1718218018880 590623.7 155
1718218028908 590623.7 156
1718218038934 590623.7 157
1718218048959 590623.7 158
1718218058985 590623.8 159
1718218069015 590623.8 160
1718218079047 590624.4 161
1718218089075 590624.6 162
1718218099100 590624.7 163
1718218109127 590624.8 164
1718218119152 590624.8 165
1718218129174 590624.9 166
1718218139202 590624.8 167
1718218149232 590624.8 168
1718218159279 590624.9 169
1718218169330 590625.1 170
1718218179376 590625.1 171
1718218189411 590625.1 172
1718218199455 590625.1 173
1718218209487 590625.1 174
1718218219542 590625.1 175
1718218229588 590625.1 176
1718218239677 590625.1 177
1718218249766 590625.1 178
1718218259799 590625.2 179
1718218269836 590625.2 180
1718218279873 590625.2 181
1718218289915 590625.2 182
1718218299945 590625.2 183
1718218309972 590625.2 184
1718218320050 590625.2 185
1718218330081 590625.2 186
1718218340132 590625.3 187
1718218350162 590625.3 188
1718218360191 590625.3 189
1718218370219 590626.1 190
1718218380248 590626.1 191
1718218390273 590626.1 192
1718218400301 590626.3 193
1718218410350 590626.3 194
1718218420424 590626.4 195
1718218430497 590626.5 196
1718218440526 590626.4 197
1718218450553 590626.4 198
1718218460581 590627.5 199
1718218470611 590628.4 200
1718218480646 590627.7 201
1718218490673 591718.8 202
1718218500703 591718.8 203
1718218510726 591718.8 204
1718218520757 591718.8 205
1718218530799 591718.9 206
