1718216463721 345492.4 0
1718216473775 345491.3 1
1718216483803 345490.7 2
1718216493823 345491.6 3
1718216503853 345491.6 4
1718216513886 345493.6 5
1718216523916 345492.2 6
1718216533938 345491.2 7
1718216543960 345491.6 8
1718216553981 345493.3 9
1718216564003 345492.8 10
1718216574023 345492.1 11
1718216584045 345490.7 12
1718216594064 345499.1 13
1718216604084 345502.2 14
1718216614106 345501.7 15
1718216624129 345500.7 16
1718216634152 345500.6 17
1718216644174 345499.9 18
1718216654195 345499.3 19
1718216664218 345499.3 20
1718216674244 345499.7 21
1718216684276 345501.9 22
1718216694297 345501.9 23
1718216704319 345501.8 24
1718216714342 345501.8 25
1718216724359 345501.8 26
1718216734380 345501.8 27
1718216744401 345503.9 28
1718216754425 345503.8 29
1718216764452 345503.8 30
1718216774475 345503.6 31
1718216784506 345503.6 32
1718216794533 345504.1 33
1718216804561 345503.5 34
1718216814589 345503.3 35
1718216824617 345502.7 36
1718216834649 345502.7 37
1718216844672 345502.7 38
1718216854691 345502.5 39
1718216864710 345502.5 40
1718216874733 345502.5 41
1718216884757 345502.5 42
1718216894780 345502.5 43
1718216904807 345502.4 44
1718216914830 345502.4 45
1718216924860 345502.4 46
1718216934895 345502.4 47
1718216944918 345502.3 48
1718216954940 345502.3 49
1718216964978 345502.3 50
1718216975036 344411.1 51
1718216985058 344411.1 52
1718216995079 344411.1 53
1718217005105 344411.1 54
1718217015128 344411.1 55
1718217025153 344411.1 56
1718217035178 344411.1 57
1718217045211 344411.1 58
1718217055235 344411.0 59
1718217065258 344410.8 60
1718217075291 344410.7 61
1718217085349 344410.7 62
1718217095384 344410.7 63
1718217105407 344410.2 64
1718217115444 344409.7 65
1718217125470 344409.3 66
1718217135492 344409.3 67
1718217145511 344409.2 68
1718217155534 344409.1 69
1718217165559 344409.1 70
1718217175586 344409.1 71
1718217185620 344409.1 72
1718217195643 344409.0 73
1718217205673 344409.0 74
1718217215727 344408.9 75
1718217225758 344401.2 76
1718217235787 344398.0 77
1718217245810 344397.6 78
1718217255841 344396.1 79
1718217265875 344395.4 80
1718217275915 344395.3 81
1718217285942 344395.1 82
1718217295974 344394.8 83
1718217305999 344394.7 84
1718217316024 344394.6 85
1718217326306 344394.4 86
1718217336329 344394.3 87
1718217346356 344394.2 88
1718217356379 344390.5 89
1718217366401 344387.0 90
1718217376424 344386.5 91
1718217386449 344386.0 92
1718217396472 344385.8 93
1718217406493 344384.9 94
1718217416519 344384.6 95
1718217426542 344381.6 96
1718217436563 344381.6 97
1718217446582 344381.6 98
1718217456606 344381.3 99
1718217466637 344380.9 100
1718217476668 343289.8 101
1718217486706 343289.7 102
1718217496738 343289.3 103
1718217506778 343289.2 104
1718217516805 343289.2 105
1718217526837 343289.0 106
1718217536860 343289.0 107
1718217546887 343288.8 108
1718217556914 343288.7 109
1718217566936 343288.7 110
1718217576961 343289.4 111
1718217586991 343292.0 112
1718217597012 343291.5 113
1718217607035 343291.5 114
1718217617060 343291.5 115
1718217627087 343291.5 116
1718217637128 343291.4 117
1718217647223 343291.4 118
1718217657251 343291.4 119
1718217667324 343291.4 120
1718217677356 343291.4 121
1718217687382 343291.4 122
1718217697411 343291.4 123
1718217707442 343290.9 124
1718217717476 343290.5 125
1718217727519 343290.6 126
1718217737563 343290.6 127
1718217747599 343290.7 128
1718217757638 343290.6 129
1718217767719 343289.8 130
1718217777757 343289.8 131
1718217787813 343289.8 132
1718217797902 343289.8 133
1718217807944 343289.7 134
1718217817974 343289.8 135
1718217828003 343289.7 136
1718217838047 343289.6 137
1718217848129 343289.6 138
1718217858155 343289.6 139
1718217868198 343289.6 140
1718217878229 343289.6 141
1718217888254 343289.4 142
1718217898282 343289.3 143
1718217908325 343289.2 144
1718217918352 343289.2 145
1718217928378 343289.2 146
1718217938411 343289.2 147
1718217948479 343289.2 148
1718217958505 343289.2 149
1718217968730 343288.6 150
1718217978755 342197.2 151
1718217988803 342197.2 152
1718217998831 342197.2 153
1718218008854 342197.2 154
1718218018880 342197.2 155
1718218028908 342197.1 156
1718218038934 342197.1 157
1718218048959 342197.1 158
1718218058985 342197.0 159
1718218069015 342197.0 160
1718218079047 342196.4 161
1718218089075 342196.2 162
1718218099100 342196.1 163
1718218109127 342196.0 164
1718218119152 342196.0 165
1718218129174 342195.9 166
1718218139202 342196.0 167
1718218149232 342196.0 168
1718218159279 342195.9 169
1718218169330 342195.7 170
1718218179376 342195.7 171
1718218189411 342195.7 172
1718218199455 342195.7 173
1718218209487 342195.7 174
1718218219542 342195.7 175
1718218229588 342195.7 176
1718218239677 342195.7 177
1718218249766 342195.7 178
1718218259799 342195.7 179
1718218269836 342195.7 180
1718218279873 342195.6 181
1718218289915 342195.6 182
1718218299945 342195.6 183
1718218309972 342195.6 184
1718218320050 342195.6 185
1718218330081 342195.6 186
1718218340132 342195.5 187
1718218350162 342195.5 188
1718218360191 342195.5 189
1718218370219 342194.7 190
1718218380248 342194.7 191
1718218390273 342194.7 192
1718218400301 342194.5 193
1718218410350 342194.5 194
1718218420424 342194.5 195
1718218430497 342194.3 196
1718218440526 342194.4 197
1718218450553 342194.4 198
1718218460581 342193.3 199
1718218470611 342192.4 200
1718218480646 342193.1 201
1718218490673 341102.0 202
1718218500703 341102.0 203
1718218510726 341102.0 204
1718218520757 341102.0 205
1718218530799 341102.0 206
