1718216463721 37.7 0
1718216473775 45.1 1
1718216483803 45.5 2
1718216493823 44.8 3
1718216503853 45.7 4
1718216513886 45.6 5
1718216523916 45.9 6
1718216533938 45.5 7
1718216543960 44.9 8
1718216553981 45.4 9
1718216564003 45.4 10
1718216574023 45.5 11
1718216584045 45.4 12
1718216594064 45.1 13
1718216604084 45.4 14
1718216614106 45.4 15
1718216624129 45.4 16
1718216634152 45.0 17
1718216644174 45.6 18
1718216654195 45.2 19
1718216664218 44.8 20
1718216674244 45.4 21
1718216684276 45.1 22
1718216694297 45.4 23
1718216704319 45.2 24
1718216714342 47.1 25
1718216724359 44.7 26
1718216734380 44.7 27
1718216744401 45.0 28
1718216754425 44.7 29
1718216764452 44.5 30
1718216774475 44.6 31
1718216784506 44.6 32
1718216794533 45.0 33
1718216804561 44.8 34
1718216814589 45.1 35
1718216824617 44.9 36
1718216834649 44.9 37
1718216844672 45.7 38
1718216854691 44.8 39
1718216864710 44.6 40
1718216874733 44.1 41
1718216884757 44.1 42
1718216894780 43.9 43
1718216904807 43.9 44
1718216914830 43.9 45
1718216924860 43.8 46
1718216934895 44.0 47
1718216944918 43.8 48
1718216954940 43.9 49
1718216964978 43.9 50
1718216975036 44.1 51
1718216985058 44.1 52
1718216995079 44.4 53
1718217005105 44.2 54
1718217015128 43.9 55
1718217025153 43.9 56
1718217035178 43.9 57
1718217045211 43.9 58
1718217055235 43.9 59
1718217065258 44.0 60
1718217075291 43.9 61
1718217085349 43.9 62
1718217095384 44.0 63
1718217105407 44.4 64
1718217115444 44.5 65
1718217125470 44.0 66
1718217135492 44.3 67
1718217145511 44.2 68
1718217155534 44.1 69
1718217165559 44.2 70
1718217175586 44.1 71
1718217185620 44.0 72
1718217195643 43.6 73
1718217205673 43.6 74
1718217215727 43.8 75
1718217225758 43.8 76
1718217235787 43.6 77
1718217245810 43.6 78
1718217255841 43.7 79
1718217265875 43.8 80
1718217275915 43.6 81
1718217285942 43.2 82
1718217295974 43.4 83
1718217305999 44.9 84
1718217316024 44.6 85
1718217326306 44.6 86
1718217336329 44.4 87
1718217346356 44.5 88
1718217356379 44.1 89
1718217366401 44.6 90
1718217376424 44.9 91
1718217386449 44.6 92
1718217396472 44.5 93
1718217406493 44.7 94
1718217416519 44.7 95
1718217426542 44.6 96
1718217436563 44.6 97
1718217446582 44.5 98
1718217456606 44.9 99
1718217466637 44.8 100
1718217476668 44.2 101
1718217486706 44.2 102
1718217496738 44.2 103
1718217506778 44.3 104
1718217516805 44.6 105
1718217526837 45.0 106
1718217536860 44.9 107
1718217546887 44.9 108
1718217556914 45.0 109
1718217566936 45.5 110
1718217576961 44.8 111
1718217586991 44.8 112
1718217597012 45.0 113
1718217607035 44.4 114
1718217617060 44.4 115
1718217627087 44.4 116
1718217637128 44.3 117
1718217647223 44.3 118
1718217657251 44.2 119
1718217667324 44.2 120
1718217677356 44.2 121
1718217687382 44.3 122
1718217697411 44.4 123
1718217707442 48.1 124
1718217717476 45.0 125
1718217727519 44.6 126
1718217737563 44.4 127
1718217747599 44.4 128
1718217757638 44.5 129
1718217767719 44.4 130
1718217777757 43.9 131
1718217787813 43.9 132
1718217797902 43.9 133
1718217807944 44.5 134
1718217817974 44.1 135
1718217828003 45.9 136
1718217838047 46.0 137
1718217848129 45.9 138
1718217858155 46.1 139
1718217868198 45.5 140
1718217878229 45.6 141
1718217888254 45.2 142
1718217898282 45.6 143
1718217908325 44.2 144
1718217918352 44.3 145
1718217928378 44.1 146
1718217938411 44.1 147
1718217948479 44.1 148
1718217958505 44.1 149
1718217968730 44.5 150
1718217978755 44.2 151
1718217988803 44.1 152
1718217998831 44.1 153
1718218008854 44.2 154
1718218018880 44.2 155
1718218028908 44.2 156
1718218038934 44.0 157
1718218048959 44.0 158
1718218058985 44.1 159
1718218069015 44.1 160
1718218079047 44.6 161
1718218089075 44.2 162
1718218099100 44.5 163
1718218109127 46.4 164
1718218119152 45.6 165
1718218129174 45.2 166
1718218139202 45.0 167
1718218149232 45.1 168
1718218159279 45.7 169
1718218169330 46.3 170
1718218179376 46.2 171
1718218189411 45.9 172
1718218199455 45.5 173
1718218209487 45.0 174
1718218219542 45.0 175
1718218229588 45.1 176
1718218239677 45.1 177
1718218249766 44.3 178
1718218259799 44.3 179
1718218269836 44.2 180
1718218279873 44.3 181
1718218289915 44.5 182
1718218299945 44.4 183
1718218309972 44.6 184
1718218320050 44.3 185
1718218330081 44.3 186
1718218340132 44.5 187
1718218350162 44.5 188
1718218360191 44.5 189
1718218370219 45.2 190
1718218380248 44.5 191
1718218390273 44.4 192
1718218400301 44.4 193
1718218410350 44.3 194
1718218420424 45.9 195
1718218430497 45.4 196
1718218440526 45.4 197
1718218450553 45.5 198
1718218460581 46.3 199
1718218470611 46.2 200
1718218480646 45.9 201
1718218490673 45.6 202
1718218500703 45.4 203
1718218510726 45.4 204
1718218520757 45.3 205
1718218530799 45.1 206
