1718216463721 4859.3 0
1718216473775 5811.3 1
1718216483803 5862.5 2
1718216493823 5778.1 3
1718216503853 5883.5 4
1718216513886 5879.0 5
1718216523916 5914.5 6
1718216533938 5864.4 7
1718216543960 5787.0 8
1718216553981 5846.0 9
1718216564003 5853.7 10
1718216574023 5859.5 11
1718216584045 5854.5 12
1718216594064 5807.9 13
1718216604084 5846.3 14
1718216614106 5850.1 15
1718216624129 5845.9 16
1718216634152 5799.5 17
1718216644174 5871.1 18
1718216654195 5822.3 19
1718216664218 5778.6 20
1718216674244 5852.8 21
1718216684276 5815.6 22
1718216694297 5850.5 23
1718216704319 5824.6 24
1718216714342 6064.6 25
1718216724359 5760.9 26
1718216734380 5760.9 27
1718216744401 5804.5 28
1718216754425 5755.8 29
1718216764452 5734.1 30
1718216774475 5741.7 31
1718216784506 5749.3 32
1718216794533 5794.0 33
1718216804561 5769.1 34
1718216814589 5804.9 35
1718216824617 5779.1 36
1718216834649 5787.5 37
1718216844672 5892.5 38
1718216854691 5776.3 39
1718216864710 5749.1 40
1718216874733 5679.6 41
1718216884757 5676.2 42
1718216894780 5654.0 43
1718216904807 5662.2 44
1718216914830 5656.6 45
1718216924860 5644.4 46
1718216934895 5663.2 47
1718216944918 5643.8 48
1718216954940 5651.5 49
1718216964978 5657.8 50
1718216975036 5675.9 51
1718216985058 5683.2 52
1718216995079 5719.5 53
1718217005105 5691.1 54
1718217015128 5652.8 55
1718217025153 5654.3 56
1718217035178 5659.4 57
1718217045211 5658.2 58
1718217055235 5652.5 59
1718217065258 5663.7 60
1718217075291 5656.0 61
1718217085349 5656.4 62
1718217095384 5665.1 63
1718217105407 5726.3 64
1718217115444 5735.9 65
1718217125470 5664.4 66
1718217135492 5712.8 67
1718217145511 5692.9 68
1718217155534 5684.2 69
1718217165559 5691.7 70
1718217175586 5687.9 71
1718217185620 5663.1 72
1718217195643 5623.4 73
1718217205673 5620.2 74
1718217215727 5649.5 75
1718217225758 5637.3 76
1718217235787 5619.3 77
1718217245810 5617.4 78
1718217255841 5635.2 79
1718217265875 5639.7 80
1718217275915 5612.4 81
1718217285942 5572.7 82
1718217295974 5589.2 83
1718217305999 5784.5 84
1718217316024 5749.2 85
1718217326306 5750.1 86
1718217336329 5721.0 87
1718217346356 5734.5 88
1718217356379 5684.1 89
1718217366401 5752.8 90
1718217376424 5788.5 91
1718217386449 5744.3 92
1718217396472 5733.4 93
1718217406493 5754.1 94
1718217416519 5754.7 95
1718217426542 5746.5 96
1718217436563 5752.5 97
1718217446582 5728.4 98
1718217456606 5784.9 99
1718217466637 5775.3 100
1718217476668 5699.3 101
1718217486706 5697.9 102
1718217496738 5696.1 103
1718217506778 5709.0 104
1718217516805 5742.8 105
1718217526837 5792.9 106
1718217536860 5786.4 107
1718217546887 5782.1 108
1718217556914 5799.7 109
1718217566936 5858.7 110
1718217576961 5772.3 111
1718217586991 5766.8 112
1718217597012 5797.1 113
1718217607035 5719.3 114
1718217617060 5726.7 115
1718217627087 5724.5 116
1718217637128 5714.1 117
1718217647223 5709.4 118
1718217657251 5701.4 119
1718217667324 5701.0 120
1718217677356 5692.7 121
1718217687382 5704.3 122
1718217697411 5717.2 123
1718217707442 6197.6 124
1718217717476 5796.0 125
1718217727519 5740.5 126
1718217737563 5720.3 127
1718217747599 5719.9 128
1718217757638 5729.0 129
1718217767719 5715.3 130
1718217777757 5655.4 131
1718217787813 5654.8 132
1718217797902 5654.6 133
1718217807944 5729.2 134
1718217817974 5678.1 135
1718217828003 5911.0 136
1718217838047 5923.7 137
1718217848129 5917.3 138
1718217858155 5941.8 139
1718217868198 5863.6 140
1718217878229 5881.0 141
1718217888254 5822.4 142
1718217898282 5876.8 143
1718217908325 5694.8 144
1718217918352 5708.2 145
1718217928378 5684.3 146
1718217938411 5684.3 147
1718217948479 5684.3 148
1718217958505 5687.2 149
1718217968730 5736.0 150
1718217978755 5699.5 151
1718217988803 5686.7 152
1718217998831 5686.7 153
1718218008854 5695.1 154
1718218018880 5697.0 155
1718218028908 5694.4 156
1718218038934 5673.6 157
1718218048959 5673.6 158
1718218058985 5677.8 159
1718218069015 5682.0 160
1718218079047 5748.6 161
1718218089075 5696.5 162
1718218099100 5739.4 163
1718218109127 5983.8 164
1718218119152 5873.9 165
1718218129174 5829.6 166
1718218139202 5799.7 167
1718218149232 5816.7 168
1718218159279 5894.5 169
1718218169330 5969.6 170
1718218179376 5957.6 171
1718218189411 5920.2 172
1718218199455 5863.2 173
1718218209487 5798.6 174
1718218219542 5792.5 175
1718218229588 5812.1 176
1718218239677 5807.0 177
1718218249766 5705.2 178
1718218259799 5709.2 179
1718218269836 5700.8 180
1718218279873 5704.4 181
1718218289915 5737.3 182
1718218299945 5718.7 183
1718218309972 5749.2 184
1718218320050 5705.6 185
1718218330081 5705.6 186
1718218340132 5739.4 187
1718218350162 5732.5 188
1718218360191 5737.3 189
1718218370219 5823.9 190
1718218380248 5739.2 191
1718218390273 5718.5 192
1718218400301 5723.1 193
1718218410350 5707.9 194
1718218420424 5915.7 195
1718218430497 5848.4 196
1718218440526 5848.7 197
1718218450553 5856.8 198
1718218460581 5959.6 199
1718218470611 5948.0 200
1718218480646 5914.9 201
1718218490673 5880.7 202
1718218500703 5852.1 203
1718218510726 5843.5 204
1718218520757 5835.1 205
1718218530799 5816.1 206
