1718216463721 3.0 0
1718216473775 64.0 1
1718216483803 87.0 2
1718216493823 78.0 3
1718216503853 82.0 4
1718216513886 82.0 5
1718216523916 82.0 6
1718216533938 89.0 7
1718216543960 84.0 8
1718216553981 86.0 9
1718216564003 85.0 10
1718216574023 85.0 11
1718216584045 75.0 12
1718216594064 84.0 13
1718216604084 83.0 14
1718216614106 82.0 15
1718216624129 85.0 16
1718216634152 88.0 17
1718216644174 73.0 18
1718216654195 82.0 19
1718216664218 85.0 20
1718216674244 83.0 21
1718216684276 88.0 22
1718216694297 87.0 23
1718216704319 74.0 24
1718216714342 89.0 25
1718216724359 84.0 26
1718216734380 89.0 27
1718216744401 85.0 28
1718216754425 75.0 29
1718216764452 87.0 30
1718216774475 82.0 31
1718216784506 87.0 32
1718216794533 89.0 33
1718216804561 84.0 34
1718216814589 84.0 35
1718216824617 88.0 36
1718216834649 82.0 37
1718216844672 88.0 38
1718216854691 87.0 39
1718216864710 87.0 40
1718216874733 87.0 41
1718216884757 86.0 42
1718216894780 86.0 43
1718216904807 91.0 44
1718216914830 86.0 45
1718216924860 86.0 46
1718216934895 88.0 47
1718216944918 86.0 48
1718216954940 90.0 49
1718216964978 86.0 50
1718216975036 88.0 51
1718216985058 81.0 52
1718216995079 86.0 53
1718217005105 85.0 54
1718217015128 87.0 55
1718217025153 82.0 56
1718217035178 83.0 57
1718217045211 74.0 58
1718217055235 90.0 59
1718217065258 83.0 60
1718217075291 84.0 61
1718217085349 83.0 62
1718217095384 88.0 63
1718217105407 91.0 64
1718217115444 82.0 65
1718217125470 77.0 66
1718217135492 85.0 67
1718217145511 87.0 68
1718217155534 83.0 69
1718217165559 85.0 70
1718217175586 85.0 71
1718217185620 85.0 72
1718217195643 83.0 73
1718217205673 83.0 74
1718217215727 75.0 75
1718217225758 89.0 76
1718217235787 85.0 77
1718217245810 75.0 78
1718217255841 77.0 79
1718217265875 86.0 80
1718217275915 84.0 81
1718217285942 88.0 82
1718217295974 84.0 83
1718217305999 84.0 84
1718217316024 89.0 85
1718217326306 85.0 86
1718217336329 33.0 87
1718217346356 88.0 88
1718217356379 85.0 89
1718217366401 85.0 90
1718217376424 85.0 91
1718217386449 87.0 92
1718217396472 85.0 93
1718217406493 86.0 94
1718217416519 86.0 95
1718217426542 86.0 96
1718217436563 86.0 97
1718217446582 87.0 98
1718217456606 86.0 99
1718217466637 87.0 100
1718217476668 82.0 101
1718217486706 83.0 102
1718217496738 81.0 103
1718217506778 85.0 104
1718217516805 88.0 105
1718217526837 84.0 106
1718217536860 82.0 107
1718217546887 79.0 108
1718217556914 82.0 109
1718217566936 88.0 110
1718217576961 85.0 111
1718217586991 84.0 112
1718217597012 89.0 113
1718217607035 84.0 114
1718217617060 75.0 115
1718217627087 76.0 116
1718217637128 81.0 117
1718217647223 87.0 118
1718217657251 83.0 119
1718217667324 84.0 120
1718217677356 83.0 121
1718217687382 84.0 122
1718217697411 84.0 123
1718217707442 89.0 124
1718217717476 75.0 125
1718217727519 89.0 126
1718217737563 82.0 127
1718217747599 83.0 128
1718217757638 88.0 129
1718217767719 83.0 130
1718217777757 89.0 131
1718217787813 84.0 132
1718217797902 85.0 133
1718217807944 88.0 134
1718217817974 86.0 135
1718217828003 80.0 136
1718217838047 93.0 137
1718217848129 85.0 138
1718217858155 86.0 139
1718217868198 86.0 140
1718217878229 87.0 141
1718217888254 86.0 142
1718217898282 86.0 143
1718217908325 85.0 144
1718217918352 85.0 145
1718217928378 85.0 146
1718217938411 86.0 147
1718217948479 87.0 148
1718217958505 87.0 149
1718217968730 86.0 150
1718217978755 5.0 151
1718217988803 83.0 152
1718217998831 85.0 153
1718218008854 88.0 154
1718218018880 86.0 155
1718218028908 74.0 156
1718218038934 89.0 157
1718218048959 88.0 158
1718218058985 90.0 159
1718218069015 83.0 160
1718218079047 83.0 161
1718218089075 83.0 162
1718218099100 83.0 163
1718218109127 74.0 164
1718218119152 84.0 165
1718218129174 85.0 166
1718218139202 87.0 167
1718218149232 85.0 168
1718218159279 91.0 169
1718218169330 77.0 170
1718218179376 83.0 171
1718218189411 88.0 172
1718218199455 86.0 173
1718218209487 72.0 174
1718218219542 71.0 175
1718218229588 75.0 176
1718218239677 88.0 177
1718218249766 79.0 178
1718218259799 89.0 179
1718218269836 84.0 180
1718218279873 87.0 181
1718218289915 83.0 182
1718218299945 88.0 183
1718218309972 89.0 184
1718218320050 81.0 185
1718218330081 85.0 186
1718218340132 76.0 187
1718218350162 90.0 188
1718218360191 88.0 189
1718218370219 91.0 190
1718218380248 89.0 191
1718218390273 88.0 192
1718218400301 86.0 193
1718218410350 89.0 194
1718218420424 89.0 195
1718218430497 86.0 196
1718218440526 86.0 197
1718218450553 86.0 198
1718218460581 86.0 199
1718218470611 86.0 200
1718218480646 92.0 201
1718218490673 83.0 202
1718218500703 85.0 203
1718218510726 76.0 204
1718218520757 84.0 205
1718218530799 88.0 206
