1718216463721 0.0 0
1718216473775 0.023160999999163323 1
1718216483803 0.08358799999950861 2
1718216493823 0.0982399999993504 3
1718216503853 0.10041899999851012 4
1718216513886 0.19778899999982968 5
1718216523916 0.329197999999451 6
1718216533938 0.4360319999996136 7
1718216543960 0.4938289999990957 8
1718216553981 0.6375289999996312 9
1718216564003 0.6901509999988775 10
1718216574023 0.7577819999987696 11
1718216584045 0.8999910000002274 12
1718216594064 0.9082549999984622 13
1718216604084 0.996157999999923 14
1718216614106 1.0388219999986177 15
1718216624129 1.1228449999998702 16
1718216634152 1.1379219999998895 17
1718216644174 1.2164560000001075 18
1718216654195 1.267175999999381 19
1718216664218 1.2775160000001051 20
1718216674244 1.3339639999994688 21
1718216684276 1.38456799999949 22
1718216694297 1.4065119999995659 23
1718216704319 1.4286099999990256 24
1718216714342 1.430436999999074 25
1718216724359 1.4357979999986128 26
1718216734380 1.4398639999999432 27
1718216744401 8.101000999999087 28
1718216754425 12.670193999998446 29
1718216764452 17.049079999998867 30
1718216774475 21.369572999999946 31
1718216784506 24.869482000000062 32
1718216794533 26.506674999998722 33
1718216804561 28.018120999999155 34
1718216814589 29.348041999999623 35
1718216824617 35.46762399999898 36
1718216834649 38.27956699999959 37
1718216844672 42.981722999998965 38
1718216854691 46.10514299999886 39
1718216864710 50.29259699999966 40
1718216874733 52.58451699999932 41
1718216884757 54.9450399999987 42
1718216894780 56.95912999999928 43
1718216904807 58.21754399999918 44
1718216914830 59.47473699999864 45
1718216924860 63.586402999999336 46
1718216934895 63.587782999999035 47
1718216944918 67.2727759999998 48
1718216954940 67.27889999999934 49
1718216964978 72.13947000000007 50
1718216975036 72.14933999999994 51
1718216985058 72.1577989999987 52
1718216995079 73.59547099999872 53
1718217005105 73.63460999999916 54
1718217015128 73.64934999999969 55
1718217025153 73.65964899999926 56
1718217035178 73.66417699999874 57
1718217045211 73.67548299999908 58
1718217055235 73.682268999999 59
1718217065258 73.71752199999901 60
1718217075291 73.72780899999998 61
1718217085349 73.73401999999987 62
1718217095384 73.73509199999899 63
1718217105407 78.0324389999987 64
1718217115444 82.6131690000002 65
1718217125470 85.17407399999865 66
1718217135492 91.1210089999986 67
1718217145511 96.83864099999846 68
1718217155534 103.42469899999924 69
1718217165559 106.90242799999942 70
1718217175586 111.48712999999952 71
1718217185620 117.38318900000013 72
1718217195643 117.39030499999899 73
1718217205673 120.09231099999852 74
1718217215727 124.60878899999989 75
1718217225758 125.78557499999988 76
1718217235787 128.09089200000017 77
1718217245810 128.37594399999944 78
1718217255841 129.59196599999996 79
1718217265875 129.60148800000024 80
1718217275915 129.60463199999867 81
1718217285942 129.6108779999995 82
1718217295974 129.63456199999928 83
1718217305999 132.0183049999996 84
1718217316024 134.26130000000012 85
1718217326306 134.2726389999989 86
1718217336329 136.8454789999996 87
1718217346356 137.34215799999947 88
1718217356379 141.2881699999998 89
1718217366401 148.4024789999985 90
1718217376424 150.38915599999928 91
1718217386449 152.85359900000003 92
1718217396472 156.20501799999874 93
1718217406493 160.37764999999854 94
1718217416519 163.47849700000006 95
1718217426542 167.51000399999975 96
1718217436563 168.0238309999986 97
1718217446582 169.39042699999845 98
1718217456606 171.8314819999996 99
1718217466637 174.41803999999865 100
1718217476668 176.00784999999996 101
1718217486706 178.9235119999994 102
1718217496738 178.97160900000017 103
1718217506778 179.02933200000007 104
1718217516805 179.06032199999936 105
1718217526837 179.06134999999995 106
1718217536860 179.06343500000003 107
1718217546887 179.0829509999985 108
1718217556914 179.09125799999856 109
1718217566936 183.86728799999946 110
1718217576961 183.9946659999987 111
1718217586991 186.30112699999881 112
1718217597012 188.53409800000009 113
1718217607035 189.18493399999898 114
1718217617060 190.28946499999984 115
1718217627087 191.07845699999962 116
1718217637128 191.86354699999902 117
1718217647223 192.33241799999996 118
1718217657251 193.48275999999896 119
1718217667324 194.10442799999873 120
1718217677356 194.18709299999864 121
1718217687382 194.19218999999975 122
1718217697411 194.19347199999902 123
1718217707442 194.37129800000002 124
1718217717476 194.4127809999991 125
1718217727519 194.83209499999975 126
1718217737563 195.6538469999996 127
1718217747599 195.66460000000006 128
1718217757638 195.83503599999858 129
1718217767719 197.3816339999994 130
1718217777757 198.18733199999951 131
1718217787813 199.79262299999937 132
1718217797902 201.78670499999862 133
1718217807944 203.05958800000008 134
1718217817974 203.78004899999905 135
1718217828003 204.591676 136
1718217838047 205.33529799999997 137
1718217848129 206.07304699999986 138
1718217858155 206.3326280000001 139
1718217868198 206.3501699999997 140
1718217878229 206.36259299999983 141
1718217888254 206.36354299999948 142
1718217898282 206.38034599999992 143
1718217908325 206.38713899999857 144
1718217918352 206.3883799999985 145
1718217928378 206.39397699999972 146
1718217938411 206.39908300000025 147
1718217948479 206.4044130000002 148
1718217958505 206.41470299999855 149
1718217968730 207.41797699999915 150
1718217978755 208.24325099999987 151
1718217988803 208.843789999999 152
1718217998831 209.42593399999896 153
1718218008854 209.98421400000007 154
1718218018880 210.11887699999897 155
1718218028908 210.11935399999857 156
1718218038934 210.12754099999984 157
1718218048959 210.13224999999875 158
1718218058985 210.13317199999983 159
1718218069015 210.14214299999912 160
1718218079047 211.74625099999867 161
1718218089075 213.0972529999999 162
1718218099100 214.3601039999994 163
1718218109127 215.15734499999962 164
1718218119152 216.73666599999888 165
1718218129174 218.17987299999913 166
1718218139202 219.09062300000005 167
1718218149232 220.2927409999993 168
1718218159279 222.0153169999994 169
1718218169330 227.81879200000003 170
1718218179376 228.50948599999901 171
1718218189411 229.36591599999883 172
1718218199455 229.88745899999958 173
1718218209487 232.4173899999987 174
1718218219542 232.790755 175
1718218229588 233.16303799999878 176
1718218239677 233.75122499999998 177
1718218249766 233.91832199999953 178
1718218259799 233.9344029999993 179
1718218269836 233.94036799999958 180
1718218279873 233.96864099999948 181
1718218289915 233.97664599999916 182
1718218299945 233.98045899999852 183
1718218309972 233.98476599999958 184
1718218320050 233.9920860000002 185
1718218330081 233.9960599999995 186
1718218340132 234.05551699999887 187
1718218350162 234.95214699999997 188
1718218360191 235.51300999999876 189
1718218370219 239.04989299999943 190
1718218380248 243.87937799999963 191
1718218390273 247.90433399999893 192
1718218400301 253.55133399999977 193
1718218410350 257.36378799999875 194
1718218420424 261.35535100000016 195
1718218430497 264.48683899999924 196
1718218440526 265.40586900000017 197
1718218450553 269.14638399999967 198
1718218460581 269.211589999999 199
1718218470611 273.8610329999992 200
1718218480646 273.8951619999989 201
1718218490673 276.9812430000002 202
1718218500703 277.94996399999945 203
1718218510726 280.16911399999844 204
1718218520757 281.78964199999973 205
1718218530799 281.82782699999916 206
