1718216463721 0.0 0
1718216473775 0.019674000000009073 1
1718216483803 0.07302200000003722 2
1718216493823 0.08656300000001238 3
1718216503853 0.09188100000000077 4
1718216513886 0.1828649999999925 5
1718216523916 0.30934400000001006 6
1718216533938 0.39575200000001587 7
1718216543960 0.4533990000000472 8
1718216553981 0.584194000000025 9
1718216564003 0.6332610000000045 10
1718216574023 0.6965460000000121 11
1718216584045 0.8257260000000315 12
1718216594064 0.8331310000000371 13
1718216604084 1.0209970000000226 14
1718216614106 1.0616249999999923 15
1718216624129 1.1466540000000123 16
1718216634152 1.1548779999999965 17
1718216644174 1.241104000000007 18
1718216654195 1.2910669999999982 19
1718216664218 1.3010270000000332 20
1718216674244 1.3535420000000045 21
1718216684276 1.3953270000000089 22
1718216694297 1.4198780000000397 23
1718216704319 1.448013000000003 24
1718216714342 1.450649999999996 25
1718216724359 1.4561520000000314 26
1718216734380 1.4636540000000196 27
1718216744401 1.6370050000000447 28
1718216754425 1.740000000000009 29
1718216764452 1.8003550000000246 30
1718216774475 1.858707000000038 31
1718216784506 1.9003529999999955 32
1718216794533 1.9800730000000044 33
1718216804561 2.052058000000045 34
1718216814589 2.1088980000000106 35
1718216824617 2.2092760000000453 36
1718216834649 2.248151000000007 37
1718216844672 2.3227360000000203 38
1718216854691 2.3635000000000446 39
1718216864710 2.4223140000000285 40
1718216874733 2.4621660000000247 41
1718216884757 2.528415999999993 42
1718216894780 2.557186999999999 43
1718216904807 2.597714999999994 44
1718216914830 2.6535520000000474 45
1718216924860 2.7022780000000353 46
1718216934895 2.7037129999999934 47
1718216944918 2.760340000000042 48
1718216954940 2.7696070000000077 49
1718216964978 2.81935900000002 50
1718216975036 2.8232660000000465 51
1718216985058 2.834814999999992 52
1718216995079 2.853430000000003 53
1718217005105 2.894879000000003 54
1718217015128 3.0127219999999966 55
1718217025153 3.0268800000000056 56
1718217035178 3.0328059999999937 57
1718217045211 3.0451290000000313 58
1718217055235 3.0507220000000075 59
1718217065258 3.116491999999994 60
1718217075291 3.1259190000000103 61
1718217085349 3.132499999999993 62
1718217095384 3.133830000000046 63
1718217105407 3.2410360000000082 64
1718217115444 3.32565500000004 65
1718217125470 3.4100380000000428 66
1718217135492 3.496470000000045 67
1718217145511 3.6864780000000223 68
1718217155534 3.833884000000012 69
1718217165559 3.895947000000035 70
1718217175586 3.994392000000005 71
1718217185620 4.067548000000045 72
1718217195643 4.076228000000015 73
1718217205673 4.123349000000019 74
1718217215727 4.240969000000007 75
1718217225758 4.3113610000000335 76
1718217235787 4.394135000000006 77
1718217245810 4.460459000000014 78
1718217255841 4.542447000000038 79
1718217265875 4.553686000000027 80
1718217275915 4.558891000000017 81
1718217285942 4.5726210000000265 82
1718217295974 4.586771999999996 83
1718217305999 4.685974000000044 84
1718217316024 4.722707000000014 85
1718217326306 4.739179000000036 86
1718217336329 4.820504000000028 87
1718217346356 4.838692000000037 88
1718217356379 4.970144000000005 89
1718217366401 5.176294000000041 90
1718217376424 5.222602999999992 91
1718217386449 5.290496000000019 92
1718217396472 5.365724999999998 93
1718217406493 5.422456000000011 94
1718217416519 5.4746959999999945 95
1718217426542 5.565708000000029 96
1718217436563 5.588570000000004 97
1718217446582 5.636938000000043 98
1718217456606 5.685142000000042 99
1718217466637 5.744581000000039 100
1718217476668 5.788826000000029 101
1718217486706 5.850648000000035 102
1718217496738 5.873037000000011 103
1718217506778 5.891902000000016 104
1718217516805 5.9207700000000045 105
1718217526837 5.921997000000033 106
1718217536860 5.924973000000023 107
1718217546887 6.003281000000015 108
1718217556914 6.014976000000047 109
1718217566936 6.099469999999997 110
1718217576961 6.131072000000017 111
1718217586991 6.214559000000008 112
1718217597012 6.328527000000008 113
1718217607035 6.369225000000029 114
1718217617060 6.401798000000042 115
1718217627087 6.428515000000004 116
1718217637128 6.452517999999998 117
1718217647223 6.464595000000031 118
1718217657251 6.506490000000042 119
1718217667324 6.525203000000033 120
1718217677356 6.542201000000034 121
1718217687382 6.547488000000044 122
1718217697411 6.549635000000023 123
1718217707442 6.583577000000048 124
1718217717476 6.693107999999995 125
1718217727519 6.78903600000001 126
1718217737563 6.8652380000000335 127
1718217747599 6.881007000000011 128
1718217757638 6.909063000000003 129
1718217767719 6.984755000000007 130
1718217777757 7.04069800000002 131
1718217787813 7.1107600000000275 132
1718217797902 7.1697619999999915 133
1718217807944 7.2630379999999946 134
1718217817974 7.283784000000026 135
1718217828003 7.402205000000038 136
1718217838047 7.433026000000041 137
1718217848129 7.45867800000002 138
1718217858155 7.508282000000008 139
1718217868198 7.540812000000017 140
1718217878229 7.549284999999998 141
1718217888254 7.550490000000025 142
1718217898282 7.591741000000013 143
1718217908325 7.599889000000019 144
1718217918352 7.601799000000028 145
1718217928378 7.6072300000000155 146
1718217938411 7.615043000000014 147
1718217948479 7.621614000000022 148
1718217958505 7.640132999999992 149
1718217968730 7.715130000000045 150
1718217978755 7.915951000000007 151
1718217988803 7.936144000000013 152
1718217998831 7.950222999999994 153
1718218008854 7.970582000000036 154
1718218018880 7.992175000000032 155
1718218028908 7.992768000000012 156
1718218038934 8.00654000000003 157
1718218048959 8.01150100000001 158
1718218058985 8.012571000000037 159
1718218069015 8.017354000000012 160
1718218079047 8.152447999999993 161
1718218089075 8.20668900000004 162
1718218099100 8.245537000000013 163
1718218109127 8.344830000000002 164
1718218119152 8.45780000000002 165
1718218129174 8.530771000000016 166
1718218139202 8.565697999999998 167
1718218149232 8.602628000000038 168
1718218159279 8.685543999999993 169
1718218169330 9.102868 170
1718218179376 9.146653000000015 171
1718218189411 9.17517700000002 172
1718218199455 9.244011999999998 173
1718218209487 9.417867999999999 174
1718218219542 9.432612000000006 175
1718218229588 9.452417000000025 176
1718218239677 9.494495000000029 177
1718218249766 9.550346000000047 178
1718218259799 9.57845500000002 179
1718218269836 9.584513000000015 180
1718218279873 9.598373000000038 181
1718218289915 9.606584999999995 182
1718218299945 9.61262800000003 183
1718218309972 9.620291000000009 184
1718218320050 9.647414000000026 185
1718218330081 9.651269000000013 186
1718218340132 9.715755999999999 187
1718218350162 9.764724999999999 188
1718218360191 9.851314000000002 189
1718218370219 9.983961000000022 190
1718218380248 10.159057000000018 191
1718218390273 10.240419000000031 192
1718218400301 10.49057300000004 193
1718218410350 10.56415800000002 194
1718218420424 10.630810999999994 195
1718218430497 10.690573000000029 196
1718218440526 10.736953000000028 197
1718218450553 10.823650000000043 198
1718218460581 10.870771000000047 199
1718218470611 10.986043999999993 200
1718218480646 11.043768 201
1718218490673 11.11613600000004 202
1718218500703 11.139520000000005 203
1718218510726 11.174320000000023 204
1718218520757 11.198515000000043 205
1718218530799 11.239510999999993 206
