1718216463721 30.8 0
1718216473775 34.6 1
1718216483803 34.6 2
1718216493823 34.6 3
1718216503853 34.6 4
1718216513886 34.7 5
1718216523916 34.6 6
1718216533938 34.7 7
1718216543960 34.8 8
1718216553981 34.7 9
1718216564003 34.5 10
1718216574023 34.5 11
1718216584045 34.5 12
1718216594064 34.5 13
1718216604084 34.6 14
1718216614106 34.5 15
1718216624129 34.5 16
1718216634152 34.5 17
1718216644174 34.5 18
1718216654195 34.6 19
1718216664218 34.6 20
1718216674244 34.6 21
1718216684276 34.6 22
1718216694297 34.8 23
1718216704319 34.8 24
1718216714342 34.8 25
1718216724359 34.7 26
1718216734380 34.7 27
1718216744401 35.2 28
1718216754425 35.2 29
1718216764452 35.0 30
1718216774475 35.1 31
1718216784506 35.1 32
1718216794533 35.1 33
1718216804561 34.9 34
1718216814589 35.0 35
1718216824617 35.4 36
1718216834649 35.3 37
1718216844672 35.8 38
1718216854691 35.6 39
1718216864710 35.6 40
1718216874733 35.8 41
1718216884757 35.9 42
1718216894780 35.8 43
1718216904807 36.1 44
1718216914830 35.9 45
1718216924860 35.9 46
1718216934895 35.9 47
1718216944918 35.9 48
1718216954940 35.9 49
1718216964978 36.0 50
1718216975036 38.1 51
1718216985058 38.1 52
1718216995079 38.1 53
1718217005105 38.3 54
1718217015128 38.3 55
1718217025153 38.3 56
1718217035178 38.3 57
1718217045211 38.3 58
1718217055235 38.3 59
1718217065258 38.3 60
1718217075291 38.5 61
1718217085349 38.2 62
1718217095384 38.3 63
1718217105407 38.3 64
1718217115444 38.3 65
1718217125470 38.1 66
1718217135492 38.4 67
1718217145511 38.5 68
1718217155534 38.9 69
1718217165559 38.7 70
1718217175586 39.0 71
1718217185620 39.1 72
1718217195643 38.3 73
1718217205673 38.3 74
1718217215727 38.7 75
1718217225758 39.0 76
1718217235787 39.2 77
1718217245810 39.5 78
1718217255841 39.5 79
1718217265875 39.6 80
1718217275915 39.1 81
1718217285942 38.9 82
1718217295974 38.7 83
1718217305999 38.9 84
1718217316024 38.9 85
1718217326306 39.0 86
1718217336329 39.0 87
1718217346356 39.0 88
1718217356379 38.5 89
1718217366401 38.7 90
1718217376424 38.7 91
1718217386449 38.6 92
1718217396472 38.6 93
1718217406493 38.7 94
1718217416519 38.6 95
1718217426542 39.0 96
1718217436563 39.1 97
1718217446582 38.5 98
1718217456606 38.6 99
1718217466637 38.5 100
1718217476668 38.6 101
1718217486706 38.7 102
1718217496738 38.6 103
1718217506778 38.6 104
1718217516805 38.8 105
1718217526837 38.7 106
1718217536860 38.8 107
1718217546887 38.9 108
1718217556914 38.9 109
1718217566936 39.1 110
1718217576961 38.5 111
1718217586991 38.2 112
1718217597012 38.6 113
1718217607035 38.6 114
1718217617060 38.7 115
1718217627087 38.5 116
1718217637128 38.5 117
1718217647223 38.5 118
1718217657251 38.4 119
1718217667324 38.1 120
1718217677356 38.2 121
1718217687382 38.2 122
1718217697411 38.2 123
1718217707442 38.6 124
1718217717476 38.8 125
1718217727519 38.5 126
1718217737563 38.6 127
1718217747599 38.4 128
1718217757638 38.6 129
1718217767719 38.4 130
1718217777757 38.4 131
1718217787813 38.4 132
1718217797902 38.4 133
1718217807944 38.6 134
1718217817974 38.2 135
1718217828003 38.3 136
1718217838047 38.2 137
1718217848129 38.2 138
1718217858155 38.2 139
1718217868198 38.2 140
1718217878229 38.3 141
1718217888254 38.3 142
1718217898282 38.4 143
1718217908325 38.4 144
1718217918352 38.4 145
1718217928378 38.5 146
1718217938411 38.3 147
1718217948479 38.4 148
1718217958505 38.3 149
1718217968730 38.3 150
1718217978755 38.4 151
1718217988803 38.3 152
1718217998831 38.3 153
1718218008854 38.3 154
1718218018880 38.4 155
1718218028908 38.3 156
1718218038934 38.1 157
1718218048959 38.1 158
1718218058985 38.1 159
1718218069015 38.1 160
1718218079047 38.7 161
1718218089075 38.2 162
1718218099100 38.3 163
1718218109127 38.6 164
1718218119152 38.4 165
1718218129174 38.5 166
1718218139202 38.5 167
1718218149232 38.6 168
1718218159279 38.6 169
1718218169330 39.0 170
1718218179376 38.9 171
1718218189411 38.8 172
1718218199455 38.9 173
1718218209487 39.2 174
1718218219542 39.2 175
1718218229588 39.1 176
1718218239677 38.9 177
1718218249766 38.5 178
1718218259799 38.7 179
1718218269836 38.8 180
1718218279873 38.3 181
1718218289915 38.2 182
1718218299945 38.2 183
1718218309972 38.2 184
1718218320050 38.2 185
1718218330081 38.2 186
1718218340132 38.5 187
1718218350162 38.6 188
1718218360191 38.6 189
1718218370219 38.9 190
1718218380248 39.3 191
1718218390273 39.0 192
1718218400301 39.1 193
1718218410350 38.6 194
1718218420424 38.8 195
1718218430497 38.7 196
1718218440526 38.7 197
1718218450553 38.7 198
1718218460581 38.9 199
1718218470611 38.9 200
1718218480646 39.0 201
1718218490673 38.8 202
1718218500703 38.8 203
1718218510726 38.7 204
1718218520757 38.7 205
1718218530799 38.9 206
