1718216463721 10313.2 0
1718216473775 11591.2 1
1718216483803 11605.0 2
1718216493823 11599.3 3
1718216503853 11596.3 4
1718216513886 11637.4 5
1718216523916 11609.8 6
1718216533938 11626.8 7
1718216543960 11656.4 8
1718216553981 11644.0 9
1718216564003 11568.0 10
1718216574023 11578.6 11
1718216584045 11578.2 12
1718216594064 11572.8 13
1718216604084 11601.6 14
1718216614106 11585.2 15
1718216624129 11584.5 16
1718216634152 11585.3 17
1718216644174 11583.1 18
1718216654195 11596.1 19
1718216664218 11590.0 20
1718216674244 11601.7 21
1718216684276 11617.0 22
1718216694297 11655.0 23
1718216704319 11656.5 24
1718216714342 11665.2 25
1718216724359 11631.9 26
1718216734380 11643.3 27
1718216744401 11792.2 28
1718216754425 11801.2 29
1718216764452 11736.5 30
1718216774475 11764.9 31
1718216784506 11760.0 32
1718216794533 11765.4 33
1718216804561 11701.0 34
1718216814589 11729.4 35
1718216824617 11874.2 36
1718216834649 11836.7 37
1718216844672 11993.8 38
1718216854691 11930.4 39
1718216864710 11947.4 40
1718216874733 12015.2 41
1718216884757 12029.6 42
1718216894780 12009.6 43
1718216904807 12091.1 44
1718216914830 12033.7 45
1718216924860 12032.9 46
1718216934895 12051.4 47
1718216944918 12049.2 48
1718216954940 12051.5 49
1718216964978 12059.9 50
1718216975036 12775.5 51
1718216985058 12781.3 52
1718216995079 12779.8 53
1718217005105 12836.8 54
1718217015128 12847.6 55
1718217025153 12833.6 56
1718217035178 12841.1 57
1718217045211 12842.8 58
1718217055235 12854.4 59
1718217065258 12838.7 60
1718217075291 12924.4 61
1718217085349 12813.2 62
1718217095384 12828.0 63
1718217105407 12832.0 64
1718217115444 12842.8 65
1718217125470 12779.4 66
1718217135492 12863.1 67
1718217145511 12927.9 68
1718217155534 13052.6 69
1718217165559 12987.0 70
1718217175586 13080.9 71
1718217185620 13113.1 72
1718217195643 12836.7 73
1718217205673 12829.7 74
1718217215727 12978.4 75
1718217225758 13070.1 76
1718217235787 13151.5 77
1718217245810 13252.9 78
1718217255841 13254.3 79
1718217265875 13265.4 80
1718217275915 13111.1 81
1718217285942 13038.2 82
1718217295974 12969.8 83
1718217305999 13032.6 84
1718217316024 13036.0 85
1718217326306 13067.8 86
1718217336329 13076.2 87
1718217346356 13093.6 88
1718217356379 12910.2 89
1718217366401 12983.8 90
1718217376424 12987.3 91
1718217386449 12957.7 92
1718217396472 12958.5 93
1718217406493 12978.4 94
1718217416519 12961.9 95
1718217426542 13070.6 96
1718217436563 13102.2 97
1718217446582 12906.7 98
1718217456606 12943.4 99
1718217466637 12913.8 100
1718217476668 12957.3 101
1718217486706 12962.4 102
1718217496738 12942.1 103
1718217506778 12938.6 104
1718217516805 12996.4 105
1718217526837 12977.2 106
1718217536860 13002.7 107
1718217546887 13031.9 108
1718217556914 13055.1 109
1718217566936 13108.4 110
1718217576961 12926.7 111
1718217586991 12827.8 112
1718217597012 12948.5 113
1718217607035 12952.8 114
1718217617060 12964.5 115
1718217627087 12895.0 116
1718217637128 12913.0 117
1718217647223 12918.8 118
1718217657251 12871.7 119
1718217667324 12776.9 120
1718217677356 12821.5 121
1718217687382 12821.7 122
1718217697411 12818.5 123
1718217707442 12944.1 124
1718217717476 13014.5 125
1718217727519 12920.6 126
1718217737563 12945.0 127
1718217747599 12877.0 128
1718217757638 12929.4 129
1718217767719 12866.0 130
1718217777757 12882.2 131
1718217787813 12884.5 132
1718217797902 12886.1 133
1718217807944 12937.3 134
1718217817974 12815.4 135
1718217828003 12849.4 136
1718217838047 12811.3 137
1718217848129 12809.9 138
1718217858155 12822.6 139
1718217868198 12825.3 140
1718217878229 12836.6 141
1718217888254 12830.0 142
1718217898282 12868.0 143
1718217908325 12888.1 144
1718217918352 12875.6 145
1718217928378 12903.2 146
1718217938411 12858.5 147
1718217948479 12872.5 148
1718217958505 12834.9 149
1718217968730 12860.6 150
1718217978755 12877.3 151
1718217988803 12839.4 152
1718217998831 12845.7 153
1718218008854 12840.1 154
1718218018880 12872.7 155
1718218028908 12857.1 156
1718218038934 12781.3 157
1718218048959 12769.6 158
1718218058985 12776.6 159
1718218069015 12772.8 160
1718218079047 12976.0 161
1718218089075 12823.2 162
1718218099100 12830.6 163
1718218109127 12935.0 164
1718218119152 12869.0 165
1718218129174 12903.5 166
1718218139202 12904.5 167
1718218149232 12929.6 168
1718218159279 12936.6 169
1718218169330 13076.0 170
1718218179376 13033.1 171
1718218189411 13001.4 172
1718218199455 13045.9 173
1718218209487 13161.0 174
1718218219542 13139.8 175
1718218229588 13124.9 176
1718218239677 13039.2 177
1718218249766 12909.1 178
1718218259799 12988.6 179
1718218269836 13011.0 180
1718218279873 12840.3 181
1718218289915 12807.5 182
1718218299945 12804.3 183
1718218309972 12804.0 184
1718218320050 12821.9 185
1718218330081 12813.6 186
1718218340132 12927.8 187
1718218350162 12953.7 188
1718218360191 12959.3 189
1718218370219 13054.0 190
1718218380248 13176.2 191
1718218390273 13084.4 192
1718218400301 13115.9 193
1718218410350 12947.5 194
1718218420424 12996.4 195
1718218430497 12993.3 196
1718218440526 12991.3 197
1718218450553 12976.9 198
1718218460581 13039.1 199
1718218470611 13056.4 200
1718218480646 13086.7 201
1718218490673 13019.5 202
1718218500703 13016.2 203
1718218510726 12992.9 204
1718218520757 12985.8 205
1718218530799 13039.7 206
