1718212958449 0.01 10
1718212971760 0.02 20
1718212984995 0.02 30
1718212998212 0.03 40
1718213011136 0.04 50
1718213024673 0.05 60
1718213038048 0.06 70
1718213051308 0.06 80
1718213064534 0.07 90
1718213077528 0.08 100
1718213090955 0.09 110
1718213104285 0.1 120
1718213117532 0.1 130
1718213130736 0.11 140
1718213143660 0.12 150
1718213157055 0.13 160
1718213170400 0.14 170
1718213183731 0.14 180
1718213196875 0.15 190
1718213209914 0.16 200
1718213223328 0.17 210
1718213236701 0.18 220
1718213249844 0.18 230
1718213262902 0.19 240
1718213275888 0.2 250
1718213289308 0.21 260
1718213302641 0.22 270
1718213315923 0.22 280
1718213329053 0.23 290
1718213341808 0.24 300
1718213467809 0.24 300
1718213483384 0.25 310
1718213496831 0.26 320
1718213510160 0.26 330
1718213523412 0.27 340
1718213536324 0.28 350
1718213549764 0.29 360
1718213563107 0.3 370
1718213576437 0.3 380
1718213589653 0.31 390
1718213602705 0.32 400
1718213616126 0.33 410
1718213629468 0.34 420
1718213642624 0.34 430
1718213655827 0.35 440
1718213668678 0.36 450
1718213682149 0.37 460
1718213695516 0.38 470
1718213708783 0.38 480
1718213721865 0.39 490
1718213734791 0.4 500
1718213748239 0.41 510
1718213761599 0.42 520
1718213774863 0.42 530
1718213788025 0.43 540
1718213800889 0.44 550
1718213814296 0.45 560
1718213827672 0.46 570
1718213840887 0.46 580
1718213854133 0.47 590
1718213867035 0.48 600
1718213992862 0.48 600
1718214008578 0.49 610
1718214021999 0.5 620
1718214035347 0.5 630
1718214048569 0.51 640
1718214061623 0.52 650
1718214075115 0.53 660
1718214088528 0.54 670
1718214101740 0.54 680
1718214114813 0.55 690
1718214127695 0.56 700
1718214141135 0.57 710
1718214154405 0.58 720
1718214167651 0.58 730
1718214180782 0.59 740
1718214193659 0.6 750
1718214207091 0.61 760
1718214220453 0.62 770
1718214233691 0.62 780
1718214246780 0.63 790
1718214259801 0.64 800
1718214273243 0.65 810
1718214286610 0.66 820
1718214299911 0.66 830
1718214312962 0.67 840
1718214325797 0.68 850
1718214339239 0.69 860
1718214352588 0.7 870
1718214365817 0.7 880
1718214378962 0.71 890
1718214391733 0.72 900
1718214517298 0.72 900
1718214533090 0.73 910
1718214546488 0.74 920
1718214559843 0.74 930
1718214573126 0.75 940
1718214586118 0.76 950
1718214599606 0.77 960
1718214612946 0.78 970
1718214626228 0.78 980
1718214639369 0.79 990
1718214652456 0.8 1000
1718214665961 0.81 1010
1718214679267 0.82 1020
1718214692543 0.82 1030
1718214705715 0.83 1040
1718214718603 0.84 1050
1718214732475 0.85 1060
1718214745392 0.86 1070
1718214758024 0.86 1080
1718214770195 0.87 1090
1718214782247 0.88 1100
1718214794857 0.89 1110
1718214807078 0.9 1120
1718214819309 0.9 1130
1718214831698 0.91 1140
1718214843776 0.92 1150
1718214856448 0.93 1160
1718214868981 0.94 1170
1718214881587 0.94 1180
1718214894381 0.95 1190
1718214906714 0.96 1200
1718215026249 0.96 1200
1718215041302 0.97 1210
1718215053892 0.98 1220
1718215066463 0.98 1230
1718215078970 0.99 1240
1718215091213 1.0 1250
1718215091419 1.0 1250
