1718212958449 6.64726448059082 10
1718212971760 2.5128989219665527 20
1718212984995 0.8553379774093628 30
1718212998212 1.6819404363632202 40
1718213011136 0.6171423196792603 50
1718213024673 1.0021554231643677 60
1718213038048 1.2982441186904907 70
1718213051308 0.7554645538330078 80
1718213064534 0.7669907212257385 90
1718213077528 0.11550941318273544 100
1718213090955 0.16376154124736786 110
1718213104285 0.8135195970535278 120
1718213117532 0.5184156894683838 130
1718213130736 0.17141419649124146 140
1718213143660 0.9953980445861816 150
1718213157055 0.6095966100692749 160
1718213170400 0.09840473532676697 170
1718213183731 0.9453102350234985 180
1718213196875 0.5784668326377869 190
1718213209914 0.17302405834197998 200
1718213223328 1.2862927913665771 210
1718213236701 0.1955946683883667 220
1718213249844 0.49727287888526917 230
1718213262902 0.6218252778053284 240
1718213275888 0.8034272789955139 250
1718213289308 0.2199455350637436 260
1718213302641 0.5321307182312012 270
1718213315923 1.2497903108596802 280
1718213329053 0.22466062009334564 290
1718213341808 0.17037369310855865 300
1718213483384 0.5840912461280823 310
1718213496831 0.6851941347122192 320
1718213510160 0.4521116316318512 330
1718213523412 0.25648272037506104 340
1718213536324 2.090806484222412 350
1718213549764 0.3280673921108246 360
1718213563107 0.25738272070884705 370
1718213576437 0.1159350574016571 380
1718213589653 0.23776477575302124 390
1718213602705 0.7155935764312744 400
1718213616126 0.5659837126731873 410
1718213629468 0.17182780802249908 420
1718213642624 0.5891141891479492 430
1718213655827 0.041556306183338165 440
1718213668678 0.41465744376182556 450
1718213682149 0.40779218077659607 460
1718213695516 0.9669636487960815 470
1718213708783 0.4408840239048004 480
1718213721865 0.7052356600761414 490
1718213734791 0.9888202548027039 500
1718213748239 0.4008033871650696 510
1718213761599 0.32040706276893616 520
1718213774863 0.16926342248916626 530
1718213788025 2.844353437423706 540
1718213800889 0.1160818561911583 550
1718213814296 0.4966374933719635 560
1718213827672 0.3823985159397125 570
1718213840887 0.4278024137020111 580
1718213854133 1.2724601030349731 590
1718213867035 0.13428598642349243 600
1718214008578 0.32817184925079346 610
1718214021999 1.3831405639648438 620
1718214035347 0.17013263702392578 630
1718214048569 0.46242254972457886 640
1718214061623 0.3777097165584564 650
1718214075115 0.08198366314172745 660
1718214088528 0.19837500154972076 670
1718214101740 0.17142167687416077 680
1718214114813 0.14800189435482025 690
1718214127695 0.7939108610153198 700
1718214141135 0.6258329153060913 710
1718214154405 0.672457218170166 720
1718214167651 0.3079676628112793 730
1718214180782 0.24696935713291168 740
1718214193659 0.22337967157363892 750
1718214207091 0.07990110665559769 760
1718214220453 0.6700797080993652 770
1718214233691 0.2282593697309494 780
1718214246780 0.3277112543582916 790
1718214259801 0.3351362645626068 800
1718214273243 0.5815157294273376 810
1718214286610 0.7606357932090759 820
1718214299911 0.949464738368988 830
1718214312962 0.06340739130973816 840
1718214325797 0.5700405240058899 850
1718214339239 0.309013694524765 860
1718214352588 0.44569826126098633 870
1718214365817 0.3455522358417511 880
1718214378962 0.26495373249053955 890
1718214391733 0.07847572863101959 900
1718214533090 0.23326091468334198 910
1718214546488 0.27032312750816345 920
1718214559843 0.42258378863334656 930
1718214573126 0.4242341220378876 940
1718214586118 0.11373136192560196 950
1718214599606 0.47456789016723633 960
1718214612946 0.12715992331504822 970
1718214626228 0.765062153339386 980
1718214639369 0.19091278314590454 990
1718214652456 0.5563194751739502 1000
1718214665961 0.21253655850887299 1010
1718214679267 0.5948758125305176 1020
1718214692543 0.31392061710357666 1030
1718214705715 0.16176167130470276 1040
1718214718603 0.5194708704948425 1050
1718214732475 0.4452741742134094 1060
1718214745392 0.9621016979217529 1070
1718214758024 0.19506721198558807 1080
1718214770195 0.4961789548397064 1090
1718214782247 0.5027408003807068 1100
1718214794857 0.40675750374794006 1110
1718214807078 0.10945452749729156 1120
1718214819309 0.12799414992332458 1130
1718214831698 0.23090994358062744 1140
1718214843776 0.2878344655036926 1150
1718214856448 0.4306586980819702 1160
1718214868981 0.4700932502746582 1170
1718214881587 0.4744645059108734 1180
1718214894381 0.4193616807460785 1190
1718214906714 0.40475741028785706 1200
1718215041302 0.15636274218559265 1210
1718215053892 1.0229729413986206 1220
1718215066463 0.43179553747177124 1230
1718215078970 0.523163378238678 1240
1718215091213 0.3069116771221161 1250
