1718212958449 4.736842105263158e-05 10
1718212971760 0.0001 20
1718212984995 0.00015263157894736845 30
1718212998212 0.00019999966405802826 40
1718213011136 0.00019995935375248606 50
1718213024673 0.000199851886084842 60
1718213038048 0.0001996773332568941 70
1718213051308 0.0001994358125413841 80
1718213064534 0.00019912748620320794 90
1718213077528 0.00019875256139039902 100
1718213090955 0.00019831128999495606 110
1718213104285 0.0001978039684836106 120
1718213117532 0.00019723093769864663 130
1718213130736 0.00019659258262890683 140
1718213143660 0.00019588933215113926 150
1718213157055 0.00019512165874185767 160
1718213170400 0.00019429007815990993 170
1718213183731 0.00019339514909996706 180
1718213196875 0.000192437472817166 190
1718213209914 0.00019141769272315858 200
1718213223328 0.00019033649395383702 210
1718213236701 0.00018919460290902826 220
1718213249844 0.00018799278676446423 230
1718213262902 0.0001867318529563574 240
1718213275888 0.00018541264863892754 250
1718213289308 0.000184036060115244 260
1718213302641 0.00018260301224176558 270
1718213315923 0.00018111446780697929 280
1718213329053 0.00017957142688455362 290
1718213341808 0.00017797492616144256 300
1718213483384 0.00017632603824139085 310
1718213496831 0.00017462587092430875 320
1718213510160 0.00017287556646200018 330
1718213523412 0.00017107630079074478 340
1718213536324 0.00016922928274124886 350
1718213549764 0.00016733575322649657 360
1718213563107 0.00016539698440804661 370
1718213576437 0.0001634142788413346 380
1718213589653 0.00016138896860055555 390
1718213602705 0.0001593224143837142 400
1718213616126 0.00015721600459844468 410
1718213629468 0.0001550711544292131 420
1718213642624 0.00015288930488653094 430
1718213655827 0.00015067192183881658 440
1718213668678 0.0001484204950275565 450
1718213682149 0.0001461365370664276 460
1718213695516 0.00014382158242505234 470
1718213708783 0.0001414771863980707 480
1718213721865 0.00013910492406022033 490
1718213734791 0.000136706389208128 500
1718213748239 0.00013428319328952253 510
1718213761599 0.00013183696432058888 520
1718213774863 0.00012936934579219094 530
1718213788025 0.00012688199556569753 540
1718213800889 0.00012437658475915377 550
1718213814296 0.00012185479662454595 560
1718213827672 0.00011931832541691418 570
1718213840887 0.00011676887525607271 580
1718213854133 0.0001142081589817027 590
1718213867035 0.00011163789700258655 600
1718214008578 0.00010905981614075693 610
1718214021999 0.000106475648471337 620
1718214035347 0.00010388713015885161 630
1718214048569 0.00010129600029079072 640
1718214061623 9.870399970920932e-05 650
1718214075115 9.611286984114841e-05 660
1718214088528 9.352435152866298e-05 670
1718214101740 9.09401838592431e-05 680
1718214114813 8.836210299741346e-05 690
1718214127695 8.579184101829734e-05 700
1718214141135 8.323112474392731e-05 710
1718214154405 8.068167458308582e-05 720
1718214167651 7.814520337545406e-05 730
1718214180782 7.562341524084623e-05 740
1718214193659 7.311800443430251e-05 750
1718214207091 7.06306542078091e-05 760
1718214220453 6.816303567941112e-05 770
1718214233691 6.571680671047749e-05 780
1718214246780 6.329361079187199e-05 790
1718214259801 6.08950759397797e-05 800
1718214273243 5.8522813601929324e-05 810
1718214286610 5.617841757494762e-05 820
1718214299911 5.386346293357242e-05 830
1718214312962 5.15795049724435e-05 840
1718214325797 4.9328078161183464e-05 850
1718214339239 4.7110695113469085e-05 860
1718214352588 4.492884557078688e-05 870
1718214365817 4.278399540155536e-05 880
1718214378962 4.0677585616285774e-05 890
1718214391733 3.861103139944449e-05 900
1718214533090 3.658572115866541e-05 910
1718214546488 3.4603015591953395e-05 920
1718214559843 3.266424677350346e-05 930
1718214573126 3.077071725875116e-05 940
1718214586118 2.8923699209255284e-05 950
1718214599606 2.712443353799984e-05 960
1718214612946 2.5374129075691265e-05 970
1718214626228 2.3673961758609152e-05 980
1718214639369 2.2025073838557454e-05 990
1718214652456 2.0428573115446392e-05 1000
1718214665961 1.8885532193020704e-05 1010
1718214679267 1.739698775823442e-05 1020
1718214692543 1.5963939884756042e-05 1030
1718214705715 1.4587351361072454e-05 1040
1718214718603 1.326814704364262e-05 1050
1718214732475 1.2007213235535786e-05 1060
1718214745392 1.0805397090971737e-05 1070
1718214758024 9.663506046162985e-06 1080
1718214770195 8.582307276841462e-06 1090
1718214782247 7.562527182833978e-06 1100
1718214794857 6.604850900032955e-06 1110
1718214807078 5.7099218400900716e-06 1120
1718214819309 4.87834125814235e-06 1130
1718214831698 4.1106678488607495e-06 1140
1718214843776 3.40741737109318e-06 1150
1718214856448 2.7690623013533976e-06 1160
1718214868981 2.1960315163894075e-06 1170
1718214881587 1.6887100050439587e-06 1180
1718214894381 1.2474386096010039e-06 1190
1718214906714 8.725137967920738e-07 1200
1718215041302 5.64187458615939e-07 1210
1718215053892 3.2266674310589273e-07 1220
1718215066463 1.481139151579991e-07 1230
1718215078970 4.064624751394242e-08 1240
1718215091213 3.3594197175190745e-10 1250
