1718212958449 2.6056 10
1718212971760 0.6081 20
1718212984995 0.1501 30
1718212998212 0.2107 40
1718213011136 0.1708 50
1718213024673 0.1651 60
1718213038048 0.1819 70
1718213051308 0.108 80
1718213064534 0.112 90
1718213077528 0.096 100
1718213090955 0.1505 110
1718213104285 0.1033 120
1718213117532 0.2021 130
1718213130736 0.1079 140
1718213143660 0.1268 150
1718213157055 0.2073 160
1718213170400 0.1297 170
1718213183731 0.1896 180
1718213196875 0.1599 190
1718213209914 0.1134 200
1718213223328 0.1616 210
1718213236701 0.1002 220
1718213249844 0.1413 230
1718213262902 0.1146 240
1718213275888 0.1476 250
1718213289308 0.1066 260
1718213302641 0.0923 270
1718213315923 0.175 280
1718213329053 0.1142 290
1718213341808 0.1268 300
1718213483384 0.1224 310
1718213496831 0.1409 320
1718213510160 0.0978 330
1718213523412 0.1098 340
1718213536324 0.1392 350
1718213549764 0.1832 360
1718213563107 0.1174 370
1718213576437 0.1113 380
1718213589653 0.1821 390
1718213602705 0.1002 400
1718213616126 0.1267 410
1718213629468 0.0873 420
1718213642624 0.1619 430
1718213655827 0.0705 440
1718213668678 0.1776 450
1718213682149 0.1386 460
1718213695516 0.1307 470
1718213708783 0.1218 480
1718213721865 0.1063 490
1718213734791 0.1616 500
1718213748239 0.0864 510
1718213761599 0.2168 520
1718213774863 0.1161 530
1718213788025 0.0896 540
1718213800889 0.0974 550
1718213814296 0.1572 560
1718213827672 0.0785 570
1718213840887 0.1075 580
1718213854133 0.1549 590
1718213867035 0.1058 600
1718214008578 0.0963 610
1718214021999 0.1427 620
1718214035347 0.1118 630
1718214048569 0.1621 640
1718214061623 0.1587 650
1718214075115 0.1405 660
1718214088528 0.0917 670
1718214101740 0.164 680
1718214114813 0.1024 690
1718214127695 0.2079 700
1718214141135 0.1019 710
1718214154405 0.118 720
1718214167651 0.1064 730
1718214180782 0.1204 740
1718214193659 0.0744 750
1718214207091 0.1375 760
1718214220453 0.1087 770
1718214233691 0.0967 780
1718214246780 0.0791 790
1718214259801 0.1221 800
1718214273243 0.1369 810
1718214286610 0.1227 820
1718214299911 0.1358 830
1718214312962 0.0793 840
1718214325797 0.0705 850
1718214339239 0.1718 860
1718214352588 0.1465 870
1718214365817 0.126 880
1718214378962 0.09 890
1718214391733 0.0952 900
1718214533090 0.0996 910
1718214546488 0.1264 920
1718214559843 0.0956 930
1718214573126 0.1148 940
1718214586118 0.0779 950
1718214599606 0.1004 960
1718214612946 0.1189 970
1718214626228 0.1579 980
1718214639369 0.1147 990
1718214652456 0.1069 1000
1718214665961 0.108 1010
1718214679267 0.0951 1020
1718214692543 0.1242 1030
1718214705715 0.1108 1040
1718214718603 0.1349 1050
1718214732475 0.1451 1060
1718214745392 0.0919 1070
1718214758024 0.116 1080
1718214770195 0.0904 1090
1718214782247 0.1224 1100
1718214794857 0.1026 1110
1718214807078 0.114 1120
1718214819309 0.076 1130
1718214831698 0.1055 1140
1718214843776 0.0971 1150
1718214856448 0.1165 1160
1718214868981 0.1056 1170
1718214881587 0.0625 1180
1718214894381 0.088 1190
1718214906714 0.1317 1200
1718215041302 0.1245 1210
1718215053892 0.0993 1220
1718215066463 0.1171 1230
1718215078970 0.1084 1240
1718215091213 0.1116 1250
