1718308646280 0.04 10
1718308667189 0.08 20
1718308688195 0.12 30
1718308708890 0.16 40
1718308729033 0.2 50
1718308749557 0.24 60
1718308770425 0.28 70
1718308790997 0.32 80
1718308812055 0.36 90
1718308832997 0.4 100
1718308853933 0.44 110
1718308874498 0.48 120
1718308895197 0.52 130
1718308915895 0.56 140
1718308936286 0.6 150
1718308957318 0.64 160
1718308978278 0.68 170
1718308998641 0.72 180
1718309019017 0.76 190
1718309039856 0.8 200
1718309061245 0.84 210
1718309081953 0.88 220
1718309102547 0.92 230
1718309122869 0.96 240
1718309142805 1.0 250
1718309142806 1.0 250
