1718308646280 24.0487003326416 10
1718308667189 2.135348081588745 20
1718308688195 3.712191343307495 30
1718308708890 1.6225959062576294 40
1718308729033 2.317584753036499 50
1718308749557 2.0802505016326904 60
1718308770425 2.4323549270629883 70
1718308790997 0.6386717557907104 80
1718308812055 1.7825909852981567 90
1718308832997 0.7356136441230774 100
1718308853933 1.0325998067855835 110
1718308874498 4.300685405731201 120
1718308895197 0.8257482647895813 130
1718308915895 3.6524083614349365 140
1718308936286 1.4623594284057617 150
1718308957318 1.1798628568649292 160
1718308978278 5.799234390258789 170
1718308998641 0.26634642481803894 180
1718309019017 0.772101104259491 190
1718309039856 0.617173433303833 200
1718309061245 1.1806135177612305 210
1718309081953 1.8299161195755005 220
1718309102547 0.7623439431190491 230
1718309122869 0.5474864840507507 240
1718309142805 0.47200679779052734 250
