1718308646280 0.000175 10
1718308667189 0.0001993182424657285 20
1718308688195 0.0001969734817634044 30
1718308708890 0.0001929967517119289 40
1718308729033 0.00018745497680896722 50
1718308749557 0.00018044141973434758 60
1718308770425 0.00017207411182989832 70
1718308790997 0.00016249386674680184 80
1718308812055 0.00015186191068884775 90
1718308832997 0.00014035716913228568 100
1718308853933 0.00012817325568414297 110
1718308874498 0.00011551521375359206 120
1718308895197 0.00010259606587086783 130
1718308915895 8.963322872534114e-05 140
1718308936286 7.684485425416888e-05 150
1718308957318 6.444615835743955e-05 160
1718308978278 5.26457990239657e-05 170
1718308998641 4.164236482034327e-05 180
1718309019017 3.1621032838589305e-05 190
1718309039856 2.2750452345848682e-05 200
1718309061245 1.5179906581313064e-05 210
1718309081953 9.036800464548157e-06 220
1718309102547 4.424516494654118e-06 230
1718309122869 1.4206749233902084e-06 240
1718309142805 7.582748185719358e-08 250
