1718308646280 9.1181 10
1718308667189 0.3995 20
1718308688195 0.1925 30
1718308708890 0.1505 40
1718308729033 0.0902 50
1718308749557 0.1876 60
1718308770425 0.1025 70
1718308790997 0.1021 80
1718308812055 0.0807 90
1718308832997 0.1266 100
1718308853933 0.1029 110
1718308874498 0.0643 120
1718308895197 0.1208 130
1718308915895 0.0869 140
1718308936286 0.0899 150
1718308957318 0.0843 160
1718308978278 0.0821 170
1718308998641 0.0811 180
1718309019017 0.1282 190
1718309039856 0.099 200
1718309061245 0.1148 210
1718309081953 0.0782 220
1718309102547 0.0545 230
1718309122869 0.069 240
1718309142805 0.0533 250
