1718191481578 0.0 0
1718191491600 7.9 1
1718191501625 6.2 2
1718191511650 6.3 3
1718191521697 6.1 4
1718191531943 6.2 5
1718191541965 6.5 6
1718191551984 7.1 7
1718191562028 8.7 8
1718191572049 6.3 9
1718191582074 6.4 10
1718191592095 6.0 11
1718191602117 6.1 12
1718191612136 6.1 13
1718191622166 6.0 14
1718191632189 6.3 15
1718191642208 6.1 16
1718191652224 6.2 17
1718191662245 5.9 18
1718191672276 6.1 19
1718191682295 6.1 20
1718191692314 6.0 21
1718191702333 6.1 22
1718191712353 6.1 23
1718191722371 6.3 24
1718191732391 6.1 25
1718191742409 6.1 26
1718191752434 6.3 27
1718191762454 6.2 28
1718191772492 7.4 29
1718191782511 8.2 30
1718191792529 7.1 31
1718191802547 6.4 32
1718191812565 6.2 33
1718191822584 6.3 34
1718191832604 6.6 35
1718191842624 6.3 36
1718191852644 6.3 37
1718191862662 6.2 38
1718191872693 6.1 39
1718191882717 6.2 40
1718191892735 6.1 41
1718191902754 6.3 42
1718191912773 6.2 43
1718191922793 6.4 44
1718191932814 6.2 45
1718191942836 6.3 46
1718191952854 6.3 47
1718191962870 6.0 48
1718191972889 6.4 49
1718191982908 6.1 50
1718191992925 6.1 51
1718192002943 6.2 52
1718192012960 6.2 53
1718192022978 6.3 54
1718192032997 6.3 55
1718192043019 6.4 56
1718192053037 6.5 57
1718192063057 6.2 58
1718192073075 6.2 59
1718192083095 6.1 60
1718192093115 6.2 61
1718192103142 6.1 62
1718192113161 6.3 63
1718192123182 6.2 64
1718192133200 6.6 65
1718192143220 6.4 66
1718192153239 6.3 67
1718192163258 6.3 68
1718192173279 6.7 69
1718192183298 6.5 70
1718192193318 6.5 71
1718192203338 6.3 72
1718192213357 6.6 73
1718192223379 7.2 74
1718192233399 6.6 75
1718192243421 6.7 76
1718192253438 7.0 77
1718192263458 6.6 78
1718192273479 7.0 79
1718192283497 6.2 80
1718192293517 6.4 81
1718192303538 6.6 82
1718192313559 6.5 83
1718192323578 6.8 84
1718192333599 6.5 85
1718192343619 6.5 86
1718192353641 6.7 87
1718192363663 6.4 88
1718192373686 6.8 89
1718192383715 6.3 90
1718192393741 7.1 91
1718192403759 9.3 92
1718192413776 8.3 93
1718192423799 9.9 94
1718192433827 9.8 95
1718192443850 10.3 96
1718192453892 10.4 97
1718192463915 10.4 98
1718192473938 10.2 99
1718192483960 9.1 100
1718192493982 6.2 101
1718192504011 6.1 102
1718192514032 6.2 103
1718192524066 6.3 104
1718192534091 6.3 105
1718192544118 6.3 106
1718192554140 6.3 107
1718192564168 6.2 108
1718192574196 6.2 109
1718192584225 6.2 110
1718192594256 6.1 111
1718192604287 6.3 112
1718192614315 6.6 113
1718192624350 6.4 114
1718192634374 6.1 115
1718192644401 6.3 116
1718192654428 6.2 117
1718192664462 6.0 118
1718192674492 6.1 119
1718192684525 6.1 120
1718192694554 6.3 121
1718192704583 6.1 122
1718192714618 6.2 123
1718192724650 6.2 124
1718192734681 6.3 125
1718192744711 6.4 126
1718192754739 6.3 127
1718192764770 6.3 128
1718192774798 6.2 129
1718192784828 6.2 130
1718192794862 6.2 131
1718192804891 6.2 132
1718192814922 6.2 133
1718192824964 6.3 134
1718192834994 6.8 135
1718192845024 6.4 136
1718192855057 6.3 137
1718192865081 6.0 138
1718192875112 6.3 139
1718192885144 6.0 140
1718192895173 6.3 141
1718192905207 6.1 142
1718192915238 6.2 143
1718192925272 6.5 144
1718192935307 6.3 145
1718192945330 6.4 146
1718192955363 6.2 147
1718192965396 6.1 148
1718192975419 6.1 149
1718192985447 6.2 150
1718192995477 6.1 151
1718193005502 6.1 152
1718193015529 6.1 153
1718193025561 6.2 154
1718193035592 6.3 155
1718193045624 6.3 156
1718193055653 6.4 157
1718193065686 6.6 158
1718193075715 6.2 159
1718193085747 6.5 160
1718193095779 6.4 161
1718193105810 6.4 162
1718193115839 6.5 163
1718193125870 7.0 164
1718193135899 6.5 165
1718193145933 6.6 166
1718193155963 6.4 167
1718193165998 6.5 168
1718193176031 6.7 169
1718193186057 6.5 170
1718193196081 6.5 171
1718193206105 6.8 172
1718193216130 6.7 173
1718193226156 7.0 174
1718193236186 6.5 175
1718193246226 6.7 176
1718193256249 6.5 177
1718193266275 6.5 178
1718193276307 6.9 179
1718193286432 6.5 180
1718193296456 6.7 181
1718193306493 10.7 182
1718193316519 10.3 183
1718193326552 10.3 184
1718193336582 10.5 185
1718193346605 10.4 186
1718193356631 10.4 187
1718193366660 10.2 188
1718193376686 8.7 189
1718193386721 6.1 190
1718193396748 6.4 191
1718193406771 6.3 192
1718193416798 6.3 193
1718193426823 6.3 194
1718193436850 6.4 195
1718193446880 6.5 196
1718193456917 6.1 197
1718193466945 6.1 198
1718193476970 6.2 199
1718193486995 6.4 200
1718193497022 6.3 201
1718193507049 6.8 202
1718193517076 6.5 203
1718193527103 6.4 204
1718193537133 6.3 205
1718193547160 6.6 206
1718193557187 6.3 207
1718193567214 6.0 208
1718193577240 6.3 209
1718193587267 6.2 210
1718193597299 6.2 211
1718193607329 6.2 212
1718193617356 6.3 213
1718193627382 6.3 214
1718193637427 6.3 215
1718193647454 6.4 216
1718193657493 6.2 217
1718193667526 6.2 218
1718193677554 6.1 219
1718193687580 6.2 220
1718193697604 6.2 221
1718193707635 6.2 222
1718193717659 6.5 223
1718193727681 6.2 224
1718193737705 6.2 225
1718193747729 6.4 226
1718193757750 6.4 227
1718193767774 6.1 228
1718193777798 6.3 229
1718193787817 6.2 230
1718193797841 6.1 231
1718193807863 6.4 232
1718193817886 6.1 233
1718193827909 6.3 234
1718193837931 6.3 235
1718193847954 6.3 236
1718193857980 6.2 237
1718193868002 6.2 238
1718193878025 6.0 239
1718193888049 6.0 240
1718193898075 6.2 241
1718193908105 6.2 242
1718193918129 6.2 243
1718193928153 6.2 244
1718193938176 6.4 245
1718193948203 6.1 246
1718193958227 6.7 247
1718193968251 6.2 248
1718193978275 6.2 249
1718193988299 6.7 250
1718193998326 6.6 251
1718194008351 6.6 252
1718194018375 6.6 253
1718194028397 6.9 254
1718194038422 6.7 255
1718194048445 6.8 256
1718194058468 6.3 257
1718194068493 6.5 258
1718194078518 6.9 259
1718194088543 6.5 260
1718194098567 6.4 261
1718194108593 6.4 262
1718194118618 6.5 263
1718194128644 7.0 264
1718194138667 6.7 265
1718194148695 6.8 266
1718194158720 6.6 267
1718194168743 6.4 268
1718194178767 7.0 269
1718194188790 6.3 270
1718194198821 6.4 271
1718194208858 9.1 272
1718194218881 10.5 273
1718194228919 10.4 274
1718194238942 10.4 275
1718194248969 10.3 276
1718194258996 10.7 277
1718194269020 10.3 278
1718194279044 9.6 279
1718194289069 6.1 280
1718194299096 6.4 281
1718194309122 6.1 282
1718194319158 6.4 283
1718194329194 6.2 284
1718194339231 6.2 285
1718194349267 6.3 286
1718194359303 6.2 287
1718194369366 6.2 288
1718194379400 6.2 289
1718194389437 6.3 290
1718194399474 6.3 291
1718194409509 6.3 292
1718194419559 6.1 293
1718194429600 6.3 294
1718194439637 6.4 295
1718194449676 6.4 296
1718194459713 6.2 297
1718194469739 6.1 298
1718194479774 6.2 299
1718194489809 6.1 300
1718194499838 6.3 301
1718194509863 6.1 302
1718194519895 6.2 303
1718194529921 6.3 304
1718194539952 6.2 305
1718194549978 6.6 306
1718194560006 6.4 307
1718194570068 6.4 308
1718194580096 6.1 309
1718194590125 6.3 310
1718194600152 6.2 311
1718194610194 6.2 312
1718194620224 6.5 313
1718194630255 6.3 314
1718194640280 6.4 315
1718194650308 6.3 316
1718194660336 6.1 317
1718194670364 6.2 318
1718194680392 6.1 319
1718194690434 6.2 320
1718194700462 6.2 321
1718194710486 6.1 322
1718194720523 6.1 323
1718194730548 6.3 324
1718194740577 6.2 325
1718194750607 6.4 326
1718194760635 6.1 327
1718194770661 6.1 328
1718194780689 6.3 329
1718194790720 6.2 330
1718194800748 6.2 331
1718194810776 6.2 332
1718194820809 6.4 333
1718194830838 6.3 334
1718194840866 6.4 335
1718194850896 6.4 336
1718194860927 6.4 337
1718194870958 6.4 338
1718194880986 6.1 339
1718194891016 6.5 340
1718194901049 6.5 341
1718194911077 6.6 342
1718194921108 6.6 343
1718194931138 6.9 344
1718194941168 6.5 345
1718194951202 6.6 346
1718194961233 6.3 347
1718194971263 6.4 348
1718194981292 6.8 349
1718194991322 6.5 350
1718195001352 6.5 351
1718195011381 6.5 352
1718195021410 6.6 353
1718195031437 6.9 354
1718195041466 6.6 355
1718195051495 6.8 356
1718195061522 6.4 357
1718195071559 6.5 358
1718195081589 6.9 359
1718195091620 6.4 360
1718195101666 6.6 361
1718195111692 9.0 362
1718195121722 10.4 363
1718195131757 10.2 364
1718195141790 10.3 365
1718195151823 10.3 366
1718195161858 10.5 367
1718195171885 10.4 368
1718195181918 10.2 369
1718195191945 6.2 370
1718195201975 6.3 371
