1718191481578 357732.2 0
1718191491600 357731.4 1
1718191501625 357731.4 2
1718191511650 357731.4 3
1718191521697 357731.4 4
1718191531943 357731.4 5
1718191541965 357731.4 6
1718191551984 357731.3 7
1718191562028 385875.2 8
1718191572049 385875.3 9
1718191582074 385875.3 10
1718191592095 385875.3 11
1718191602117 385875.3 12
1718191612136 385875.3 13
1718191622166 385875.3 14
1718191632189 385875.3 15
1718191642208 385875.3 16
1718191652224 385875.3 17
1718191662245 385875.3 18
1718191672276 385875.3 19
1718191682295 385875.3 20
1718191692314 385875.3 21
1718191702333 385875.3 22
1718191712353 385875.3 23
1718191722371 385875.3 24
1718191732391 385875.3 25
1718191742409 385875.3 26
1718191752434 385875.3 27
1718191762454 385875.3 28
1718191772492 385875.3 29
1718191782511 385875.3 30
1718191792529 385875.3 31
1718191802547 385875.3 32
1718191812565 385875.3 33
1718191822584 385875.3 34
1718191832604 385875.3 35
1718191842624 385875.3 36
1718191852644 385875.3 37
1718191862662 385875.3 38
1718191872693 385875.3 39
1718191882717 385875.3 40
1718191892735 385875.3 41
1718191902754 385875.3 42
1718191912773 385875.3 43
1718191922793 385875.3 44
1718191932814 385875.3 45
1718191942836 385875.3 46
1718191952854 385875.3 47
1718191962870 385875.3 48
1718191972889 385875.3 49
1718191982908 385875.3 50
1718191992925 385875.3 51
1718192002943 385875.3 52
1718192012960 385875.3 53
1718192022978 385875.3 54
1718192032997 385875.3 55
1718192043019 385875.3 56
1718192053037 385875.3 57
1718192063057 385875.3 58
1718192073075 385875.3 59
1718192083095 385875.3 60
1718192093115 385875.3 61
1718192103142 385875.3 62
1718192113161 385875.3 63
1718192123182 385875.3 64
1718192133200 385875.3 65
1718192143220 385875.3 66
1718192153239 385875.3 67
1718192163258 385875.3 68
1718192173279 385875.3 69
1718192183298 385875.3 70
1718192193318 385875.3 71
1718192203338 385875.3 72
1718192213357 385875.3 73
1718192223379 385875.3 74
1718192233399 385875.3 75
1718192243421 385875.3 76
1718192253438 385875.3 77
1718192263458 385875.3 78
1718192273479 385875.3 79
1718192283497 385875.3 80
1718192293517 385875.3 81
1718192303538 385875.3 82
1718192313559 385875.3 83
1718192323578 385875.3 84
1718192333599 385875.3 85
1718192343619 385875.3 86
1718192353641 385875.3 87
1718192363663 385875.3 88
1718192373686 385875.3 89
1718192383715 385875.3 90
1718192393741 385621.0 91
1718192403759 385621.0 92
1718192413776 385621.0 93
1718192423799 385621.0 94
1718192433827 385621.0 95
1718192443850 385621.0 96
1718192453892 385621.0 97
1718192463915 385621.0 98
1718192473938 385621.0 99
1718192483960 385621.0 100
1718192493982 385621.0 101
1718192504011 385621.0 102
1718192514032 385621.0 103
1718192524066 385621.0 104
1718192534091 385621.0 105
1718192544118 385621.0 106
1718192554140 385621.0 107
1718192564168 385621.0 108
1718192574196 385621.0 109
1718192584225 385621.0 110
1718192594256 385621.0 111
1718192604287 385621.0 112
1718192614315 385621.0 113
1718192624350 385621.0 114
1718192634374 385621.0 115
1718192644401 385621.0 116
1718192654428 385621.0 117
1718192664462 385621.0 118
1718192674492 385621.0 119
1718192684525 385621.0 120
1718192694554 385621.0 121
1718192704583 385621.0 122
1718192714618 385621.0 123
1718192724650 385621.0 124
1718192734681 385621.0 125
1718192744711 385621.0 126
1718192754739 385621.0 127
1718192764770 385621.0 128
1718192774798 385621.0 129
1718192784828 385621.0 130
1718192794862 385621.0 131
1718192804891 385621.0 132
1718192814922 385621.0 133
1718192824964 385621.0 134
1718192834994 385621.0 135
1718192845024 385621.0 136
1718192855057 385621.0 137
1718192865081 385621.0 138
1718192875112 385621.0 139
1718192885144 385621.0 140
1718192895173 385621.0 141
1718192905207 385621.0 142
1718192915238 385621.0 143
1718192925272 385621.0 144
1718192935307 385621.0 145
1718192945330 385621.0 146
1718192955363 385621.0 147
1718192965396 385621.0 148
1718192975419 385621.0 149
1718192985447 385621.0 150
1718192995477 385621.0 151
1718193005502 385621.0 152
1718193015529 385621.0 153
1718193025561 385621.0 154
1718193035592 385620.9 155
1718193045624 385620.9 156
1718193055653 385620.9 157
1718193065686 385620.9 158
1718193075715 385620.9 159
1718193085747 385620.9 160
1718193095779 385620.9 161
1718193105810 385620.9 162
1718193115839 385620.9 163
1718193125870 385620.9 164
1718193135899 385620.9 165
1718193145933 385620.9 166
1718193155963 385620.9 167
1718193165998 385620.9 168
1718193176031 385620.9 169
1718193186057 385620.9 170
1718193196081 385620.9 171
1718193206105 385620.9 172
1718193216130 385620.9 173
1718193226156 385620.9 174
1718193236186 385620.9 175
1718193246226 385620.9 176
1718193256249 385620.9 177
1718193266275 385620.9 178
1718193276307 385620.9 179
1718193286432 385620.9 180
1718193296456 385366.7 181
1718193306493 385366.7 182
1718193316519 385366.6 183
1718193326552 385366.6 184
1718193336582 385366.6 185
1718193346605 385366.6 186
1718193356631 385366.6 187
1718193366660 385366.6 188
1718193376686 385366.6 189
1718193386721 385366.6 190
1718193396748 385366.6 191
1718193406771 385366.6 192
1718193416798 385366.6 193
1718193426823 385366.6 194
1718193436850 385366.6 195
1718193446880 385366.6 196
1718193456917 385366.6 197
1718193466945 385366.6 198
1718193476970 385366.6 199
1718193486995 385366.6 200
1718193497022 385366.6 201
1718193507049 385366.6 202
1718193517076 385366.6 203
1718193527103 385366.6 204
1718193537133 385366.6 205
1718193547160 385366.6 206
1718193557187 385366.6 207
1718193567214 385366.6 208
1718193577240 385366.6 209
1718193587267 385366.6 210
1718193597299 385366.6 211
1718193607329 385366.6 212
1718193617356 385366.6 213
1718193627382 385366.6 214
1718193637427 385366.6 215
1718193647454 385366.6 216
1718193657493 385366.6 217
1718193667526 385366.6 218
1718193677554 385366.6 219
1718193687580 385366.6 220
1718193697604 385366.6 221
1718193707635 385366.6 222
1718193717659 385366.6 223
1718193727681 385366.6 224
1718193737705 385366.6 225
1718193747729 385366.6 226
1718193757750 385366.6 227
1718193767774 385366.6 228
1718193777798 385366.6 229
1718193787817 385366.6 230
1718193797841 385366.6 231
1718193807863 385366.6 232
1718193817886 385366.6 233
1718193827909 385366.6 234
1718193837931 385366.6 235
1718193847954 385366.6 236
1718193857980 385366.6 237
1718193868002 385366.6 238
1718193878025 385366.6 239
1718193888049 385366.6 240
1718193898075 385366.6 241
1718193908105 385366.6 242
1718193918129 385366.6 243
1718193928153 385366.6 244
1718193938176 385366.6 245
1718193948203 385366.6 246
1718193958227 385366.6 247
1718193968251 385366.6 248
1718193978275 385366.6 249
1718193988299 385366.6 250
1718193998326 385366.6 251
1718194008351 385366.6 252
1718194018375 385366.6 253
1718194028397 385366.6 254
1718194038422 385366.6 255
1718194048445 385366.6 256
1718194058468 385366.6 257
1718194068493 385366.6 258
1718194078518 385366.6 259
1718194088543 385366.6 260
1718194098567 385366.6 261
1718194108593 385366.6 262
1718194118618 385366.6 263
1718194128644 385366.6 264
1718194138667 385366.6 265
1718194148695 385366.6 266
1718194158720 385366.6 267
1718194168743 385366.6 268
1718194178767 385366.6 269
1718194188790 385366.6 270
1718194198821 385366.6 271
1718194208858 385112.3 272
1718194218881 385112.3 273
1718194228919 385112.3 274
1718194238942 385112.3 275
1718194248969 385112.3 276
1718194258996 385112.3 277
1718194269020 385112.3 278
1718194279044 385112.3 279
1718194289069 385112.3 280
1718194299096 385112.3 281
1718194309122 385112.3 282
1718194319158 385112.3 283
1718194329194 385112.3 284
1718194339231 385112.3 285
1718194349267 385112.3 286
1718194359303 385112.3 287
1718194369366 385112.3 288
1718194379400 385112.3 289
1718194389437 385112.3 290
1718194399474 385112.3 291
1718194409509 385112.3 292
1718194419559 385112.3 293
1718194429600 385112.3 294
1718194439637 385112.3 295
1718194449676 385112.3 296
1718194459713 385112.3 297
1718194469739 385112.3 298
1718194479774 385112.3 299
1718194489809 385112.3 300
1718194499838 385112.3 301
1718194509863 385112.3 302
1718194519895 385112.3 303
1718194529921 385112.3 304
1718194539952 385112.3 305
1718194549978 385112.3 306
1718194560006 385112.3 307
1718194570068 385112.3 308
1718194580096 385112.3 309
1718194590125 385112.3 310
1718194600152 385112.3 311
1718194610194 385112.3 312
1718194620224 385112.3 313
1718194630255 385112.3 314
1718194640280 385112.3 315
1718194650308 385112.3 316
1718194660336 385112.3 317
1718194670364 385112.3 318
1718194680392 385112.3 319
1718194690434 385112.3 320
1718194700462 385112.3 321
1718194710486 385112.3 322
1718194720523 385112.3 323
1718194730548 385112.3 324
1718194740577 385112.3 325
1718194750607 385112.3 326
1718194760635 385112.3 327
1718194770661 385112.3 328
1718194780689 385112.3 329
1718194790720 385112.3 330
1718194800748 385112.3 331
1718194810776 385112.3 332
1718194820809 385112.3 333
1718194830838 385112.3 334
1718194840866 385112.3 335
1718194850896 385112.3 336
1718194860927 385112.3 337
1718194870958 385112.3 338
1718194880986 385112.3 339
1718194891016 385112.3 340
1718194901049 385112.3 341
1718194911077 385112.3 342
1718194921108 385112.3 343
1718194931138 385112.3 344
1718194941168 385112.3 345
1718194951202 385112.3 346
1718194961233 385112.3 347
1718194971263 385112.3 348
1718194981292 385112.3 349
1718194991322 385112.3 350
1718195001352 385112.3 351
1718195011381 385112.3 352
1718195021410 385112.3 353
1718195031437 385112.3 354
1718195041466 385112.3 355
1718195051495 385112.3 356
1718195061522 385112.3 357
1718195071559 385112.3 358
1718195081589 385112.3 359
1718195091620 385112.3 360
1718195101666 385112.2 361
1718195111692 384858.0 362
1718195121722 384857.9 363
1718195131757 384857.9 364
1718195141790 384857.9 365
1718195151823 384857.9 366
1718195161858 384857.9 367
1718195171885 384857.9 368
1718195181918 384857.9 369
1718195191945 384857.9 370
1718195201975 384857.9 371
