1718191481578 61.7 0
1718191491600 61.7 1
1718191501625 61.7 2
1718191511650 61.7 3
1718191521697 61.7 4
1718191531943 61.7 5
1718191541965 61.7 6
1718191551984 61.7 7
1718191562028 58.6 8
1718191572049 58.6 9
1718191582074 58.6 10
1718191592095 58.6 11
1718191602117 58.6 12
1718191612136 58.6 13
1718191622166 58.6 14
1718191632189 58.6 15
1718191642208 58.6 16
1718191652224 58.6 17
1718191662245 58.6 18
1718191672276 58.6 19
1718191682295 58.6 20
1718191692314 58.6 21
1718191702333 58.6 22
1718191712353 58.6 23
1718191722371 58.6 24
1718191732391 58.6 25
1718191742409 58.6 26
1718191752434 58.6 27
1718191762454 58.6 28
1718191772492 58.6 29
1718191782511 58.6 30
1718191792529 58.6 31
1718191802547 58.6 32
1718191812565 58.6 33
1718191822584 58.6 34
1718191832604 58.6 35
1718191842624 58.6 36
1718191852644 58.6 37
1718191862662 58.6 38
1718191872693 58.6 39
1718191882717 58.6 40
1718191892735 58.6 41
1718191902754 58.6 42
1718191912773 58.6 43
1718191922793 58.6 44
1718191932814 58.6 45
1718191942836 58.6 46
1718191952854 58.6 47
1718191962870 58.6 48
1718191972889 58.6 49
1718191982908 58.6 50
1718191992925 58.6 51
1718192002943 58.6 52
1718192012960 58.6 53
1718192022978 58.6 54
1718192032997 58.6 55
1718192043019 58.6 56
1718192053037 58.6 57
1718192063057 58.6 58
1718192073075 58.6 59
1718192083095 58.6 60
1718192093115 58.6 61
1718192103142 58.6 62
1718192113161 58.6 63
1718192123182 58.6 64
1718192133200 58.6 65
1718192143220 58.6 66
1718192153239 58.6 67
1718192163258 58.6 68
1718192173279 58.6 69
1718192183298 58.6 70
1718192193318 58.6 71
1718192203338 58.6 72
1718192213357 58.6 73
1718192223379 58.6 74
1718192233399 58.6 75
1718192243421 58.6 76
1718192253438 58.6 77
1718192263458 58.6 78
1718192273479 58.6 79
1718192283497 58.6 80
1718192293517 58.6 81
1718192303538 58.6 82
1718192313559 58.6 83
1718192323578 58.6 84
1718192333599 58.6 85
1718192343619 58.6 86
1718192353641 58.6 87
1718192363663 58.6 88
1718192373686 58.6 89
1718192383715 58.6 90
1718192393741 58.7 91
1718192403759 58.7 92
1718192413776 58.7 93
1718192423799 58.7 94
1718192433827 58.7 95
1718192443850 58.7 96
1718192453892 58.7 97
1718192463915 58.7 98
1718192473938 58.7 99
1718192483960 58.7 100
1718192493982 58.7 101
1718192504011 58.7 102
1718192514032 58.7 103
1718192524066 58.7 104
1718192534091 58.7 105
1718192544118 58.7 106
1718192554140 58.7 107
1718192564168 58.7 108
1718192574196 58.7 109
1718192584225 58.7 110
1718192594256 58.7 111
1718192604287 58.7 112
1718192614315 58.7 113
1718192624350 58.7 114
1718192634374 58.7 115
1718192644401 58.7 116
1718192654428 58.7 117
1718192664462 58.7 118
1718192674492 58.7 119
1718192684525 58.7 120
1718192694554 58.7 121
1718192704583 58.7 122
1718192714618 58.7 123
1718192724650 58.7 124
1718192734681 58.7 125
1718192744711 58.7 126
1718192754739 58.7 127
1718192764770 58.7 128
1718192774798 58.7 129
1718192784828 58.7 130
1718192794862 58.7 131
1718192804891 58.7 132
1718192814922 58.7 133
1718192824964 58.7 134
1718192834994 58.7 135
1718192845024 58.7 136
1718192855057 58.7 137
1718192865081 58.7 138
1718192875112 58.7 139
1718192885144 58.7 140
1718192895173 58.7 141
1718192905207 58.7 142
1718192915238 58.7 143
1718192925272 58.7 144
1718192935307 58.7 145
1718192945330 58.7 146
1718192955363 58.7 147
1718192965396 58.7 148
1718192975419 58.7 149
1718192985447 58.7 150
1718192995477 58.7 151
1718193005502 58.7 152
1718193015529 58.7 153
1718193025561 58.7 154
1718193035592 58.7 155
1718193045624 58.7 156
1718193055653 58.7 157
1718193065686 58.7 158
1718193075715 58.7 159
1718193085747 58.7 160
1718193095779 58.7 161
1718193105810 58.7 162
1718193115839 58.7 163
1718193125870 58.7 164
1718193135899 58.7 165
1718193145933 58.7 166
1718193155963 58.7 167
1718193165998 58.7 168
1718193176031 58.7 169
1718193186057 58.7 170
1718193196081 58.7 171
1718193206105 58.7 172
1718193216130 58.7 173
1718193226156 58.7 174
1718193236186 58.7 175
1718193246226 58.7 176
1718193256249 58.7 177
1718193266275 58.7 178
1718193276307 58.7 179
1718193286432 58.7 180
1718193296456 58.7 181
1718193306493 58.7 182
1718193316519 58.7 183
1718193326552 58.7 184
1718193336582 58.7 185
1718193346605 58.7 186
1718193356631 58.7 187
1718193366660 58.7 188
1718193376686 58.7 189
1718193386721 58.7 190
1718193396748 58.7 191
1718193406771 58.7 192
1718193416798 58.7 193
1718193426823 58.7 194
1718193436850 58.7 195
1718193446880 58.7 196
1718193456917 58.7 197
1718193466945 58.7 198
1718193476970 58.7 199
1718193486995 58.7 200
1718193497022 58.7 201
1718193507049 58.7 202
1718193517076 58.7 203
1718193527103 58.7 204
1718193537133 58.7 205
1718193547160 58.7 206
1718193557187 58.7 207
1718193567214 58.7 208
1718193577240 58.7 209
1718193587267 58.7 210
1718193597299 58.7 211
1718193607329 58.7 212
1718193617356 58.7 213
1718193627382 58.7 214
1718193637427 58.7 215
1718193647454 58.7 216
1718193657493 58.7 217
1718193667526 58.7 218
1718193677554 58.7 219
1718193687580 58.7 220
1718193697604 58.7 221
1718193707635 58.7 222
1718193717659 58.7 223
1718193727681 58.7 224
1718193737705 58.7 225
1718193747729 58.7 226
1718193757750 58.7 227
1718193767774 58.7 228
1718193777798 58.7 229
1718193787817 58.7 230
1718193797841 58.7 231
1718193807863 58.7 232
1718193817886 58.7 233
1718193827909 58.7 234
1718193837931 58.7 235
1718193847954 58.7 236
1718193857980 58.7 237
1718193868002 58.7 238
1718193878025 58.7 239
1718193888049 58.7 240
1718193898075 58.7 241
1718193908105 58.7 242
1718193918129 58.7 243
1718193928153 58.7 244
1718193938176 58.7 245
1718193948203 58.7 246
1718193958227 58.7 247
1718193968251 58.7 248
1718193978275 58.7 249
1718193988299 58.7 250
1718193998326 58.7 251
1718194008351 58.7 252
1718194018375 58.7 253
1718194028397 58.7 254
1718194038422 58.7 255
1718194048445 58.7 256
1718194058468 58.7 257
1718194068493 58.7 258
1718194078518 58.7 259
1718194088543 58.7 260
1718194098567 58.7 261
1718194108593 58.7 262
1718194118618 58.7 263
1718194128644 58.7 264
1718194138667 58.7 265
1718194148695 58.7 266
1718194158720 58.7 267
1718194168743 58.7 268
1718194178767 58.7 269
1718194188790 58.7 270
1718194198821 58.7 271
1718194208858 58.7 272
1718194218881 58.7 273
1718194228919 58.7 274
1718194238942 58.7 275
1718194248969 58.7 276
1718194258996 58.7 277
1718194269020 58.7 278
1718194279044 58.7 279
1718194289069 58.7 280
1718194299096 58.7 281
1718194309122 58.7 282
1718194319158 58.7 283
1718194329194 58.7 284
1718194339231 58.7 285
1718194349267 58.7 286
1718194359303 58.7 287
1718194369366 58.7 288
1718194379400 58.7 289
1718194389437 58.7 290
1718194399474 58.7 291
1718194409509 58.7 292
1718194419559 58.7 293
1718194429600 58.7 294
1718194439637 58.7 295
1718194449676 58.7 296
1718194459713 58.7 297
1718194469739 58.7 298
1718194479774 58.7 299
1718194489809 58.7 300
1718194499838 58.7 301
1718194509863 58.7 302
1718194519895 58.7 303
1718194529921 58.7 304
1718194539952 58.7 305
1718194549978 58.7 306
1718194560006 58.7 307
1718194570068 58.7 308
1718194580096 58.7 309
1718194590125 58.7 310
1718194600152 58.7 311
1718194610194 58.7 312
1718194620224 58.7 313
1718194630255 58.7 314
1718194640280 58.7 315
1718194650308 58.7 316
1718194660336 58.7 317
1718194670364 58.7 318
1718194680392 58.7 319
1718194690434 58.7 320
1718194700462 58.7 321
1718194710486 58.7 322
1718194720523 58.7 323
1718194730548 58.7 324
1718194740577 58.7 325
1718194750607 58.7 326
1718194760635 58.7 327
1718194770661 58.7 328
1718194780689 58.7 329
1718194790720 58.7 330
1718194800748 58.7 331
1718194810776 58.7 332
1718194820809 58.7 333
1718194830838 58.7 334
1718194840866 58.7 335
1718194850896 58.7 336
1718194860927 58.7 337
1718194870958 58.7 338
1718194880986 58.7 339
1718194891016 58.7 340
1718194901049 58.7 341
1718194911077 58.7 342
1718194921108 58.7 343
1718194931138 58.7 344
1718194941168 58.7 345
1718194951202 58.7 346
1718194961233 58.7 347
1718194971263 58.7 348
1718194981292 58.7 349
1718194991322 58.7 350
1718195001352 58.7 351
1718195011381 58.7 352
1718195021410 58.7 353
1718195031437 58.7 354
1718195041466 58.7 355
1718195051495 58.7 356
1718195061522 58.7 357
1718195071559 58.7 358
1718195081589 58.7 359
1718195091620 58.7 360
1718195101666 58.7 361
1718195111692 58.7 362
1718195121722 58.7 363
1718195131757 58.7 364
1718195141790 58.7 365
1718195151823 58.7 366
1718195161858 58.7 367
1718195171885 58.7 368
1718195181918 58.7 369
1718195191945 58.7 370
1718195201975 58.7 371
