1718191481578 575088.6 0
1718191491600 575089.4 1
1718191501625 575089.4 2
1718191511650 575089.4 3
1718191521697 575089.4 4
1718191531943 575089.4 5
1718191541965 575089.4 6
1718191551984 575089.5 7
1718191562028 546945.6 8
1718191572049 546945.6 9
1718191582074 546945.6 10
1718191592095 546945.5 11
1718191602117 546945.5 12
1718191612136 546945.5 13
1718191622166 546945.5 14
1718191632189 546945.5 15
1718191642208 546945.5 16
1718191652224 546945.5 17
1718191662245 546945.5 18
1718191672276 546945.5 19
1718191682295 546945.5 20
1718191692314 546945.5 21
1718191702333 546945.5 22
1718191712353 546945.5 23
1718191722371 546945.5 24
1718191732391 546945.5 25
1718191742409 546945.5 26
1718191752434 546945.5 27
1718191762454 546945.5 28
1718191772492 546945.5 29
1718191782511 546945.5 30
1718191792529 546945.5 31
1718191802547 546945.5 32
1718191812565 546945.5 33
1718191822584 546945.5 34
1718191832604 546945.5 35
1718191842624 546945.5 36
1718191852644 546945.5 37
1718191862662 546945.5 38
1718191872693 546945.5 39
1718191882717 546945.5 40
1718191892735 546945.5 41
1718191902754 546945.5 42
1718191912773 546945.5 43
1718191922793 546945.5 44
1718191932814 546945.5 45
1718191942836 546945.5 46
1718191952854 546945.5 47
1718191962870 546945.5 48
1718191972889 546945.5 49
1718191982908 546945.5 50
1718191992925 546945.5 51
1718192002943 546945.5 52
1718192012960 546945.5 53
1718192022978 546945.5 54
1718192032997 546945.5 55
1718192043019 546945.5 56
1718192053037 546945.5 57
1718192063057 546945.5 58
1718192073075 546945.5 59
1718192083095 546945.5 60
1718192093115 546945.5 61
1718192103142 546945.5 62
1718192113161 546945.6 63
1718192123182 546945.6 64
1718192133200 546945.6 65
1718192143220 546945.6 66
1718192153239 546945.6 67
1718192163258 546945.6 68
1718192173279 546945.6 69
1718192183298 546945.6 70
1718192193318 546945.6 71
1718192203338 546945.6 72
1718192213357 546945.6 73
1718192223379 546945.6 74
1718192233399 546945.6 75
1718192243421 546945.6 76
1718192253438 546945.6 77
1718192263458 546945.6 78
1718192273479 546945.6 79
1718192283497 546945.6 80
1718192293517 546945.6 81
1718192303538 546945.6 82
1718192313559 546945.6 83
1718192323578 546945.6 84
1718192333599 546945.6 85
1718192343619 546945.6 86
1718192353641 546945.6 87
1718192363663 546945.6 88
1718192373686 546945.6 89
1718192383715 546945.6 90
1718192393741 547199.8 91
1718192403759 547199.8 92
1718192413776 547199.8 93
1718192423799 547199.8 94
1718192433827 547199.8 95
1718192443850 547199.8 96
1718192453892 547199.8 97
1718192463915 547199.8 98
1718192473938 547199.9 99
1718192483960 547199.9 100
1718192493982 547199.9 101
1718192504011 547199.9 102
1718192514032 547199.9 103
1718192524066 547199.9 104
1718192534091 547199.9 105
1718192544118 547199.9 106
1718192554140 547199.9 107
1718192564168 547199.9 108
1718192574196 547199.9 109
1718192584225 547199.9 110
1718192594256 547199.9 111
1718192604287 547199.9 112
1718192614315 547199.9 113
1718192624350 547199.9 114
1718192634374 547199.9 115
1718192644401 547199.9 116
1718192654428 547199.9 117
1718192664462 547199.9 118
1718192674492 547199.9 119
1718192684525 547199.9 120
1718192694554 547199.9 121
1718192704583 547199.9 122
1718192714618 547199.9 123
1718192724650 547199.9 124
1718192734681 547199.9 125
1718192744711 547199.9 126
1718192754739 547199.9 127
1718192764770 547199.9 128
1718192774798 547199.9 129
1718192784828 547199.9 130
1718192794862 547199.9 131
1718192804891 547199.9 132
1718192814922 547199.9 133
1718192824964 547199.9 134
1718192834994 547199.9 135
1718192845024 547199.9 136
1718192855057 547199.9 137
1718192865081 547199.9 138
1718192875112 547199.9 139
1718192885144 547199.9 140
1718192895173 547199.9 141
1718192905207 547199.9 142
1718192915238 547199.9 143
1718192925272 547199.9 144
1718192935307 547199.9 145
1718192945330 547199.9 146
1718192955363 547199.9 147
1718192965396 547199.9 148
1718192975419 547199.9 149
1718192985447 547199.9 150
1718192995477 547199.9 151
1718193005502 547199.9 152
1718193015529 547199.9 153
1718193025561 547199.9 154
1718193035592 547199.9 155
1718193045624 547199.9 156
1718193055653 547199.9 157
1718193065686 547199.9 158
1718193075715 547199.9 159
1718193085747 547199.9 160
1718193095779 547199.9 161
1718193105810 547199.9 162
1718193115839 547199.9 163
1718193125870 547199.9 164
1718193135899 547199.9 165
1718193145933 547199.9 166
1718193155963 547199.9 167
1718193165998 547199.9 168
1718193176031 547199.9 169
1718193186057 547199.9 170
1718193196081 547199.9 171
1718193206105 547199.9 172
1718193216130 547199.9 173
1718193226156 547199.9 174
1718193236186 547199.9 175
1718193246226 547199.9 176
1718193256249 547199.9 177
1718193266275 547199.9 178
1718193276307 547199.9 179
1718193286432 547199.9 180
1718193296456 547454.2 181
1718193306493 547454.2 182
1718193316519 547454.2 183
1718193326552 547454.2 184
1718193336582 547454.2 185
1718193346605 547454.2 186
1718193356631 547454.2 187
1718193366660 547454.2 188
1718193376686 547454.2 189
1718193386721 547454.2 190
1718193396748 547454.2 191
1718193406771 547454.2 192
1718193416798 547454.2 193
1718193426823 547454.2 194
1718193436850 547454.2 195
1718193446880 547454.2 196
1718193456917 547454.2 197
1718193466945 547454.2 198
1718193476970 547454.2 199
1718193486995 547454.2 200
1718193497022 547454.2 201
1718193507049 547454.2 202
1718193517076 547454.2 203
1718193527103 547454.2 204
1718193537133 547454.2 205
1718193547160 547454.2 206
1718193557187 547454.2 207
1718193567214 547454.2 208
1718193577240 547454.2 209
1718193587267 547454.2 210
1718193597299 547454.2 211
1718193607329 547454.2 212
1718193617356 547454.2 213
1718193627382 547454.2 214
1718193637427 547454.2 215
1718193647454 547454.2 216
1718193657493 547454.2 217
1718193667526 547454.2 218
1718193677554 547454.2 219
1718193687580 547454.2 220
1718193697604 547454.2 221
1718193707635 547454.2 222
1718193717659 547454.2 223
1718193727681 547454.2 224
1718193737705 547454.2 225
1718193747729 547454.2 226
1718193757750 547454.2 227
1718193767774 547454.2 228
1718193777798 547454.2 229
1718193787817 547454.2 230
1718193797841 547454.2 231
1718193807863 547454.2 232
1718193817886 547454.2 233
1718193827909 547454.2 234
1718193837931 547454.2 235
1718193847954 547454.2 236
1718193857980 547454.2 237
1718193868002 547454.2 238
1718193878025 547454.2 239
1718193888049 547454.2 240
1718193898075 547454.2 241
1718193908105 547454.2 242
1718193918129 547454.2 243
1718193928153 547454.2 244
1718193938176 547454.2 245
1718193948203 547454.2 246
1718193958227 547454.2 247
1718193968251 547454.2 248
1718193978275 547454.2 249
1718193988299 547454.2 250
1718193998326 547454.2 251
1718194008351 547454.2 252
1718194018375 547454.2 253
1718194028397 547454.2 254
1718194038422 547454.2 255
1718194048445 547454.2 256
1718194058468 547454.2 257
1718194068493 547454.2 258
1718194078518 547454.2 259
1718194088543 547454.2 260
1718194098567 547454.2 261
1718194108593 547454.2 262
1718194118618 547454.2 263
1718194128644 547454.2 264
1718194138667 547454.2 265
1718194148695 547454.2 266
1718194158720 547454.2 267
1718194168743 547454.2 268
1718194178767 547454.2 269
1718194188790 547454.2 270
1718194198821 547454.2 271
1718194208858 547708.5 272
1718194218881 547708.5 273
1718194228919 547708.5 274
1718194238942 547708.5 275
1718194248969 547708.5 276
1718194258996 547708.5 277
1718194269020 547708.5 278
1718194279044 547708.5 279
1718194289069 547708.5 280
1718194299096 547708.5 281
1718194309122 547708.5 282
1718194319158 547708.5 283
1718194329194 547708.5 284
1718194339231 547708.5 285
1718194349267 547708.5 286
1718194359303 547708.5 287
1718194369366 547708.5 288
1718194379400 547708.5 289
1718194389437 547708.5 290
1718194399474 547708.5 291
1718194409509 547708.5 292
1718194419559 547708.5 293
1718194429600 547708.5 294
1718194439637 547708.5 295
1718194449676 547708.5 296
1718194459713 547708.5 297
1718194469739 547708.5 298
1718194479774 547708.5 299
1718194489809 547708.5 300
1718194499838 547708.5 301
1718194509863 547708.5 302
1718194519895 547708.5 303
1718194529921 547708.5 304
1718194539952 547708.5 305
1718194549978 547708.5 306
1718194560006 547708.5 307
1718194570068 547708.5 308
1718194580096 547708.5 309
1718194590125 547708.5 310
1718194600152 547708.5 311
1718194610194 547708.5 312
1718194620224 547708.5 313
1718194630255 547708.5 314
1718194640280 547708.5 315
1718194650308 547708.5 316
1718194660336 547708.5 317
1718194670364 547708.5 318
1718194680392 547708.5 319
1718194690434 547708.5 320
1718194700462 547708.5 321
1718194710486 547708.5 322
1718194720523 547708.5 323
1718194730548 547708.5 324
1718194740577 547708.5 325
1718194750607 547708.5 326
1718194760635 547708.5 327
1718194770661 547708.5 328
1718194780689 547708.5 329
1718194790720 547708.5 330
1718194800748 547708.5 331
1718194810776 547708.5 332
1718194820809 547708.5 333
1718194830838 547708.5 334
1718194840866 547708.5 335
1718194850896 547708.5 336
1718194860927 547708.5 337
1718194870958 547708.5 338
1718194880986 547708.5 339
1718194891016 547708.5 340
1718194901049 547708.5 341
1718194911077 547708.6 342
1718194921108 547708.6 343
1718194931138 547708.6 344
1718194941168 547708.6 345
1718194951202 547708.6 346
1718194961233 547708.6 347
1718194971263 547708.6 348
1718194981292 547708.6 349
1718194991322 547708.6 350
1718195001352 547708.6 351
1718195011381 547708.6 352
1718195021410 547708.6 353
1718195031437 547708.6 354
1718195041466 547708.6 355
1718195051495 547708.6 356
1718195061522 547708.6 357
1718195071559 547708.6 358
1718195081589 547708.6 359
1718195091620 547708.6 360
1718195101666 547708.6 361
1718195111692 547962.9 362
1718195121722 547962.9 363
1718195131757 547962.9 364
1718195141790 547962.9 365
1718195151823 547962.9 366
1718195161858 547962.9 367
1718195171885 547962.9 368
1718195181918 547962.9 369
1718195191945 547962.9 370
1718195201975 547962.9 371
