1718191481578 6880.6 0
1718191491600 7903.9 1
1718191501625 8075.9 2
1718191511650 8075.9 3
1718191521697 8075.9 4
1718191531943 8075.9 5
1718191541965 8075.9 6
1718191551984 8120.6 7
1718191562028 8113.0 8
1718191572049 8082.6 9
1718191582074 8082.6 10
1718191592095 8082.6 11
1718191602117 8124.5 12
1718191612136 8124.5 13
1718191622166 8124.5 14
1718191632189 8124.5 15
1718191642208 8124.5 16
1718191652224 8124.5 17
1718191662245 8124.5 18
1718191672276 8124.5 19
1718191682295 8124.5 20
1718191692314 8124.5 21
1718191702333 8124.5 22
1718191712353 8124.5 23
1718191722371 8124.5 24
1718191732391 8124.5 25
1718191742409 8124.5 26
1718191752434 8124.5 27
1718191762454 8129.3 28
1718191772492 8206.6 29
1718191782511 8161.1 30
1718191792529 8191.3 31
1718191802547 8151.9 32
1718191812565 8151.9 33
1718191822584 8151.9 34
1718191832604 8151.9 35
1718191842624 8151.9 36
1718191852644 8151.9 37
1718191862662 8151.9 38
1718191872693 8151.9 39
1718191882717 8151.9 40
1718191892735 8151.9 41
1718191902754 8151.9 42
1718191912773 8151.9 43
1718191922793 8151.9 44
1718191932814 8151.9 45
1718191942836 8114.7 46
1718191952854 8114.7 47
1718191962870 8114.7 48
1718191972889 8114.7 49
1718191982908 8114.7 50
1718191992925 8114.7 51
1718192002943 8114.7 52
1718192012960 8114.7 53
1718192022978 8114.7 54
1718192032997 8114.7 55
1718192043019 8114.7 56
1718192053037 8114.7 57
1718192063057 8114.7 58
1718192073075 8114.7 59
1718192083095 8114.7 60
1718192093115 8096.1 61
1718192103142 8096.1 62
1718192113161 8096.1 63
1718192123182 8096.1 64
1718192133200 8096.1 65
1718192143220 8096.1 66
1718192153239 8096.1 67
1718192163258 8096.1 68
1718192173279 8096.1 69
1718192183298 8096.1 70
1718192193318 8096.1 71
1718192203338 8096.1 72
1718192213357 8096.1 73
1718192223379 8096.1 74
1718192233399 8096.1 75
1718192243421 8096.1 76
1718192253438 8096.1 77
1718192263458 8096.1 78
1718192273479 8096.1 79
1718192283497 8096.1 80
1718192293517 8096.1 81
1718192303538 8096.1 82
1718192313559 8096.1 83
1718192323578 8096.1 84
1718192333599 8096.1 85
1718192343619 8096.1 86
1718192353641 8096.1 87
1718192363663 8096.1 88
1718192373686 8096.1 89
1718192383715 8096.1 90
1718192393741 8109.2 91
1718192403759 8096.2 92
1718192413776 8096.2 93
1718192423799 8096.2 94
1718192433827 8096.2 95
1718192443850 8096.2 96
1718192453892 8096.2 97
1718192463915 8096.2 98
1718192473938 8096.2 99
1718192483960 8096.2 100
1718192493982 8096.2 101
1718192504011 8096.2 102
1718192514032 8096.2 103
1718192524066 8096.2 104
1718192534091 8096.2 105
1718192544118 8096.2 106
1718192554140 8096.2 107
1718192564168 8096.2 108
1718192574196 8096.2 109
1718192584225 8096.2 110
1718192594256 8096.2 111
1718192604287 8096.2 112
1718192614315 8096.2 113
1718192624350 8096.2 114
1718192634374 8096.2 115
1718192644401 8096.2 116
1718192654428 8096.2 117
1718192664462 8096.2 118
1718192674492 8096.2 119
1718192684525 8096.2 120
1718192694554 8096.1 121
1718192704583 8096.1 122
1718192714618 8096.1 123
1718192724650 8096.1 124
1718192734681 8096.1 125
1718192744711 8096.1 126
1718192754739 8096.1 127
1718192764770 8096.1 128
1718192774798 8096.1 129
1718192784828 8096.1 130
1718192794862 8096.1 131
1718192804891 8096.1 132
1718192814922 8096.1 133
1718192824964 8096.1 134
1718192834994 8096.1 135
1718192845024 8096.1 136
1718192855057 8096.1 137
1718192865081 8096.1 138
1718192875112 8096.1 139
1718192885144 8096.1 140
1718192895173 8096.1 141
1718192905207 8096.1 142
1718192915238 8096.1 143
1718192925272 8096.1 144
1718192935307 8096.1 145
1718192945330 8096.1 146
1718192955363 8096.1 147
1718192965396 8096.1 148
1718192975419 8096.1 149
1718192985447 8096.1 150
1718192995477 8096.1 151
1718193005502 8096.1 152
1718193015529 8096.1 153
1718193025561 8096.1 154
1718193035592 8096.1 155
1718193045624 8096.1 156
1718193055653 8096.1 157
1718193065686 8096.1 158
1718193075715 8096.1 159
1718193085747 8096.1 160
1718193095779 8096.1 161
1718193105810 8096.1 162
1718193115839 8096.1 163
1718193125870 8096.1 164
1718193135899 8096.1 165
1718193145933 8096.1 166
1718193155963 8096.1 167
1718193165998 8096.1 168
1718193176031 8096.1 169
1718193186057 8096.1 170
1718193196081 8096.1 171
1718193206105 8096.1 172
1718193216130 8096.1 173
1718193226156 8096.1 174
1718193236186 8096.1 175
1718193246226 8096.1 176
1718193256249 8096.1 177
1718193266275 8096.1 178
1718193276307 8096.1 179
1718193286432 8096.1 180
1718193296456 8107.5 181
1718193306493 8097.0 182
1718193316519 8096.1 183
1718193326552 8096.1 184
1718193336582 8096.1 185
1718193346605 8096.1 186
1718193356631 8096.1 187
1718193366660 8096.1 188
1718193376686 8096.1 189
1718193386721 8096.1 190
1718193396748 8096.1 191
1718193406771 8096.1 192
1718193416798 8096.1 193
1718193426823 8096.1 194
1718193436850 8096.1 195
1718193446880 8096.1 196
1718193456917 8096.1 197
1718193466945 8096.1 198
1718193476970 8096.1 199
1718193486995 8096.1 200
1718193497022 8096.1 201
1718193507049 8096.1 202
1718193517076 8096.1 203
1718193527103 8096.1 204
1718193537133 8096.1 205
1718193547160 8096.1 206
1718193557187 8096.1 207
1718193567214 8096.1 208
1718193577240 8096.1 209
1718193587267 8096.1 210
1718193597299 8096.1 211
1718193607329 8096.1 212
1718193617356 8096.1 213
1718193627382 8096.1 214
1718193637427 8096.1 215
1718193647454 8096.1 216
1718193657493 8096.1 217
1718193667526 8096.1 218
1718193677554 8096.1 219
1718193687580 8096.1 220
1718193697604 8096.1 221
1718193707635 8096.1 222
1718193717659 8096.1 223
1718193727681 8096.1 224
1718193737705 8096.1 225
1718193747729 8096.1 226
1718193757750 8096.1 227
1718193767774 8096.1 228
1718193777798 8096.1 229
1718193787817 8096.1 230
1718193797841 8096.1 231
1718193807863 8096.1 232
1718193817886 8096.1 233
1718193827909 8096.1 234
1718193837931 8096.1 235
1718193847954 8096.1 236
1718193857980 8096.1 237
1718193868002 8096.1 238
1718193878025 8096.1 239
1718193888049 8096.1 240
1718193898075 8096.1 241
1718193908105 8096.1 242
1718193918129 8096.1 243
1718193928153 8096.1 244
1718193938176 8096.1 245
1718193948203 8096.1 246
1718193958227 8096.1 247
1718193968251 8096.1 248
1718193978275 8098.2 249
1718193988299 8098.2 250
1718193998326 8098.2 251
1718194008351 8098.2 252
1718194018375 8098.2 253
1718194028397 8098.2 254
1718194038422 8098.2 255
1718194048445 8098.2 256
1718194058468 8098.2 257
1718194068493 8098.2 258
1718194078518 8098.2 259
1718194088543 8098.2 260
1718194098567 8098.2 261
1718194108593 8098.2 262
1718194118618 8098.2 263
1718194128644 8098.2 264
1718194138667 8098.2 265
1718194148695 8098.2 266
1718194158720 8098.2 267
1718194168743 8098.2 268
1718194178767 8098.2 269
1718194188790 8098.2 270
1718194198821 8098.2 271
1718194208858 8098.2 272
1718194218881 8098.2 273
1718194228919 8098.2 274
1718194238942 8098.2 275
1718194248969 8098.2 276
1718194258996 8098.2 277
1718194269020 8098.2 278
1718194279044 8098.2 279
1718194289069 8098.2 280
1718194299096 8098.2 281
1718194309122 8098.2 282
1718194319158 8098.2 283
1718194329194 8098.2 284
1718194339231 8098.2 285
1718194349267 8098.2 286
1718194359303 8098.2 287
1718194369366 8098.2 288
1718194379400 8098.2 289
1718194389437 8098.2 290
1718194399474 8098.2 291
1718194409509 8098.2 292
1718194419559 8098.2 293
1718194429600 8098.2 294
1718194439637 8098.2 295
1718194449676 8098.2 296
1718194459713 8098.2 297
1718194469739 8098.2 298
1718194479774 8098.2 299
1718194489809 8098.2 300
1718194499838 8098.2 301
1718194509863 8098.2 302
1718194519895 8098.2 303
1718194529921 8098.2 304
1718194539952 8098.2 305
1718194549978 8098.2 306
1718194560006 8098.2 307
1718194570068 8098.2 308
1718194580096 8098.2 309
1718194590125 8098.2 310
1718194600152 8098.2 311
1718194610194 8098.2 312
1718194620224 8098.2 313
1718194630255 8098.2 314
1718194640280 8098.2 315
1718194650308 8098.2 316
1718194660336 8098.2 317
1718194670364 8098.2 318
1718194680392 8098.2 319
1718194690434 8098.2 320
1718194700462 8098.2 321
1718194710486 8098.2 322
1718194720523 8098.2 323
1718194730548 8098.2 324
1718194740577 8098.2 325
1718194750607 8098.2 326
1718194760635 8098.2 327
1718194770661 8098.2 328
1718194780689 8098.2 329
1718194790720 8098.2 330
1718194800748 8098.2 331
1718194810776 8098.2 332
1718194820809 8098.2 333
1718194830838 8098.2 334
1718194840866 8098.2 335
1718194850896 8098.2 336
1718194860927 8098.2 337
1718194870958 8098.2 338
1718194880986 8098.2 339
1718194891016 8098.2 340
1718194901049 8098.2 341
1718194911077 8098.2 342
1718194921108 8098.2 343
1718194931138 8098.2 344
1718194941168 8098.2 345
1718194951202 8098.2 346
1718194961233 8098.2 347
1718194971263 8098.2 348
1718194981292 8098.2 349
1718194991322 8098.2 350
1718195001352 8098.2 351
1718195011381 8098.2 352
1718195021410 8098.2 353
1718195031437 8098.2 354
1718195041466 8098.2 355
1718195051495 8098.2 356
1718195061522 8098.2 357
1718195071559 8098.2 358
1718195081589 8098.2 359
1718195091620 8098.2 360
1718195101666 8098.2 361
1718195111692 8098.2 362
1718195121722 8098.2 363
1718195131757 8098.2 364
1718195141790 8098.2 365
1718195151823 8098.2 366
1718195161858 8098.2 367
1718195171885 8098.2 368
1718195181918 8098.2 369
1718195191945 8098.2 370
1718195201975 8098.2 371
