1718191481578 53.4 0
1718191491600 61.3 1
1718191501625 62.7 2
1718191511650 62.7 3
1718191521697 62.7 4
1718191531943 62.7 5
1718191541965 62.7 6
1718191551984 63.0 7
1718191562028 63.0 8
1718191572049 62.7 9
1718191582074 62.7 10
1718191592095 62.7 11
1718191602117 63.1 12
1718191612136 63.1 13
1718191622166 63.1 14
1718191632189 63.1 15
1718191642208 63.1 16
1718191652224 63.1 17
1718191662245 63.1 18
1718191672276 63.1 19
1718191682295 63.1 20
1718191692314 63.1 21
1718191702333 63.1 22
1718191712353 63.1 23
1718191722371 63.1 24
1718191732391 63.1 25
1718191742409 63.1 26
1718191752434 63.1 27
1718191762454 63.1 28
1718191772492 63.7 29
1718191782511 63.3 30
1718191792529 63.6 31
1718191802547 63.3 32
1718191812565 63.3 33
1718191822584 63.3 34
1718191832604 63.3 35
1718191842624 63.3 36
1718191852644 63.3 37
1718191862662 63.3 38
1718191872693 63.3 39
1718191882717 63.3 40
1718191892735 63.3 41
1718191902754 63.3 42
1718191912773 63.3 43
1718191922793 63.3 44
1718191932814 63.3 45
1718191942836 63.0 46
1718191952854 63.0 47
1718191962870 63.0 48
1718191972889 63.0 49
1718191982908 63.0 50
1718191992925 63.0 51
1718192002943 63.0 52
1718192012960 63.0 53
1718192022978 63.0 54
1718192032997 63.0 55
1718192043019 63.0 56
1718192053037 63.0 57
1718192063057 63.0 58
1718192073075 63.0 59
1718192083095 63.0 60
1718192093115 62.8 61
1718192103142 62.8 62
1718192113161 62.8 63
1718192123182 62.8 64
1718192133200 62.8 65
1718192143220 62.8 66
1718192153239 62.8 67
1718192163258 62.8 68
1718192173279 62.8 69
1718192183298 62.8 70
1718192193318 62.8 71
1718192203338 62.8 72
1718192213357 62.8 73
1718192223379 62.8 74
1718192233399 62.8 75
1718192243421 62.8 76
1718192253438 62.8 77
1718192263458 62.8 78
1718192273479 62.8 79
1718192283497 62.8 80
1718192293517 62.8 81
1718192303538 62.8 82
1718192313559 62.8 83
1718192323578 62.8 84
1718192333599 62.8 85
1718192343619 62.8 86
1718192353641 62.8 87
1718192363663 62.8 88
1718192373686 62.8 89
1718192383715 62.8 90
1718192393741 62.9 91
1718192403759 62.8 92
1718192413776 62.8 93
1718192423799 62.8 94
1718192433827 62.8 95
1718192443850 62.8 96
1718192453892 62.8 97
1718192463915 62.8 98
1718192473938 62.8 99
1718192483960 62.8 100
1718192493982 62.8 101
1718192504011 62.8 102
1718192514032 62.8 103
1718192524066 62.8 104
1718192534091 62.8 105
1718192544118 62.8 106
1718192554140 62.8 107
1718192564168 62.8 108
1718192574196 62.8 109
1718192584225 62.8 110
1718192594256 62.8 111
1718192604287 62.8 112
1718192614315 62.8 113
1718192624350 62.8 114
1718192634374 62.8 115
1718192644401 62.8 116
1718192654428 62.8 117
1718192664462 62.8 118
1718192674492 62.8 119
1718192684525 62.8 120
1718192694554 62.8 121
1718192704583 62.8 122
1718192714618 62.8 123
1718192724650 62.8 124
1718192734681 62.8 125
1718192744711 62.8 126
1718192754739 62.8 127
1718192764770 62.8 128
1718192774798 62.8 129
1718192784828 62.8 130
1718192794862 62.8 131
1718192804891 62.8 132
1718192814922 62.8 133
1718192824964 62.8 134
1718192834994 62.8 135
1718192845024 62.8 136
1718192855057 62.8 137
1718192865081 62.8 138
1718192875112 62.8 139
1718192885144 62.8 140
1718192895173 62.8 141
1718192905207 62.8 142
1718192915238 62.8 143
1718192925272 62.8 144
1718192935307 62.8 145
1718192945330 62.8 146
1718192955363 62.8 147
1718192965396 62.8 148
1718192975419 62.8 149
1718192985447 62.8 150
1718192995477 62.8 151
1718193005502 62.8 152
1718193015529 62.8 153
1718193025561 62.8 154
1718193035592 62.8 155
1718193045624 62.8 156
1718193055653 62.8 157
1718193065686 62.8 158
1718193075715 62.8 159
1718193085747 62.8 160
1718193095779 62.8 161
1718193105810 62.8 162
1718193115839 62.8 163
1718193125870 62.8 164
1718193135899 62.8 165
1718193145933 62.8 166
1718193155963 62.8 167
1718193165998 62.8 168
1718193176031 62.8 169
1718193186057 62.8 170
1718193196081 62.8 171
1718193206105 62.8 172
1718193216130 62.8 173
1718193226156 62.8 174
1718193236186 62.8 175
1718193246226 62.8 176
1718193256249 62.8 177
1718193266275 62.8 178
1718193276307 62.8 179
1718193286432 62.8 180
1718193296456 62.9 181
1718193306493 62.8 182
1718193316519 62.8 183
1718193326552 62.8 184
1718193336582 62.8 185
1718193346605 62.8 186
1718193356631 62.8 187
1718193366660 62.8 188
1718193376686 62.8 189
1718193386721 62.8 190
1718193396748 62.8 191
1718193406771 62.8 192
1718193416798 62.8 193
1718193426823 62.8 194
1718193436850 62.8 195
1718193446880 62.8 196
1718193456917 62.8 197
1718193466945 62.8 198
1718193476970 62.8 199
1718193486995 62.8 200
1718193497022 62.8 201
1718193507049 62.8 202
1718193517076 62.8 203
1718193527103 62.8 204
1718193537133 62.8 205
1718193547160 62.8 206
1718193557187 62.8 207
1718193567214 62.8 208
1718193577240 62.8 209
1718193587267 62.8 210
1718193597299 62.8 211
1718193607329 62.8 212
1718193617356 62.8 213
1718193627382 62.8 214
1718193637427 62.8 215
1718193647454 62.8 216
1718193657493 62.8 217
1718193667526 62.8 218
1718193677554 62.8 219
1718193687580 62.8 220
1718193697604 62.8 221
1718193707635 62.8 222
1718193717659 62.8 223
1718193727681 62.8 224
1718193737705 62.8 225
1718193747729 62.8 226
1718193757750 62.8 227
1718193767774 62.8 228
1718193777798 62.8 229
1718193787817 62.8 230
1718193797841 62.8 231
1718193807863 62.8 232
1718193817886 62.8 233
1718193827909 62.8 234
1718193837931 62.8 235
1718193847954 62.8 236
1718193857980 62.8 237
1718193868002 62.8 238
1718193878025 62.8 239
1718193888049 62.8 240
1718193898075 62.8 241
1718193908105 62.8 242
1718193918129 62.8 243
1718193928153 62.8 244
1718193938176 62.8 245
1718193948203 62.8 246
1718193958227 62.8 247
1718193968251 62.8 248
1718193978275 62.8 249
1718193988299 62.8 250
1718193998326 62.8 251
1718194008351 62.8 252
1718194018375 62.8 253
1718194028397 62.8 254
1718194038422 62.8 255
1718194048445 62.8 256
1718194058468 62.8 257
1718194068493 62.8 258
1718194078518 62.8 259
1718194088543 62.8 260
1718194098567 62.8 261
1718194108593 62.8 262
1718194118618 62.8 263
1718194128644 62.8 264
1718194138667 62.8 265
1718194148695 62.8 266
1718194158720 62.8 267
1718194168743 62.8 268
1718194178767 62.8 269
1718194188790 62.8 270
1718194198821 62.8 271
1718194208858 62.8 272
1718194218881 62.8 273
1718194228919 62.8 274
1718194238942 62.8 275
1718194248969 62.8 276
1718194258996 62.8 277
1718194269020 62.8 278
1718194279044 62.8 279
1718194289069 62.8 280
1718194299096 62.8 281
1718194309122 62.8 282
1718194319158 62.8 283
1718194329194 62.8 284
1718194339231 62.8 285
1718194349267 62.8 286
1718194359303 62.8 287
1718194369366 62.8 288
1718194379400 62.8 289
1718194389437 62.8 290
1718194399474 62.8 291
1718194409509 62.8 292
1718194419559 62.8 293
1718194429600 62.8 294
1718194439637 62.8 295
1718194449676 62.8 296
1718194459713 62.8 297
1718194469739 62.8 298
1718194479774 62.8 299
1718194489809 62.8 300
1718194499838 62.8 301
1718194509863 62.8 302
1718194519895 62.8 303
1718194529921 62.8 304
1718194539952 62.8 305
1718194549978 62.8 306
1718194560006 62.8 307
1718194570068 62.8 308
1718194580096 62.8 309
1718194590125 62.8 310
1718194600152 62.8 311
1718194610194 62.8 312
1718194620224 62.8 313
1718194630255 62.8 314
1718194640280 62.8 315
1718194650308 62.8 316
1718194660336 62.8 317
1718194670364 62.8 318
1718194680392 62.8 319
1718194690434 62.8 320
1718194700462 62.8 321
1718194710486 62.8 322
1718194720523 62.8 323
1718194730548 62.8 324
1718194740577 62.8 325
1718194750607 62.8 326
1718194760635 62.8 327
1718194770661 62.8 328
1718194780689 62.8 329
1718194790720 62.8 330
1718194800748 62.8 331
1718194810776 62.8 332
1718194820809 62.8 333
1718194830838 62.8 334
1718194840866 62.8 335
1718194850896 62.8 336
1718194860927 62.8 337
1718194870958 62.8 338
1718194880986 62.8 339
1718194891016 62.8 340
1718194901049 62.8 341
1718194911077 62.8 342
1718194921108 62.8 343
1718194931138 62.8 344
1718194941168 62.8 345
1718194951202 62.8 346
1718194961233 62.8 347
1718194971263 62.8 348
1718194981292 62.8 349
1718194991322 62.8 350
1718195001352 62.8 351
1718195011381 62.8 352
1718195021410 62.8 353
1718195031437 62.8 354
1718195041466 62.8 355
1718195051495 62.8 356
1718195061522 62.8 357
1718195071559 62.8 358
1718195081589 62.8 359
1718195091620 62.8 360
1718195101666 62.8 361
1718195111692 62.8 362
1718195121722 62.8 363
1718195131757 62.8 364
1718195141790 62.8 365
1718195151823 62.8 366
1718195161858 62.8 367
1718195171885 62.8 368
1718195181918 62.8 369
1718195191945 62.8 370
1718195201975 62.8 371
