1718191481578 10.0 0
1718191491600 97.0 1
1718191501625 96.0 2
1718191511650 95.0 3
1718191521697 92.0 4
1718191531943 96.0 5
1718191541965 95.0 6
1718191551984 92.0 7
1718191562028 79.0 8
1718191572049 97.0 9
1718191582074 97.0 10
1718191592095 90.0 11
1718191602117 92.0 12
1718191612136 91.0 13
1718191622166 97.0 14
1718191632189 96.0 15
1718191642208 97.0 16
1718191652224 97.0 17
1718191662245 97.0 18
1718191672276 91.0 19
1718191682295 97.0 20
1718191692314 93.0 21
1718191702333 92.0 22
1718191712353 91.0 23
1718191722371 97.0 24
1718191732391 77.0 25
1718191742409 98.0 26
1718191752434 92.0 27
1718191762454 96.0 28
1718191772492 89.0 29
1718191782511 86.0 30
1718191792529 97.0 31
1718191802547 91.0 32
1718191812565 96.0 33
1718191822584 90.0 34
1718191832604 86.0 35
1718191842624 96.0 36
1718191852644 97.0 37
1718191862662 98.0 38
1718191872693 91.0 39
1718191882717 98.0 40
1718191892735 91.0 41
1718191902754 97.0 42
1718191912773 93.0 43
1718191922793 96.0 44
1718191932814 96.0 45
1718191942836 89.0 46
1718191952854 97.0 47
1718191962870 78.0 48
1718191972889 98.0 49
1718191982908 97.0 50
1718191992925 98.0 51
1718192002943 97.0 52
1718192012960 91.0 53
1718192022978 98.0 54
1718192032997 97.0 55
1718192043019 91.0 56
1718192053037 97.0 57
1718192063057 97.0 58
1718192073075 97.0 59
1718192083095 92.0 60
1718192093115 98.0 61
1718192103142 91.0 62
1718192113161 96.0 63
1718192123182 90.0 64
1718192133200 92.0 65
1718192143220 97.0 66
1718192153239 97.0 67
1718192163258 77.0 68
1718192173279 96.0 69
1718192183298 97.0 70
1718192193318 97.0 71
1718192203338 96.0 72
1718192213357 97.0 73
1718192223379 95.0 74
1718192233399 97.0 75
1718192243421 96.0 76
1718192253438 97.0 77
1718192263458 97.0 78
1718192273479 97.0 79
1718192283497 96.0 80
1718192293517 97.0 81
1718192303538 96.0 82
1718192313559 96.0 83
1718192323578 95.0 84
1718192333599 97.0 85
1718192343619 93.0 86
1718192353641 97.0 87
1718192363663 96.0 88
1718192373686 97.0 89
1718192383715 96.0 90
1718192393741 95.0 91
1718192403759 90.0 92
1718192413776 91.0 93
1718192423799 97.0 94
1718192433827 94.0 95
1718192443850 97.0 96
1718192453892 97.0 97
1718192463915 97.0 98
1718192473938 97.0 99
1718192483960 90.0 100
1718192493982 98.0 101
1718192504011 97.0 102
1718192514032 75.0 103
1718192524066 97.0 104
1718192534091 91.0 105
1718192544118 96.0 106
1718192554140 97.0 107
1718192564168 98.0 108
1718192574196 91.0 109
1718192584225 97.0 110
1718192594256 97.0 111
1718192604287 92.0 112
1718192614315 88.0 113
1718192624350 96.0 114
1718192634374 96.0 115
1718192644401 72.0 116
1718192654428 97.0 117
1718192664462 97.0 118
1718192674492 96.0 119
1718192684525 96.0 120
1718192694554 81.0 121
1718192704583 95.0 122
1718192714618 95.0 123
1718192724650 92.0 124
1718192734681 92.0 125
1718192744711 97.0 126
1718192754739 98.0 127
1718192764770 97.0 128
1718192774798 91.0 129
1718192784828 98.0 130
1718192794862 82.0 131
1718192804891 98.0 132
1718192814922 96.0 133
1718192824964 89.0 134
1718192834994 98.0 135
1718192845024 97.0 136
1718192855057 97.0 137
1718192865081 84.0 138
1718192875112 98.0 139
1718192885144 97.0 140
1718192895173 89.0 141
1718192905207 95.0 142
1718192915238 77.0 143
1718192925272 95.0 144
1718192935307 89.0 145
1718192945330 91.0 146
1718192955363 97.0 147
1718192965396 92.0 148
1718192975419 97.0 149
1718192985447 98.0 150
1718192995477 97.0 151
1718193005502 98.0 152
1718193015529 88.0 153
1718193025561 90.0 154
1718193035592 96.0 155
1718193045624 92.0 156
1718193055653 97.0 157
1718193065686 97.0 158
1718193075715 89.0 159
1718193085747 97.0 160
1718193095779 96.0 161
1718193105810 95.0 162
1718193115839 97.0 163
1718193125870 95.0 164
1718193135899 94.0 165
1718193145933 97.0 166
1718193155963 97.0 167
1718193165998 97.0 168
1718193176031 97.0 169
1718193186057 96.0 170
1718193196081 97.0 171
1718193206105 97.0 172
1718193216130 96.0 173
1718193226156 97.0 174
1718193236186 96.0 175
1718193246226 96.0 176
1718193256249 97.0 177
1718193266275 96.0 178
1718193276307 95.0 179
1718193286432 97.0 180
1718193296456 12.0 181
1718193306493 91.0 182
1718193316519 95.0 183
1718193326552 95.0 184
1718193336582 88.0 185
1718193346605 92.0 186
1718193356631 98.0 187
1718193366660 91.0 188
1718193376686 97.0 189
1718193386721 91.0 190
1718193396748 97.0 191
1718193406771 96.0 192
1718193416798 90.0 193
1718193426823 95.0 194
1718193436850 90.0 195
1718193446880 96.0 196
1718193456917 76.0 197
1718193466945 98.0 198
1718193476970 89.0 199
1718193486995 97.0 200
1718193497022 98.0 201
1718193507049 75.0 202
1718193517076 97.0 203
1718193527103 98.0 204
1718193537133 98.0 205
1718193547160 96.0 206
1718193557187 97.0 207
1718193567214 97.0 208
1718193577240 92.0 209
1718193587267 97.0 210
1718193597299 95.0 211
1718193607329 77.0 212
1718193617356 97.0 213
1718193627382 96.0 214
1718193637427 91.0 215
1718193647454 96.0 216
1718193657493 77.0 217
1718193667526 97.0 218
1718193677554 96.0 219
1718193687580 98.0 220
1718193697604 97.0 221
1718193707635 76.0 222
1718193717659 97.0 223
1718193727681 92.0 224
1718193737705 92.0 225
1718193747729 96.0 226
1718193757750 97.0 227
1718193767774 97.0 228
1718193777798 97.0 229
1718193787817 97.0 230
1718193797841 97.0 231
1718193807863 77.0 232
1718193817886 98.0 233
1718193827909 90.0 234
1718193837931 96.0 235
1718193847954 96.0 236
1718193857980 93.0 237
1718193868002 90.0 238
1718193878025 97.0 239
1718193888049 90.0 240
1718193898075 97.0 241
1718193908105 78.0 242
1718193918129 97.0 243
1718193928153 91.0 244
1718193938176 97.0 245
1718193948203 93.0 246
1718193958227 93.0 247
1718193968251 92.0 248
1718193978275 78.0 249
1718193988299 96.0 250
1718193998326 96.0 251
1718194008351 96.0 252
1718194018375 96.0 253
1718194028397 97.0 254
1718194038422 96.0 255
1718194048445 95.0 256
1718194058468 96.0 257
1718194068493 96.0 258
1718194078518 96.0 259
1718194088543 95.0 260
1718194098567 97.0 261
1718194108593 96.0 262
1718194118618 96.0 263
1718194128644 96.0 264
1718194138667 97.0 265
1718194148695 95.0 266
1718194158720 97.0 267
1718194168743 96.0 268
1718194178767 96.0 269
1718194188790 97.0 270
1718194198821 96.0 271
1718194208858 97.0 272
1718194218881 91.0 273
1718194228919 97.0 274
1718194238942 91.0 275
1718194248969 96.0 276
1718194258996 77.0 277
1718194269020 98.0 278
1718194279044 92.0 279
1718194289069 97.0 280
1718194299096 97.0 281
1718194309122 76.0 282
1718194319158 90.0 283
1718194329194 97.0 284
1718194339231 94.0 285
1718194349267 90.0 286
1718194359303 77.0 287
1718194369366 98.0 288
1718194379400 91.0 289
1718194389437 97.0 290
1718194399474 97.0 291
1718194409509 77.0 292
1718194419559 97.0 293
1718194429600 96.0 294
1718194439637 89.0 295
1718194449676 98.0 296
1718194459713 77.0 297
1718194469739 98.0 298
1718194479774 91.0 299
1718194489809 88.0 300
1718194499838 97.0 301
1718194509863 76.0 302
1718194519895 96.0 303
1718194529921 91.0 304
1718194539952 96.0 305
1718194549978 95.0 306
1718194560006 97.0 307
1718194570068 92.0 308
1718194580096 97.0 309
1718194590125 91.0 310
1718194600152 97.0 311
1718194610194 83.0 312
1718194620224 97.0 313
1718194630255 96.0 314
1718194640280 90.0 315
1718194650308 96.0 316
1718194660336 97.0 317
1718194670364 97.0 318
1718194680392 97.0 319
1718194690434 92.0 320
1718194700462 98.0 321
1718194710486 76.0 322
1718194720523 98.0 323
1718194730548 92.0 324
1718194740577 98.0 325
1718194750607 95.0 326
1718194760635 97.0 327
1718194770661 97.0 328
1718194780689 81.0 329
1718194790720 98.0 330
1718194800748 92.0 331
1718194810776 91.0 332
1718194820809 98.0 333
1718194830838 77.0 334
1718194840866 96.0 335
1718194850896 91.0 336
1718194860927 92.0 337
1718194870958 97.0 338
1718194880986 84.0 339
1718194891016 96.0 340
1718194901049 95.0 341
1718194911077 96.0 342
1718194921108 96.0 343
1718194931138 96.0 344
1718194941168 96.0 345
1718194951202 94.0 346
1718194961233 96.0 347
1718194971263 97.0 348
1718194981292 97.0 349
1718194991322 98.0 350
1718195001352 96.0 351
1718195011381 96.0 352
1718195021410 96.0 353
1718195031437 95.0 354
1718195041466 97.0 355
1718195051495 97.0 356
1718195061522 96.0 357
1718195071559 97.0 358
1718195081589 96.0 359
1718195091620 96.0 360
1718195101666 96.0 361
1718195111692 98.0 362
1718195121722 98.0 363
1718195131757 92.0 364
1718195141790 94.0 365
1718195151823 76.0 366
1718195161858 92.0 367
1718195171885 97.0 368
1718195181918 97.0 369
1718195191945 98.0 370
1718195201975 78.0 371
