1718191481578 0.0 0
1718191491600 0.0001320000010309741 1
1718191501625 0.004316000000471831 2
1718191511650 0.004316000000471831 3
1718191521697 0.004316000000471831 4
1718191531943 0.004820000000108848 5
1718191541965 0.006040000000211876 6
1718191551984 0.006040000000211876 7
1718191562028 0.07673000000067987 8
1718191572049 0.07673000000067987 9
1718191582074 0.07696200000100362 10
1718191592095 0.07696200000100362 11
1718191602117 0.07702799999970011 12
1718191612136 0.07722000000103435 13
1718191622166 0.08140400000047521 14
1718191632189 0.08215700000073412 15
1718191642208 0.08215700000073412 16
1718191652224 0.08235500000046159 17
1718191662245 0.08235500000046159 18
1718191672276 0.08245499999975436 19
1718191682295 0.08663900000101421 20
1718191692314 0.08683100000052946 21
1718191702333 0.0870470000008936 22
1718191712353 0.0870470000008936 23
1718191722371 0.08720300000095449 24
1718191732391 0.08726299999943876 25
1718191742409 0.09179200000107812 26
1718191752434 0.09179200000107812 27
1718191762454 0.09179200000107812 28
1718191772492 0.1013280000006489 29
1718191782511 0.6579469999996945 30
1718191792529 0.6584469999997964 31
1718191802547 0.6626310000010562 32
1718191812565 0.6635500000011234 33
1718191822584 0.6635500000011234 34
1718191832604 0.6655780000000959 35
1718191842624 0.666666000000987 36
1718191852644 0.666666000000987 37
1718191862662 0.6801310000009835 38
1718191872693 0.6948069999998552 39
1718191882717 0.7085929999993823 40
1718191892735 0.7146590000011201 41
1718191902754 0.7154329999993934 42
1718191912773 0.7154989999999088 43
1718191922793 0.7197990000004211 44
1718191932814 0.7206779999996797 45
1718191942836 0.7206779999996797 46
1718191952854 0.7207440000001952 47
1718191962870 0.7207440000001952 48
1718191972889 0.720870000001014 49
1718191982908 0.7250540000004548 50
1718191992925 0.7251200000009703 51
1718192002943 0.7255010000008042 52
1718192012960 0.7255610000011075 53
1718192022978 0.7255610000011075 54
1718192032997 0.7255610000011075 55
1718192043019 0.7299050000001444 56
1718192053037 0.7299050000001444 57
1718192063057 0.7299050000001444 58
1718192073075 0.7299779999993916 59
1718192083095 0.7299779999993916 60
1718192093115 0.7300379999996949 61
1718192103142 0.7342220000009547 62
1718192113161 0.7342220000009547 63
1718192123182 0.7342220000009547 64
1718192133200 0.7787119999993593 65
1718192143220 0.8083800000003976 66
1718192153239 0.8083800000003976 67
1718192163258 0.8309000000008382 68
1718192173279 0.8309000000008382 69
1718192183298 0.8311320000011619 70
1718192193318 0.8313120000002527 71
1718192203338 0.8314320000008593 72
1718192213357 0.8321280000000115 73
1718192223379 0.8363119999994524 74
1718192233399 0.8370649999997113 75
1718192243421 0.8370649999997113 76
1718192253438 0.8371310000002268 77
1718192263458 0.8371970000007423 78
1718192273479 0.8371970000007423 79
1718192283497 0.8413810000001831 80
1718192293517 0.8416070000002946 81
1718192303538 0.8416670000005979 82
1718192313559 0.8416670000005979 83
1718192323578 0.8416670000005979 84
1718192333599 0.8416670000005979 85
1718192343619 0.845911000000342 86
1718192353641 0.845911000000342 87
1718192363663 0.845911000000342 88
1718192373686 0.845911000000342 89
1718192383715 0.845911000000342 90
1718192393741 0.8549870000006194 91
1718192403759 0.8591710000000603 92
1718192413776 0.8591710000000603 93
1718192423799 0.8592710000011721 94
1718192433827 0.8592710000011721 95
1718192443850 0.8602989999999409 96
1718192453892 0.8603590000002441 97
1718192463915 0.8899440000004688 98
1718192473938 0.8899440000004688 99
1718192483960 0.8901760000007926 100
1718192493982 0.8901760000007926 101
1718192504011 0.8901760000007926 102
1718192514032 0.8904340000008233 103
1718192524066 0.8946180000002641 104
1718192534091 0.8953670000009879 105
1718192544118 0.8953670000009879 106
1718192554140 0.8955330000007962 107
1718192564168 0.8956650000000081 108
1718192574196 0.8956650000000081 109
1718192584225 0.899848999999449 110
1718192594256 0.900035000000571 111
1718192604287 0.9000950000008743 112
1718192614315 0.9000950000008743 113
1718192624350 0.9000950000008743 114
1718192634374 0.9003169999996317 115
1718192644401 0.9045609999993758 116
1718192654428 0.9045609999993758 117
1718192664462 0.9045609999993758 118
1718192674492 0.9046610000004875 119
1718192684525 0.9046610000004875 120
1718192694554 0.9047210000007908 121
1718192704583 0.9089050000002317 122
1718192714618 0.9089050000002317 123
1718192724650 0.9089050000002317 124
1718192734681 0.9089650000005349 125
1718192744711 0.9099930000011227 126
1718192754739 0.9099930000011227 127
1718192764770 0.9328040000000328 128
1718192774798 0.9328040000000328 129
1718192784828 0.9330360000003566 130
1718192794862 0.9330360000003566 131
1718192804891 0.9331959999999526 132
1718192814922 0.9333280000009836 133
1718192824964 0.9375120000004245 134
1718192834994 0.9383309999993799 135
1718192845024 0.9383309999993799 136
1718192855057 0.9384630000004108 137
1718192865081 0.9384630000004108 138
1718192875112 0.9384630000004108 139
1718192885144 0.9426469999998517 140
1718192895173 0.9432770000003075 141
1718192905207 0.9433370000006107 142
1718192915238 0.9433370000006107 143
1718192925272 0.9434369999999035 144
1718192935307 0.9434369999999035 145
1718192945330 0.9476809999996476 146
1718192955363 0.9476809999996476 147
1718192965396 0.9476809999996476 148
1718192975419 0.9476809999996476 149
1718192985447 0.9476809999996476 150
1718192995477 0.9478870000002644 151
1718193005502 0.9520709999997052 152
1718193015529 0.9520709999997052 153
1718193025561 0.9520709999997052 154
1718193035592 0.9565739999998186 155
1718193045624 0.9784579999995913 156
1718193055653 0.978558000000703 157
1718193065686 1.000938999999562 158
1718193075715 1.000938999999562 159
1718193085747 1.0011709999998857 160
1718193095779 1.0011709999998857 161
1718193105810 1.001470999999583 162
1718193115839 1.0016630000009172 163
1718193125870 1.005847000000358 164
1718193135899 1.0066660000011325 165
1718193145933 1.0066660000011325 166
1718193155963 1.0067980000003445 167
1718193165998 1.0067980000003445 168
1718193176031 1.0068979999996372 169
1718193186057 1.0111419999993814 170
1718193196081 1.0112079999998969 171
1718193206105 1.0112680000002001 172
1718193216130 1.0112680000002001 173
1718193226156 1.0112680000002001 174
1718193236186 1.0112680000002001 175
1718193246226 1.0155119999999442 176
1718193256249 1.0155119999999442 177
1718193266275 1.0155119999999442 178
1718193276307 1.0155119999999442 179
1718193286432 1.0155119999999442 180
1718193296456 1.0247739999995247 181
1718193306493 1.0290580000000773 182
1718193316519 1.0290580000000773 183
1718193326552 1.0290580000000773 184
1718193336582 1.0290580000000773 185
1718193346605 1.0301460000009683 186
1718193356631 1.0301460000009683 187
1718193366660 1.0681770000010147 188
1718193376686 1.084009000000151 189
1718193386721 1.0922370000007504 190
1718193396748 1.0984320000006846 191
1718193406771 1.098948000000746 192
1718193416798 1.0990139999994426 193
1718193426823 1.1033640000005107 194
1718193436850 1.1042809999999008 195
1718193446880 1.1042809999999008 196
1718193456917 1.1043470000004163 197
1718193466945 1.1044130000009318 198
1718193476970 1.1044130000009318 199
1718193486995 1.108657000000676 200
1718193497022 1.1087829999996757 201
1718193507049 1.1091639999995095 202
1718193517076 1.1091639999995095 203
1718193527103 1.1091639999995095 204
1718193537133 1.1093199999995704 205
1718193547160 1.1135640000011335 206
1718193557187 1.1136640000004263 207
1718193567214 1.1141680000000633 208
1718193577240 1.1141680000000633 209
1718193587267 1.1141680000000633 210
1718193597299 1.1142280000003666 211
1718193607329 1.1184119999998074 212
1718193617356 1.1184119999998074 213
1718193627382 1.1184119999998074 214
1718193637427 1.1184720000001107 215
1718193647454 1.1195000000006985 216
1718193657493 1.1195000000006985 217
1718193667526 1.1434060000010504 218
1718193677554 1.1434060000010504 219
1718193687580 1.1436379999995552 220
1718193697604 1.1436379999995552 221
1718193707635 1.1437040000000707 222
1718193717659 1.1438300000008894 223
1718193727681 1.1480140000003303 224
1718193737705 1.1487670000005892 225
1718193747729 1.1487670000005892 226
1718193757750 1.1489590000001044 227
1718193767774 1.1489590000001044 228
1718193777798 1.1489590000001044 229
1718193787817 1.1531429999995453 230
1718193797841 1.1533290000006673 231
1718193807863 1.15342899999996 232
1718193817886 1.15342899999996 233
1718193827909 1.15342899999996 234
1718193837931 1.15342899999996 235
1718193847954 1.1576729999997042 236
1718193857980 1.1576729999997042 237
1718193868002 1.1576729999997042 238
1718193878025 1.1576729999997042 239
1718193888049 1.1577330000000075 240
1718193898075 1.1577330000000075 241
1718193908105 1.1619169999994483 242
1718193918129 1.1619169999994483 243
1718193928153 1.1619169999994483 244
1718193938176 1.2359950000009121 245
1718193948203 1.237022999999681 246
1718193958227 1.237022999999681 247
1718193968251 1.2597679999998945 248
1718193978275 1.2597679999998945 249
1718193988299 1.2600000000002183 250
1718193998326 1.2600000000002183 251
1718194008351 1.2604260000007343 252
1718194018375 1.2604919999994308 253
1718194028397 1.2646760000006907 254
1718194038422 1.2656650000008085 255
1718194048445 1.2657250000011118 256
1718194058468 1.2659569999996165 257
1718194068493 1.2659569999996165 258
1718194078518 1.2659569999996165 259
1718194088543 1.2701410000008764 260
1718194098567 1.2703930000006949 261
1718194108593 1.2703930000006949 262
1718194118618 1.2703930000006949 263
1718194128644 1.2703930000006949 264
1718194138667 1.2703930000006949 265
1718194148695 1.274637000000439 266
1718194158720 1.274637000000439 267
1718194168743 1.274637000000439 268
1718194178767 1.274637000000439 269
1718194188790 1.274797000000035 270
1718194198821 1.274797000000035 271
1718194208858 1.2892379999993864 272
1718194218881 1.2892379999993864 273
1718194228919 1.2892379999993864 274
1718194238942 1.2892379999993864 275
1718194248969 1.2908299999999144 276
1718194258996 1.2908299999999144 277
1718194269020 1.320926000000327 278
1718194279044 1.320926000000327 279
1718194289069 1.3211580000006506 280
1718194299096 1.3211580000006506 281
1718194309122 1.321324000000459 282
1718194319158 1.3215159999999742 283
1718194329194 1.325699999999415 284
1718194339231 1.326452999999674 285
1718194349267 1.326452999999674 286
1718194359303 1.3266509999994014 287
1718194369366 1.3266509999994014 288
1718194379400 1.3266509999994014 289
1718194389437 1.3308950000009645 290
1718194399474 1.3310810000002675 291
1718194409509 1.3310810000002675 292
1718194419559 1.3310810000002675 293
1718194429600 1.3310810000002675 294
1718194439637 1.3311809999995603 295
1718194449676 1.3356469999998808 296
1718194459713 1.3377500000005966 297
1718194469739 1.3377500000005966 298
1718194479774 1.3377500000005966 299
1718194489809 1.3378100000009 300
1718194499838 1.3378100000009 301
1718194509863 1.3419940000003407 302
1718194519895 1.3419940000003407 303
1718194529921 1.3419940000003407 304
1718194539952 1.3430819999994128 305
1718194549978 1.3430819999994128 306
1718194560006 1.3430819999994128 307
1718194570068 1.365685000000667 308
1718194580096 1.365685000000667 309
1718194590125 1.3659170000009908 310
1718194600152 1.3659170000009908 311
1718194610194 1.3660429999999906 312
1718194620224 1.3661690000008093 313
1718194630255 1.3711660000008123 314
1718194640280 1.3711660000008123 315
1718194650308 1.3711660000008123 316
1718194660336 1.3713580000003276 317
1718194670364 1.3713580000003276 318
1718194680392 1.3713580000003276 319
1718194690434 1.3755419999997684 320
1718194700462 1.3757879999993747 321
1718194710486 1.3757879999993747 322
1718194720523 1.3757879999993747 323
1718194730548 1.3757879999993747 324
1718194740577 1.3757879999993747 325
1718194750607 1.3800320000009378 326
1718194760635 1.3800320000009378 327
1718194770661 1.3800320000009378 328
1718194780689 1.3800320000009378 329
1718194790720 1.3800919999994221 330
1718194800748 1.3800919999994221 331
1718194810776 1.3843440000000555 332
1718194820809 1.3844440000011673 333
1718194830838 1.3844440000011673 334
1718194840866 1.4063349999996717 335
1718194850896 1.4063349999996717 336
1718194860927 1.4063349999996717 337
1718194870958 1.4363200000007055 338
1718194880986 1.4561780000003637 339
1718194891016 1.4640180000005785 340
1718194901049 1.4644050000006246 341
1718194911077 1.465092000000368 342
1718194921108 1.465277999999671 343
1718194931138 1.4708449999998265 344
1718194941168 1.4710109999996348 345
1718194951202 1.4710109999996348 346
1718194961233 1.4710770000001503 347
1718194971263 1.471203000000969 348
1718194981292 1.471203000000969 349
1718194991322 1.47538700000041 350
1718195001352 1.4757140000001527 351
1718195011381 1.4758940000010625 352
1718195021410 1.4758940000010625 353
1718195031437 1.4758940000010625 354
1718195041466 1.4758940000010625 355
1718195051495 1.4801380000008066 356
1718195061522 1.4801380000008066 357
1718195071559 1.4802380000000994 358
1718195081589 1.4802380000000994 359
1718195091620 1.4802980000004027 360
1718195101666 1.4802980000004027 361
1718195111692 1.4936240000006364 362
1718195121722 1.4936240000006364 363
1718195131757 1.4936240000006364 364
1718195141790 1.4946519999994052 365
1718195151823 1.4947119999997085 366
1718195161858 1.5039809999998397 367
1718195171885 1.533956000001126 368
1718195181918 1.5341879999996308 369
1718195191945 1.5342880000007426 370
1718195201975 1.534353999999439 371
