1718191481578 0.0 0
1718191491600 0.0001720000000204891 1
1718191501625 0.0043560000000297805 2
1718191511650 0.0043560000000297805 3
1718191521697 0.0043560000000297805 4
1718191531943 0.0043560000000297805 5
1718191541965 0.005486000000018976 6
1718191551984 0.005486000000018976 7
1718191562028 0.02385700000002089 8
1718191572049 0.02385700000002089 9
1718191582074 0.02408900000000358 10
1718191592095 0.02408900000000358 11
1718191602117 0.024175000000013824 12
1718191612136 0.024408999999991465 13
1718191622166 0.028593000000000757 14
1718191632189 0.029324000000030992 15
1718191642208 0.029324000000030992 16
1718191652224 0.029582000000004882 17
1718191662245 0.029582000000004882 18
1718191672276 0.02965599999998858 19
1718191682295 0.03383999999999787 20
1718191692314 0.03401200000001836 21
1718191702333 0.034245999999996 22
1718191712353 0.034245999999996 23
1718191722371 0.03441800000001649 24
1718191732391 0.034480000000030486 25
1718191742409 0.03905800000001136 26
1718191752434 0.03905800000001136 27
1718191762454 0.03905800000001136 28
1718191772492 0.05243200000001025 29
1718191782511 0.07899900000001026 30
1718191792529 0.0819930000000113 31
1718191802547 0.0862510000000043 32
1718191812565 0.08633700000001454 33
1718191822584 0.08633700000001454 34
1718191832604 0.09092800000001944 35
1718191842624 0.09197199999999839 36
1718191852644 0.09197199999999839 37
1718191862662 0.10169799999999896 38
1718191872693 0.10904499999998052 39
1718191882717 0.12852500000002465 40
1718191892735 0.1321100000000115 41
1718191902754 0.13327800000001844 42
1718191912773 0.13336400000002868 43
1718191922793 0.13770800000003192 44
1718191932814 0.13858700000002955 45
1718191942836 0.13858700000002955 46
1718191952854 0.13867299999998295 47
1718191962870 0.13867299999998295 48
1718191972889 0.1388210000000072 49
1718191982908 0.14300500000001648 50
1718191992925 0.14309100000002672 51
1718192002943 0.14366300000000365 52
1718192012960 0.14372500000001764 53
1718192022978 0.14372500000001764 54
1718192032997 0.14372500000001764 55
1718192043019 0.14813100000003487 56
1718192053037 0.14813100000003487 57
1718192063057 0.14813100000003487 58
1718192073075 0.1482040000000211 59
1718192083095 0.14829000000003134 60
1718192093115 0.1483519999999885 61
1718192103142 0.15253599999999778 62
1718192113161 0.15253599999999778 63
1718192123182 0.15253599999999778 64
1718192133200 0.17218800000000556 65
1718192143220 0.18718799999999192 66
1718192153239 0.18718799999999192 67
1718192163258 0.20101800000003323 68
1718192173279 0.20110399999998663 69
1718192183298 0.2014220000000364 70
1718192193318 0.2015079999999898 71
1718192203338 0.2015700000000038 72
1718192213357 0.20180399999998144 73
1718192223379 0.20598799999999073 74
1718192233399 0.20671900000002097 75
1718192243421 0.20671900000002097 76
1718192253438 0.2068050000000312 77
1718192263458 0.20689099999998461 78
1718192273479 0.20689099999998461 79
1718192283497 0.2110749999999939 80
1718192293517 0.21116100000000415 81
1718192303538 0.21129700000000184 82
1718192313559 0.21129700000000184 83
1718192323578 0.21129700000000184 84
1718192333599 0.21129700000000184 85
1718192343619 0.21562900000003538 86
1718192353641 0.21562900000003538 87
1718192363663 0.21562900000003538 88
1718192373686 0.21562900000003538 89
1718192383715 0.21571499999998878 90
1718192393741 0.21874300000001767 91
1718192403759 0.22292700000002696 92
1718192413776 0.22292700000002696 93
1718192423799 0.22300100000001066 94
1718192433827 0.2230870000000209 95
1718192443850 0.22398300000003246 96
1718192453892 0.2240449999999896 97
1718192463915 0.23956800000001977 98
1718192473938 0.23965400000003 99
1718192483960 0.23997200000002294 100
1718192493982 0.2400580000000332 101
1718192504011 0.2400580000000332 102
1718192514032 0.24037800000002107 103
1718192524066 0.24464799999998377 104
1718192534091 0.245379000000014 105
1718192544118 0.245379000000014 106
1718192554140 0.24553900000000795 107
1718192564168 0.24571100000002843 108
1718192574196 0.24571100000002843 109
1718192584225 0.24989499999998088 110
1718192594256 0.24998099999999113 111
1718192604287 0.2500430000000051 112
1718192614315 0.2500430000000051 113
1718192624350 0.2500430000000051 114
1718192634374 0.2502269999999953 115
1718192644401 0.25455900000002885 116
1718192654428 0.25455900000002885 117
1718192664462 0.25455900000002885 118
1718192674492 0.25455900000002885 119
1718192684525 0.2547190000000228 120
1718192694554 0.2547810000000368 121
1718192704583 0.25896499999998923 122
1718192714618 0.25896499999998923 123
1718192724650 0.25896499999998923 124
1718192734681 0.25911300000001347 125
1718192744711 0.260009000000025 126
1718192754739 0.260009000000025 127
1718192764770 0.2740370000000212 128
1718192774798 0.2741230000000314 129
1718192784828 0.27444100000002436 130
1718192794862 0.2745270000000346 131
1718192804891 0.2746630000000323 132
1718192814922 0.27483499999999594 133
1718192824964 0.2791050000000155 134
1718192834994 0.2799219999999991 135
1718192845024 0.2799219999999991 136
1718192855057 0.2800940000000196 137
1718192865081 0.2800940000000196 138
1718192875112 0.2800940000000196 139
1718192885144 0.2842780000000289 140
1718192895173 0.2843639999999823 141
1718192905207 0.2844259999999963 142
1718192915238 0.2844259999999963 143
1718192925272 0.2844259999999963 144
1718192935307 0.28450000000003683 145
1718192945330 0.2888320000000135 146
1718192955363 0.2888320000000135 147
1718192965396 0.2888320000000135 148
1718192975419 0.2888320000000135 149
1718192985447 0.28891800000002377 150
1718192995477 0.2891260000000102 151
1718193005502 0.2933100000000195 152
1718193015529 0.2933100000000195 153
1718193025561 0.2933100000000195 154
1718193035592 0.3011549999999943 155
1718193045624 0.30485900000002175 156
1718193055653 0.30493300000000545 157
1718193065686 0.3185149999999908 158
1718193075715 0.318601000000001 159
1718193085747 0.31891899999999396 160
1718193095779 0.3190050000000042 161
1718193105810 0.3190670000000182 162
1718193115839 0.31930099999999584 163
1718193125870 0.3235710000000154 164
1718193135899 0.324387999999999 165
1718193145933 0.324387999999999 166
1718193155963 0.3245600000000195 167
1718193165998 0.3245600000000195 168
1718193176031 0.3246340000000032 169
1718193186057 0.3288180000000125 170
1718193196081 0.32890400000002273 171
1718193206105 0.32896600000003673 172
1718193216130 0.32896600000003673 173
1718193226156 0.32896600000003673 174
1718193236186 0.32896600000003673 175
1718193246226 0.3332980000000134 176
1718193256249 0.3332980000000134 177
1718193266275 0.3332980000000134 178
1718193276307 0.3332980000000134 179
1718193286432 0.33338400000002366 180
1718193296456 0.33656000000001995 181
1718193306493 0.34081800000001294 182
1718193316519 0.34081800000001294 183
1718193326552 0.34081800000001294 184
1718193336582 0.3409040000000232 185
1718193346605 0.3418619999999919 186
1718193356631 0.3418619999999919 187
1718193366660 0.3636910000000171 188
1718193376686 0.3759420000000091 189
1718193386721 0.3881640000000175 190
1718193396748 0.3914139999999975 191
1718193406771 0.392721999999992 192
1718193416798 0.39297399999998106 193
1718193426823 0.39749599999998964 194
1718193436850 0.39841899999998986 195
1718193446880 0.3985850000000255 196
1718193456917 0.39867100000003575 197
1718193466945 0.39875699999998915 198
1718193476970 0.3989230000000248 199
1718193486995 0.40316899999999123 200
1718193497022 0.4032550000000015 201
1718193507049 0.403741000000025 202
1718193517076 0.403741000000025 203
1718193527103 0.403741000000025 204
1718193537133 0.40391299999998864 205
1718193547160 0.4082450000000222 206
1718193557187 0.40831900000000587 207
1718193567214 0.40831900000000587 208
1718193577240 0.40831900000000587 209
1718193587267 0.4084050000000161 210
1718193597299 0.4084670000000301 211
1718193607329 0.41265099999998256 212
1718193617356 0.41265099999998256 213
1718193627382 0.41265099999998256 214
1718193637427 0.4127990000000068 215
1718193647454 0.41369500000001835 216
1718193657493 0.41369500000001835 217
1718193667526 0.42745300000001407 218
1718193677554 0.42762500000003456 219
1718193687580 0.42785700000001725 220
1718193697604 0.4279430000000275 221
1718193707635 0.4280289999999809 222
1718193717659 0.42817700000000514 223
1718193727681 0.4324470000000247 224
1718193737705 0.4332640000000083 225
1718193747729 0.4332640000000083 226
1718193757750 0.43349799999998595 227
1718193767774 0.43349799999998595 228
1718193777798 0.43349799999998595 229
1718193787817 0.43768199999999524 230
1718193797841 0.4378300000000195 231
1718193807863 0.4378300000000195 232
1718193817886 0.4379040000000032 233
1718193827909 0.4379860000000235 234
1718193837931 0.43807200000003377 235
1718193847954 0.4423180000000002 236
1718193857980 0.4423180000000002 237
1718193868002 0.4423180000000002 238
1718193878025 0.4423180000000002 239
1718193888049 0.44246600000002445 240
1718193898075 0.44246600000002445 241
1718193908105 0.44665000000003374 242
1718193918129 0.44665000000003374 243
1718193928153 0.44673599999998714 244
1718193938176 0.48212599999999384 245
1718193948203 0.4830220000000054 246
1718193958227 0.4830220000000054 247
1718193968251 0.4969649999999888 248
1718193978275 0.497050999999999 249
1718193988299 0.49736899999999196 250
1718193998326 0.4974550000000022 251
1718194008351 0.4976649999999836 252
1718194018375 0.49775099999999384 253
1718194028397 0.5019350000000031 254
1718194038422 0.5026660000000334 255
1718194048445 0.5027279999999905 256
1718194058468 0.5029739999999947 257
1718194068493 0.5029739999999947 258
1718194078518 0.5029739999999947 259
1718194088543 0.507158000000004 260
1718194098567 0.5073179999999979 261
1718194108593 0.5073179999999979 262
1718194118618 0.5073179999999979 263
1718194128644 0.5073179999999979 264
1718194138667 0.5074040000000082 265
1718194148695 0.5116500000000315 266
1718194158720 0.5116500000000315 267
1718194168743 0.5116500000000315 268
1718194178767 0.5116500000000315 269
1718194188790 0.5118719999999826 270
1718194198821 0.5118719999999826 271
1718194208858 0.5192680000000109 272
1718194218881 0.5192680000000109 273
1718194228919 0.5193540000000212 274
1718194238942 0.5193540000000212 275
1718194248969 0.5203119999999899 276
1718194258996 0.5203119999999899 277
1718194269020 0.5365459999999871 278
1718194279044 0.5367180000000076 279
1718194289069 0.5369499999999903 280
1718194299096 0.5370360000000005 281
1718194309122 0.5371220000000108 282
1718194319158 0.5374300000000289 283
1718194329194 0.5416999999999916 284
1718194339231 0.5425170000000321 285
1718194349267 0.5425170000000321 286
1718194359303 0.542775000000006 287
1718194369366 0.542775000000006 288
1718194379400 0.542775000000006 289
1718194389437 0.5469590000000153 290
1718194399474 0.5471069999999827 291
1718194409509 0.5471069999999827 292
1718194419559 0.5471069999999827 293
1718194429600 0.5471069999999827 294
1718194439637 0.5472670000000335 295
1718194449676 0.5516969999999901 296
1718194459713 0.5516969999999901 297
1718194469739 0.5516969999999901 298
1718194479774 0.5516969999999901 299
1718194489809 0.5518450000000144 300
1718194499838 0.5518450000000144 301
1718194509863 0.5560290000000236 302
1718194519895 0.5560290000000236 303
1718194529921 0.5565409999999815 304
1718194539952 0.5574990000000071 305
1718194549978 0.5574990000000071 306
1718194560006 0.5574990000000071 307
1718194570068 0.5713400000000206 308
1718194580096 0.5714260000000309 309
1718194590125 0.5716580000000135 310
1718194600152 0.5717440000000238 311
1718194610194 0.571830000000034 312
1718194620224 0.5719780000000014 313
1718194630255 0.5770650000000046 314
1718194640280 0.5770650000000046 315
1718194650308 0.5770650000000046 316
1718194660336 0.5772989999999822 317
1718194670364 0.5772989999999822 318
1718194680392 0.5772989999999822 319
1718194690434 0.5814829999999915 320
1718194700462 0.5816310000000158 321
1718194710486 0.5816310000000158 322
1718194720523 0.5816310000000158 323
1718194730548 0.5816310000000158 324
1718194740577 0.581717000000026 325
1718194750607 0.5859629999999925 326
1718194760635 0.5859629999999925 327
1718194770661 0.5859629999999925 328
1718194780689 0.5859629999999925 329
1718194790720 0.5861110000000167 330
1718194800748 0.5861110000000167 331
1718194810776 0.5905870000000277 332
1718194820809 0.5906610000000114 333
1718194830838 0.5907470000000217 334
1718194840866 0.6020639999999844 335
1718194850896 0.6020639999999844 336
1718194860927 0.6020639999999844 337
1718194870958 0.621859000000029 338
1718194880986 0.6436540000000264 339
1718194891016 0.6483450000000062 340
1718194901049 0.6487569999999891 341
1718194911077 0.6493290000000229 342
1718194921108 0.6494769999999903 343
1718194931138 0.6545399999999972 344
1718194941168 0.6546260000000075 345
1718194951202 0.6546999999999912 346
1718194961233 0.6547860000000014 347
1718194971263 0.6549340000000257 348
1718194981292 0.6549340000000257 349
1718194991322 0.659118000000035 350
1718195001352 0.6596900000000119 351
1718195011381 0.6597520000000259 352
1718195021410 0.6597520000000259 353
1718195031437 0.6597520000000259 354
1718195041466 0.6598380000000361 355
1718195051495 0.6640840000000026 356
1718195061522 0.6640840000000026 357
1718195071559 0.6641579999999863 358
1718195081589 0.6641579999999863 359
1718195091620 0.6643060000000105 360
1718195101666 0.6643060000000105 361
1718195111692 0.6715179999999918 362
1718195121722 0.6715179999999918 363
1718195131757 0.6716040000000021 364
1718195141790 0.6725000000000136 365
1718195151823 0.6725620000000276 366
1718195161858 0.6767710000000307 367
1718195171885 0.6924250000000143 368
1718195181918 0.692656999999997 369
1718195191945 0.6927430000000072 370
1718195201975 0.6929030000000012 371
