1718191481578 21.2 0
1718191491600 24.7 1
1718191501625 24.8 2
1718191511650 24.8 3
1718191521697 24.8 4
1718191531943 24.8 5
1718191541965 24.8 6
1718191551984 24.9 7
1718191562028 25.1 8
1718191572049 24.9 9
1718191582074 24.9 10
1718191592095 24.9 11
1718191602117 25.0 12
1718191612136 25.0 13
1718191622166 24.9 14
1718191632189 24.9 15
1718191642208 25.0 16
1718191652224 24.9 17
1718191662245 24.9 18
1718191672276 24.9 19
1718191682295 24.9 20
1718191692314 24.9 21
1718191702333 24.9 22
1718191712353 24.9 23
1718191722371 24.9 24
1718191732391 24.9 25
1718191742409 24.9 26
1718191752434 24.9 27
1718191762454 24.9 28
1718191772492 25.0 29
1718191782511 25.0 30
1718191792529 25.1 31
1718191802547 25.0 32
1718191812565 25.0 33
1718191822584 25.0 34
1718191832604 25.0 35
1718191842624 25.0 36
1718191852644 25.0 37
1718191862662 25.0 38
1718191872693 25.0 39
1718191882717 25.0 40
1718191892735 25.0 41
1718191902754 25.0 42
1718191912773 25.0 43
1718191922793 25.0 44
1718191932814 25.0 45
1718191942836 25.0 46
1718191952854 25.0 47
1718191962870 25.0 48
1718191972889 25.0 49
1718191982908 25.0 50
1718191992925 25.0 51
1718192002943 25.0 52
1718192012960 24.9 53
1718192022978 25.0 54
1718192032997 25.0 55
1718192043019 25.0 56
1718192053037 25.0 57
1718192063057 25.0 58
1718192073075 25.0 59
1718192083095 25.0 60
1718192093115 25.0 61
1718192103142 25.0 62
1718192113161 25.0 63
1718192123182 25.0 64
1718192133200 25.1 65
1718192143220 25.0 66
1718192153239 25.0 67
1718192163258 25.1 68
1718192173279 25.3 69
1718192183298 25.3 70
1718192193318 25.3 71
1718192203338 25.3 72
1718192213357 25.3 73
1718192223379 25.3 74
1718192233399 25.3 75
1718192243421 25.4 76
1718192253438 25.3 77
1718192263458 25.4 78
1718192273479 25.4 79
1718192283497 25.3 80
1718192293517 25.3 81
1718192303538 25.3 82
1718192313559 25.3 83
1718192323578 25.3 84
1718192333599 25.3 85
1718192343619 25.3 86
1718192353641 25.4 87
1718192363663 25.3 88
1718192373686 25.3 89
1718192383715 25.4 90
1718192393741 26.1 91
1718192403759 26.1 92
1718192413776 26.1 93
1718192423799 26.1 94
1718192433827 26.1 95
1718192443850 26.1 96
1718192453892 26.1 97
1718192463915 26.1 98
1718192473938 26.1 99
1718192483960 26.1 100
1718192493982 26.1 101
1718192504011 26.1 102
1718192514032 26.0 103
1718192524066 26.0 104
1718192534091 26.0 105
1718192544118 26.0 106
1718192554140 26.1 107
1718192564168 26.0 108
1718192574196 26.1 109
1718192584225 26.0 110
1718192594256 26.1 111
1718192604287 26.0 112
1718192614315 26.0 113
1718192624350 26.0 114
1718192634374 26.0 115
1718192644401 26.0 116
1718192654428 26.0 117
1718192664462 26.0 118
1718192674492 26.0 119
1718192684525 26.0 120
1718192694554 26.0 121
1718192704583 26.0 122
1718192714618 26.0 123
1718192724650 26.0 124
1718192734681 26.0 125
1718192744711 26.0 126
1718192754739 26.0 127
1718192764770 26.0 128
1718192774798 26.0 129
1718192784828 26.0 130
1718192794862 26.1 131
1718192804891 26.0 132
1718192814922 26.0 133
1718192824964 26.0 134
1718192834994 26.0 135
1718192845024 26.0 136
1718192855057 26.0 137
1718192865081 26.0 138
1718192875112 26.0 139
1718192885144 26.0 140
1718192895173 26.0 141
1718192905207 26.0 142
1718192915238 26.0 143
1718192925272 26.0 144
1718192935307 26.0 145
1718192945330 26.0 146
1718192955363 26.0 147
1718192965396 26.0 148
1718192975419 26.0 149
1718192985447 26.0 150
1718192995477 26.0 151
1718193005502 26.0 152
1718193015529 26.0 153
1718193025561 26.0 154
1718193035592 26.0 155
1718193045624 26.0 156
1718193055653 26.0 157
1718193065686 26.0 158
1718193075715 26.0 159
1718193085747 26.0 160
1718193095779 26.0 161
1718193105810 26.0 162
1718193115839 26.0 163
1718193125870 26.0 164
1718193135899 26.0 165
1718193145933 26.0 166
1718193155963 26.0 167
1718193165998 26.0 168
1718193176031 26.0 169
1718193186057 26.0 170
1718193196081 26.0 171
1718193206105 26.0 172
1718193216130 26.0 173
1718193226156 26.0 174
1718193236186 26.0 175
1718193246226 26.0 176
1718193256249 26.0 177
1718193266275 26.0 178
1718193276307 26.0 179
1718193286432 26.0 180
1718193296456 26.2 181
1718193306493 26.2 182
1718193316519 26.2 183
1718193326552 26.2 184
1718193336582 26.2 185
1718193346605 26.2 186
1718193356631 26.3 187
1718193366660 26.3 188
1718193376686 26.3 189
1718193386721 26.3 190
1718193396748 26.3 191
1718193406771 26.2 192
1718193416798 26.2 193
1718193426823 26.2 194
1718193436850 26.2 195
1718193446880 26.2 196
1718193456917 26.2 197
1718193466945 26.2 198
1718193476970 26.2 199
1718193486995 26.2 200
1718193497022 26.2 201
1718193507049 26.2 202
1718193517076 26.2 203
1718193527103 26.2 204
1718193537133 26.2 205
1718193547160 26.2 206
1718193557187 26.2 207
1718193567214 26.2 208
1718193577240 26.2 209
1718193587267 26.2 210
1718193597299 26.2 211
1718193607329 26.2 212
1718193617356 26.2 213
1718193627382 26.2 214
1718193637427 26.2 215
1718193647454 26.2 216
1718193657493 26.2 217
1718193667526 26.2 218
1718193677554 26.2 219
1718193687580 26.2 220
1718193697604 26.2 221
1718193707635 26.2 222
1718193717659 26.2 223
1718193727681 26.2 224
1718193737705 26.2 225
1718193747729 26.2 226
1718193757750 26.2 227
1718193767774 26.2 228
1718193777798 26.2 229
1718193787817 26.2 230
1718193797841 26.2 231
1718193807863 26.2 232
1718193817886 26.2 233
1718193827909 26.2 234
1718193837931 26.2 235
1718193847954 26.2 236
1718193857980 26.2 237
1718193868002 26.2 238
1718193878025 26.2 239
1718193888049 26.2 240
1718193898075 26.2 241
1718193908105 26.2 242
1718193918129 26.2 243
1718193928153 26.2 244
1718193938176 26.2 245
1718193948203 26.2 246
1718193958227 26.2 247
1718193968251 26.2 248
1718193978275 26.2 249
1718193988299 26.2 250
1718193998326 26.2 251
1718194008351 26.2 252
1718194018375 26.2 253
1718194028397 26.2 254
1718194038422 26.2 255
1718194048445 26.2 256
1718194058468 26.2 257
1718194068493 26.2 258
1718194078518 26.2 259
1718194088543 26.2 260
1718194098567 26.2 261
1718194108593 26.2 262
1718194118618 26.2 263
1718194128644 26.2 264
1718194138667 26.2 265
1718194148695 26.2 266
1718194158720 26.2 267
1718194168743 26.2 268
1718194178767 26.2 269
1718194188790 26.2 270
1718194198821 26.2 271
1718194208858 26.2 272
1718194218881 26.3 273
1718194228919 26.3 274
1718194238942 26.3 275
1718194248969 26.3 276
1718194258996 26.2 277
1718194269020 26.2 278
1718194279044 26.2 279
1718194289069 26.2 280
1718194299096 26.3 281
1718194309122 26.1 282
1718194319158 26.1 283
1718194329194 26.1 284
1718194339231 26.2 285
1718194349267 26.2 286
1718194359303 26.2 287
1718194369366 26.2 288
1718194379400 26.2 289
1718194389437 26.2 290
1718194399474 26.2 291
1718194409509 26.2 292
1718194419559 26.1 293
1718194429600 26.1 294
1718194439637 26.1 295
1718194449676 26.2 296
1718194459713 26.2 297
1718194469739 26.2 298
1718194479774 26.2 299
1718194489809 26.2 300
1718194499838 26.2 301
1718194509863 26.2 302
1718194519895 26.1 303
1718194529921 26.2 304
1718194539952 26.2 305
1718194549978 26.2 306
1718194560006 26.2 307
1718194570068 26.2 308
1718194580096 26.2 309
1718194590125 26.2 310
1718194600152 26.1 311
1718194610194 26.2 312
1718194620224 26.2 313
1718194630255 26.2 314
1718194640280 26.2 315
1718194650308 26.2 316
1718194660336 26.1 317
1718194670364 26.2 318
1718194680392 26.1 319
1718194690434 26.2 320
1718194700462 26.2 321
1718194710486 26.2 322
1718194720523 26.2 323
1718194730548 26.2 324
1718194740577 26.2 325
1718194750607 26.2 326
1718194760635 26.2 327
1718194770661 26.2 328
1718194780689 26.2 329
1718194790720 26.2 330
1718194800748 26.2 331
1718194810776 26.2 332
1718194820809 26.2 333
1718194830838 26.2 334
1718194840866 26.2 335
1718194850896 26.2 336
1718194860927 26.2 337
1718194870958 26.2 338
1718194880986 26.1 339
1718194891016 26.2 340
1718194901049 26.2 341
1718194911077 26.2 342
1718194921108 26.2 343
1718194931138 26.2 344
1718194941168 26.2 345
1718194951202 26.2 346
1718194961233 26.2 347
1718194971263 26.2 348
1718194981292 26.2 349
1718194991322 26.2 350
1718195001352 26.2 351
1718195011381 26.2 352
1718195021410 26.2 353
1718195031437 26.2 354
1718195041466 26.2 355
1718195051495 26.2 356
1718195061522 26.2 357
1718195071559 26.2 358
1718195081589 26.2 359
1718195091620 26.2 360
1718195101666 26.2 361
1718195111692 26.3 362
1718195121722 26.3 363
1718195131757 26.3 364
1718195141790 26.3 365
1718195151823 26.3 366
1718195161858 26.2 367
1718195171885 26.3 368
1718195181918 26.2 369
1718195191945 26.2 370
1718195201975 26.3 371
