1718191481578 7120.5 0
1718191491600 8299.4 1
1718191501625 8308.6 2
1718191511650 8302.8 3
1718191521697 8310.0 4
1718191531943 8308.8 5
1718191541965 8307.7 6
1718191551984 8336.5 7
1718191562028 8412.0 8
1718191572049 8362.7 9
1718191582074 8354.5 10
1718191592095 8340.0 11
1718191602117 8375.2 12
1718191612136 8376.9 13
1718191622166 8362.4 14
1718191632189 8358.6 15
1718191642208 8371.9 16
1718191652224 8359.4 17
1718191662245 8355.8 18
1718191672276 8358.7 19
1718191682295 8366.8 20
1718191692314 8345.6 21
1718191702333 8358.1 22
1718191712353 8355.7 23
1718191722371 8351.2 24
1718191732391 8358.6 25
1718191742409 8367.2 26
1718191752434 8359.9 27
1718191762454 8366.5 28
1718191772492 8399.0 29
1718191782511 8389.8 30
1718191792529 8409.0 31
1718191802547 8384.4 32
1718191812565 8374.4 33
1718191822584 8376.5 34
1718191832604 8381.8 35
1718191842624 8376.4 36
1718191852644 8378.6 37
1718191862662 8394.4 38
1718191872693 8377.5 39
1718191882717 8383.5 40
1718191892735 8389.4 41
1718191902754 8380.4 42
1718191912773 8385.5 43
1718191922793 8387.3 44
1718191932814 8380.1 45
1718191942836 8373.1 46
1718191952854 8374.7 47
1718191962870 8384.2 48
1718191972889 8373.8 49
1718191982908 8383.3 50
1718191992925 8381.5 51
1718192002943 8376.1 52
1718192012960 8366.6 53
1718192022978 8384.1 54
1718192032997 8376.7 55
1718192043019 8383.0 56
1718192053037 8383.0 57
1718192063057 8383.9 58
1718192073075 8380.1 59
1718192083095 8380.1 60
1718192093115 8393.0 61
1718192103142 8398.5 62
1718192113161 8397.7 63
1718192123182 8393.8 64
1718192133200 8413.7 65
1718192143220 8390.8 66
1718192153239 8397.1 67
1718192163258 8413.4 68
1718192173279 8472.5 69
1718192183298 8484.2 70
1718192193318 8485.6 71
1718192203338 8487.8 72
1718192213357 8486.1 73
1718192223379 8496.1 74
1718192233399 8500.3 75
1718192243421 8508.8 76
1718192253438 8494.9 77
1718192263458 8507.7 78
1718192273479 8503.6 79
1718192283497 8493.9 80
1718192293517 8499.8 81
1718192303538 8501.4 82
1718192313559 8500.8 83
1718192323578 8499.0 84
1718192333599 8492.2 85
1718192343619 8498.5 86
1718192353641 8505.1 87
1718192363663 8495.2 88
1718192373686 8497.1 89
1718192383715 8502.9 90
1718192393741 8768.5 91
1718192403759 8737.8 92
1718192413776 8745.1 93
1718192423799 8739.4 94
1718192433827 8746.5 95
1718192443850 8750.4 96
1718192453892 8753.1 97
1718192463915 8755.1 98
1718192473938 8758.2 99
1718192483960 8761.8 100
1718192493982 8767.5 101
1718192504011 8762.4 102
1718192514032 8729.1 103
1718192524066 8725.9 104
1718192534091 8734.9 105
1718192544118 8735.1 106
1718192554140 8740.1 107
1718192564168 8736.0 108
1718192574196 8736.8 109
1718192584225 8735.6 110
1718192594256 8737.5 111
1718192604287 8736.2 112
1718192614315 8728.6 113
1718192624350 8730.1 114
1718192634374 8731.3 115
1718192644401 8735.3 116
1718192654428 8720.6 117
1718192664462 8733.1 118
1718192674492 8731.8 119
1718192684525 8726.1 120
1718192694554 8727.6 121
1718192704583 8733.7 122
1718192714618 8733.1 123
1718192724650 8734.3 124
1718192734681 8732.8 125
1718192744711 8725.6 126
1718192754739 8725.2 127
1718192764770 8727.5 128
1718192774798 8725.9 129
1718192784828 8732.7 130
1718192794862 8738.4 131
1718192804891 8734.7 132
1718192814922 8726.4 133
1718192824964 8734.3 134
1718192834994 8729.3 135
1718192845024 8724.1 136
1718192855057 8719.1 137
1718192865081 8712.6 138
1718192875112 8717.4 139
1718192885144 8729.0 140
1718192895173 8734.4 141
1718192905207 8723.5 142
1718192915238 8719.7 143
1718192925272 8718.4 144
1718192935307 8725.9 145
1718192945330 8728.0 146
1718192955363 8722.3 147
1718192965396 8727.5 148
1718192975419 8719.5 149
1718192985447 8723.0 150
1718192995477 8719.9 151
1718193005502 8725.2 152
1718193015529 8732.3 153
1718193025561 8734.6 154
1718193035592 8733.8 155
1718193045624 8732.3 156
1718193055653 8731.8 157
1718193065686 8719.6 158
1718193075715 8713.8 159
1718193085747 8724.1 160
1718193095779 8727.8 161
1718193105810 8730.8 162
1718193115839 8729.6 163
1718193125870 8719.7 164
1718193135899 8707.5 165
1718193145933 8720.9 166
1718193155963 8716.2 167
1718193165998 8728.3 168
1718193176031 8728.9 169
1718193186057 8723.1 170
1718193196081 8729.7 171
1718193206105 8722.6 172
1718193216130 8729.0 173
1718193226156 8722.3 174
1718193236186 8731.8 175
1718193246226 8722.0 176
1718193256249 8726.9 177
1718193266275 8730.7 178
1718193276307 8724.2 179
1718193286432 8731.0 180
1718193296456 8780.1 181
1718193306493 8782.7 182
1718193316519 8797.7 183
1718193326552 8781.5 184
1718193336582 8786.9 185
1718193346605 8791.3 186
1718193356631 8807.5 187
1718193366660 8820.0 188
1718193376686 8808.4 189
1718193386721 8813.4 190
1718193396748 8822.4 191
1718193406771 8783.3 192
1718193416798 8785.4 193
1718193426823 8774.7 194
1718193436850 8780.8 195
1718193446880 8778.7 196
1718193456917 8786.0 197
1718193466945 8777.9 198
1718193476970 8785.7 199
1718193486995 8783.1 200
1718193497022 8786.8 201
1718193507049 8774.5 202
1718193517076 8777.3 203
1718193527103 8776.6 204
1718193537133 8780.4 205
1718193547160 8784.5 206
1718193557187 8774.4 207
1718193567214 8780.4 208
1718193577240 8774.9 209
1718193587267 8784.1 210
1718193597299 8779.5 211
1718193607329 8776.7 212
1718193617356 8784.9 213
1718193627382 8790.0 214
1718193637427 8782.4 215
1718193647454 8783.5 216
1718193657493 8794.0 217
1718193667526 8795.4 218
1718193677554 8783.8 219
1718193687580 8794.4 220
1718193697604 8778.8 221
1718193707635 8781.2 222
1718193717659 8787.1 223
1718193727681 8770.2 224
1718193737705 8783.1 225
1718193747729 8775.7 226
1718193757750 8778.0 227
1718193767774 8785.1 228
1718193777798 8774.3 229
1718193787817 8770.3 230
1718193797841 8771.3 231
1718193807863 8781.1 232
1718193817886 8771.5 233
1718193827909 8775.2 234
1718193837931 8777.9 235
1718193847954 8780.2 236
1718193857980 8777.5 237
1718193868002 8789.8 238
1718193878025 8775.0 239
1718193888049 8779.8 240
1718193898075 8794.5 241
1718193908105 8781.6 242
1718193918129 8778.6 243
1718193928153 8776.4 244
1718193938176 8786.6 245
1718193948203 8780.1 246
1718193958227 8788.9 247
1718193968251 8789.3 248
1718193978275 8780.2 249
1718193988299 8785.6 250
1718193998326 8779.4 251
1718194008351 8797.4 252
1718194018375 8800.1 253
1718194028397 8774.9 254
1718194038422 8796.6 255
1718194048445 8791.3 256
1718194058468 8798.2 257
1718194068493 8787.2 258
1718194078518 8775.9 259
1718194088543 8784.9 260
1718194098567 8790.0 261
1718194108593 8793.6 262
1718194118618 8786.8 263
1718194128644 8780.0 264
1718194138667 8782.2 265
1718194148695 8786.8 266
1718194158720 8787.9 267
1718194168743 8797.7 268
1718194178767 8781.5 269
1718194188790 8783.3 270
1718194198821 8792.0 271
1718194208858 8800.5 272
1718194218881 8808.6 273
1718194228919 8806.2 274
1718194238942 8808.1 275
1718194248969 8808.5 276
1718194258996 8801.4 277
1718194269020 8803.4 278
1718194279044 8798.4 279
1718194289069 8802.0 280
1718194299096 8809.5 281
1718194309122 8767.7 282
1718194319158 8767.9 283
1718194329194 8769.6 284
1718194339231 8777.8 285
1718194349267 8771.4 286
1718194359303 8771.3 287
1718194369366 8774.6 288
1718194379400 8773.5 289
1718194389437 8780.1 290
1718194399474 8773.0 291
1718194409509 8775.2 292
1718194419559 8768.3 293
1718194429600 8765.3 294
1718194439637 8769.0 295
1718194449676 8771.6 296
1718194459713 8782.8 297
1718194469739 8781.8 298
1718194479774 8776.3 299
1718194489809 8770.7 300
1718194499838 8774.4 301
1718194509863 8776.1 302
1718194519895 8764.9 303
1718194529921 8780.0 304
1718194539952 8776.3 305
1718194549978 8777.4 306
1718194560006 8774.1 307
1718194570068 8779.9 308
1718194580096 8774.4 309
1718194590125 8771.3 310
1718194600152 8767.2 311
1718194610194 8772.8 312
1718194620224 8773.4 313
1718194630255 8777.7 314
1718194640280 8774.3 315
1718194650308 8775.0 316
1718194660336 8769.1 317
1718194670364 8778.8 318
1718194680392 8766.6 319
1718194690434 8770.1 320
1718194700462 8775.1 321
1718194710486 8772.3 322
1718194720523 8776.5 323
1718194730548 8775.2 324
1718194740577 8778.4 325
1718194750607 8782.3 326
1718194760635 8774.7 327
1718194770661 8776.3 328
1718194780689 8774.6 329
1718194790720 8783.2 330
1718194800748 8785.6 331
1718194810776 8794.3 332
1718194820809 8784.8 333
1718194830838 8788.2 334
1718194840866 8784.5 335
1718194850896 8790.1 336
1718194860927 8774.4 337
1718194870958 8784.4 338
1718194880986 8768.8 339
1718194891016 8772.8 340
1718194901049 8772.6 341
1718194911077 8776.4 342
1718194921108 8787.2 343
1718194931138 8774.8 344
1718194941168 8783.5 345
1718194951202 8780.5 346
1718194961233 8779.5 347
1718194971263 8794.3 348
1718194981292 8782.2 349
1718194991322 8775.8 350
1718195001352 8779.3 351
1718195011381 8778.4 352
1718195021410 8786.0 353
1718195031437 8773.6 354
1718195041466 8776.4 355
1718195051495 8772.4 356
1718195061522 8786.8 357
1718195071559 8786.4 358
1718195081589 8780.2 359
1718195091620 8780.0 360
1718195101666 8784.9 361
1718195111692 8806.2 362
1718195121722 8818.9 363
1718195131757 8807.9 364
1718195141790 8810.5 365
1718195151823 8810.0 366
1718195161858 8800.8 367
1718195171885 8811.9 368
1718195181918 8799.3 369
1718195191945 8800.2 370
1718195201975 8804.3 371
