1718413096389 0.01 10
1718413116591 0.02 20
1718413136779 0.02 30
1718413156906 0.03 40
1718413176565 0.04 50
1718413196714 0.05 60
1718413216779 0.06 70
1718413236852 0.06 80
1718413256953 0.07 90
1718413276733 0.08 100
1718413296957 0.09 110
1718413316992 0.1 120
1718413337066 0.1 130
1718413357129 0.11 140
1718413376769 0.12 150
1718413396972 0.13 160
1718413417021 0.14 170
1718413437061 0.14 180
1718413457060 0.15 190
1718413476897 0.16 200
1718413497225 0.17 210
1718413517393 0.18 220
1718413537527 0.18 230
1718413557661 0.19 240
1718413577556 0.2 250
1718413597902 0.21 260
1718413618015 0.22 270
1718413638101 0.22 280
1718413658108 0.23 290
1718413677810 0.24 300
1718413871911 0.24 300
1718413894772 0.25 310
1718413915000 0.26 320
1718413935225 0.26 330
1718413955408 0.27 340
1718413975125 0.28 350
1718413995347 0.29 360
1718414015403 0.3 370
1718414035487 0.3 380
1718414055542 0.31 390
1718414075413 0.32 400
1718414095657 0.33 410
1718414115730 0.34 420
1718414135792 0.34 430
1718414155816 0.35 440
1718414175471 0.36 450
1718414195720 0.37 460
1718414215804 0.38 470
1718414235886 0.38 480
1718414255897 0.39 490
1718414275637 0.4 500
1718414295842 0.41 510
1718414315954 0.42 520
1718414336046 0.42 530
1718414356056 0.43 540
1718414375705 0.44 550
1718414396029 0.45 560
1718414416236 0.46 570
1718414436392 0.46 580
1718414456455 0.47 590
1718414476092 0.48 600
1718414669970 0.48 600
1718414692407 0.49 610
1718414712632 0.5 620
1718414732840 0.5 630
1718414753024 0.51 640
1718414772847 0.52 650
1718414793121 0.53 660
1718414813208 0.54 670
1718414833379 0.54 680
1718414853429 0.55 690
1718414873212 0.56 700
1718414893526 0.57 710
1718414913664 0.58 720
1718414933854 0.58 730
1718414953985 0.59 740
1718414973836 0.6 750
1718414994172 0.61 760
1718415014374 0.62 770
1718415034536 0.62 780
1718415054687 0.63 790
1718415074468 0.64 800
1718415094725 0.65 810
1718415114822 0.66 820
1718415134931 0.66 830
1718415155000 0.67 840
1718415174722 0.68 850
1718415195141 0.69 860
1718415215234 0.7 870
1718415235337 0.7 880
1718415255400 0.71 890
1718415274958 0.72 900
1718415469089 0.72 900
1718415491343 0.73 910
1718415511519 0.74 920
1718415531801 0.74 930
1718415551983 0.75 940
1718415571783 0.76 950
1718415592013 0.77 960
1718415612080 0.78 970
1718415632167 0.78 980
1718415652185 0.79 990
1718415671947 0.8 1000
1718415692190 0.81 1010
1718415712251 0.82 1020
1718415732375 0.82 1030
1718415752355 0.83 1040
1718415772028 0.84 1050
1718415792292 0.85 1060
1718415812325 0.86 1070
1718415832402 0.86 1080
1718415852377 0.87 1090
1718415872229 0.88 1100
1718415892536 0.89 1110
1718415912691 0.9 1120
1718415932819 0.9 1130
1718415952881 0.91 1140
1718415972562 0.92 1150
1718415992867 0.93 1160
1718416013058 0.94 1170
1718416033272 0.94 1180
1718416053413 0.95 1190
1718416073224 0.96 1200
1718416267354 0.96 1200
1718416289456 0.97 1210
1718416309665 0.98 1220
1718416329871 0.98 1230
1718416349992 0.99 1240
1718416369804 1.0 1250
1718416370016 1.0 1250
