1718413096389 36.73539352416992 10
1718413116591 5.321207523345947 20
1718413136779 12.709150314331055 30
1718413156906 1.650715947151184 40
1718413176565 nan 50
1718413196714 1.8205329179763794 60
1718413216779 2.779167652130127 70
1718413236852 39.39656448364258 80
1718413256953 19.638425827026367 90
1718413276733 148.27288818359375 100
1718413296957 81.27999114990234 110
1718413316992 72.49829864501953 120
1718413337066 9.588909149169922 130
1718413357129 11.334179878234863 140
1718413376769 2.9211978912353516 150
1718413396972 0.8514513969421387 160
1718413417021 3.572148084640503 170
1718413437061 0.6909844279289246 180
1718413457060 166.41098022460938 190
1718413476897 0.6283828020095825 200
1718413497225 1.8516713380813599 210
1718413517393 1.6862155199050903 220
1718413537527 0.6126936674118042 230
1718413557661 24.369823455810547 240
1718413577556 31.612333297729492 250
1718413597902 2.7251081466674805 260
1718413618015 0.5855002999305725 270
1718413638101 163.35079956054688 280
1718413658108 0.7853845953941345 290
1718413677810 1.2041029930114746 300
1718413894772 8.137826919555664 310
1718413915000 2.0164129734039307 320
1718413935225 1.2597843408584595 330
1718413955408 0.8398265838623047 340
1718413975125 1.447832465171814 350
1718413995347 0.45618483424186707 360
1718414015403 1.3883110284805298 370
1718414035487 1.2928283214569092 380
1718414055542 1.5694323778152466 390
1718414075413 1.8302927017211914 400
1718414095657 0.36823832988739014 410
1718414115730 1.4022047519683838 420
1718414135792 1.5551953315734863 430
1718414155816 1.9848605394363403 440
1718414175471 1.7675985097885132 450
1718414195720 1.5022331476211548 460
1718414215804 1.6250641345977783 470
1718414235886 1.3642494678497314 480
1718414255897 1.5167573690414429 490
1718414275637 1.5984781980514526 500
1718414295842 0.37649857997894287 510
1718414315954 0.1035366803407669 520
1718414336046 2.608584403991699 530
1718414356056 0.37476664781570435 540
1718414375705 0.19705034792423248 550
1718414396029 1.1717313528060913 560
1718414416236 1.3411833047866821 570
1718414436392 1.1096560955047607 580
1718414456455 0.3855811059474945 590
1718414476092 0.7588746547698975 600
1718414692407 1.214524269104004 610
1718414712632 0.8736909031867981 620
1718414732840 1.3147468566894531 630
1718414753024 0.7459527850151062 640
1718414772847 0.5479685068130493 650
1718414793121 0.7185252904891968 660
1718414813208 1.5484600067138672 670
1718414833379 1.1871860027313232 680
1718414853429 0.5476888418197632 690
1718414873212 1.0396875143051147 700
1718414893526 1.5910937786102295 710
1718414913664 1.3018808364868164 720
1718414933854 1.1718913316726685 730
1718414953985 0.5158627033233643 740
1718414973836 1.109175443649292 750
1718414994172 0.56606125831604 760
1718415014374 1.066511869430542 770
1718415034536 1.4753371477127075 780
1718415054687 2.104184150695801 790
1718415074468 0.8065018057823181 800
1718415094725 2.7159860134124756 810
1718415114822 0.841490626335144 820
1718415134931 1.0387624502182007 830
1718415155000 1.4464390277862549 840
1718415174722 1.0896477699279785 850
1718415195141 0.5380183458328247 860
1718415215234 0.879081666469574 870
1718415235337 2.1338257789611816 880
1718415255400 0.5429906845092773 890
1718415274958 1.7550257444381714 900
1718415491343 1.7721600532531738 910
1718415511519 1.9054930210113525 920
1718415531801 2.1335608959198 930
1718415551983 0.29805564880371094 940
1718415571783 1.0059707164764404 950
1718415592013 0.3157998323440552 960
1718415612080 1.2119927406311035 970
1718415632167 2.2845122814178467 980
1718415652185 1.3651480674743652 990
1718415671947 2.607794761657715 1000
1718415692190 0.48207294940948486 1010
1718415712251 0.4802227020263672 1020
1718415732375 1.455714464187622 1030
1718415752355 1.7508422136306763 1040
1718415772028 0.6990926265716553 1050
1718415792292 1.2006968259811401 1060
1718415812325 1.081732988357544 1070
1718415832402 1.088005542755127 1080
1718415852377 1.3594424724578857 1090
1718415872229 1.2929716110229492 1100
1718415892536 0.6890942454338074 1110
1718415912691 1.2631758451461792 1120
1718415932819 0.9354009032249451 1130
1718415952881 0.34881821274757385 1140
1718415972562 0.6517909169197083 1150
1718415992867 1.6399624347686768 1160
1718416013058 0.7051500678062439 1170
1718416033272 1.0521520376205444 1180
1718416053413 0.3088391423225403 1190
1718416073224 2.078629732131958 1200
1718416289456 1.0249055624008179 1210
1718416309665 1.6882551908493042 1220
1718416329871 1.0783435106277466 1230
1718416349992 1.5637216567993164 1240
1718416369804 0.6645512580871582 1250
