1718413096389 4.210526315789474e-05 10
1718413116591 9.473684210526316e-05 20
1718413136779 0.00014736842105263158 30
1718413156906 0.0002 40
1718413176565 0.0001999727899191228 50
1718413196714 0.00019989117448426108 60
1718413216779 0.00019973673694024 70
1718413236852 0.00019951529159848805 80
1718413256953 0.00019922698723632767 90
1718413276733 0.000198910508011824 100
1718413296957 0.00019849574216547171 110
1718413316992 0.0001980148022796345 120
1718413337066 0.00019746801147218842 130
1718413357129 0.00019685573710273376 140
1718413376769 0.00019617839052578603 150
1718413396972 0.0001954364268144088 160
1718413417021 0.0001946303444544741 170
1718413437061 0.00019376068500975667 180
1718413457060 0.0001928280327580858 190
1718413476897 0.00019183301429880043 200
1718413497225 0.00019077629813177036 210
1718413517393 0.00018965859420826684 220
1718413537527 0.0001884806534539841 230
1718413557661 0.00018724326726453244 240
1718413577556 0.00018594726697374175 250
1718413597902 0.0001845935232951325 260
1718413618015 0.00018318294573692985 270
1718413638101 0.00018171648199101346 280
1718413658108 0.0001801951172962139 290
1718413677810 0.00017861987377638312 300
1718413894772 0.00017699180975368396 310
1718413915000 0.00017531201903755994 320
1718413935225 0.00017358163018986282 330
1718413955408 0.00017180180576663228 340
1718413975125 0.00016997374153703625 350
1718413995347 0.0001680986656799975 360
1718414015403 0.00016617783795904565 370
1718414035487 0.00016421254887594917 380
1718414055542 0.00016220411880369601 390
1718414075413 0.00016015389709940538 400
1718414095657 0.00015806326119776663 410
1718414115730 0.00015593361568561428 420
1718414135792 0.00015376639135826107 430
1718414155816 0.00015156304425822267 440
1718414175471 0.00014932505469698052 450
1718414195720 0.0001470539262604393 460
1718414215804 0.00014475118479874774 470
1718414235886 0.00014241837740116132 480
1718414255897 0.00014005707135663527 490
1718414275637 0.00013766885310084688 500
1718414295842 0.00013525532715035366 510
1718414315954 0.0001328181150246045 520
1718414336046 0.00013035885415652685 530
1718414356056 0.00012787919679242306 540
1718414375705 0.00012538080888191408 550
1718414396029 0.00012286536895867654 560
1718414416236 0.00012033456701272576 570
1718414436392 0.0001177901033550012 580
1718414456455 0.00011523368747501839 590
1718414476092 0.00011266703689235394 600
1718414692407 0.00011009187600273566 610
1718414712632 0.0001075099349195131 620
1718414732840 0.00010492294831128641 630
1718414753024 0.00010233265423647523 640
1718414772847 9.97407929756095e-05 650
1718414793121 9.714910586212816e-05 660
1718414813208 9.455933411246958e-05 670
1718414833379 9.197321765624152e-05 680
1718414853429 8.939249396725467e-05 690
1718414873212 8.6818896896207e-05 700
1718414893526 8.425415550580162e-05 710
1718414913664 8.169999290908188e-05 720
1718414933854 7.915812511176347e-05 730
1718414953985 7.663025985934158e-05 740
1718414973836 7.411809548974792e-05 750
1718414994172 7.162331979232783e-05 760
1718415014374 6.914760887390452e-05 770
1718415034536 6.669262603269246e-05 780
1718415054687 6.426002064081565e-05 790
1718415074468 6.18514270361827e-05 800
1718415094725 5.946846342446214e-05 810
1718415114822 5.7112730791896207e-05 820
1718415134931 5.4785811829683764e-05 830
1718415155000 5.248926987065417e-05 840
1718415174722 5.022464783894744e-05 850
1718415195141 4.7993467213405706e-05 860
1718415215234 4.579722700537268e-05 870
1718415235337 4.36374027515878e-05 880
1718415255400 4.1515445522851784e-05 890
1718415274958 3.943278094912946e-05 900
1718415491343 3.739080826174498e-05 910
1718415511519 3.539089935331294e-05 920
1718415531801 3.34343978560367e-05 930
1718415551983 3.1522618238993725e-05 940
1718415571783 2.9656844925013637e-05 950
1718415592013 2.7838331427743282e-05 960
1718415612080 2.6068299509477266e-05 970
1718415632167 2.4347938360321566e-05 980
1718415652185 2.26784037992395e-05 990
1718415671947 2.106081749751897e-05 1000
1718415692190 1.9496266225181248e-05 1010
1718415712251 1.7985801120837865e-05 1020
1718415732375 1.6530436985486996e-05 1030
1718415752355 1.5131151600722337e-05 1040
1718415772028 1.3788885071814172e-05 1050
1718415792292 1.2504539196102439e-05 1060
1718415812325 1.1278976857127311e-05 1070
1718415832402 1.0113021444903726e-05 1080
1718415852377 9.0074563027294e-06 1090
1718415872229 7.963024200898462e-06 1100
1718415892536 6.980426837673437e-06 1110
1718415912691 6.0603243678516995e-06 1120
1718415932819 5.2033349592426335e-06 1130
1718415952881 4.4100343773536225e-06 1140
1718415972562 3.6809555985639068e-06 1150
1718415992867 3.0165884520461316e-06 1160
1718416013058 2.4173792906762804e-06 1170
1718416033272 1.8837306911529184e-06 1180
1718416053413 1.4160011835273934e-06 1190
1718416073224 1.014505010326583e-06 1200
1718416289456 6.7951191543012e-07 1210
1718416309665 4.112469628438365e-07 1220
1718416329871 2.098903854912515e-07 1230
1718416349992 7.557746412468758e-08 1240
1718416369804 8.398436437317969e-09 1250
