1718413096389 9.0928 10
1718413116591 0.5358 20
1718413136779 0.3127 30
1718413156906 0.1759 40
1718413176565 0.5279 50
1718413196714 0.7732 60
1718413216779 0.2978 70
1718413236852 0.6753 80
1718413256953 2.9028 90
1718413276733 0.4179 100
1718413296957 0.8777 110
1718413316992 0.735 120
1718413337066 0.3056 130
1718413357129 0.208 140
1718413376769 0.2558 150
1718413396972 0.1671 160
1718413417021 0.229 170
1718413437061 0.1274 180
1718413457060 0.2852 190
1718413476897 0.6442 200
1718413497225 0.1325 210
1718413517393 0.116 220
1718413537527 0.1428 230
1718413557661 0.3662 240
1718413577556 0.5028 250
1718413597902 0.226 260
1718413618015 0.1645 270
1718413638101 0.2338 280
1718413658108 0.4108 290
1718413677810 0.1357 300
1718413894772 0.1899 310
1718413915000 0.1386 320
1718413935225 0.1372 330
1718413955408 0.1139 340
1718413975125 0.1237 350
1718413995347 0.4359 360
1718414015403 0.1615 370
1718414035487 0.2205 380
1718414055542 0.1482 390
1718414075413 0.1222 400
1718414095657 0.1014 410
1718414115730 0.1341 420
1718414135792 0.1199 430
1718414155816 0.1192 440
1718414175471 0.1249 450
1718414195720 0.1244 460
1718414215804 0.1201 470
1718414235886 0.1284 480
1718414255897 0.1177 490
1718414275637 0.1239 500
1718414295842 0.0969 510
1718414315954 0.1442 520
1718414336046 0.117 530
1718414356056 0.1178 540
1718414375705 0.1073 550
1718414396029 0.1395 560
1718414416236 0.1198 570
1718414436392 0.1235 580
1718414456455 0.1274 590
1718414476092 0.112 600
1718414692407 0.1176 610
1718414712632 0.1229 620
1718414732840 0.1008 630
1718414753024 0.1126 640
1718414772847 0.108 650
1718414793121 0.1134 660
1718414813208 0.1175 670
1718414833379 0.1214 680
1718414853429 0.1074 690
1718414873212 0.1422 700
1718414893526 0.1133 710
1718414913664 0.112 720
1718414933854 0.1231 730
1718414953985 0.1107 740
1718414973836 0.1139 750
1718414994172 0.1169 760
1718415014374 0.1104 770
1718415034536 0.1285 780
1718415054687 0.1044 790
1718415074468 0.1115 800
1718415094725 0.1276 810
1718415114822 0.1179 820
1718415134931 0.1085 830
1718415155000 0.109 840
1718415174722 0.1088 850
1718415195141 0.0986 860
1718415215234 0.1226 870
1718415235337 0.109 880
1718415255400 0.1145 890
1718415274958 0.116 900
1718415491343 0.1168 910
1718415511519 0.1081 920
1718415531801 0.1039 930
1718415551983 0.1171 940
1718415571783 0.0875 950
1718415592013 0.1215 960
1718415612080 0.1472 970
1718415632167 0.1309 980
1718415652185 0.1139 990
1718415671947 0.1145 1000
1718415692190 0.1153 1010
1718415712251 0.1142 1020
1718415732375 0.1203 1030
1718415752355 0.112 1040
1718415772028 0.1189 1050
1718415792292 0.1041 1060
1718415812325 0.1255 1070
1718415832402 0.1162 1080
1718415852377 0.1064 1090
1718415872229 0.1022 1100
1718415892536 0.105 1110
1718415912691 0.0878 1120
1718415932819 0.1092 1130
1718415952881 0.1017 1140
1718415972562 0.1099 1150
1718415992867 0.1235 1160
1718416013058 0.1015 1170
1718416033272 0.0969 1180
1718416053413 0.0961 1190
1718416073224 0.1191 1200
1718416289456 0.1108 1210
1718416309665 0.098 1220
1718416329871 0.1021 1230
1718416349992 0.106 1240
1718416369804 0.0969 1250
