1717909915943 242242.9 0
1717909925955 242241.8 1
1717909935967 242241.7 2
1717909945978 242241.7 3
1717909955989 242241.7 4
1717909966031 242241.7 5
1717909976044 242241.7 6
1717909986057 242241.7 7
1717909996070 242241.7 8
1717910006083 242241.7 9
1717910016097 242241.7 10
1717910026110 242241.7 11
1717910036132 242241.7 12
1717910046146 242241.7 13
1717910056163 242241.7 14
1717910066174 242241.7 15
1717910076187 242241.7 16
1717910086207 242241.7 17
1717910096222 242241.7 18
1717910106265 242241.5 19
1717910116283 242241.5 20
1717910126296 242241.5 21
1717910136309 242241.5 22
1717910146322 242241.5 23
1717910156336 242241.5 24
1717910166352 242241.5 25
1717910176386 242241.5 26
1717910186402 242241.5 27
1717910196414 242241.5 28
1717910206427 242241.5 29
1717910216470 242241.5 30
1717910226484 242241.5 31
1717910236497 242241.5 32
1717910246509 242241.5 33
1717910256520 242241.5 34
1717910266534 242241.5 35
1717910276546 242241.5 36
1717910286560 242241.5 37
1717910296583 242241.5 38
1717910306598 242241.5 39
1717910316616 242241.5 40
1717910326630 242241.5 41
1717910336666 242241.5 42
1717910346681 242241.5 43
1717910356703 242241.5 44
1717910366718 242241.5 45
1717910376733 242241.5 46
1717910386750 242241.5 47
1717910396767 242241.5 48
1717910406786 242241.5 49
1717910416813 242241.5 50
1717910426830 242241.5 51
1717910436846 242241.5 52
1717910446866 242241.5 53
1717910457904 242241.5 54
1717910467919 240926.4 55
1717910477933 240926.4 56
1717910487948 240926.4 57
1717910497968 240926.4 58
1717910507984 240926.4 59
1717910517999 240926.4 60
1717910528014 240926.4 61
1717910538029 240926.4 62
1717910548044 240926.4 63
1717910558059 240926.4 64
1717910568075 240926.4 65
1717910578107 240926.4 66
1717910588134 240926.4 67
1717910598158 240926.4 68
1717910608174 240926.4 69
1717910618195 240926.4 70
1717910628214 240926.4 71
1717910638230 240926.4 72
1717910648245 240926.4 73
1717910658260 240926.4 74
1717910668275 240926.4 75
1717910678288 240926.4 76
1717910688303 240926.4 77
1717910698318 240926.4 78
1717910708340 240926.4 79
1717910718367 240926.4 80
1717910728391 240926.4 81
1717910738412 240926.4 82
1717910748428 240926.4 83
1717910758443 240926.4 84
1717910768455 240926.4 85
1717910778474 240926.4 86
1717910788488 240926.4 87
1717910798532 240926.4 88
1717910808547 240926.4 89
1717910818570 240926.4 90
1717910828596 240926.4 91
1717910838617 240926.4 92
1717910848642 240926.4 93
1717910858664 240926.4 94
1717910868681 240926.4 95
1717910878728 240926.4 96
1717910888744 240926.4 97
1717910898761 240926.4 98
1717910908777 240926.4 99
1717910918790 240926.4 100
1717910928850 240926.4 101
1717910938870 240926.4 102
1717910948886 240926.4 103
1717910958902 240926.4 104
1717910968918 240926.4 105
1717910978932 240926.4 106
1717910988947 240926.4 107
1717910999015 240926.4 108
1717911009031 240926.4 109
1717911019054 239611.3 110
1717911029073 239611.3 111
1717911039090 239611.2 112
1717911049109 239611.2 113
1717911059134 239611.2 114
1717911069152 239611.2 115
1717911079169 239611.2 116
1717911089243 239611.2 117
1717911099273 239611.2 118
1717911109341 239611.2 119
1717911119414 239611.2 120
1717911129433 239611.2 121
1717911139496 239611.2 122
1717911149561 239611.2 123
1717911159626 239611.2 124
1717911169694 239611.2 125
1717911179722 239611.2 126
1717911189737 239611.2 127
1717911199754 239611.2 128
1717911209773 239611.2 129
1717911219840 239611.2 130
1717911229876 239611.2 131
1717911239952 239611.2 132
1717911250028 239611.2 133
1717911260050 239611.2 134
1717911270070 239611.2 135
1717911280146 239611.2 136
1717911290214 239611.2 137
1717911300235 239611.2 138
1717911310256 239611.2 139
1717911320328 239611.2 140
1717911330355 239611.2 141
1717911340378 239611.2 142
1717911350403 239611.2 143
1717911360429 239611.2 144
1717911370496 239611.2 145
1717911380518 239611.2 146
1717911390549 239611.2 147
1717911400620 239611.2 148
1717911410692 239611.2 149
1717911420719 239611.2 150
1717911430739 239611.2 151
1717911440771 239611.2 152
1717911450796 239611.2 153
1717911460866 239611.2 154
1717911470938 239611.2 155
1717911481015 239611.2 156
1717911491040 239611.2 157
1717911501111 239611.2 158
1717911511128 239611.2 159
1717911521150 239611.2 160
1717911531222 239611.2 161
1717911541246 239611.2 162
1717911551324 239610.7 163
1717911561356 239610.7 164
1717911571374 238295.6 165
1717911581398 238295.6 166
1717911591432 238295.6 167
1717911601455 238295.6 168
1717911611473 238295.6 169
1717911621495 238295.6 170
1717911631519 238295.6 171
1717911641535 238295.5 172
1717911651603 238295.5 173
1717911661626 238295.5 174
1717911671686 238295.5 175
1717911681758 238295.5 176
1717911691819 238295.5 177
1717911701902 238295.5 178
1717911711926 238295.5 179
1717911721998 238295.5 180
1717911732062 238295.5 181
1717911742157 238295.5 182
1717911752223 238295.5 183
1717911762250 238295.5 184
1717911772323 238295.5 185
1717911782393 238295.5 186
1717911792411 238295.5 187
1717911802436 238295.5 188
1717911812504 238295.5 189
1717911822563 238295.5 190
1717911832592 238295.5 191
1717911842611 238295.5 192
1717911852676 238295.5 193
1717911862742 238295.5 194
1717911872807 238295.5 195
1717911882825 238295.5 196
1717911892891 238295.5 197
1717911902912 238295.5 198
1717911912988 238295.5 199
1717911923009 238295.4 200
1717911933029 238295.4 201
1717911943089 238295.4 202
1717911953113 238295.4 203
1717911963136 238295.4 204
1717911973220 238295.4 205
1717911983251 238295.4 206
1717911993277 238295.4 207
1717912003338 238295.4 208
1717912013360 238295.4 209
1717912023422 238295.4 210
1717912033487 238295.4 211
1717912043508 238295.4 212
1717912053580 238295.4 213
1717912063653 238295.4 214
1717912073733 238295.4 215
1717912083809 238295.4 216
1717912093829 238295.4 217
1717912103868 238295.4 218
1717912113891 238295.4 219
1717912123911 236980.2 220
1717912133931 236980.2 221
1717912143979 236980.2 222
1717912154000 236980.2 223
1717912164024 236980.2 224
1717912174044 236980.2 225
1717912184064 236980.2 226
1717912194145 236980.2 227
1717912204216 236980.2 228
1717912214239 236980.2 229
1717912224308 236980.2 230
1717912234377 236980.2 231
1717912244400 236980.2 232
1717912254422 236980.2 233
1717912264491 236980.2 234
1717912274561 236980.2 235
1717912284589 236980.2 236
1717912294630 236980.2 237
1717912304717 236980.2 238
1717912314791 236980.2 239
1717912324833 236980.2 240
1717912334909 236980.2 241
1717912344988 236980.2 242
1717912355049 236980.2 243
1717912365126 236980.2 244
1717912375159 236980.2 245
1717912385231 236980.2 246
1717912395253 236980.2 247
1717912405348 236980.2 248
1717912415372 236980.2 249
1717912425393 236980.2 250
1717912435465 236980.2 251
1717912445537 236980.2 252
1717912455616 236980.2 253
1717912465653 236980.2 254
1717912475724 236980.2 255
1717912485752 236980.2 256
1717912495772 236980.2 257
1717912505791 236980.2 258
1717912515855 236980.2 259
1717912525929 236980.2 260
1717912536003 236980.2 261
1717912546035 236980.2 262
1717912556112 236980.2 263
1717912566205 236980.2 264
1717912576288 236980.2 265
1717912586361 236980.2 266
1717912596391 236980.2 267
1717912606468 236980.2 268
1717912616549 236980.2 269
1717912626576 236980.2 270
1717912636612 236980.2 271
1717912646689 236980.2 272
1717912656713 236980.2 273
1717912666730 235665.0 274
1717912676786 235665.0 275
1717912686812 235665.0 276
1717912696844 235665.0 277
1717912706863 235665.0 278
1717912716888 235665.0 279
1717912726907 235665.0 280
1717912736981 235665.0 281
1717912747012 235665.0 282
1717912757086 235665.0 283
1717912767173 235665.0 284
1717912777252 235665.0 285
1717912787327 235665.0 286
1717912797378 235665.0 287
1717912807456 235665.0 288
1717912817534 235665.0 289
1717912827563 235665.0 290
1717912837658 235665.0 291
1717912847683 235665.0 292
1717912857711 235665.0 293
1717912867751 235665.0 294
1717912877776 235665.0 295
1717912887798 235665.0 296
1717912897869 235665.0 297
1717912907903 235665.0 298
1717912917984 235665.0 299
1717912928059 235665.0 300
1717912938140 235665.0 301
1717912948221 235665.0 302
1717912958243 235665.0 303
1717912968322 235665.0 304
1717912978393 235665.0 305
1717912988476 235665.0 306
1717912998551 235665.0 307
1717913008629 235665.0 308
1717913018708 235665.0 309
1717913028790 235665.0 310
