1717909915943 74.0 0
1717909925955 74.0 1
1717909935967 74.0 2
1717909945978 74.0 3
1717909955989 74.0 4
1717909966031 74.0 5
1717909976044 74.0 6
1717909986057 74.0 7
1717909996070 74.0 8
1717910006083 74.0 9
1717910016097 74.0 10
1717910026110 74.0 11
1717910036132 74.0 12
1717910046146 74.0 13
1717910056163 74.0 14
1717910066174 74.0 15
1717910076187 74.0 16
1717910086207 74.0 17
1717910096222 74.0 18
1717910106265 74.0 19
1717910116283 74.0 20
1717910126296 74.0 21
1717910136309 74.0 22
1717910146322 74.0 23
1717910156336 74.0 24
1717910166352 74.0 25
1717910176386 74.0 26
1717910186402 74.0 27
1717910196414 74.0 28
1717910206427 74.0 29
1717910216470 74.0 30
1717910226484 74.0 31
1717910236497 74.0 32
1717910246509 74.0 33
1717910256520 74.0 34
1717910266534 74.0 35
1717910276546 74.0 36
1717910286560 74.0 37
1717910296583 74.0 38
1717910306598 74.0 39
1717910316616 74.0 40
1717910326630 74.0 41
1717910336666 74.0 42
1717910346681 74.0 43
1717910356703 74.0 44
1717910366718 74.0 45
1717910376733 74.0 46
1717910386750 74.0 47
1717910396767 74.0 48
1717910406786 74.0 49
1717910416813 74.0 50
1717910426830 74.0 51
1717910436846 74.0 52
1717910446866 74.0 53
1717910457904 74.0 54
1717910467919 74.2 55
1717910477933 74.2 56
1717910487948 74.2 57
1717910497968 74.2 58
1717910507984 74.2 59
1717910517999 74.2 60
1717910528014 74.2 61
1717910538029 74.2 62
1717910548044 74.2 63
1717910558059 74.2 64
1717910568075 74.2 65
1717910578107 74.2 66
1717910588134 74.2 67
1717910598158 74.2 68
1717910608174 74.2 69
1717910618195 74.2 70
1717910628214 74.2 71
1717910638230 74.2 72
1717910648245 74.2 73
1717910658260 74.2 74
1717910668275 74.2 75
1717910678288 74.2 76
1717910688303 74.2 77
1717910698318 74.2 78
1717910708340 74.2 79
1717910718367 74.2 80
1717910728391 74.2 81
1717910738412 74.2 82
1717910748428 74.2 83
1717910758443 74.2 84
1717910768455 74.2 85
1717910778474 74.2 86
1717910788488 74.2 87
1717910798532 74.2 88
1717910808547 74.2 89
1717910818570 74.2 90
1717910828596 74.2 91
1717910838617 74.2 92
1717910848642 74.2 93
1717910858664 74.2 94
1717910868681 74.2 95
1717910878728 74.2 96
1717910888744 74.2 97
1717910898761 74.2 98
1717910908777 74.2 99
1717910918790 74.2 100
1717910928850 74.2 101
1717910938870 74.2 102
1717910948886 74.2 103
1717910958902 74.2 104
1717910968918 74.2 105
1717910978932 74.2 106
1717910988947 74.2 107
1717910999015 74.2 108
1717911009031 74.2 109
1717911019054 74.3 110
1717911029073 74.3 111
1717911039090 74.3 112
1717911049109 74.3 113
1717911059134 74.3 114
1717911069152 74.3 115
1717911079169 74.3 116
1717911089243 74.3 117
1717911099273 74.3 118
1717911109341 74.3 119
1717911119414 74.3 120
1717911129433 74.3 121
1717911139496 74.3 122
1717911149561 74.3 123
1717911159626 74.3 124
1717911169694 74.3 125
1717911179722 74.3 126
1717911189737 74.3 127
1717911199754 74.3 128
1717911209773 74.3 129
1717911219840 74.3 130
1717911229876 74.3 131
1717911239952 74.3 132
1717911250028 74.3 133
1717911260050 74.3 134
1717911270070 74.3 135
1717911280146 74.3 136
1717911290214 74.3 137
1717911300235 74.3 138
1717911310256 74.3 139
1717911320328 74.3 140
1717911330355 74.3 141
1717911340378 74.3 142
1717911350403 74.3 143
1717911360429 74.3 144
1717911370496 74.3 145
1717911380518 74.3 146
1717911390549 74.3 147
1717911400620 74.3 148
1717911410692 74.3 149
1717911420719 74.3 150
1717911430739 74.3 151
1717911440771 74.3 152
1717911450796 74.3 153
1717911460866 74.3 154
1717911470938 74.3 155
1717911481015 74.3 156
1717911491040 74.3 157
1717911501111 74.3 158
1717911511128 74.3 159
1717911521150 74.3 160
1717911531222 74.3 161
1717911541246 74.3 162
1717911551324 74.3 163
1717911561356 74.3 164
1717911571374 74.5 165
1717911581398 74.5 166
1717911591432 74.5 167
1717911601455 74.5 168
1717911611473 74.5 169
1717911621495 74.5 170
1717911631519 74.5 171
1717911641535 74.5 172
1717911651603 74.5 173
1717911661626 74.5 174
1717911671686 74.5 175
1717911681758 74.5 176
1717911691819 74.5 177
1717911701902 74.5 178
1717911711926 74.5 179
1717911721998 74.5 180
1717911732062 74.5 181
1717911742157 74.5 182
1717911752223 74.5 183
1717911762250 74.5 184
1717911772323 74.5 185
1717911782393 74.5 186
1717911792411 74.5 187
1717911802436 74.5 188
1717911812504 74.5 189
1717911822563 74.5 190
1717911832592 74.5 191
1717911842611 74.5 192
1717911852676 74.5 193
1717911862742 74.5 194
1717911872807 74.5 195
1717911882825 74.5 196
1717911892891 74.5 197
1717911902912 74.5 198
1717911912988 74.5 199
1717911923009 74.5 200
1717911933029 74.5 201
1717911943089 74.5 202
1717911953113 74.5 203
1717911963136 74.5 204
1717911973220 74.5 205
1717911983251 74.5 206
1717911993277 74.5 207
1717912003338 74.5 208
1717912013360 74.5 209
1717912023422 74.5 210
1717912033487 74.5 211
1717912043508 74.5 212
1717912053580 74.5 213
1717912063653 74.5 214
1717912073733 74.5 215
1717912083809 74.5 216
1717912093829 74.5 217
1717912103868 74.5 218
1717912113891 74.5 219
1717912123911 74.6 220
1717912133931 74.6 221
1717912143979 74.6 222
1717912154000 74.6 223
1717912164024 74.6 224
1717912174044 74.6 225
1717912184064 74.6 226
1717912194145 74.6 227
1717912204216 74.6 228
1717912214239 74.6 229
1717912224308 74.6 230
1717912234377 74.6 231
1717912244400 74.6 232
1717912254422 74.6 233
1717912264491 74.6 234
1717912274561 74.6 235
1717912284589 74.6 236
1717912294630 74.6 237
1717912304717 74.6 238
1717912314791 74.6 239
1717912324833 74.6 240
1717912334909 74.6 241
1717912344988 74.6 242
1717912355049 74.6 243
1717912365126 74.6 244
1717912375159 74.6 245
1717912385231 74.6 246
1717912395253 74.6 247
1717912405348 74.6 248
1717912415372 74.6 249
1717912425393 74.6 250
1717912435465 74.6 251
1717912445537 74.6 252
1717912455616 74.6 253
1717912465653 74.6 254
1717912475724 74.6 255
1717912485752 74.6 256
1717912495772 74.6 257
1717912505791 74.6 258
1717912515855 74.6 259
1717912525929 74.6 260
1717912536003 74.6 261
1717912546035 74.6 262
1717912556112 74.6 263
1717912566205 74.6 264
1717912576288 74.6 265
1717912586361 74.6 266
1717912596391 74.6 267
1717912606468 74.6 268
1717912616549 74.6 269
1717912626576 74.6 270
1717912636612 74.6 271
1717912646689 74.6 272
1717912656713 74.6 273
1717912666730 74.7 274
1717912676786 74.7 275
1717912686812 74.7 276
1717912696844 74.7 277
1717912706863 74.7 278
1717912716888 74.7 279
1717912726907 74.7 280
1717912736981 74.7 281
1717912747012 74.7 282
1717912757086 74.7 283
1717912767173 74.7 284
1717912777252 74.7 285
1717912787327 74.7 286
1717912797378 74.7 287
1717912807456 74.7 288
1717912817534 74.7 289
1717912827563 74.7 290
1717912837658 74.7 291
1717912847683 74.7 292
1717912857711 74.7 293
1717912867751 74.7 294
1717912877776 74.7 295
1717912887798 74.7 296
1717912897869 74.7 297
1717912907903 74.7 298
1717912917984 74.7 299
1717912928059 74.7 300
1717912938140 74.7 301
1717912948221 74.7 302
1717912958243 74.7 303
1717912968322 74.7 304
1717912978393 74.7 305
1717912988476 74.7 306
1717912998551 74.7 307
1717913008629 74.7 308
1717913018708 74.7 309
1717913028790 74.7 310
