1717909915943 690577.9 0
1717909925955 690579.0 1
1717909935967 690579.1 2
1717909945978 690579.1 3
1717909955989 690579.1 4
1717909966031 690579.1 5
1717909976044 690579.1 6
1717909986057 690579.1 7
1717909996070 690579.1 8
1717910006083 690579.1 9
1717910016097 690579.1 10
1717910026110 690579.1 11
1717910036132 690579.1 12
1717910046146 690579.1 13
1717910056163 690579.1 14
1717910066174 690579.1 15
1717910076187 690579.1 16
1717910086207 690579.1 17
1717910096222 690579.1 18
1717910106265 690579.3 19
1717910116283 690579.3 20
1717910126296 690579.3 21
1717910136309 690579.3 22
1717910146322 690579.3 23
1717910156336 690579.3 24
1717910166352 690579.3 25
1717910176386 690579.3 26
1717910186402 690579.3 27
1717910196414 690579.3 28
1717910206427 690579.3 29
1717910216470 690579.3 30
1717910226484 690579.3 31
1717910236497 690579.3 32
1717910246509 690579.3 33
1717910256520 690579.3 34
1717910266534 690579.3 35
1717910276546 690579.3 36
1717910286560 690579.3 37
1717910296583 690579.3 38
1717910306598 690579.3 39
1717910316616 690579.3 40
1717910326630 690579.3 41
1717910336666 690579.3 42
1717910346681 690579.3 43
1717910356703 690579.3 44
1717910366718 690579.3 45
1717910376733 690579.3 46
1717910386750 690579.3 47
1717910396767 690579.3 48
1717910406786 690579.3 49
1717910416813 690579.3 50
1717910426830 690579.3 51
1717910436846 690579.3 52
1717910446866 690579.3 53
1717910457904 690579.3 54
1717910467919 691894.4 55
1717910477933 691894.4 56
1717910487948 691894.4 57
1717910497968 691894.4 58
1717910507984 691894.4 59
1717910517999 691894.4 60
1717910528014 691894.4 61
1717910538029 691894.4 62
1717910548044 691894.5 63
1717910558059 691894.5 64
1717910568075 691894.5 65
1717910578107 691894.5 66
1717910588134 691894.5 67
1717910598158 691894.5 68
1717910608174 691894.5 69
1717910618195 691894.5 70
1717910628214 691894.5 71
1717910638230 691894.5 72
1717910648245 691894.5 73
1717910658260 691894.5 74
1717910668275 691894.5 75
1717910678288 691894.5 76
1717910688303 691894.5 77
1717910698318 691894.5 78
1717910708340 691894.5 79
1717910718367 691894.5 80
1717910728391 691894.5 81
1717910738412 691894.5 82
1717910748428 691894.5 83
1717910758443 691894.5 84
1717910768455 691894.5 85
1717910778474 691894.5 86
1717910788488 691894.5 87
1717910798532 691894.5 88
1717910808547 691894.5 89
1717910818570 691894.5 90
1717910828596 691894.5 91
1717910838617 691894.5 92
1717910848642 691894.5 93
1717910858664 691894.5 94
1717910868681 691894.5 95
1717910878728 691894.5 96
1717910888744 691894.5 97
1717910898761 691894.5 98
1717910908777 691894.5 99
1717910918790 691894.5 100
1717910928850 691894.5 101
1717910938870 691894.5 102
1717910948886 691894.5 103
1717910958902 691894.5 104
1717910968918 691894.5 105
1717910978932 691894.5 106
1717910988947 691894.5 107
1717910999015 691894.5 108
1717911009031 691894.5 109
1717911019054 693209.6 110
1717911029073 693209.6 111
1717911039090 693209.6 112
1717911049109 693209.6 113
1717911059134 693209.6 114
1717911069152 693209.6 115
1717911079169 693209.6 116
1717911089243 693209.6 117
1717911099273 693209.6 118
1717911109341 693209.6 119
1717911119414 693209.6 120
1717911129433 693209.6 121
1717911139496 693209.6 122
1717911149561 693209.6 123
1717911159626 693209.6 124
1717911169694 693209.6 125
1717911179722 693209.6 126
1717911189737 693209.6 127
1717911199754 693209.6 128
1717911209773 693209.6 129
1717911219840 693209.6 130
1717911229876 693209.6 131
1717911239952 693209.6 132
1717911250028 693209.6 133
1717911260050 693209.6 134
1717911270070 693209.6 135
1717911280146 693209.6 136
1717911290214 693209.6 137
1717911300235 693209.6 138
1717911310256 693209.6 139
1717911320328 693209.6 140
1717911330355 693209.6 141
1717911340378 693209.6 142
1717911350403 693209.6 143
1717911360429 693209.6 144
1717911370496 693209.6 145
1717911380518 693209.6 146
1717911390549 693209.6 147
1717911400620 693209.6 148
1717911410692 693209.6 149
1717911420719 693209.6 150
1717911430739 693209.6 151
1717911440771 693209.6 152
1717911450796 693209.6 153
1717911460866 693209.6 154
1717911470938 693209.6 155
1717911481015 693209.7 156
1717911491040 693209.7 157
1717911501111 693209.7 158
1717911511128 693209.7 159
1717911521150 693209.7 160
1717911531222 693209.7 161
1717911541246 693209.7 162
1717911551324 693210.2 163
1717911561356 693210.2 164
1717911571374 694525.2 165
1717911581398 694525.2 166
1717911591432 694525.2 167
1717911601455 694525.2 168
1717911611473 694525.3 169
1717911621495 694525.3 170
1717911631519 694525.3 171
1717911641535 694525.3 172
1717911651603 694525.3 173
1717911661626 694525.3 174
1717911671686 694525.3 175
1717911681758 694525.3 176
1717911691819 694525.3 177
1717911701902 694525.3 178
1717911711926 694525.3 179
1717911721998 694525.3 180
1717911732062 694525.3 181
1717911742157 694525.3 182
1717911752223 694525.3 183
1717911762250 694525.3 184
1717911772323 694525.3 185
1717911782393 694525.3 186
1717911792411 694525.3 187
1717911802436 694525.3 188
1717911812504 694525.3 189
1717911822563 694525.3 190
1717911832592 694525.3 191
1717911842611 694525.4 192
1717911852676 694525.4 193
1717911862742 694525.4 194
1717911872807 694525.4 195
1717911882825 694525.4 196
1717911892891 694525.4 197
1717911902912 694525.4 198
1717911912988 694525.4 199
1717911923009 694525.4 200
1717911933029 694525.4 201
1717911943089 694525.4 202
1717911953113 694525.4 203
1717911963136 694525.4 204
1717911973220 694525.4 205
1717911983251 694525.4 206
1717911993277 694525.4 207
1717912003338 694525.4 208
1717912013360 694525.4 209
1717912023422 694525.4 210
1717912033487 694525.4 211
1717912043508 694525.4 212
1717912053580 694525.4 213
1717912063653 694525.4 214
1717912073733 694525.4 215
1717912083809 694525.4 216
1717912093829 694525.4 217
1717912103868 694525.4 218
1717912113891 694525.4 219
1717912123911 695840.6 220
1717912133931 695840.6 221
1717912143979 695840.6 222
1717912154000 695840.6 223
1717912164024 695840.6 224
1717912174044 695840.6 225
1717912184064 695840.6 226
1717912194145 695840.6 227
1717912204216 695840.6 228
1717912214239 695840.6 229
1717912224308 695840.6 230
1717912234377 695840.6 231
1717912244400 695840.6 232
1717912254422 695840.6 233
1717912264491 695840.6 234
1717912274561 695840.6 235
1717912284589 695840.6 236
1717912294630 695840.6 237
1717912304717 695840.6 238
1717912314791 695840.6 239
1717912324833 695840.6 240
1717912334909 695840.6 241
1717912344988 695840.6 242
1717912355049 695840.6 243
1717912365126 695840.6 244
1717912375159 695840.6 245
1717912385231 695840.6 246
1717912395253 695840.6 247
1717912405348 695840.6 248
1717912415372 695840.6 249
1717912425393 695840.6 250
1717912435465 695840.6 251
1717912445537 695840.6 252
1717912455616 695840.6 253
1717912465653 695840.6 254
1717912475724 695840.6 255
1717912485752 695840.6 256
1717912495772 695840.6 257
1717912505791 695840.6 258
1717912515855 695840.6 259
1717912525929 695840.6 260
1717912536003 695840.6 261
1717912546035 695840.6 262
1717912556112 695840.6 263
1717912566205 695840.6 264
1717912576288 695840.6 265
1717912586361 695840.6 266
1717912596391 695840.6 267
1717912606468 695840.6 268
1717912616549 695840.6 269
1717912626576 695840.6 270
1717912636612 695840.6 271
1717912646689 695840.6 272
1717912656713 695840.6 273
1717912666730 697155.8 274
1717912676786 697155.8 275
1717912686812 697155.8 276
1717912696844 697155.8 277
1717912706863 697155.8 278
1717912716888 697155.8 279
1717912726907 697155.8 280
1717912736981 697155.8 281
1717912747012 697155.8 282
1717912757086 697155.8 283
1717912767173 697155.8 284
1717912777252 697155.8 285
1717912787327 697155.8 286
1717912797378 697155.8 287
1717912807456 697155.8 288
1717912817534 697155.8 289
1717912827563 697155.8 290
1717912837658 697155.8 291
1717912847683 697155.8 292
1717912857711 697155.8 293
1717912867751 697155.8 294
1717912877776 697155.8 295
1717912887798 697155.8 296
1717912897869 697155.8 297
1717912907903 697155.8 298
1717912917984 697155.8 299
1717912928059 697155.8 300
1717912938140 697155.8 301
1717912948221 697155.8 302
1717912958243 697155.8 303
1717912968322 697155.8 304
1717912978393 697155.8 305
1717912988476 697155.8 306
1717912998551 697155.8 307
1717913008629 697155.8 308
1717913018708 697155.8 309
1717913028790 697155.8 310
