1717909915943 10.2 0
1717909925955 60.2 1
1717909935967 60.2 2
1717909945978 60.2 3
1717909955989 60.2 4
1717909966031 60.2 5
1717909976044 60.2 6
1717909986057 60.2 7
1717909996070 60.2 8
1717910006083 60.2 9
1717910016097 60.2 10
1717910026110 60.2 11
1717910036132 60.2 12
1717910046146 60.2 13
1717910056163 60.2 14
1717910066174 60.2 15
1717910076187 60.2 16
1717910086207 60.2 17
1717910096222 60.2 18
1717910106265 60.2 19
1717910116283 60.2 20
1717910126296 60.2 21
1717910136309 60.2 22
1717910146322 60.2 23
1717910156336 60.2 24
1717910166352 60.2 25
1717910176386 60.2 26
1717910186402 60.2 27
1717910196414 60.2 28
1717910206427 60.2 29
1717910216470 60.2 30
1717910226484 60.2 31
1717910236497 60.2 32
1717910246509 60.2 33
1717910256520 60.2 34
1717910266534 60.2 35
1717910276546 60.2 36
1717910286560 60.2 37
1717910296583 60.2 38
1717910306598 60.2 39
1717910316616 60.2 40
1717910326630 60.2 41
1717910336666 60.2 42
1717910346681 60.2 43
1717910356703 60.2 44
1717910366718 60.2 45
1717910376733 60.2 46
1717910386750 60.2 47
1717910396767 60.2 48
1717910406786 60.2 49
1717910416813 60.2 50
1717910426830 60.2 51
1717910436846 60.2 52
1717910446866 60.2 53
1717910457904 60.2 54
1717910467919 60.2 55
1717910477933 60.2 56
1717910487948 60.2 57
1717910497968 60.2 58
1717910507984 60.2 59
1717910517999 60.2 60
1717910528014 60.2 61
1717910538029 60.2 62
1717910548044 60.2 63
1717910558059 60.2 64
1717910568075 60.2 65
1717910578107 60.2 66
1717910588134 60.2 67
1717910598158 60.2 68
1717910608174 60.2 69
1717910618195 60.2 70
1717910628214 60.2 71
1717910638230 60.2 72
1717910648245 60.2 73
1717910658260 60.2 74
1717910668275 60.2 75
1717910678288 60.2 76
1717910688303 60.2 77
1717910698318 60.2 78
1717910708340 60.2 79
1717910718367 60.2 80
1717910728391 60.2 81
1717910738412 60.2 82
1717910748428 60.2 83
1717910758443 60.2 84
1717910768455 60.2 85
1717910778474 60.2 86
1717910788488 60.2 87
1717910798532 60.2 88
1717910808547 60.2 89
1717910818570 60.2 90
1717910828596 60.2 91
1717910838617 60.2 92
1717910848642 60.2 93
1717910858664 60.2 94
1717910868681 60.2 95
1717910878728 60.2 96
1717910888744 60.2 97
1717910898761 60.2 98
1717910908777 60.2 99
1717910918790 60.2 100
1717910928850 60.2 101
1717910938870 60.2 102
1717910948886 60.2 103
1717910958902 60.2 104
1717910968918 60.2 105
1717910978932 60.2 106
1717910988947 60.2 107
1717910999015 60.2 108
1717911009031 60.2 109
1717911019054 60.2 110
1717911029073 60.2 111
1717911039090 60.2 112
1717911049109 60.2 113
1717911059134 60.2 114
1717911069152 60.2 115
1717911079169 60.2 116
1717911089243 60.2 117
1717911099273 60.2 118
1717911109341 60.2 119
1717911119414 60.2 120
1717911129433 60.2 121
1717911139496 60.2 122
1717911149561 60.2 123
1717911159626 60.2 124
1717911169694 60.2 125
1717911179722 60.2 126
1717911189737 60.2 127
1717911199754 60.2 128
1717911209773 60.2 129
1717911219840 60.2 130
1717911229876 60.2 131
1717911239952 60.2 132
1717911250028 60.2 133
1717911260050 60.2 134
1717911270070 60.2 135
1717911280146 60.2 136
1717911290214 60.2 137
1717911300235 60.2 138
1717911310256 60.2 139
1717911320328 60.2 140
1717911330355 60.2 141
1717911340378 60.2 142
1717911350403 60.2 143
1717911360429 60.2 144
1717911370496 60.2 145
1717911380518 60.2 146
1717911390549 60.2 147
1717911400620 60.2 148
1717911410692 60.2 149
1717911420719 60.2 150
1717911430739 60.2 151
1717911440771 60.2 152
1717911450796 60.2 153
1717911460866 60.2 154
1717911470938 60.2 155
1717911481015 60.2 156
1717911491040 60.2 157
1717911501111 60.2 158
1717911511128 60.2 159
1717911521150 60.2 160
1717911531222 60.2 161
1717911541246 60.2 162
1717911551324 60.2 163
1717911561356 60.2 164
1717911571374 60.2 165
1717911581398 60.2 166
1717911591432 60.2 167
1717911601455 60.2 168
1717911611473 60.2 169
1717911621495 60.2 170
1717911631519 60.2 171
1717911641535 60.2 172
1717911651603 60.2 173
1717911661626 60.2 174
1717911671686 60.2 175
1717911681758 60.2 176
1717911691819 60.2 177
1717911701902 60.2 178
1717911711926 60.2 179
1717911721998 60.2 180
1717911732062 60.2 181
1717911742157 60.2 182
1717911752223 60.2 183
1717911762250 60.2 184
1717911772323 60.2 185
1717911782393 60.2 186
1717911792411 60.2 187
1717911802436 60.2 188
1717911812504 60.2 189
1717911822563 60.2 190
1717911832592 60.2 191
1717911842611 60.2 192
1717911852676 60.2 193
1717911862742 60.2 194
1717911872807 60.2 195
1717911882825 60.2 196
1717911892891 60.2 197
1717911902912 60.2 198
1717911912988 60.2 199
1717911923009 60.2 200
1717911933029 60.2 201
1717911943089 60.2 202
1717911953113 60.2 203
1717911963136 60.2 204
1717911973220 60.2 205
1717911983251 60.2 206
1717911993277 60.2 207
1717912003338 60.2 208
1717912013360 60.2 209
1717912023422 60.2 210
1717912033487 60.2 211
1717912043508 60.2 212
1717912053580 60.2 213
1717912063653 60.2 214
1717912073733 60.2 215
1717912083809 60.2 216
1717912093829 60.2 217
1717912103868 60.2 218
1717912113891 60.2 219
1717912123911 60.2 220
1717912133931 60.2 221
1717912143979 60.2 222
1717912154000 60.2 223
1717912164024 60.2 224
1717912174044 60.2 225
1717912184064 60.2 226
1717912194145 60.2 227
1717912204216 60.2 228
1717912214239 60.2 229
1717912224308 60.2 230
1717912234377 60.2 231
1717912244400 60.2 232
1717912254422 60.2 233
1717912264491 60.2 234
1717912274561 60.2 235
1717912284589 60.2 236
1717912294630 60.2 237
1717912304717 60.2 238
1717912314791 60.2 239
1717912324833 60.2 240
1717912334909 60.2 241
1717912344988 60.2 242
1717912355049 60.2 243
1717912365126 60.2 244
1717912375159 60.2 245
1717912385231 60.2 246
1717912395253 60.2 247
1717912405348 60.2 248
1717912415372 60.2 249
1717912425393 60.2 250
1717912435465 60.2 251
1717912445537 60.2 252
1717912455616 60.2 253
1717912465653 60.2 254
1717912475724 60.2 255
1717912485752 60.2 256
1717912495772 60.2 257
1717912505791 60.2 258
1717912515855 60.2 259
1717912525929 60.2 260
1717912536003 60.2 261
1717912546035 60.2 262
1717912556112 60.2 263
1717912566205 60.2 264
1717912576288 60.2 265
1717912586361 60.2 266
1717912596391 60.2 267
1717912606468 60.2 268
1717912616549 60.2 269
1717912626576 60.2 270
1717912636612 60.2 271
1717912646689 60.2 272
1717912656713 60.2 273
1717912666730 60.2 274
1717912676786 60.2 275
1717912686812 60.2 276
1717912696844 60.2 277
1717912706863 60.2 278
1717912716888 60.2 279
1717912726907 60.2 280
1717912736981 60.2 281
1717912747012 60.2 282
1717912757086 60.2 283
1717912767173 60.2 284
1717912777252 60.2 285
1717912787327 60.2 286
1717912797378 60.2 287
1717912807456 60.2 288
1717912817534 60.2 289
1717912827563 60.2 290
1717912837658 60.2 291
1717912847683 60.2 292
1717912857711 60.2 293
1717912867751 60.2 294
1717912877776 60.2 295
1717912887798 60.2 296
1717912897869 60.2 297
1717912907903 60.2 298
1717912917984 60.2 299
1717912928059 60.2 300
1717912938140 60.2 301
1717912948221 60.2 302
1717912958243 60.2 303
1717912968322 60.2 304
1717912978393 60.2 305
1717912988476 60.2 306
1717912998551 60.2 307
1717913008629 60.2 308
1717913018708 60.2 309
1717913028790 60.2 310
