1717909915943 1312.6 0
1717909925955 7755.0 1
1717909935967 7755.0 2
1717909945978 7755.0 3
1717909955989 7755.0 4
1717909966031 7755.0 5
1717909976044 7755.0 6
1717909986057 7755.0 7
1717909996070 7755.0 8
1717910006083 7755.0 9
1717910016097 7755.0 10
1717910026110 7755.0 11
1717910036132 7755.0 12
1717910046146 7755.0 13
1717910056163 7755.0 14
1717910066174 7755.0 15
1717910076187 7755.0 16
1717910086207 7755.0 17
1717910096222 7755.0 18
1717910106265 7755.0 19
1717910116283 7755.0 20
1717910126296 7755.0 21
1717910136309 7755.0 22
1717910146322 7755.0 23
1717910156336 7755.0 24
1717910166352 7755.0 25
1717910176386 7755.0 26
1717910186402 7755.0 27
1717910196414 7755.0 28
1717910206427 7755.0 29
1717910216470 7755.0 30
1717910226484 7755.0 31
1717910236497 7755.0 32
1717910246509 7755.0 33
1717910256520 7755.0 34
1717910266534 7755.0 35
1717910276546 7755.0 36
1717910286560 7755.0 37
1717910296583 7755.0 38
1717910306598 7755.0 39
1717910316616 7755.0 40
1717910326630 7755.0 41
1717910336666 7755.0 42
1717910346681 7755.0 43
1717910356703 7755.0 44
1717910366718 7755.0 45
1717910376733 7755.0 46
1717910386750 7755.0 47
1717910396767 7755.0 48
1717910406786 7755.0 49
1717910416813 7755.0 50
1717910426830 7755.0 51
1717910436846 7755.0 52
1717910446866 7755.0 53
1717910457904 7755.0 54
1717910467919 7755.0 55
1717910477933 7755.0 56
1717910487948 7755.0 57
1717910497968 7755.0 58
1717910507984 7755.0 59
1717910517999 7755.0 60
1717910528014 7755.0 61
1717910538029 7755.0 62
1717910548044 7755.0 63
1717910558059 7755.0 64
1717910568075 7755.0 65
1717910578107 7755.0 66
1717910588134 7755.0 67
1717910598158 7755.0 68
1717910608174 7755.0 69
1717910618195 7755.0 70
1717910628214 7755.0 71
1717910638230 7755.0 72
1717910648245 7755.0 73
1717910658260 7755.0 74
1717910668275 7755.0 75
1717910678288 7755.0 76
1717910688303 7755.0 77
1717910698318 7755.0 78
1717910708340 7755.0 79
1717910718367 7755.0 80
1717910728391 7755.0 81
1717910738412 7755.0 82
1717910748428 7755.0 83
1717910758443 7755.0 84
1717910768455 7755.0 85
1717910778474 7755.0 86
1717910788488 7755.0 87
1717910798532 7755.0 88
1717910808547 7755.0 89
1717910818570 7755.0 90
1717910828596 7755.0 91
1717910838617 7755.0 92
1717910848642 7755.0 93
1717910858664 7755.0 94
1717910868681 7755.0 95
1717910878728 7755.0 96
1717910888744 7755.0 97
1717910898761 7755.0 98
1717910908777 7755.0 99
1717910918790 7755.0 100
1717910928850 7755.0 101
1717910938870 7755.0 102
1717910948886 7755.0 103
1717910958902 7755.0 104
1717910968918 7755.0 105
1717910978932 7755.0 106
1717910988947 7755.0 107
1717910999015 7755.0 108
1717911009031 7755.0 109
1717911019054 7755.0 110
1717911029073 7755.0 111
1717911039090 7755.0 112
1717911049109 7755.0 113
1717911059134 7755.0 114
1717911069152 7755.0 115
1717911079169 7755.0 116
1717911089243 7755.0 117
1717911099273 7755.0 118
1717911109341 7755.0 119
1717911119414 7755.0 120
1717911129433 7755.0 121
1717911139496 7755.0 122
1717911149561 7755.0 123
1717911159626 7755.0 124
1717911169694 7755.0 125
1717911179722 7755.0 126
1717911189737 7755.0 127
1717911199754 7755.0 128
1717911209773 7755.0 129
1717911219840 7755.0 130
1717911229876 7755.0 131
1717911239952 7755.0 132
1717911250028 7755.0 133
1717911260050 7755.0 134
1717911270070 7755.0 135
1717911280146 7755.0 136
1717911290214 7755.0 137
1717911300235 7755.0 138
1717911310256 7755.0 139
1717911320328 7755.0 140
1717911330355 7755.0 141
1717911340378 7755.0 142
1717911350403 7755.0 143
1717911360429 7755.0 144
1717911370496 7755.0 145
1717911380518 7755.0 146
1717911390549 7755.0 147
1717911400620 7755.0 148
1717911410692 7755.0 149
1717911420719 7755.0 150
1717911430739 7755.0 151
1717911440771 7755.0 152
1717911450796 7755.0 153
1717911460866 7755.0 154
1717911470938 7755.0 155
1717911481015 7755.0 156
1717911491040 7755.0 157
1717911501111 7755.0 158
1717911511128 7755.0 159
1717911521150 7755.0 160
1717911531222 7755.0 161
1717911541246 7755.0 162
1717911551324 7755.0 163
1717911561356 7755.0 164
1717911571374 7755.0 165
1717911581398 7755.0 166
1717911591432 7755.0 167
1717911601455 7755.0 168
1717911611473 7755.0 169
1717911621495 7755.0 170
1717911631519 7755.0 171
1717911641535 7755.0 172
1717911651603 7755.0 173
1717911661626 7755.0 174
1717911671686 7755.0 175
1717911681758 7755.0 176
1717911691819 7755.0 177
1717911701902 7755.0 178
1717911711926 7755.0 179
1717911721998 7755.0 180
1717911732062 7755.0 181
1717911742157 7755.0 182
1717911752223 7755.0 183
1717911762250 7755.0 184
1717911772323 7755.0 185
1717911782393 7755.0 186
1717911792411 7755.0 187
1717911802436 7755.0 188
1717911812504 7755.0 189
1717911822563 7755.0 190
1717911832592 7755.0 191
1717911842611 7755.0 192
1717911852676 7755.0 193
1717911862742 7755.0 194
1717911872807 7755.0 195
1717911882825 7755.0 196
1717911892891 7755.0 197
1717911902912 7755.0 198
1717911912988 7755.0 199
1717911923009 7755.0 200
1717911933029 7755.0 201
1717911943089 7755.0 202
1717911953113 7755.0 203
1717911963136 7755.0 204
1717911973220 7755.0 205
1717911983251 7755.0 206
1717911993277 7755.0 207
1717912003338 7755.0 208
1717912013360 7755.0 209
1717912023422 7755.0 210
1717912033487 7755.0 211
1717912043508 7755.0 212
1717912053580 7755.0 213
1717912063653 7755.0 214
1717912073733 7755.0 215
1717912083809 7755.0 216
1717912093829 7755.0 217
1717912103868 7755.0 218
1717912113891 7755.0 219
1717912123911 7755.0 220
1717912133931 7755.0 221
1717912143979 7755.0 222
1717912154000 7755.0 223
1717912164024 7755.0 224
1717912174044 7755.0 225
1717912184064 7755.0 226
1717912194145 7755.0 227
1717912204216 7755.0 228
1717912214239 7755.0 229
1717912224308 7755.0 230
1717912234377 7755.0 231
1717912244400 7755.0 232
1717912254422 7755.0 233
1717912264491 7755.0 234
1717912274561 7755.0 235
1717912284589 7755.0 236
1717912294630 7755.0 237
1717912304717 7755.0 238
1717912314791 7755.0 239
1717912324833 7755.0 240
1717912334909 7755.0 241
1717912344988 7755.0 242
1717912355049 7755.0 243
1717912365126 7755.0 244
1717912375159 7755.0 245
1717912385231 7755.0 246
1717912395253 7755.0 247
1717912405348 7755.0 248
1717912415372 7755.0 249
1717912425393 7755.0 250
1717912435465 7755.0 251
1717912445537 7755.0 252
1717912455616 7755.0 253
1717912465653 7755.0 254
1717912475724 7755.0 255
1717912485752 7755.0 256
1717912495772 7755.0 257
1717912505791 7755.0 258
1717912515855 7755.0 259
1717912525929 7755.0 260
1717912536003 7755.0 261
1717912546035 7755.0 262
1717912556112 7755.0 263
1717912566205 7755.0 264
1717912576288 7755.0 265
1717912586361 7755.0 266
1717912596391 7755.0 267
1717912606468 7755.0 268
1717912616549 7755.0 269
1717912626576 7755.0 270
1717912636612 7755.0 271
1717912646689 7755.0 272
1717912656713 7755.0 273
1717912666730 7755.0 274
1717912676786 7755.0 275
1717912686812 7755.0 276
1717912696844 7755.0 277
1717912706863 7755.0 278
1717912716888 7755.0 279
1717912726907 7755.0 280
1717912736981 7755.0 281
1717912747012 7755.0 282
1717912757086 7755.0 283
1717912767173 7755.0 284
1717912777252 7755.0 285
1717912787327 7755.0 286
1717912797378 7755.0 287
1717912807456 7755.0 288
1717912817534 7755.0 289
1717912827563 7755.0 290
1717912837658 7755.0 291
1717912847683 7755.0 292
1717912857711 7755.0 293
1717912867751 7755.0 294
1717912877776 7755.0 295
1717912887798 7755.0 296
1717912897869 7755.0 297
1717912907903 7755.0 298
1717912917984 7755.0 299
1717912928059 7755.0 300
1717912938140 7755.0 301
1717912948221 7755.0 302
1717912958243 7755.0 303
1717912968322 7755.0 304
1717912978393 7755.0 305
1717912988476 7755.0 306
1717912998551 7755.0 307
1717913008629 7755.0 308
1717913018708 7755.0 309
1717913028790 7755.0 310
