1717909915943 12.0 0
1717909925955 96.0 1
1717909935967 97.0 2
1717909945978 96.0 3
1717909955989 96.0 4
1717909966031 95.0 5
1717909976044 96.0 6
1717909986057 96.0 7
1717909996070 96.0 8
1717910006083 96.0 9
1717910016097 97.0 10
1717910026110 95.0 11
1717910036132 96.0 12
1717910046146 96.0 13
1717910056163 96.0 14
1717910066174 96.0 15
1717910076187 94.0 16
1717910086207 96.0 17
1717910096222 90.0 18
1717910106265 96.0 19
1717910116283 94.0 20
1717910126296 96.0 21
1717910136309 96.0 22
1717910146322 96.0 23
1717910156336 94.0 24
1717910166352 95.0 25
1717910176386 96.0 26
1717910186402 96.0 27
1717910196414 96.0 28
1717910206427 96.0 29
1717910216470 96.0 30
1717910226484 94.0 31
1717910236497 96.0 32
1717910246509 96.0 33
1717910256520 96.0 34
1717910266534 95.0 35
1717910276546 90.0 36
1717910286560 96.0 37
1717910296583 96.0 38
1717910306598 96.0 39
1717910316616 96.0 40
1717910326630 96.0 41
1717910336666 96.0 42
1717910346681 95.0 43
1717910356703 96.0 44
1717910366718 96.0 45
1717910376733 94.0 46
1717910386750 96.0 47
1717910396767 96.0 48
1717910406786 94.0 49
1717910416813 96.0 50
1717910426830 96.0 51
1717910436846 96.0 52
1717910446866 96.0 53
1717910457904 89.0 54
1717910467919 6.0 55
1717910477933 96.0 56
1717910487948 96.0 57
1717910497968 96.0 58
1717910507984 95.0 59
1717910517999 96.0 60
1717910528014 96.0 61
1717910538029 96.0 62
1717910548044 96.0 63
1717910558059 97.0 64
1717910568075 97.0 65
1717910578107 96.0 66
1717910588134 93.0 67
1717910598158 95.0 68
1717910608174 96.0 69
1717910618195 97.0 70
1717910628214 97.0 71
1717910638230 94.0 72
1717910648245 90.0 73
1717910658260 96.0 74
1717910668275 97.0 75
1717910678288 97.0 76
1717910688303 94.0 77
1717910698318 96.0 78
1717910708340 96.0 79
1717910718367 96.0 80
1717910728391 97.0 81
1717910738412 97.0 82
1717910748428 94.0 83
1717910758443 96.0 84
1717910768455 96.0 85
1717910778474 96.0 86
1717910788488 96.0 87
1717910798532 97.0 88
1717910808547 94.0 89
1717910818570 96.0 90
1717910828596 88.0 91
1717910838617 96.0 92
1717910848642 96.0 93
1717910858664 95.0 94
1717910868681 95.0 95
1717910878728 96.0 96
1717910888744 96.0 97
1717910898761 95.0 98
1717910908777 97.0 99
1717910918790 97.0 100
1717910928850 97.0 101
1717910938870 94.0 102
1717910948886 94.0 103
1717910958902 96.0 104
1717910968918 96.0 105
1717910978932 96.0 106
1717910988947 97.0 107
1717910999015 95.0 108
1717911009031 90.0 109
1717911019054 96.0 110
1717911029073 94.0 111
1717911039090 96.0 112
1717911049109 96.0 113
1717911059134 96.0 114
1717911069152 96.0 115
1717911079169 96.0 116
1717911089243 96.0 117
1717911099273 94.0 118
1717911109341 96.0 119
1717911119414 96.0 120
1717911129433 96.0 121
1717911139496 96.0 122
1717911149561 94.0 123
1717911159626 95.0 124
1717911169694 96.0 125
1717911179722 97.0 126
1717911189737 88.0 127
1717911199754 90.0 128
1717911209773 97.0 129
1717911219840 93.0 130
1717911229876 97.0 131
1717911239952 96.0 132
1717911250028 97.0 133
1717911260050 96.0 134
1717911270070 97.0 135
1717911280146 94.0 136
1717911290214 96.0 137
1717911300235 97.0 138
1717911310256 96.0 139
1717911320328 96.0 140
1717911330355 97.0 141
1717911340378 95.0 142
1717911350403 96.0 143
1717911360429 97.0 144
1717911370496 97.0 145
1717911380518 90.0 146
1717911390549 96.0 147
1717911400620 96.0 148
1717911410692 94.0 149
1717911420719 96.0 150
1717911430739 96.0 151
1717911440771 96.0 152
1717911450796 96.0 153
1717911460866 96.0 154
1717911470938 96.0 155
1717911481015 96.0 156
1717911491040 96.0 157
1717911501111 95.0 158
1717911511128 96.0 159
1717911521150 96.0 160
1717911531222 96.0 161
1717911541246 96.0 162
1717911551324 97.0 163
1717911561356 89.0 164
1717911571374 96.0 165
1717911581398 96.0 166
1717911591432 96.0 167
1717911601455 95.0 168
1717911611473 96.0 169
1717911621495 95.0 170
1717911631519 96.0 171
1717911641535 95.0 172
1717911651603 97.0 173
1717911661626 97.0 174
1717911671686 94.0 175
1717911681758 94.0 176
1717911691819 97.0 177
1717911701902 97.0 178
1717911711926 96.0 179
1717911721998 96.0 180
1717911732062 97.0 181
1717911742157 90.0 182
1717911752223 97.0 183
1717911762250 94.0 184
1717911772323 97.0 185
1717911782393 96.0 186
1717911792411 94.0 187
1717911802436 95.0 188
1717911812504 96.0 189
1717911822563 94.0 190
1717911832592 95.0 191
1717911842611 96.0 192
1717911852676 95.0 193
1717911862742 97.0 194
1717911872807 94.0 195
1717911882825 96.0 196
1717911892891 97.0 197
1717911902912 97.0 198
1717911912988 96.0 199
1717911923009 90.0 200
1717911933029 96.0 201
1717911943089 97.0 202
1717911953113 94.0 203
1717911963136 96.0 204
1717911973220 96.0 205
1717911983251 96.0 206
1717911993277 96.0 207
1717912003338 96.0 208
1717912013360 96.0 209
1717912023422 94.0 210
1717912033487 96.0 211
1717912043508 96.0 212
1717912053580 96.0 213
1717912063653 94.0 214
1717912073733 96.0 215
1717912083809 96.0 216
1717912093829 97.0 217
1717912103868 89.0 218
1717912113891 88.0 219
1717912123911 96.0 220
1717912133931 96.0 221
1717912143979 96.0 222
1717912154000 96.0 223
1717912164024 93.0 224
1717912174044 96.0 225
1717912184064 96.0 226
1717912194145 95.0 227
1717912204216 97.0 228
1717912214239 94.0 229
1717912224308 96.0 230
1717912234377 97.0 231
1717912244400 97.0 232
1717912254422 94.0 233
1717912264491 96.0 234
1717912274561 96.0 235
1717912284589 96.0 236
1717912294630 90.0 237
1717912304717 96.0 238
1717912314791 96.0 239
1717912324833 94.0 240
1717912334909 96.0 241
1717912344988 96.0 242
1717912355049 95.0 243
1717912365126 96.0 244
1717912375159 94.0 245
1717912385231 96.0 246
1717912395253 96.0 247
1717912405348 96.0 248
1717912415372 95.0 249
1717912425393 96.0 250
1717912435465 93.0 251
1717912445537 96.0 252
1717912455616 97.0 253
1717912465653 94.0 254
1717912475724 90.0 255
1717912485752 97.0 256
1717912495772 96.0 257
1717912505791 94.0 258
1717912515855 95.0 259
1717912525929 96.0 260
1717912536003 97.0 261
1717912546035 94.0 262
1717912556112 96.0 263
1717912566205 97.0 264
1717912576288 97.0 265
1717912586361 95.0 266
1717912596391 96.0 267
1717912606468 96.0 268
1717912616549 95.0 269
1717912626576 96.0 270
1717912636612 96.0 271
1717912646689 96.0 272
1717912656713 89.0 273
1717912666730 96.0 274
1717912676786 96.0 275
1717912686812 96.0 276
1717912696844 95.0 277
1717912706863 96.0 278
1717912716888 93.0 279
1717912726907 96.0 280
1717912736981 95.0 281
1717912747012 96.0 282
1717912757086 96.0 283
1717912767173 97.0 284
1717912777252 94.0 285
1717912787327 96.0 286
1717912797378 96.0 287
1717912807456 97.0 288
1717912817534 96.0 289
1717912827563 96.0 290
1717912837658 90.0 291
1717912847683 90.0 292
1717912857711 93.0 293
1717912867751 96.0 294
1717912877776 96.0 295
1717912887798 96.0 296
1717912897869 96.0 297
1717912907903 94.0 298
1717912917984 97.0 299
1717912928059 96.0 300
1717912938140 96.0 301
1717912948221 96.0 302
1717912958243 96.0 303
1717912968322 94.0 304
1717912978393 96.0 305
1717912988476 96.0 306
1717912998551 94.0 307
1717913008629 96.0 308
1717913018708 96.0 309
1717913028790 90.0 310
