1717909915943 0.0 0
1717909925955 0.001028000000587781 1
1717909935967 0.001028000000587781 2
1717909945978 0.001028000000587781 3
1717909955989 0.0011540000004970352 4
1717909966031 0.005338000000847387 5
1717909976044 0.005338000000847387 6
1717909986057 0.005458000000544416 7
1717909996070 0.00577900000007503 8
1717910006083 0.024446000000352797 9
1717910016097 0.025531000000228232 10
1717910026110 0.029715000000578584 11
1717910036132 0.029715000000578584 12
1717910046146 0.029781000000184576 13
1717910056163 0.02990700000009383 14
1717910066174 0.02990700000009383 15
1717910076187 0.02990700000009383 16
1717910086207 0.03409100000044418 17
1717910096222 0.03428299999995943 18
1717910106265 0.03428299999995943 19
1717910116283 0.03428299999995943 20
1717910126296 0.03428299999995943 21
1717910136309 0.03494700000010198 22
1717910146322 0.03913100000045233 23
1717910156336 0.03913100000045233 24
1717910166352 0.03913100000045233 25
1717910176386 0.03913100000045233 26
1717910186402 0.039191000000755594 27
1717910196414 0.039191000000755594 28
1717910206427 0.04387900000074296 29
1717910216470 0.04395199999999022 30
1717910226484 0.04503999999997177 31
1717910236497 0.04503999999997177 32
1717910246509 0.04503999999997177 33
1717910256520 0.04503999999997177 34
1717910266534 0.04932400000052439 35
1717910276546 0.04932400000052439 36
1717910286560 0.04932400000052439 37
1717910296583 0.04932400000052439 38
1717910306598 0.06793000000016036 39
1717910316616 0.06891500000074302 40
1717910326630 0.07309900000018388 41
1717910336666 0.07309900000018388 42
1717910346681 0.07323100000030536 43
1717910356703 0.07323100000030536 44
1717910366718 0.07323100000030536 45
1717910376733 0.07323100000030536 46
1717910386750 0.07751500000085798 47
1717910396767 0.07770700000037323 48
1717910406786 0.07770700000037323 49
1717910416813 0.07770700000037323 50
1717910426830 0.07770700000037323 51
1717910436846 0.07783300000028248 52
1717910446866 0.08201700000063283 53
1717910457904 0.08201700000063283 54
1717910467919 0.08201700000063283 55
1717910477933 0.08201700000063283 56
1717910487948 0.0820770000000266 57
1717910497968 0.08214500000030966 58
1717910507984 0.08632900000066002 59
1717910517999 0.08642900000086229 60
1717910528014 0.08745700000054057 61
1717910538029 0.08745700000054057 62
1717910548044 0.08745700000054057 63
1717910558059 0.08745700000054057 64
1717910568075 0.09164099999998143 65
1717910578107 0.0917010000002847 66
1717910588134 0.0917010000002847 67
1717910598158 0.10099500000069384 68
1717910608174 0.11037800000030984 69
1717910618195 0.111362999999983 70
1717910628214 0.11554700000033336 71
1717910638230 0.11564700000053563 72
1717910648245 0.1157790000006571 73
1717910658260 0.11619900000005146 74
1717910668275 0.11619900000005146 75
1717910678288 0.11619900000005146 76
1717910688303 0.12038300000040181 77
1717910698318 0.12057500000082655 78
1717910708340 0.12057500000082655 79
1717910718367 0.12057500000082655 80
1717910728391 0.12063500000022032 81
1717910738412 0.12076100000012957 82
1717910748428 0.14617200000066077 83
1717910758443 0.155627000000095 84
1717910768455 0.15572700000029727 85
1717910778474 0.15572700000029727 86
1717910788488 0.15572700000029727 87
1717910798532 0.15578700000060053 88
1717910808547 0.16003700000055687 89
1717910818570 0.16003700000055687 90
1717910828596 0.16106500000023516 91
1717910838617 0.16106500000023516 92
1717910848642 0.16113100000075065 93
1717910858664 0.1611910000001444 94
1717910868681 0.16537500000049477 95
1717910878728 0.16537500000049477 96
1717910888744 0.16587900000013178 97
1717910898761 0.17684700000063458 98
1717910908777 0.18638200000077632 99
1717910918790 0.18736300000000483 100
1717910928850 0.19154700000035518 101
1717910938870 0.1919580000003407 102
1717910948886 0.19209000000046217 103
1717910958902 0.19215000000076543 104
1717910968918 0.19215000000076543 105
1717910978932 0.19215000000076543 106
1717910988947 0.1963340000002063 107
1717910999015 0.19652600000063103 108
1717911009031 0.19652600000063103 109
1717911019054 0.1966260000008333 110
1717911029073 0.19668600000022707 111
1717911039090 0.19675200000074256 112
1717911049109 0.2009360000001834 113
1717911059134 0.2009360000001834 114
1717911069152 0.2009360000001834 115
1717911079169 0.20108200000049692 116
1717911089243 0.2014420000004975 117
1717911099273 0.2014420000004975 118
1717911109341 0.20562600000084785 119
1717911119414 0.20562600000084785 120
1717911129433 0.2067140000008294 121
1717911139496 0.2067140000008294 122
1717911149561 0.20681400000012218 123
1717911159626 0.20681400000012218 124
1717911169694 0.21099800000047253 125
1717911179722 0.2110580000007758 126
1717911189737 0.2110580000007758 127
1717911199754 0.22035200000027544 128
1717911209773 0.23002900000028603 129
1717911219840 0.23078200000054494 130
1717911229876 0.2349659999999858 131
1717911239952 0.2349659999999858 132
1717911250028 0.23509800000010728 133
1717911260050 0.23515800000041054 134
1717911270070 0.2352580000006128 135
1717911280146 0.2352580000006128 136
1717911290214 0.23950800000056915 137
1717911300235 0.2396340000004784 138
1717911310256 0.2396340000004784 139
1717911320328 0.2396340000004784 140
1717911330355 0.23976000000038766 141
1717911340378 0.23982000000069092 142
1717911350403 0.24400400000013178 143
1717911360429 0.2743430000000444 144
1717911370496 0.2743430000000444 145
1717911380518 0.28634600000077626 146
1717911390549 0.28711999999995896 147
1717911400620 0.28722000000016124 148
1717911410692 0.2914700000001176 149
1717911420719 0.29249800000070536 150
1717911430739 0.2925580000000991 151
1717911440771 0.2925580000000991 152
1717911450796 0.2926240000006146 153
1717911460866 0.2926240000006146 154
1717911470938 0.29680800000005547 155
1717911481015 0.29680800000005547 156
1717911491040 0.29686800000035873 157
1717911501111 0.3073950000007244 158
1717911511128 0.31692800000018906 159
1717911521150 0.3190840000006574 160
1717911531222 0.3212120000007417 161
1717911541246 0.3212120000007417 162
1717911551324 0.32140400000025693 163
1717911561356 0.3221480000001975 164
1717911571374 0.3223280000001978 165
1717911581398 0.32651200000054814 166
1717911591432 0.32657800000015413 167
1717911601455 0.3267040000000634 168
1717911611473 0.3267040000000634 169
1717911621495 0.3267040000000634 170
1717911631519 0.32682999999997264 171
1717911641535 0.371077000000696 172
1717911651603 0.4005600000000413 173
1717911661626 0.41549400000076275 174
1717911671686 0.41549400000076275 175
1717911681758 0.4155540000001565 176
1717911691819 0.4155540000001565 177
1717911701902 0.4197380000005069 178
1717911711926 0.4197380000005069 179
1717911721998 0.42076600000018516 180
1717911732062 0.4208260000004884 181
1717911742157 0.4208260000004884 182
1717911752223 0.4208260000004884 183
1717911762250 0.4250100000008388 184
1717911772323 0.4251700000004348 185
1717911782393 0.4251700000004348 186
1717911792411 0.4251700000004348 187
1717911802436 0.443438000000242 188
1717911812504 0.4448260000008304 189
1717911822563 0.44901000000027125 190
1717911832592 0.44901000000027125 191
1717911842611 0.44901000000027125 192
1717911852676 0.449202000000696 193
1717911862742 0.449202000000696 194
1717911872807 0.449202000000696 195
1717911882825 0.45338600000013685 196
1717911892891 0.45345200000065233 197
1717911902912 0.45367800000076386 198
1717911912988 0.45367800000076386 199
1717911923009 0.45367800000076386 200
1717911933029 0.4538040000006731 201
1717911943089 0.45804800000041723 202
1717911953113 0.45804800000041723 203
1717911963136 0.45804800000041723 204
1717911973220 0.45804800000041723 205
1717911983251 0.4581080000007205 206
1717911993277 0.4581080000007205 207
1717912003338 0.46229200000016135 208
1717912013360 0.46229200000016135 209
1717912023422 0.46332000000074913 210
1717912033487 0.46348000000034517 211
1717912043508 0.46348000000034517 212
1717912053580 0.46348000000034517 213
1717912063653 0.4676640000006955 214
1717912073733 0.4677240000000893 215
1717912083809 0.4677240000000893 216
1717912093829 0.4677240000000893 217
1717912103868 0.49339899999995396 218
1717912113891 0.49438000000009197 219
1717912123911 0.4985640000004423 220
1717912133931 0.4985640000004423 221
1717912143979 0.4985640000004423 222
1717912154000 0.49886200000037206 223
1717912164024 0.49886200000037206 224
1717912174044 0.4989220000006753 225
1717912184064 0.5031060000001162 226
1717912194145 0.5031720000006317 227
1717912204216 0.5033040000007531 228
1717912214239 0.5033040000007531 229
1717912224308 0.5033040000007531 230
1717912234377 0.5034900000000562 231
1717912244400 0.5082380000003468 232
1717912254422 0.5082380000003468 233
1717912264491 0.5082380000003468 234
1717912274561 0.5082380000003468 235
1717912284589 0.5083380000005491 236
1717912294630 0.5083380000005491 237
1717912304717 0.5125219999999899 238
1717912314791 0.5125219999999899 239
1717912324833 0.5135500000005777 240
1717912334909 0.5136099999999715 241
1717912344988 0.5136099999999715 242
1717912355049 0.5136099999999715 243
1717912365126 0.5177940000003218 244
1717912375159 0.5177940000003218 245
1717912385231 0.5177940000003218 246
1717912395253 0.5177940000003218 247
1717912405348 0.6231780000007348 248
1717912415372 0.6244450000003781 249
1717912425393 0.6286290000007284 250
1717912435465 0.6286290000007284 251
1717912445537 0.6286290000007284 252
1717912455616 0.6288210000002437 253
1717912465653 0.6288210000002437 254
1717912475724 0.6291210000008505 255
1717912485752 0.6333050000002913 256
1717912495772 0.6334370000004128 257
1717912505791 0.6334970000007161 258
1717912515855 0.6334970000007161 259
1717912525929 0.6335570000001098 260
1717912536003 0.6337230000008276 261
1717912546035 0.6587300000001051 262
1717912556112 0.6587300000001051 263
1717912566205 0.6587300000001051 264
1717912576288 0.6587300000001051 265
1717912586361 0.6587900000004083 266
1717912596391 0.6587900000004083 267
1717912606468 0.6629740000007587 268
1717912616549 0.6629740000007587 269
1717912626576 0.6640620000007402 270
1717912636612 0.6640620000007402 271
1717912646689 0.6640620000007402 272
1717912656713 0.664162000000033 273
1717912666730 0.6683460000003834 274
1717912676786 0.6684060000006866 275
1717912686812 0.6684060000006866 276
1717912696844 0.6684060000006866 277
1717912706863 0.6869060000008176 278
1717912716888 0.6878870000000461 279
1717912726907 0.6920710000003965 280
1717912736981 0.6920710000003965 281
1717912747012 0.6921370000000024 282
1717912757086 0.6922030000005179 283
1717912767173 0.6922030000005179 284
1717912777252 0.6922630000008212 285
1717912787327 0.6965470000004643 286
1717912797378 0.6966790000005858 287
1717912807456 0.6966790000005858 288
1717912817534 0.6966790000005858 289
1717912827563 0.6967389999999796 290
1717912837658 0.6968650000007983 291
1717912847683 0.7010490000002392 292
1717912857711 0.7150639999999839 293
1717912867751 0.7317600000005768 294
1717912877776 0.7437560000007579 295
1717912887798 0.7444640000003346 296
1717912897869 0.7444640000003346 297
1717912907903 0.7488140000004933 298
1717912917984 0.7493180000001303 299
1717912928059 0.7504060000001118 300
1717912938140 0.7504060000001118 301
1717912948221 0.7504060000001118 302
1717912958243 0.7505620000001727 303
1717912968322 0.754746000000523 304
1717912978393 0.754746000000523 305
1717912988476 0.7548060000008263 306
1717912998551 0.7551870000006602 307
1717913008629 0.7739290000008623 308
1717913018708 0.7749040000007881 309
1717913028790 0.7790880000002289 310
