1717909915943 0.0 0
1717909925955 0.001148000000000593 1
1717909935967 0.001148000000000593 2
1717909945978 0.001148000000000593 3
1717909955989 0.0014619999999965216 4
1717909966031 0.005645999999998708 5
1717909976044 0.005645999999998708 6
1717909986057 0.005645999999998708 7
1717909996070 0.006512000000000739 8
1717910006083 0.01630699999999763 9
1717910016097 0.01742399999999833 10
1717910026110 0.021608000000000516 11
1717910036132 0.021774000000000626 12
1717910046146 0.0219459999999998 13
1717910056163 0.022007999999999583 14
1717910066174 0.022007999999999583 15
1717910076187 0.022173999999999694 16
1717910086207 0.026357999999994774 17
1717910096222 0.026592000000000837 18
1717910106265 0.026592000000000837 19
1717910116283 0.026592000000000837 20
1717910126296 0.026592000000000837 21
1717910136309 0.027083999999995 22
1717910146322 0.03126799999999719 23
1717910156336 0.03126799999999719 24
1717910166352 0.03126799999999719 25
1717910176386 0.031354000000000326 26
1717910186402 0.03141600000000011 27
1717910196414 0.03141600000000011 28
1717910206427 0.03559999999999519 29
1717910216470 0.03590700000000169 30
1717910226484 0.03695099999999485 31
1717910236497 0.03695099999999485 32
1717910246509 0.03695099999999485 33
1717910256520 0.03695099999999485 34
1717910266534 0.04129499999999808 35
1717910276546 0.04129499999999808 36
1717910286560 0.04129499999999808 37
1717910296583 0.04129499999999808 38
1717910306598 0.05121199999999959 39
1717910316616 0.052261000000001445 40
1717910326630 0.056444999999996526 41
1717910336666 0.056530999999999665 42
1717910346681 0.05670299999999884 43
1717910356703 0.05670299999999884 44
1717910366718 0.05678899999999487 45
1717910376733 0.05678899999999487 46
1717910386750 0.06097299999999706 47
1717910396767 0.06128100000000103 48
1717910406786 0.06128100000000103 49
1717910416813 0.06128100000000103 50
1717910426830 0.06128100000000103 51
1717910436846 0.06136699999999706 52
1717910446866 0.06555099999999925 53
1717910457904 0.06555099999999925 54
1717910467919 0.06555099999999925 55
1717910477933 0.06563699999999528 56
1717910487948 0.06569899999999507 57
1717910497968 0.0659909999999968 58
1717910507984 0.07017499999999899 59
1717910517999 0.07017499999999899 60
1717910528014 0.07123099999999738 61
1717910538029 0.07123099999999738 62
1717910548044 0.07123099999999738 63
1717910558059 0.07123099999999738 64
1717910568075 0.0755009999999956 65
1717910578107 0.07556299999999538 66
1717910588134 0.07556299999999538 67
1717910598158 0.07999699999999876 68
1717910608174 0.08548199999999895 69
1717910618195 0.0865310000000008 70
1717910628214 0.09071499999999588 71
1717910638230 0.09080099999999902 72
1717910648245 0.0910469999999961 73
1717910658260 0.09117099999999567 74
1717910668275 0.09125699999999881 75
1717910678288 0.09125699999999881 76
1717910688303 0.095441000000001 77
1717910698318 0.09567499999999995 78
1717910708340 0.09567499999999995 79
1717910718367 0.09567499999999995 80
1717910728391 0.09567499999999995 81
1717910738412 0.09582299999999577 82
1717910748428 0.11085800000000035 83
1717910758443 0.11498999999999882 84
1717910768455 0.11532199999999904 85
1717910778474 0.11540799999999507 86
1717910788488 0.11549399999999821 87
1717910798532 0.115555999999998 88
1717910808547 0.11982599999999621 89
1717910818570 0.11982599999999621 90
1717910828596 0.1208079999999967 91
1717910838617 0.1208079999999967 92
1717910848642 0.12089399999999983 93
1717910858664 0.12095599999999962 94
1717910868681 0.1251399999999947 95
1717910878728 0.1251399999999947 96
1717910888744 0.1251399999999947 97
1717910898761 0.12980799999999704 98
1717910908777 0.1349699999999956 99
1717910918790 0.1359330000000014 100
1717910928850 0.1401169999999965 101
1717910938870 0.14046099999999484 102
1717910948886 0.14063300000000112 103
1717910958902 0.1406950000000009 104
1717910968918 0.1406950000000009 105
1717910978932 0.1406950000000009 106
1717910988947 0.14487899999999598 107
1717910999015 0.14511299999999494 108
1717911009031 0.14511299999999494 109
1717911019054 0.14518699999999995 110
1717911029073 0.14518699999999995 111
1717911039090 0.145272999999996 112
1717911049109 0.14945699999999817 113
1717911059134 0.14945699999999817 114
1717911069152 0.14945699999999817 115
1717911079169 0.1500689999999949 116
1717911089243 0.15019300000000158 117
1717911099273 0.15019300000000158 118
1717911109341 0.15437699999999666 119
1717911119414 0.15437699999999666 120
1717911129433 0.15542099999999692 121
1717911139496 0.15542099999999692 122
1717911149561 0.15549499999999483 123
1717911159626 0.15549499999999483 124
1717911169694 0.15976500000000016 125
1717911179722 0.15982699999999994 126
1717911189737 0.15982699999999994 127
1717911199754 0.1644329999999954 128
1717911209773 0.1698899999999952 129
1717911219840 0.17062099999999703 130
1717911229876 0.1748049999999992 131
1717911239952 0.17489099999999524 132
1717911250028 0.17506300000000152 133
1717911260050 0.1751250000000013 134
1717911270070 0.17521099999999734 135
1717911280146 0.17528499999999525 136
1717911290214 0.17955500000000058 137
1717911300235 0.1797029999999964 138
1717911310256 0.1797029999999964 139
1717911320328 0.1797029999999964 140
1717911330355 0.17978899999999953 141
1717911340378 0.17985099999999932 142
1717911350403 0.1840350000000015 143
1717911360429 0.20422299999999893 144
1717911370496 0.2043949999999981 145
1717911380518 0.21809599999999563 146
1717911390549 0.2198099999999954 147
1717911400620 0.22021600000000063 148
1717911410692 0.22465199999999896 149
1717911420719 0.22579999999999956 150
1717911430739 0.22586199999999934 151
1717911440771 0.22586199999999934 152
1717911450796 0.22594799999999537 153
1717911460866 0.22611399999999549 154
1717911470938 0.23029799999999767 155
1717911481015 0.23029799999999767 156
1717911491040 0.23029799999999767 157
1717911501111 0.2366529999999969 158
1717911511128 0.24193400000000054 159
1717911521150 0.2440640000000016 160
1717911531222 0.24635800000000074 161
1717911541246 0.24635800000000074 162
1717911551324 0.2465919999999997 163
1717911561356 0.2467579999999998 164
1717911571374 0.2468199999999996 165
1717911581398 0.2510039999999947 166
1717911591432 0.2510899999999978 167
1717911601455 0.25123800000000074 168
1717911611473 0.25123800000000074 169
1717911621495 0.25123800000000074 170
1717911631519 0.25132399999999677 171
1717911641535 0.27321500000000043 172
1717911651603 0.28835699999999775 173
1717911661626 0.2939529999999948 174
1717911671686 0.2939529999999948 175
1717911681758 0.2941009999999977 176
1717911691819 0.2941009999999977 177
1717911701902 0.2982849999999999 178
1717911711926 0.2982849999999999 179
1717911721998 0.2992670000000004 180
1717911732062 0.2993290000000002 181
1717911742157 0.2993290000000002 182
1717911752223 0.2993290000000002 183
1717911762250 0.30351299999999526 184
1717911772323 0.3036609999999982 185
1717911782393 0.3037349999999961 186
1717911792411 0.3037349999999961 187
1717911802436 0.31348399999999543 188
1717911812504 0.31470499999999646 189
1717911822563 0.3189749999999947 190
1717911832592 0.3190609999999978 191
1717911842611 0.3190609999999978 192
1717911852676 0.3192949999999968 193
1717911862742 0.3193809999999999 194
1717911872807 0.3193809999999999 195
1717911882825 0.323564999999995 196
1717911892891 0.32365099999999813 197
1717911902912 0.32387299999999897 198
1717911912988 0.32387299999999897 199
1717911923009 0.32387299999999897 200
1717911933029 0.323958999999995 201
1717911943089 0.32820499999999697 202
1717911953113 0.32820499999999697 203
1717911963136 0.32820499999999697 204
1717911973220 0.32820499999999697 205
1717911983251 0.3283529999999999 206
1717911993277 0.3283529999999999 207
1717912003338 0.332536999999995 208
1717912013360 0.332536999999995 209
1717912023422 0.33351899999999546 210
1717912033487 0.33365500000000026 211
1717912043508 0.33365500000000026 212
1717912053580 0.33365500000000026 213
1717912063653 0.33783899999999534 214
1717912073733 0.33798699999999826 215
1717912083809 0.33798699999999826 216
1717912093829 0.33798699999999826 217
1717912103868 0.34960900000000095 218
1717912113891 0.3506579999999957 219
1717912123911 0.354928000000001 220
1717912133931 0.35501399999999705 221
1717912143979 0.35501399999999705 222
1717912154000 0.3553459999999973 223
1717912164024 0.3554320000000004 224
1717912174044 0.3554940000000002 225
1717912184064 0.3596779999999953 226
1717912194145 0.3597639999999984 227
1717912204216 0.3599359999999976 228
1717912214239 0.3599359999999976 229
1717912224308 0.3599359999999976 230
1717912234377 0.36002200000000073 231
1717912244400 0.3642679999999956 232
1717912254422 0.3642679999999956 233
1717912264491 0.3642679999999956 234
1717912274561 0.3642679999999956 235
1717912284589 0.36442799999999664 236
1717912294630 0.36442799999999664 237
1717912304717 0.36861199999999883 238
1717912314791 0.36861199999999883 239
1717912324833 0.3695939999999993 240
1717912334909 0.3696559999999991 241
1717912344988 0.3696559999999991 242
1717912355049 0.3696559999999991 243
1717912365126 0.3738400000000013 244
1717912375159 0.3739259999999973 245
1717912385231 0.3739259999999973 246
1717912395253 0.3739259999999973 247
1717912405348 0.4023559999999975 248
1717912415372 0.4036869999999979 249
1717912425393 0.40795699999999613 250
1717912435465 0.40804299999999927 251
1717912445537 0.40804299999999927 252
1717912455616 0.4082769999999982 253
1717912465653 0.40836300000000136 254
1717912475724 0.40842500000000115 255
1717912485752 0.41260899999999623 256
1717912495772 0.4127809999999954 257
1717912505791 0.4128429999999952 258
1717912515855 0.4128429999999952 259
1717912525929 0.4128429999999952 260
1717912536003 0.41300299999999623 261
1717912546035 0.4272099999999952 262
1717912556112 0.4272099999999952 263
1717912566205 0.4272099999999952 264
1717912576288 0.4272099999999952 265
1717912586361 0.42735799999999813 266
1717912596391 0.42735799999999813 267
1717912606468 0.4315420000000003 268
1717912616549 0.4315420000000003 269
1717912626576 0.4325860000000006 270
1717912636612 0.4325860000000006 271
1717912646689 0.4325860000000006 272
1717912656713 0.4325860000000006 273
1717912666730 0.4368440000000007 274
1717912676786 0.4369919999999965 275
1717912686812 0.4369919999999965 276
1717912696844 0.4369919999999965 277
1717912706863 0.4468400000000017 278
1717912716888 0.44788899999999643 279
1717912726907 0.4520729999999986 280
1717912736981 0.45215899999999465 281
1717912747012 0.4522449999999978 282
1717912757086 0.4523310000000009 283
1717912767173 0.45241699999999696 284
1717912777252 0.45247899999999674 285
1717912787327 0.45673699999999684 286
1717912797378 0.456908999999996 287
1717912807456 0.456908999999996 288
1717912817534 0.456908999999996 289
1717912827563 0.456908999999996 290
1717912837658 0.45705699999999894 291
1717912847683 0.4612410000000011 292
1717912857711 0.46585199999999816 293
1717912867751 0.48303699999999594 294
1717912877776 0.4967010000000016 295
1717912887798 0.49789899999999676 296
1717912897869 0.49864900000000034 297
1717912907903 0.5031589999999966 298
1717912917984 0.5031589999999966 299
1717912928059 0.504368999999997 300
1717912938140 0.504368999999997 301
1717912948221 0.504368999999997 302
1717912958243 0.5047309999999996 303
1717912968322 0.5089149999999947 304
1717912978393 0.5089149999999947 305
1717912988476 0.5089149999999947 306
1717912998551 0.5094629999999967 307
1717913008629 0.5188649999999981 308
1717913018708 0.5198279999999968 309
1717913028790 0.524011999999999 310
