1717909915943 2671.9 0
1717909925955 2869.3 1
1717909935967 2872.5 2
1717909945978 2888.2 3
1717909955989 2890.6 4
1717909966031 2881.9 5
1717909976044 2883.5 6
1717909986057 2882.0 7
1717909996070 2884.0 8
1717910006083 2888.6 9
1717910016097 2893.5 10
1717910026110 2890.0 11
1717910036132 2893.7 12
1717910046146 2887.5 13
1717910056163 2888.2 14
1717910066174 2895.4 15
1717910076187 2889.3 16
1717910086207 2890.2 17
1717910096222 2897.3 18
1717910106265 2893.8 19
1717910116283 2899.9 20
1717910126296 2894.2 21
1717910136309 2881.5 22
1717910146322 2891.2 23
1717910156336 2886.4 24
1717910166352 2894.8 25
1717910176386 2891.7 26
1717910186402 2884.5 27
1717910196414 2877.5 28
1717910206427 2879.3 29
1717910216470 2884.4 30
1717910226484 2886.4 31
1717910236497 2882.9 32
1717910246509 2884.1 33
1717910256520 2881.2 34
1717910266534 2884.4 35
1717910276546 2903.7 36
1717910286560 2879.7 37
1717910296583 2887.7 38
1717910306598 2898.6 39
1717910316616 2883.6 40
1717910326630 2888.2 41
1717910336666 2887.6 42
1717910346681 2892.4 43
1717910356703 2899.5 44
1717910366718 2897.5 45
1717910376733 2888.5 46
1717910386750 2895.1 47
1717910396767 2882.2 48
1717910406786 2891.1 49
1717910416813 2891.5 50
1717910426830 2885.7 51
1717910436846 2888.6 52
1717910446866 2889.7 53
1717910457904 2908.9 54
1717910467919 3079.0 55
1717910477933 2887.8 56
1717910487948 2901.4 57
1717910497968 2898.9 58
1717910507984 2911.2 59
1717910517999 2909.5 60
1717910528014 2902.5 61
1717910538029 2908.2 62
1717910548044 2894.3 63
1717910558059 2904.9 64
1717910568075 2903.9 65
1717910578107 2879.5 66
1717910588134 2876.5 67
1717910598158 2895.1 68
1717910608174 2889.7 69
1717910618195 2894.6 70
1717910628214 2889.1 71
1717910638230 2888.0 72
1717910648245 2893.3 73
1717910658260 2885.0 74
1717910668275 2890.2 75
1717910678288 2893.7 76
1717910688303 2887.2 77
1717910698318 2889.9 78
1717910708340 2894.3 79
1717910718367 2885.4 80
1717910728391 2878.8 81
1717910738412 2883.9 82
1717910748428 2883.8 83
1717910758443 2903.6 84
1717910768455 2892.5 85
1717910778474 2892.7 86
1717910788488 2883.1 87
1717910798532 2898.7 88
1717910808547 2894.7 89
1717910818570 2884.5 90
1717910828596 2889.5 91
1717910838617 2886.1 92
1717910848642 2886.9 93
1717910858664 2874.1 94
1717910868681 2879.0 95
1717910878728 2882.8 96
1717910888744 2894.9 97
1717910898761 2906.6 98
1717910908777 2893.3 99
1717910918790 2894.7 100
1717910928850 2887.6 101
1717910938870 2894.0 102
1717910948886 2887.6 103
1717910958902 2886.3 104
1717910968918 2890.1 105
1717910978932 2894.5 106
1717910988947 2894.3 107
1717910999015 2911.2 108
1717911009031 2919.3 109
1717911019054 2906.9 110
1717911029073 2900.1 111
1717911039090 2881.3 112
1717911049109 2891.6 113
1717911059134 2918.3 114
1717911069152 2901.9 115
1717911079169 2904.3 116
1717911089243 2909.5 117
1717911099273 2903.3 118
1717911109341 2909.8 119
1717911119414 2894.6 120
1717911129433 2878.7 121
1717911139496 2880.3 122
1717911149561 2873.6 123
1717911159626 2878.4 124
1717911169694 2874.4 125
1717911179722 2885.1 126
1717911189737 2892.3 127
1717911199754 2904.1 128
1717911209773 2890.9 129
1717911219840 2886.6 130
1717911229876 2883.0 131
1717911239952 2889.8 132
1717911250028 2870.9 133
1717911260050 2872.1 134
1717911270070 2873.8 135
1717911280146 2877.9 136
1717911290214 2882.3 137
1717911300235 2885.5 138
1717911310256 2883.0 139
1717911320328 2880.2 140
1717911330355 2876.9 141
1717911340378 2871.5 142
1717911350403 2880.3 143
1717911360429 2895.1 144
1717911370496 2886.2 145
1717911380518 2890.9 146
1717911390549 2875.4 147
1717911400620 2875.9 148
1717911410692 2868.0 149
1717911420719 2874.0 150
1717911430739 2879.6 151
1717911440771 2877.0 152
1717911450796 2879.4 153
1717911460866 2884.5 154
1717911470938 2879.4 155
1717911481015 2878.0 156
1717911491040 2881.2 157
1717911501111 2891.1 158
1717911511128 2890.2 159
1717911521150 2886.0 160
1717911531222 2884.6 161
1717911541246 2880.0 162
1717911551324 2879.2 163
1717911561356 2887.0 164
1717911571374 2886.6 165
1717911581398 2881.9 166
1717911591432 2877.7 167
1717911601455 2884.2 168
1717911611473 2886.4 169
1717911621495 2886.2 170
1717911631519 2887.1 171
1717911641535 2898.8 172
1717911651603 2898.3 173
1717911661626 2919.4 174
1717911671686 2880.0 175
1717911681758 2871.2 176
1717911691819 2865.9 177
1717911701902 2869.4 178
1717911711926 2866.9 179
1717911721998 2870.3 180
1717911732062 2866.4 181
1717911742157 2895.0 182
1717911752223 2881.3 183
1717911762250 2877.1 184
1717911772323 2870.9 185
1717911782393 2874.0 186
1717911792411 2869.5 187
1717911802436 2892.8 188
1717911812504 2884.5 189
1717911822563 2874.7 190
1717911832592 2874.6 191
1717911842611 2877.8 192
1717911852676 2872.4 193
1717911862742 2875.5 194
1717911872807 2879.6 195
1717911882825 2878.5 196
1717911892891 2884.2 197
1717911902912 2869.9 198
1717911912988 2871.2 199
1717911923009 2891.4 200
1717911933029 2869.1 201
1717911943089 2866.5 202
1717911953113 2866.9 203
1717911963136 2870.4 204
1717911973220 2868.8 205
1717911983251 2870.6 206
1717911993277 2874.8 207
1717912003338 2865.9 208
1717912013360 2861.6 209
1717912023422 2867.8 210
1717912033487 2852.5 211
1717912043508 2865.3 212
1717912053580 2868.0 213
1717912063653 2871.4 214
1717912073733 2869.7 215
1717912083809 2864.5 216
1717912093829 2859.5 217
1717912103868 2891.1 218
1717912113891 2862.4 219
1717912123911 3251.8 220
1717912133931 3254.2 221
1717912143979 3261.2 222
1717912154000 3260.4 223
1717912164024 3270.6 224
1717912174044 3269.1 225
1717912184064 3273.3 226
1717912194145 3277.2 227
1717912204216 3272.7 228
1717912214239 3270.4 229
1717912224308 3228.8 230
1717912234377 3226.0 231
1717912244400 3223.9 232
1717912254422 3227.3 233
1717912264491 3239.5 234
1717912274561 3226.4 235
1717912284589 3234.5 236
1717912294630 2852.8 237
1717912304717 2857.0 238
1717912314791 2858.9 239
1717912324833 2847.7 240
1717912334909 2854.6 241
1717912344988 2855.4 242
1717912355049 2849.6 243
1717912365126 2850.7 244
1717912375159 2857.9 245
1717912385231 2855.5 246
1717912395253 2853.8 247
1717912405348 2864.4 248
1717912415372 2863.9 249
1717912425393 2873.1 250
1717912435465 2866.6 251
1717912445537 2870.8 252
1717912455616 2864.8 253
1717912465653 2863.5 254
1717912475724 2873.7 255
1717912485752 2860.1 256
1717912495772 2860.9 257
1717912505791 2867.1 258
1717912515855 2856.3 259
1717912525929 2862.8 260
1717912536003 2863.7 261
1717912546035 2848.2 262
1717912556112 2854.0 263
1717912566205 2854.3 264
1717912576288 2855.0 265
1717912586361 2857.9 266
1717912596391 2864.8 267
1717912606468 2872.3 268
1717912616549 2860.1 269
1717912626576 2861.8 270
1717912636612 2868.2 271
1717912646689 2860.6 272
1717912656713 2876.4 273
1717912666730 2897.9 274
1717912676786 2888.3 275
1717912686812 2894.8 276
1717912696844 2897.8 277
1717912706863 2895.1 278
1717912716888 2898.1 279
1717912726907 2899.0 280
1717912736981 2897.4 281
1717912747012 2903.6 282
1717912757086 2899.6 283
1717912767173 2888.7 284
1717912777252 2878.6 285
1717912787327 2872.5 286
1717912797378 2879.3 287
1717912807456 2880.7 288
1717912817534 2873.0 289
1717912827563 2879.4 290
1717912837658 2892.7 291
1717912847683 2866.4 292
1717912857711 2879.8 293
1717912867751 2872.4 294
1717912877776 2876.9 295
1717912887798 2870.4 296
1717912897869 2871.8 297
1717912907903 2871.7 298
1717912917984 2869.6 299
1717912928059 2862.1 300
1717912938140 2866.6 301
1717912948221 2862.6 302
1717912958243 2864.6 303
1717912968322 2869.7 304
1717912978393 2862.3 305
1717912988476 2861.9 306
1717912998551 2861.6 307
1717913008629 2879.0 308
1717913018708 2880.9 309
1717913028790 2871.8 310
