1717909915943 8.0 0
1717909925955 8.6 1
1717909935967 8.6 2
1717909945978 8.6 3
1717909955989 8.6 4
1717909966031 8.6 5
1717909976044 8.6 6
1717909986057 8.6 7
1717909996070 8.6 8
1717910006083 8.6 9
1717910016097 8.6 10
1717910026110 8.6 11
1717910036132 8.6 12
1717910046146 8.6 13
1717910056163 8.6 14
1717910066174 8.6 15
1717910076187 8.6 16
1717910086207 8.6 17
1717910096222 8.6 18
1717910106265 8.6 19
1717910116283 8.6 20
1717910126296 8.6 21
1717910136309 8.6 22
1717910146322 8.6 23
1717910156336 8.6 24
1717910166352 8.6 25
1717910176386 8.6 26
1717910186402 8.6 27
1717910196414 8.6 28
1717910206427 8.6 29
1717910216470 8.6 30
1717910226484 8.6 31
1717910236497 8.6 32
1717910246509 8.6 33
1717910256520 8.6 34
1717910266534 8.6 35
1717910276546 8.7 36
1717910286560 8.6 37
1717910296583 8.6 38
1717910306598 8.6 39
1717910316616 8.6 40
1717910326630 8.6 41
1717910336666 8.6 42
1717910346681 8.6 43
1717910356703 8.6 44
1717910366718 8.6 45
1717910376733 8.6 46
1717910386750 8.6 47
1717910396767 8.6 48
1717910406786 8.6 49
1717910416813 8.6 50
1717910426830 8.6 51
1717910436846 8.6 52
1717910446866 8.6 53
1717910457904 8.7 54
1717910467919 9.2 55
1717910477933 8.6 56
1717910487948 8.7 57
1717910497968 8.6 58
1717910507984 8.7 59
1717910517999 8.7 60
1717910528014 8.7 61
1717910538029 8.7 62
1717910548044 8.6 63
1717910558059 8.7 64
1717910568075 8.7 65
1717910578107 8.6 66
1717910588134 8.6 67
1717910598158 8.6 68
1717910608174 8.6 69
1717910618195 8.6 70
1717910628214 8.6 71
1717910638230 8.6 72
1717910648245 8.6 73
1717910658260 8.6 74
1717910668275 8.6 75
1717910678288 8.6 76
1717910688303 8.6 77
1717910698318 8.6 78
1717910708340 8.6 79
1717910718367 8.6 80
1717910728391 8.6 81
1717910738412 8.6 82
1717910748428 8.6 83
1717910758443 8.7 84
1717910768455 8.6 85
1717910778474 8.6 86
1717910788488 8.6 87
1717910798532 8.6 88
1717910808547 8.6 89
1717910818570 8.6 90
1717910828596 8.6 91
1717910838617 8.6 92
1717910848642 8.6 93
1717910858664 8.6 94
1717910868681 8.6 95
1717910878728 8.6 96
1717910888744 8.6 97
1717910898761 8.7 98
1717910908777 8.6 99
1717910918790 8.6 100
1717910928850 8.6 101
1717910938870 8.6 102
1717910948886 8.6 103
1717910958902 8.6 104
1717910968918 8.6 105
1717910978932 8.6 106
1717910988947 8.6 107
1717910999015 8.7 108
1717911009031 8.7 109
1717911019054 8.7 110
1717911029073 8.6 111
1717911039090 8.6 112
1717911049109 8.6 113
1717911059134 8.7 114
1717911069152 8.7 115
1717911079169 8.7 116
1717911089243 8.7 117
1717911099273 8.7 118
1717911109341 8.7 119
1717911119414 8.6 120
1717911129433 8.6 121
1717911139496 8.6 122
1717911149561 8.6 123
1717911159626 8.6 124
1717911169694 8.6 125
1717911179722 8.6 126
1717911189737 8.6 127
1717911199754 8.7 128
1717911209773 8.6 129
1717911219840 8.6 130
1717911229876 8.6 131
1717911239952 8.6 132
1717911250028 8.6 133
1717911260050 8.6 134
1717911270070 8.6 135
1717911280146 8.6 136
1717911290214 8.6 137
1717911300235 8.6 138
1717911310256 8.6 139
1717911320328 8.6 140
1717911330355 8.6 141
1717911340378 8.6 142
1717911350403 8.6 143
1717911360429 8.6 144
1717911370496 8.6 145
1717911380518 8.6 146
1717911390549 8.6 147
1717911400620 8.6 148
1717911410692 8.6 149
1717911420719 8.6 150
1717911430739 8.6 151
1717911440771 8.6 152
1717911450796 8.6 153
1717911460866 8.6 154
1717911470938 8.6 155
1717911481015 8.6 156
1717911491040 8.6 157
1717911501111 8.6 158
1717911511128 8.6 159
1717911521150 8.6 160
1717911531222 8.6 161
1717911541246 8.6 162
1717911551324 8.6 163
1717911561356 8.6 164
1717911571374 8.6 165
1717911581398 8.6 166
1717911591432 8.6 167
1717911601455 8.6 168
1717911611473 8.6 169
1717911621495 8.6 170
1717911631519 8.6 171
1717911641535 8.6 172
1717911651603 8.6 173
1717911661626 8.7 174
1717911671686 8.6 175
1717911681758 8.6 176
1717911691819 8.5 177
1717911701902 8.6 178
1717911711926 8.5 179
1717911721998 8.6 180
1717911732062 8.5 181
1717911742157 8.6 182
1717911752223 8.6 183
1717911762250 8.6 184
1717911772323 8.6 185
1717911782393 8.6 186
1717911792411 8.6 187
1717911802436 8.6 188
1717911812504 8.6 189
1717911822563 8.6 190
1717911832592 8.6 191
1717911842611 8.6 192
1717911852676 8.6 193
1717911862742 8.6 194
1717911872807 8.6 195
1717911882825 8.6 196
1717911892891 8.6 197
1717911902912 8.6 198
1717911912988 8.6 199
1717911923009 8.6 200
1717911933029 8.6 201
1717911943089 8.5 202
1717911953113 8.5 203
1717911963136 8.6 204
1717911973220 8.6 205
1717911983251 8.6 206
1717911993277 8.6 207
1717912003338 8.5 208
1717912013360 8.5 209
1717912023422 8.6 210
1717912033487 8.5 211
1717912043508 8.5 212
1717912053580 8.6 213
1717912063653 8.6 214
1717912073733 8.6 215
1717912083809 8.5 216
1717912093829 8.5 217
1717912103868 8.6 218
1717912113891 8.5 219
1717912123911 9.7 220
1717912133931 9.7 221
1717912143979 9.7 222
1717912154000 9.7 223
1717912164024 9.8 224
1717912174044 9.7 225
1717912184064 9.8 226
1717912194145 9.8 227
1717912204216 9.8 228
1717912214239 9.8 229
1717912224308 9.6 230
1717912234377 9.6 231
1717912244400 9.6 232
1717912254422 9.6 233
1717912264491 9.7 234
1717912274561 9.6 235
1717912284589 9.6 236
1717912294630 8.5 237
1717912304717 8.5 238
1717912314791 8.5 239
1717912324833 8.5 240
1717912334909 8.5 241
1717912344988 8.5 242
1717912355049 8.5 243
1717912365126 8.5 244
1717912375159 8.5 245
1717912385231 8.5 246
1717912395253 8.5 247
1717912405348 8.5 248
1717912415372 8.5 249
1717912425393 8.6 250
1717912435465 8.5 251
1717912445537 8.6 252
1717912455616 8.5 253
1717912465653 8.5 254
1717912475724 8.6 255
1717912485752 8.5 256
1717912495772 8.5 257
1717912505791 8.5 258
1717912515855 8.5 259
1717912525929 8.5 260
1717912536003 8.5 261
1717912546035 8.5 262
1717912556112 8.5 263
1717912566205 8.5 264
1717912576288 8.5 265
1717912586361 8.5 266
1717912596391 8.5 267
1717912606468 8.6 268
1717912616549 8.5 269
1717912626576 8.5 270
1717912636612 8.6 271
1717912646689 8.5 272
1717912656713 8.6 273
1717912666730 8.6 274
1717912676786 8.6 275
1717912686812 8.6 276
1717912696844 8.6 277
1717912706863 8.6 278
1717912716888 8.6 279
1717912726907 8.6 280
1717912736981 8.6 281
1717912747012 8.7 282
1717912757086 8.6 283
1717912767173 8.6 284
1717912777252 8.6 285
1717912787327 8.6 286
1717912797378 8.6 287
1717912807456 8.6 288
1717912817534 8.6 289
1717912827563 8.6 290
1717912837658 8.6 291
1717912847683 8.5 292
1717912857711 8.6 293
1717912867751 8.6 294
1717912877776 8.6 295
1717912887798 8.6 296
1717912897869 8.6 297
1717912907903 8.6 298
1717912917984 8.6 299
1717912928059 8.5 300
1717912938140 8.5 301
1717912948221 8.5 302
1717912958243 8.5 303
1717912968322 8.6 304
1717912978393 8.5 305
1717912988476 8.5 306
1717912998551 8.5 307
1717913008629 8.6 308
1717913018708 8.6 309
1717913028790 8.6 310
