1717918947319 0.0 0
1717918957341 5.4 1
1717918967352 5.4 2
1717918977371 5.4 3
1717918987386 5.4 4
1717918997402 5.3 5
1717919007414 5.7 6
1717919017427 5.3 7
1717919027447 5.3 8
1717919037462 5.5 9
1717919047478 5.3 10
1717919057501 5.4 11
1717919067515 5.4 12
1717919077533 5.4 13
1717919087546 5.4 14
1717919097567 5.3 15
1717919107589 5.4 16
1717919117604 5.4 17
1717919127631 5.8 18
1717919137644 5.4 19
1717919147657 5.3 20
1717919157671 5.5 21
1717919167684 5.5 22
1717919177695 5.3 23
1717919187707 5.3 24
1717919197723 5.4 25
1717919207743 5.4 26
1717919217769 5.3 27
1717919227792 5.5 28
1717919237806 5.4 29
1717919247818 5.4 30
1717919257831 5.3 31
1717919267848 5.3 32
1717919277862 5.3 33
1717919287885 5.3 34
1717919297948 5.2 35
1717919307982 5.6 36
1717919317996 5.6 37
1717919328009 5.6 38
1717919338073 5.4 39
1717919348090 5.2 40
1717919358104 5.5 41
1717919368118 5.4 42
1717919378140 5.3 43
1717919388163 5.4 44
1717919398183 5.3 45
1717919408200 5.5 46
1717919418227 5.5 47
1717919428250 5.4 48
1717919438266 5.6 49
1717919448288 5.5 50
1717919458306 5.5 51
1717919468340 5.5 52
1717919478364 5.4 53
1717919489348 5.5 54
1717919499365 5.5 55
1717919509382 9.2 56
1717919519398 9.7 57
1717919529423 9.4 58
1717919539437 9.4 59
1717919549452 9.5 60
1717919559467 9.5 61
1717919569481 9.6 62
1717919579512 6.6 63
1717919589527 5.4 64
1717919599546 5.2 65
1717919609565 5.5 66
1717919619580 5.5 67
1717919629595 5.4 68
1717919639609 5.4 69
1717919649628 5.2 70
1717919659672 5.6 71
1717919669691 5.3 72
1717919679727 5.5 73
1717919689745 5.4 74
1717919699761 5.5 75
1717919709786 5.2 76
1717919719811 5.6 77
1717919729837 5.5 78
1717919739875 5.6 79
1717919749900 5.7 80
1717919759921 5.6 81
1717919769945 5.5 82
1717919779990 5.4 83
1717919790005 5.5 84
1717919800041 5.1 85
1717919810058 5.5 86
1717919820073 5.5 87
1717919830119 5.2 88
1717919840134 5.4 89
1717919850170 5.4 90
1717919860187 5.7 91
1717919870212 5.6 92
1717919880238 5.3 93
1717919890254 5.4 94
1717919900270 5.3 95
1717919910285 5.4 96
1717919920300 5.4 97
1717919930316 5.4 98
1717919940341 5.4 99
1717919950381 5.6 100
1717919960397 5.5 101
1717919970414 5.6 102
1717919980432 5.3 103
1717919990457 5.4 104
1717920000477 5.3 105
1717920010494 5.3 106
1717920020519 5.5 107
1717920030546 5.4 108
1717920040563 5.7 109
1717920050577 5.9 110
1717920060603 9.5 111
1717920070621 9.5 112
1717920080645 9.4 113
1717920090660 9.7 114
1717920100675 9.3 115
1717920110693 9.4 116
1717920120760 9.5 117
1717920130777 6.4 118
1717920140834 5.4 119
1717920150897 5.3 120
1717920160913 5.5 121
1717920170983 5.6 122
1717920181043 5.4 123
1717920191074 5.3 124
1717920201146 5.4 125
1717920211174 5.6 126
1717920221208 5.4 127
1717920231274 5.4 128
1717920241296 5.5 129
1717920251313 5.5 130
1717920261368 5.3 131
1717920271428 5.4 132
1717920281445 5.4 133
1717920291463 5.3 134
1717920301536 5.4 135
1717920311608 5.5 136
1717920321628 5.4 137
1717920331655 5.4 138
1717920341715 5.5 139
1717920351732 5.3 140
1717920361753 5.6 141
1717920371824 5.5 142
1717920381841 5.2 143
1717920391862 5.3 144
1717920401929 5.2 145
1717920411947 5.5 146
1717920422011 5.5 147
1717920432071 5.2 148
1717920442141 5.4 149
1717920452207 5.3 150
1717920462226 5.4 151
1717920472298 5.4 152
1717920482365 5.4 153
1717920492386 5.3 154
1717920502407 5.4 155
1717920512483 5.4 156
1717920522547 5.4 157
1717920532624 5.5 158
1717920542655 5.5 159
1717920552739 5.5 160
1717920562812 5.5 161
1717920572836 5.6 162
1717920582852 5.3 163
1717920592914 5.4 164
1717920602929 7.0 165
1717920612944 9.5 166
1717920622962 9.5 167
1717920632980 9.4 168
1717920642998 9.7 169
1717920653022 9.6 170
1717920663043 9.7 171
1717920673069 9.4 172
1717920683087 5.2 173
1717920693109 5.4 174
1717920703133 5.3 175
1717920713153 5.3 176
1717920723214 5.5 177
1717920733235 5.2 178
1717920743264 5.5 179
1717920753336 5.4 180
1717920763404 5.4 181
1717920773428 5.6 182
1717920783495 5.4 183
1717920793561 5.2 184
1717920803635 5.4 185
1717920813700 5.3 186
1717920823725 5.4 187
1717920833790 5.4 188
1717920843848 5.3 189
1717920853905 5.5 190
1717920863924 5.4 191
1717920873983 5.4 192
1717920884049 5.4 193
1717920894121 5.3 194
1717920904138 5.3 195
1717920914158 5.3 196
1717920924220 5.5 197
1717920934288 5.4 198
1717920944307 5.5 199
1717920954325 5.5 200
1717920964385 5.6 201
1717920974451 5.4 202
1717920984521 5.3 203
1717920994539 5.4 204
1717921004605 5.4 205
1717921014673 5.3 206
1717921024739 5.5 207
1717921034802 5.4 208
1717921044821 5.3 209
1717921054882 5.3 210
1717921064960 5.3 211
1717921074981 5.5 212
1717921085042 5.3 213
1717921095060 5.2 214
1717921105086 5.4 215
1717921115112 5.4 216
1717921125150 5.3 217
1717921135237 5.7 218
1717921145296 5.4 219
1717921155316 8.6 220
1717921165347 9.6 221
1717921175369 9.5 222
1717921185390 9.4 223
1717921195414 9.3 224
1717921205434 9.4 225
1717921215454 9.5 226
1717921225473 7.6 227
1717921235539 5.4 228
1717921245611 5.5 229
1717921255691 5.5 230
1717921265777 5.6 231
1717921275813 5.5 232
1717921285894 5.5 233
1717921295958 5.5 234
1717921306025 5.4 235
1717921316048 5.2 236
1717921326110 5.5 237
1717921336174 5.4 238
1717921346248 5.4 239
1717921356268 5.4 240
1717921366333 5.4 241
1717921376401 5.4 242
1717921386462 5.2 243
1717921396485 5.4 244
1717921406504 5.3 245
1717921416550 5.4 246
1717921426625 5.4 247
1717921436704 5.4 248
1717921446725 5.4 249
1717921456789 5.6 250
1717921466856 5.3 251
1717921476927 5.3 252
1717921486997 5.4 253
1717921497046 5.2 254
1717921507068 5.5 255
1717921517128 5.7 256
1717921527149 5.3 257
1717921537211 5.4 258
1717921547276 5.3 259
1717921557349 5.4 260
1717921567412 5.5 261
1717921577439 5.3 262
1717921587523 5.4 263
1717921597587 5.2 264
1717921607609 5.5 265
1717921617686 5.5 266
1717921627753 5.3 267
1717921637819 5.3 268
1717921647899 5.5 269
1717921657931 5.4 270
1717921668020 5.4 271
1717921678105 5.5 272
1717921688132 5.5 273
1717921698152 5.7 274
1717921708178 9.7 275
1717921718203 9.5 276
1717921728224 9.3 277
1717921738260 9.6 278
1717921748283 9.4 279
1717921758315 9.4 280
1717921768335 9.5 281
1717921778399 6.3 282
1717921788418 5.5 283
1717921798489 5.2 284
1717921808510 5.3 285
1717921818532 5.5 286
1717921828616 5.3 287
1717921838688 5.4 288
1717921848710 5.4 289
1717921858742 5.4 290
1717921868763 5.5 291
1717921878838 5.4 292
1717921888869 5.4 293
1717921898944 5.4 294
1717921909020 5.3 295
1717921919084 5.6 296
1717921929111 5.3 297
1717921939133 5.4 298
1717921949208 5.6 299
1717921959279 5.4 300
1717921969351 5.5 301
1717921979372 5.4 302
1717921989451 5.3 303
1717921999535 5.3 304
1717922009605 5.6 305
1717922019691 5.6 306
1717922029716 5.4 307
1717922039788 5.4 308
1717922049836 5.3 309
1717922059858 5.6 310
1717922069928 5.4 311
1717922080001 5.3 312
1717922090072 5.5 313
1717922100141 5.4 314
1717922110163 5.4 315
1717922120226 5.5 316
1717922130282 5.4 317
1717922140313 5.6 318
1717922150410 5.4 319
1717922160492 5.5 320
1717922170517 5.5 321
1717922180609 5.3 322
1717922190633 5.4 323
1717922200675 5.3 324
1717922210751 5.3 325
1717922220833 5.5 326
1717922230856 5.5 327
1717922240876 5.6 328
1717922250902 7.2 329
1717922260925 9.5 330
1717922270952 9.5 331
1717922280980 9.6 332
1717922291031 9.3 333
1717922301054 9.5 334
1717922311103 9.5 335
1717922321191 9.1 336
1717922331264 5.4 337
1717922341297 5.5 338
1717922351369 5.3 339
1717922361443 5.4 340
1717922371527 5.4 341
1717922381584 5.3 342
1717922391638 5.6 343
1717922401742 5.5 344
1717922411837 5.4 345
1717922421862 5.6 346
1717922431941 5.5 347
1717922442010 5.4 348
1717922452072 5.5 349
1717922462102 5.5 350
1717922472143 5.5 351
1717922482211 5.4 352
1717922492235 5.2 353
1717922502271 5.4 354
1717922512297 5.4 355
1717922522382 5.5 356
1717922532458 5.4 357
1717922542529 5.3 358
1717922552598 5.5 359
1717922562626 5.3 360
1717922572688 5.7 361
1717922582757 5.3 362
1717922592789 5.3 363
1717922602825 5.5 364
1717922612852 5.5 365
1717922622928 5.3 366
1717922633001 5.4 367
1717922643027 5.3 368
1717922653097 5.4 369
1717922663172 5.3 370
1717922673241 5.4 371
1717922683268 5.4 372
1717922693341 5.2 373
1717922703373 5.3 374
1717922713452 5.3 375
1717922723497 5.4 376
1717922733530 5.4 377
1717922743604 5.6 378
1717922753679 5.4 379
1717922763706 5.4 380
1717922773733 5.5 381
1717922783808 5.3 382
1717922793879 5.4 383
1717922803916 8.4 384
1717922813939 9.3 385
1717922824274 9.5 386
1717922834299 9.5 387
1717922844323 9.6 388
1717922854347 9.6 389
1717922864443 9.6 390
1717922874523 7.6 391
1717922884607 5.4 392
1717922894647 5.2 393
1717922904721 5.4 394
1717922914804 5.6 395
1717922924832 5.4 396
1717922934904 5.7 397
1717922944990 5.3 398
1717922955064 5.4 399
1717922965159 5.3 400
1717922975193 5.5 401
1717922985273 5.4 402
1717922995356 5.3 403
1717923005403 5.3 404
1717923015488 5.4 405
1717923025582 5.3 406
1717923035666 5.4 407
1717923045750 5.3 408
1717923055785 5.5 409
1717923065853 5.7 410
1717923075935 5.3 411
1717923085970 5.2 412
1717923096005 5.3 413
1717923106060 5.4 414
1717923116142 5.5 415
1717923126225 5.3 416
1717923136300 5.3 417
1717923146335 5.4 418
1717923156423 5.6 419
1717923166499 5.5 420
1717923176535 5.4 421
1717923186564 5.3 422
1717923196653 5.5 423
1717923206732 5.2 424
1717923216808 5.4 425
1717923226845 5.3 426
1717923236928 5.3 427
1717923247016 5.3 428
1717923257109 5.5 429
1717923267192 5.5 430
1717923277235 5.3 431
1717923287291 5.4 432
1717923297369 5.2 433
1717923307393 5.4 434
1717923317479 5.5 435
1717923327535 5.2 436
1717923337563 5.4 437
1717923347601 6.3 438
1717923357656 9.4 439
1717923367690 9.6 440
1717923377712 9.4 441
1717923387734 9.6 442
1717923397771 9.5 443
1717923407792 9.3 444
1717923417858 9.7 445
1717923427881 5.7 446
1717923437959 5.4 447
1717923448028 5.5 448
1717923458121 5.5 449
1717923468212 5.4 450
1717923478297 5.5 451
1717923488376 5.3 452
1717923498472 5.3 453
1717923508528 5.5 454
1717923518561 5.5 455
1717923528594 5.6 456
1717923538686 5.4 457
1717923548772 5.5 458
1717923558852 5.5 459
1717923568943 5.4 460
1717923579027 5.4 461
1717923589052 5.5 462
1717923599153 5.4 463
1717923609232 5.4 464
1717923619305 5.4 465
1717923629387 5.3 466
1717923639414 5.5 467
1717923649490 5.4 468
1717923659556 5.3 469
1717923669642 5.6 470
1717923679672 5.2 471
1717923689709 5.5 472
1717923699810 5.4 473
1717923709901 5.4 474
1717923719947 5.7 475
1717923730018 5.6 476
1717923740089 5.4 477
1717923750164 5.6 478
1717923760194 5.4 479
1717923770224 5.4 480
1717923780310 5.6 481
1717923790386 5.3 482
1717923800461 5.4 483
1717923810487 5.3 484
1717923820575 5.5 485
1717923830651 5.4 486
1717923840737 5.4 487
1717923850813 5.4 488
1717923860846 5.5 489
1717923870871 5.4 490
1717923880959 5.3 491
1717923891032 5.5 492
1717923901068 7.7 493
1717923911097 9.6 494
1717923921120 9.5 495
1717923931144 9.3 496
1717923941171 9.6 497
1717923951194 9.7 498
1717923961221 9.6 499
1717923971263 8.3 500
1717923981334 5.3 501
1717923991421 5.4 502
1717924001496 5.3 503
1717924011522 5.3 504
1717924021608 5.4 505
1717924031686 5.4 506
1717924041773 5.5 507
1717924051847 5.5 508
1717924061903 5.6 509
1717924071972 5.6 510
1717924082054 5.5 511
1717924092082 5.2 512
1717924102133 5.5 513
1717924112208 5.4 514
1717924122281 5.5 515
1717924132356 5.6 516
1717924142438 5.4 517
1717924152511 5.5 518
1717924162597 5.4 519
1717924172631 5.5 520
1717924182712 5.4 521
1717924192788 5.3 522
1717924202869 5.3 523
1717924212952 5.3 524
1717924222995 5.4 525
1717924233025 5.4 526
1717924243102 5.7 527
1717924253138 5.5 528
1717924263231 5.8 529
1717924273318 5.4 530
1717924283360 5.4 531
1717924293398 5.2 532
1717924303434 5.4 533
1717924313523 5.4 534
1717924323601 5.3 535
1717924333680 5.4 536
1717924343722 5.4 537
1717924353757 5.5 538
1717924363789 5.6 539
1717924373821 5.5 540
1717924383902 5.4 541
1717924393935 5.5 542
1717924403966 5.5 543
1717924413998 5.5 544
1717924424091 5.5 545
1717924435253 5.5 546
1717924445281 5.6 547
1717924455312 9.5 548
1717924465347 9.5 549
1717924475383 9.4 550
1717924485413 9.5 551
1717924495444 9.4 552
1717924505480 9.5 553
1717924515573 9.3 554
1717924525650 6.3 555
1717924535725 5.7 556
1717924545827 5.3 557
1717924555862 5.5 558
1717924565943 5.7 559
1717924576022 5.4 560
1717924586101 5.3 561
1717924596144 5.2 562
1717924606181 5.5 563
1717924616262 5.4 564
1717924626348 5.5 565
1717924636385 5.4 566
1717924646493 5.4 567
1717924656571 5.4 568
1717924666646 5.4 569
1717924676734 5.2 570
1717924686777 5.4 571
1717924696875 5.5 572
1717924706967 5.4 573
1717924717051 5.6 574
1717924727102 5.3 575
1717924737197 5.6 576
1717924747277 5.4 577
1717924757364 5.4 578
1717924767454 5.5 579
1717924777497 5.3 580
1717924787597 5.3 581
1717924797697 5.4 582
1717924807739 5.6 583
1717924817775 5.5 584
1717924827843 5.4 585
1717924837957 5.3 586
1717924848046 5.6 587
1717924858087 5.4 588
1717924868170 5.7 589
1717924878250 5.4 590
1717924888341 5.5 591
1717924898413 5.4 592
1717924908449 5.2 593
1717924918508 5.4 594
1717924928606 5.5 595
1717924938651 5.4 596
1717924948686 5.6 597
1717924958788 5.5 598
1717924968889 5.7 599
1717924978992 5.4 600
1717924989217 5.4 601
1717924999242 7.5 602
1717925009275 9.7 603
1717925019315 9.6 604
1717925029346 9.4 605
1717925039371 9.4 606
1717925049415 9.4 607
1717925059462 9.5 608
1717925069496 8.8 609
1717925079572 5.3 610
1717925089608 5.4 611
1717925099642 5.4 612
1717925109727 5.3 613
1717925119812 5.4 614
1717925129858 5.4 615
1717925139887 9.2 616
1717925149918 5.5 617
1717925159998 5.4 618
1717925170093 5.6 619
1717925180173 5.4 620
1717925190237 5.4 621
1717925200319 6.6 622
1717925210400 5.3 623
1717925220435 5.5 624
1717925230513 5.4 625
1717925240610 5.3 626
1717925250695 5.5 627
1717925260729 5.4 628
1717925270759 5.4 629
1717925280801 5.5 630
1717925290839 5.2 631
1717925300873 5.6 632
1717925310910 6.1 633
1717925320953 7.5 634
1717925330983 6.1 635
1717925341041 8.1 636
1717925351076 23.0 637
1717925361116 25.9 638
1717925371144 17.9 639
1717925381198 20.5 640
1717925391241 19.4 641
1717925401279 7.6 642
1717925411364 8.0 643
1717925421407 7.1 644
1717925431437 6.3 645
1717925441483 6.6 646
1717925451514 6.4 647
1717925461557 5.8 648
1717925471594 5.9 649
1717925481639 5.6 650
1717925491671 5.6 651
1717925501721 5.8 652
1717925511755 5.6 653
1717925521794 5.6 654
1717925531849 5.9 655
1717925541882 5.8 656
1717925551923 6.6 657
1717925561950 9.4 658
1717925571989 7.6 659
1717925582028 9.4 660
1717925592061 9.3 661
1717925602092 9.9 662
1717925612136 10.2 663
1717925622183 9.6 664
1717925632227 9.5 665
1717925642268 5.8 666
1717925652319 6.2 667
1717925662352 6.1 668
1717925672396 5.9 669
1717925682428 5.4 670
1717925692462 5.7 671
1717925702494 5.4 672
1717925712555 5.5 673
1717925722601 5.9 674
1717925732639 5.7 675
1717925742678 5.8 676
1717925752715 5.8 677
1717925762794 5.9 678
1717925772824 5.9 679
1717925782863 5.4 680
1717925792897 5.8 681
1717925802954 5.7 682
1717925812998 5.5 683
1717925823042 5.8 684
1717925833088 5.5 685
1717925843123 5.7 686
1717925853156 5.8 687
1717925863211 5.6 688
1717925873296 5.8 689
1717925883384 5.8 690
1717925893414 5.6 691
1717925903506 5.6 692
1717925913551 5.7 693
1717925923579 5.7 694
1717925933665 5.8 695
1717925943715 5.7 696
1717925953761 5.8 697
1717925963852 5.8 698
1717925973881 5.8 699
1717925983923 5.8 700
1717925993960 5.9 701
1717926003988 5.6 702
1717926014029 5.8 703
1717926024109 5.9 704
1717926034136 5.7 705
1717926044164 5.6 706
1717926054261 5.5 707
1717926064295 5.9 708
1717926074339 5.8 709
1717926084429 5.6 710
1717926094463 5.6 711
1717926104507 6.5 712
1717926114548 10.3 713
1717926124588 9.6 714
1717926134650 9.8 715
1717926144691 9.9 716
1717926154725 9.6 717
1717926164762 9.8 718
1717926174857 9.6 719
1717926184933 6.1 720
1717926194980 5.5 721
1717926205074 5.6 722
1717926215130 5.8 723
1717926225158 5.6 724
1717926235249 5.6 725
1717926245284 5.7 726
1717926255330 5.6 727
1717926265378 6.2 728
1717926275431 5.8 729
1717926285465 5.6 730
1717926295521 5.7 731
1717926305563 5.5 732
1717926315618 5.7 733
1717926325665 6.1 734
1717926335716 5.6 735
1717926345758 5.7 736
1717926355853 5.8 737
1717926365906 5.9 738
1717926375943 5.7 739
1717926385989 5.5 740
1717926396046 5.8 741
1717926406089 5.7 742
1717926416154 5.6 743
1717926426197 5.7 744
1717926436252 5.6 745
1717926446287 5.8 746
1717926456324 5.7 747
1717926466368 5.8 748
1717926476464 5.7 749
1717926486519 5.4 750
1717926496564 5.7 751
1717926506614 5.8 752
1717926516652 5.3 753
1717926526697 5.8 754
1717926536747 5.6 755
1717926546782 5.7 756
1717926556836 6.1 757
1717926566886 5.8 758
1717926576942 5.8 759
1717926586986 5.6 760
1717926597103 5.6 761
1717926607199 5.5 762
1717926617250 6.1 763
1717926627298 5.8 764
1717926637386 5.6 765
1717926647428 6.0 766
1717926657473 6.1 767
1717926667519 9.9 768
1717926677555 9.7 769
1717926687596 9.8 770
1717926697641 9.6 771
1717926707676 9.8 772
1717926717718 9.8 773
1717926727805 9.5 774
1717926737835 6.7 775
1717926747885 5.7 776
1717926757974 5.5 777
1717926768016 5.8 778
1717926778051 5.5 779
1717926788127 5.4 780
1717926798177 5.5 781
1717926808224 5.8 782
1717926818335 5.6 783
1717926828384 5.7 784
1717926838427 5.7 785
1717926848465 5.7 786
1717926858508 5.6 787
1717926868542 5.6 788
1717926878631 5.7 789
1717926888674 5.5 790
1717926898720 5.6 791
1717926909006 5.6 792
1717926919110 5.8 793
1717926929152 5.9 794
1717926939186 5.7 795
1717926949235 5.7 796
1717926959279 5.7 797
1717926969314 6.1 798
1717926979373 5.9 799
1717926989409 5.5 800
1717926999447 5.6 801
1717927009486 5.5 802
1717927019531 5.5 803
1717927029617 5.8 804
1717927039668 5.6 805
1717927049704 5.9 806
1717927059746 5.9 807
1717927069783 5.5 808
1717927079825 5.8 809
1717927089865 5.6 810
1717927099923 5.7 811
1717927109956 5.6 812
1717927119999 5.6 813
1717927130044 5.5 814
1717927140084 5.7 815
1717927150117 5.8 816
1717927160160 5.6 817
1717927170209 6.2 818
1717927180316 5.7 819
1717927190376 5.9 820
1717927200415 5.6 821
1717927210467 6.2 822
1717927220498 10.0 823
1717927230533 9.7 824
1717927240605 9.6 825
1717927250641 9.7 826
1717927260701 9.6 827
1717927270733 9.8 828
1717927280777 9.8 829
1717927290807 6.5 830
1717927300848 5.5 831
1717927310888 5.4 832
1717927320919 5.7 833
1717927330961 5.6 834
1717927340999 5.6 835
1717927351029 5.8 836
1717927361063 5.6 837
1717927371115 5.7 838
1717927381177 6.2 839
1717927391242 5.7 840
1717927401293 5.9 841
1717927411334 5.7 842
1717927421386 5.6 843
1717927431417 6.0 844
1717927441447 5.7 845
1717927451533 5.6 846
1717927461570 5.8 847
1717927471605 5.8 848
1717927481647 5.7 849
1717927491685 5.5 850
1717927501733 5.7 851
1717927511803 5.5 852
1717927521855 5.9 853
1717927531907 5.7 854
1717927541957 5.6 855
1717927551990 5.8 856
1717927562021 5.6 857
1717927572054 5.8 858
1717927582099 5.9 859
1717927592132 5.5 860
1717927602169 5.8 861
1717927612200 5.7 862
1717927622245 5.7 863
1717927632279 5.7 864
1717927642367 5.5 865
1717927652410 5.7 866
1717927662467 5.6 867
1717927672519 5.6 868
1717927682556 5.6 869
1717927692649 5.5 870
1717927702710 5.7 871
1717927712748 6.2 872
1717927722789 6.0 873
1717927732822 6.1 874
1717927742920 6.0 875
1717927753108 5.6 876
1717927763140 6.3 877
1717927773211 9.8 878
1717927783243 9.7 879
1717927793278 9.7 880
1717927803310 9.5 881
1717927813342 9.5 882
1717927823384 9.7 883
1717927833417 9.9 884
1717927843448 6.9 885
1717927853498 5.8 886
1717927863535 5.7 887
1717927873579 5.8 888
1717927883620 5.7 889
1717927893658 5.6 890
1717927903718 5.5 891
1717927913768 7.2 892
1717927923806 6.5 893
1717927933855 5.6 894
1717927943944 6.0 895
1717927953981 5.6 896
1717927964014 5.7 897
1717927974129 5.8 898
1717927984166 5.6 899
1717927994198 5.4 900
1717928004282 6.0 901
1717928014323 5.5 902
1717928024550 5.6 903
1717928034638 5.7 904
1717928044677 5.5 905
1717928054718 5.6 906
1717928064844 5.9 907
1717928074883 5.8 908
1717928084924 5.6 909
1717928095008 5.6 910
1717928105046 5.6 911
1717928115087 5.7 912
1717928125172 5.7 913
1717928135219 5.6 914
1717928145259 5.7 915
1717928155302 5.9 916
1717928165346 5.7 917
1717928175449 5.8 918
1717928185558 5.7 919
1717928195611 5.6 920
1717928205650 5.7 921
1717928215745 5.6 922
1717928225802 5.6 923
1717928235843 5.8 924
1717928245943 5.7 925
1717928255984 5.5 926
1717928266039 5.6 927
1717928276078 6.1 928
1717928286127 5.6 929
1717928296173 5.5 930
1717928306782 6.1 931
1717928316820 5.8 932
1717928326857 9.8 933
1717928336890 9.6 934
1717928346923 9.8 935
1717928356961 9.8 936
1717928366994 9.9 937
1717928377028 9.8 938
1717928387070 9.6 939
1717928397103 6.6 940
1717928407155 5.6 941
1717928417188 5.6 942
1717928427235 5.9 943
1717928437337 5.7 944
1717928447408 5.5 945
1717928457442 7.1 946
1717928467487 7.4 947
1717928477529 7.7 948
1717928487569 6.7 949
1717928497662 6.0 950
1717928507729 5.6 951
1717928517769 5.5 952
1717928527812 8.4 953
1717928537844 6.5 954
1717928547877 6.5 955
1717928557929 6.1 956
1717928567967 6.2 957
1717928578008 7.0 958
1717928588049 9.9 959
1717928598091 9.4 960
1717928608129 9.7 961
1717928618179 7.8 962
1717928628225 6.1 963
1717928638258 5.6 964
1717928648354 5.9 965
1717928658405 5.9 966
1717928668463 5.9 967
1717928678558 5.9 968
1717928688608 5.7 969
1717928698648 9.7 970
1717928708691 8.9 971
1717928718732 7.4 972
1717928728766 9.4 973
1717928738857 7.0 974
1717928748897 7.5 975
1717928758930 7.4 976
1717928769038 6.7 977
1717928779077 5.8 978
1717928789117 7.0 979
1717928799157 6.8 980
1717928809257 7.6 981
1717928819294 7.9 982
1717928829331 6.5 983
1717928839364 6.3 984
1717928849414 6.1 985
1717928859464 6.5 986
1717928869502 6.4 987
1717928879536 7.9 988
1717928889587 13.4 989
1717928899628 17.5 990
1717928909664 19.8 991
1717928919699 13.2 992
1717928929744 11.8 993
1717928939784 12.3 994
1717928949824 11.4 995
1717928959858 15.6 996
1717928969905 8.7 997
1717928979993 10.9 998
1717928990040 10.8 999
1717929000124 18.3 1000
1717929010159 22.0 1001
1717929020205 19.1 1002
1717929030256 16.9 1003
1717929040295 21.6 1004
1717929050356 17.6 1005
1717929060652 18.4 1006
1717929070719 17.9 1007
1717929080761 19.6 1008
1717929090802 18.0 1009
1717929100842 17.1 1010
1717929110900 19.5 1011
1717929120942 19.3 1012
1717929130985 19.4 1013
1717929141029 17.2 1014
1717929151087 15.6 1015
1717929161131 13.5 1016
1717929171173 15.2 1017
1717929181273 13.8 1018
1717929191318 15.0 1019
1717929201358 15.8 1020
1717929211429 17.0 1021
1717929221480 16.5 1022
1717929231523 18.9 1023
1717929241569 14.9 1024
1717929251608 16.4 1025
1717929261660 15.7 1026
1717929271714 15.9 1027
1717929281753 15.7 1028
1717929291805 14.6 1029
1717929301846 14.3 1030
1717929311881 14.6 1031
1717929321924 13.6 1032
1717929331972 14.3 1033
1717929342090 14.0 1034
1717929352130 13.8 1035
1717929362175 14.4 1036
1717929372214 14.5 1037
1717929382324 13.9 1038
1717929392368 14.9 1039
1717929402421 14.3 1040
1717929412527 15.0 1041
1717929422575 15.4 1042
1717929432613 13.9 1043
1717929442706 13.7 1044
1717929452779 8.5 1045
1717929462840 9.9 1046
1717929472897 9.3 1047
1717929482948 8.4 1048
