1717918947319 76.1 0
1717918957341 76.1 1
1717918967352 76.1 2
1717918977371 76.1 3
1717918987386 76.1 4
1717918997402 76.1 5
1717919007414 76.1 6
1717919017427 76.1 7
1717919027447 76.1 8
1717919037462 76.1 9
1717919047478 76.1 10
1717919057501 76.1 11
1717919067515 76.1 12
1717919077533 76.1 13
1717919087546 76.1 14
1717919097567 76.1 15
1717919107589 76.1 16
1717919117604 76.1 17
1717919127631 76.1 18
1717919137644 76.1 19
1717919147657 76.1 20
1717919157671 76.1 21
1717919167684 76.1 22
1717919177695 76.1 23
1717919187707 76.1 24
1717919197723 76.1 25
1717919207743 76.1 26
1717919217769 76.1 27
1717919227792 76.1 28
1717919237806 76.1 29
1717919247818 76.1 30
1717919257831 76.1 31
1717919267848 76.1 32
1717919277862 76.1 33
1717919287885 76.1 34
1717919297948 76.1 35
1717919307982 76.1 36
1717919317996 76.1 37
1717919328009 76.1 38
1717919338073 76.1 39
1717919348090 76.1 40
1717919358104 76.1 41
1717919368118 76.1 42
1717919378140 76.1 43
1717919388163 76.1 44
1717919398183 76.1 45
1717919408200 76.1 46
1717919418227 76.1 47
1717919428250 76.1 48
1717919438266 76.1 49
1717919448288 76.1 50
1717919458306 76.1 51
1717919468340 76.1 52
1717919478364 76.1 53
1717919489348 76.1 54
1717919499365 76.2 55
1717919509382 76.2 56
1717919519398 76.2 57
1717919529423 76.2 58
1717919539437 76.2 59
1717919549452 76.2 60
1717919559467 76.2 61
1717919569481 76.2 62
1717919579512 76.2 63
1717919589527 76.2 64
1717919599546 76.2 65
1717919609565 76.2 66
1717919619580 76.2 67
1717919629595 76.2 68
1717919639609 76.2 69
1717919649628 76.2 70
1717919659672 76.2 71
1717919669691 76.2 72
1717919679727 76.2 73
1717919689745 76.2 74
1717919699761 76.2 75
1717919709786 76.2 76
1717919719811 76.2 77
1717919729837 76.2 78
1717919739875 76.2 79
1717919749900 76.2 80
1717919759921 76.2 81
1717919769945 76.2 82
1717919779990 76.2 83
1717919790005 76.2 84
1717919800041 76.2 85
1717919810058 76.2 86
1717919820073 76.2 87
1717919830119 76.2 88
1717919840134 76.2 89
1717919850170 76.2 90
1717919860187 76.2 91
1717919870212 76.2 92
1717919880238 76.2 93
1717919890254 76.2 94
1717919900270 76.2 95
1717919910285 76.2 96
1717919920300 76.2 97
1717919930316 76.2 98
1717919940341 76.2 99
1717919950381 76.2 100
1717919960397 76.2 101
1717919970414 76.2 102
1717919980432 76.2 103
1717919990457 76.2 104
1717920000477 76.2 105
1717920010494 76.2 106
1717920020519 76.2 107
1717920030546 76.2 108
1717920040563 76.2 109
1717920050577 76.4 110
1717920060603 76.4 111
1717920070621 76.4 112
1717920080645 76.4 113
1717920090660 76.4 114
1717920100675 76.4 115
1717920110693 76.4 116
1717920120760 76.4 117
1717920130777 76.4 118
1717920140834 76.4 119
1717920150897 76.4 120
1717920160913 76.4 121
1717920170983 76.4 122
1717920181043 76.4 123
1717920191074 76.4 124
1717920201146 76.4 125
1717920211174 76.4 126
1717920221208 76.4 127
1717920231274 76.4 128
1717920241296 76.4 129
1717920251313 76.4 130
1717920261368 76.4 131
1717920271428 76.4 132
1717920281445 76.4 133
1717920291463 76.4 134
1717920301536 76.4 135
1717920311608 76.4 136
1717920321628 76.4 137
1717920331655 76.4 138
1717920341715 76.4 139
1717920351732 76.4 140
1717920361753 76.4 141
1717920371824 76.4 142
1717920381841 76.4 143
1717920391862 76.4 144
1717920401929 76.4 145
1717920411947 76.4 146
1717920422011 76.4 147
1717920432071 76.4 148
1717920442141 76.4 149
1717920452207 76.4 150
1717920462226 76.4 151
1717920472298 76.4 152
1717920482365 76.4 153
1717920492386 76.4 154
1717920502407 76.4 155
1717920512483 76.4 156
1717920522547 76.4 157
1717920532624 76.4 158
1717920542655 76.4 159
1717920552739 76.4 160
1717920562812 76.4 161
1717920572836 76.4 162
1717920582852 76.4 163
1717920592914 76.4 164
1717920602929 76.5 165
1717920612944 76.5 166
1717920622962 76.5 167
1717920632980 76.5 168
1717920642998 76.5 169
1717920653022 76.5 170
1717920663043 76.5 171
1717920673069 76.5 172
1717920683087 76.5 173
1717920693109 76.5 174
1717920703133 76.5 175
1717920713153 76.5 176
1717920723214 76.5 177
1717920733235 76.5 178
1717920743264 76.5 179
1717920753336 76.5 180
1717920763404 76.5 181
1717920773428 76.5 182
1717920783495 76.5 183
1717920793561 76.5 184
1717920803635 76.5 185
1717920813700 76.5 186
1717920823725 76.5 187
1717920833790 76.5 188
1717920843848 76.5 189
1717920853905 76.5 190
1717920863924 76.5 191
1717920873983 76.5 192
1717920884049 76.5 193
1717920894121 76.5 194
1717920904138 76.5 195
1717920914158 76.5 196
1717920924220 76.5 197
1717920934288 76.5 198
1717920944307 76.5 199
1717920954325 76.5 200
1717920964385 76.5 201
1717920974451 76.5 202
1717920984521 76.5 203
1717920994539 76.5 204
1717921004605 76.5 205
1717921014673 76.5 206
1717921024739 76.5 207
1717921034802 76.5 208
1717921044821 76.5 209
1717921054882 76.5 210
1717921064960 76.5 211
1717921074981 76.5 212
1717921085042 76.5 213
1717921095060 76.5 214
1717921105086 76.5 215
1717921115112 76.5 216
1717921125150 76.5 217
1717921135237 76.5 218
1717921145296 76.5 219
1717921155316 76.7 220
1717921165347 76.7 221
1717921175369 76.7 222
1717921185390 76.7 223
1717921195414 76.7 224
1717921205434 76.7 225
1717921215454 76.7 226
1717921225473 76.7 227
1717921235539 76.7 228
1717921245611 76.7 229
1717921255691 76.7 230
1717921265777 76.7 231
1717921275813 76.7 232
1717921285894 76.7 233
1717921295958 76.7 234
1717921306025 76.7 235
1717921316048 76.7 236
1717921326110 76.7 237
1717921336174 76.7 238
1717921346248 76.7 239
1717921356268 76.7 240
1717921366333 76.7 241
1717921376401 76.7 242
1717921386462 76.7 243
1717921396485 76.7 244
1717921406504 76.7 245
1717921416550 76.7 246
1717921426625 76.7 247
1717921436704 76.7 248
1717921446725 76.7 249
1717921456789 76.7 250
1717921466856 76.7 251
1717921476927 76.7 252
1717921486997 76.7 253
1717921497046 76.7 254
1717921507068 76.7 255
1717921517128 76.7 256
1717921527149 76.7 257
1717921537211 76.7 258
1717921547276 76.7 259
1717921557349 76.7 260
1717921567412 76.7 261
1717921577439 76.7 262
1717921587523 76.7 263
1717921597587 76.7 264
1717921607609 76.7 265
1717921617686 76.7 266
1717921627753 76.7 267
1717921637819 76.7 268
1717921647899 76.7 269
1717921657931 76.7 270
1717921668020 76.7 271
1717921678105 76.7 272
1717921688132 76.7 273
1717921698152 76.8 274
1717921708178 76.8 275
1717921718203 76.8 276
1717921728224 76.8 277
1717921738260 76.8 278
1717921748283 76.8 279
1717921758315 76.8 280
1717921768335 76.8 281
1717921778399 76.8 282
1717921788418 76.8 283
1717921798489 76.8 284
1717921808510 76.8 285
1717921818532 76.8 286
1717921828616 76.8 287
1717921838688 76.8 288
1717921848710 76.8 289
1717921858742 76.8 290
1717921868763 76.8 291
1717921878838 76.8 292
1717921888869 76.8 293
1717921898944 76.8 294
1717921909020 76.8 295
1717921919084 76.8 296
1717921929111 76.8 297
1717921939133 76.8 298
1717921949208 76.8 299
1717921959279 76.8 300
1717921969351 76.8 301
1717921979372 76.8 302
1717921989451 76.8 303
1717921999535 76.8 304
1717922009605 76.8 305
1717922019691 76.8 306
1717922029716 76.8 307
1717922039788 76.8 308
1717922049836 76.8 309
1717922059858 76.8 310
1717922069928 76.8 311
1717922080001 76.8 312
1717922090072 76.8 313
1717922100141 76.8 314
1717922110163 76.8 315
1717922120226 76.8 316
1717922130282 76.8 317
1717922140313 76.8 318
1717922150410 76.8 319
1717922160492 76.8 320
1717922170517 76.8 321
1717922180609 76.8 322
1717922190633 76.8 323
1717922200675 76.8 324
1717922210751 76.8 325
1717922220833 76.8 326
1717922230856 76.8 327
1717922240876 76.8 328
1717922250902 76.9 329
1717922260925 76.9 330
1717922270952 76.9 331
1717922280980 76.9 332
1717922291031 76.9 333
1717922301054 76.9 334
1717922311103 76.9 335
1717922321191 76.9 336
1717922331264 76.9 337
1717922341297 76.9 338
1717922351369 76.9 339
1717922361443 76.9 340
1717922371527 76.9 341
1717922381584 76.9 342
1717922391638 76.9 343
1717922401742 76.9 344
1717922411837 76.9 345
1717922421862 76.9 346
1717922431941 76.9 347
1717922442010 76.9 348
1717922452072 76.9 349
1717922462102 76.9 350
1717922472143 76.9 351
1717922482211 76.9 352
1717922492235 76.9 353
1717922502271 76.9 354
1717922512297 76.9 355
1717922522382 76.9 356
1717922532458 76.9 357
1717922542529 76.9 358
1717922552598 76.9 359
1717922562626 76.9 360
1717922572688 76.9 361
1717922582757 76.9 362
1717922592789 76.9 363
1717922602825 76.9 364
1717922612852 76.9 365
1717922622928 76.9 366
1717922633001 76.9 367
1717922643027 76.9 368
1717922653097 76.9 369
1717922663172 76.9 370
1717922673241 76.9 371
1717922683268 76.9 372
1717922693341 76.9 373
1717922703373 76.9 374
1717922713452 76.9 375
1717922723497 76.9 376
1717922733530 76.9 377
1717922743604 76.9 378
1717922753679 76.9 379
1717922763706 76.9 380
1717922773733 76.9 381
1717922783808 76.9 382
1717922793879 76.9 383
1717922803916 77.1 384
1717922813939 77.1 385
1717922824274 77.1 386
1717922834299 77.1 387
1717922844323 77.1 388
1717922854347 77.1 389
1717922864443 77.1 390
1717922874523 77.1 391
1717922884607 77.1 392
1717922894647 77.1 393
1717922904721 77.1 394
1717922914804 77.1 395
1717922924832 77.1 396
1717922934904 77.1 397
1717922944990 77.1 398
1717922955064 77.1 399
1717922965159 77.1 400
1717922975193 77.1 401
1717922985273 77.1 402
1717922995356 77.1 403
1717923005403 77.1 404
1717923015488 77.1 405
1717923025582 77.1 406
1717923035666 77.1 407
1717923045750 77.1 408
1717923055785 77.1 409
1717923065853 77.1 410
1717923075935 77.1 411
1717923085970 77.1 412
1717923096005 77.1 413
1717923106060 77.1 414
1717923116142 77.1 415
1717923126225 77.1 416
1717923136300 77.1 417
1717923146335 77.1 418
1717923156423 77.1 419
1717923166499 77.1 420
1717923176535 77.1 421
1717923186564 77.1 422
1717923196653 77.1 423
1717923206732 77.1 424
1717923216808 77.1 425
1717923226845 77.1 426
1717923236928 77.1 427
1717923247016 77.1 428
1717923257109 77.1 429
1717923267192 77.1 430
1717923277235 77.1 431
1717923287291 77.1 432
1717923297369 77.1 433
1717923307393 77.1 434
1717923317479 77.1 435
1717923327535 77.1 436
1717923337563 77.1 437
1717923347601 77.2 438
1717923357656 77.2 439
1717923367690 77.2 440
1717923377712 77.2 441
1717923387734 77.2 442
1717923397771 77.2 443
1717923407792 77.2 444
1717923417858 77.2 445
1717923427881 77.2 446
1717923437959 77.2 447
1717923448028 77.2 448
1717923458121 77.2 449
1717923468212 77.2 450
1717923478297 77.2 451
1717923488376 77.2 452
1717923498472 77.2 453
1717923508528 77.2 454
1717923518561 77.2 455
1717923528594 77.2 456
1717923538686 77.2 457
1717923548772 77.2 458
1717923558852 77.2 459
1717923568943 77.2 460
1717923579027 77.2 461
1717923589052 77.2 462
1717923599153 77.2 463
1717923609232 77.2 464
1717923619305 77.2 465
1717923629387 77.2 466
1717923639414 77.2 467
1717923649490 77.2 468
1717923659556 77.2 469
1717923669642 77.2 470
1717923679672 77.2 471
1717923689709 77.2 472
1717923699810 77.2 473
1717923709901 77.2 474
1717923719947 77.2 475
1717923730018 77.2 476
1717923740089 77.2 477
1717923750164 77.2 478
1717923760194 77.2 479
1717923770224 77.2 480
1717923780310 77.2 481
1717923790386 77.2 482
1717923800461 77.2 483
1717923810487 77.2 484
1717923820575 77.2 485
1717923830651 77.2 486
1717923840737 77.2 487
1717923850813 77.2 488
1717923860846 77.2 489
1717923870871 77.2 490
1717923880959 77.2 491
1717923891032 77.2 492
1717923901068 77.4 493
1717923911097 77.4 494
1717923921120 77.4 495
1717923931144 77.4 496
1717923941171 77.4 497
1717923951194 77.4 498
1717923961221 77.4 499
1717923971263 77.4 500
1717923981334 77.4 501
1717923991421 77.4 502
1717924001496 77.4 503
1717924011522 77.4 504
1717924021608 77.4 505
1717924031686 77.4 506
1717924041773 77.4 507
1717924051847 77.4 508
1717924061903 77.4 509
1717924071972 77.4 510
1717924082054 77.4 511
1717924092082 77.4 512
1717924102133 77.4 513
1717924112208 77.4 514
1717924122281 77.4 515
1717924132356 77.4 516
1717924142438 77.4 517
1717924152511 77.4 518
1717924162597 77.4 519
1717924172631 77.4 520
1717924182712 77.4 521
1717924192788 77.4 522
1717924202869 77.4 523
1717924212952 77.4 524
1717924222995 77.4 525
1717924233025 77.4 526
1717924243102 77.4 527
1717924253138 77.4 528
1717924263231 77.4 529
1717924273318 77.4 530
1717924283360 77.4 531
1717924293398 77.4 532
1717924303434 77.4 533
1717924313523 77.4 534
1717924323601 77.4 535
1717924333680 77.4 536
1717924343722 77.4 537
1717924353757 77.4 538
1717924363789 77.4 539
1717924373821 77.4 540
1717924383902 77.4 541
1717924393935 77.4 542
1717924403966 77.4 543
1717924413998 77.4 544
1717924424091 77.4 545
1717924435253 77.4 546
1717924445281 77.5 547
1717924455312 77.5 548
1717924465347 77.5 549
1717924475383 77.5 550
1717924485413 77.5 551
1717924495444 77.5 552
1717924505480 77.5 553
1717924515573 77.5 554
1717924525650 77.5 555
1717924535725 77.5 556
1717924545827 77.5 557
1717924555862 77.5 558
1717924565943 77.5 559
1717924576022 77.5 560
1717924586101 77.5 561
1717924596144 77.5 562
1717924606181 77.5 563
1717924616262 77.5 564
1717924626348 77.5 565
1717924636385 77.5 566
1717924646493 77.5 567
1717924656571 77.5 568
1717924666646 77.5 569
1717924676734 77.5 570
1717924686777 77.5 571
1717924696875 77.5 572
1717924706967 77.5 573
1717924717051 77.5 574
1717924727102 77.5 575
1717924737197 77.5 576
1717924747277 77.5 577
1717924757364 77.5 578
1717924767454 77.5 579
1717924777497 77.5 580
1717924787597 77.5 581
1717924797697 77.5 582
1717924807739 77.5 583
1717924817775 77.5 584
1717924827843 77.5 585
1717924837957 77.5 586
1717924848046 77.5 587
1717924858087 77.5 588
1717924868170 77.5 589
1717924878250 77.5 590
1717924888341 77.5 591
1717924898413 77.5 592
1717924908449 77.5 593
1717924918508 77.5 594
1717924928606 77.5 595
1717924938651 77.5 596
1717924948686 77.5 597
1717924958788 77.5 598
1717924968889 77.5 599
1717924978992 77.5 600
1717924989217 77.5 601
1717924999242 77.7 602
1717925009275 77.7 603
1717925019315 77.7 604
1717925029346 77.7 605
1717925039371 77.7 606
1717925049415 77.7 607
1717925059462 77.7 608
1717925069496 77.7 609
1717925079572 77.7 610
1717925089608 77.7 611
1717925099642 77.7 612
1717925109727 77.7 613
1717925119812 77.7 614
1717925129858 77.7 615
1717925139887 77.7 616
1717925149918 77.7 617
1717925159998 77.7 618
1717925170093 77.7 619
1717925180173 77.7 620
1717925190237 77.7 621
1717925200319 77.7 622
1717925210400 77.7 623
1717925220435 77.7 624
1717925230513 77.7 625
1717925240610 77.7 626
1717925250695 77.7 627
1717925260729 77.7 628
1717925270759 77.7 629
1717925280801 77.7 630
1717925290839 77.7 631
1717925300873 77.7 632
1717925310910 77.7 633
1717925320953 77.7 634
1717925330983 77.7 635
1717925341041 77.7 636
1717925351076 77.7 637
1717925361116 77.7 638
1717925371144 77.7 639
1717925381198 77.7 640
1717925391241 77.7 641
1717925401279 77.7 642
1717925411364 77.7 643
1717925421407 77.7 644
1717925431437 77.7 645
1717925441483 77.7 646
1717925451514 77.7 647
1717925461557 77.7 648
1717925471594 77.7 649
1717925481639 77.7 650
1717925491671 77.7 651
1717925501721 77.7 652
1717925511755 77.7 653
1717925521794 77.7 654
1717925531849 77.7 655
1717925541882 77.7 656
1717925551923 77.8 657
1717925561950 77.8 658
1717925571989 77.8 659
1717925582028 77.8 660
1717925592061 77.8 661
1717925602092 77.8 662
1717925612136 77.8 663
1717925622183 77.8 664
1717925632227 77.8 665
1717925642268 77.8 666
1717925652319 77.8 667
1717925662352 77.8 668
1717925672396 77.8 669
1717925682428 77.8 670
1717925692462 77.8 671
1717925702494 77.8 672
1717925712555 77.8 673
1717925722601 77.8 674
1717925732639 77.8 675
1717925742678 77.8 676
1717925752715 77.8 677
1717925762794 77.8 678
1717925772824 77.8 679
1717925782863 77.8 680
1717925792897 77.8 681
1717925802954 77.8 682
1717925812998 77.8 683
1717925823042 77.8 684
1717925833088 77.8 685
1717925843123 77.8 686
1717925853156 77.8 687
1717925863211 77.8 688
1717925873296 77.8 689
1717925883384 77.8 690
1717925893414 77.8 691
1717925903506 77.8 692
1717925913551 77.8 693
1717925923579 77.8 694
1717925933665 77.8 695
1717925943715 77.8 696
1717925953761 77.8 697
1717925963852 77.8 698
1717925973881 77.8 699
1717925983923 77.8 700
1717925993960 77.8 701
1717926003988 77.8 702
1717926014029 77.8 703
1717926024109 77.8 704
1717926034136 77.8 705
1717926044164 77.8 706
1717926054261 77.8 707
1717926064295 77.8 708
1717926074339 77.8 709
1717926084429 77.8 710
1717926094463 77.8 711
1717926104507 77.9 712
1717926114548 77.9 713
1717926124588 77.9 714
1717926134650 77.9 715
1717926144691 77.9 716
1717926154725 77.9 717
1717926164762 77.9 718
1717926174857 77.9 719
1717926184933 77.9 720
1717926194980 77.9 721
1717926205074 77.9 722
1717926215130 77.9 723
1717926225158 77.9 724
1717926235249 77.9 725
1717926245284 77.9 726
1717926255330 77.9 727
1717926265378 77.9 728
1717926275431 77.9 729
1717926285465 77.9 730
1717926295521 77.9 731
1717926305563 77.9 732
1717926315618 77.9 733
1717926325665 77.9 734
1717926335716 77.9 735
1717926345758 77.9 736
1717926355853 77.9 737
1717926365906 77.9 738
1717926375943 77.9 739
1717926385989 77.9 740
1717926396046 77.9 741
1717926406089 77.9 742
1717926416154 77.9 743
1717926426197 77.9 744
1717926436252 77.9 745
1717926446287 77.9 746
1717926456324 77.9 747
1717926466368 77.9 748
1717926476464 77.9 749
1717926486519 77.9 750
1717926496564 77.9 751
1717926506614 77.9 752
1717926516652 77.9 753
1717926526697 77.9 754
1717926536747 77.9 755
1717926546782 77.9 756
1717926556836 77.9 757
1717926566886 77.9 758
1717926576942 77.9 759
1717926586986 77.9 760
1717926597103 77.9 761
1717926607199 77.9 762
1717926617250 77.9 763
1717926627298 77.9 764
1717926637386 77.9 765
1717926647428 77.9 766
1717926657473 78.1 767
1717926667519 78.1 768
1717926677555 78.1 769
1717926687596 78.1 770
1717926697641 78.1 771
1717926707676 78.1 772
1717926717718 78.1 773
1717926727805 78.1 774
1717926737835 78.1 775
1717926747885 78.1 776
1717926757974 78.1 777
1717926768016 78.1 778
1717926778051 78.1 779
1717926788127 78.1 780
1717926798177 78.1 781
1717926808224 78.1 782
1717926818335 78.1 783
1717926828384 78.1 784
1717926838427 78.1 785
1717926848465 78.1 786
1717926858508 78.1 787
1717926868542 78.1 788
1717926878631 78.1 789
1717926888674 78.1 790
1717926898720 78.1 791
1717926909006 78.1 792
1717926919110 78.1 793
1717926929152 78.1 794
1717926939186 78.1 795
1717926949235 78.1 796
1717926959279 78.1 797
1717926969314 78.1 798
1717926979373 78.1 799
1717926989409 78.1 800
1717926999447 78.1 801
1717927009486 78.1 802
1717927019531 78.1 803
1717927029617 78.1 804
1717927039668 78.1 805
1717927049704 78.1 806
1717927059746 78.1 807
1717927069783 78.1 808
1717927079825 78.1 809
1717927089865 78.1 810
1717927099923 78.1 811
1717927109956 78.1 812
1717927119999 78.1 813
1717927130044 78.1 814
1717927140084 78.1 815
1717927150117 78.1 816
1717927160160 78.1 817
1717927170209 78.1 818
1717927180316 78.1 819
1717927190376 78.1 820
1717927200415 78.1 821
1717927210467 78.2 822
1717927220498 78.2 823
1717927230533 78.2 824
1717927240605 78.2 825
1717927250641 78.2 826
1717927260701 78.2 827
1717927270733 78.2 828
1717927280777 78.2 829
1717927290807 78.2 830
1717927300848 78.2 831
1717927310888 78.2 832
1717927320919 78.2 833
1717927330961 78.2 834
1717927340999 78.2 835
1717927351029 78.2 836
1717927361063 78.2 837
1717927371115 78.2 838
1717927381177 78.2 839
1717927391242 78.2 840
1717927401293 78.2 841
1717927411334 78.2 842
1717927421386 78.2 843
1717927431417 78.2 844
1717927441447 78.2 845
1717927451533 78.2 846
1717927461570 78.2 847
1717927471605 78.2 848
1717927481647 78.2 849
1717927491685 78.2 850
1717927501733 78.2 851
1717927511803 78.2 852
1717927521855 78.2 853
1717927531907 78.2 854
1717927541957 78.2 855
1717927551990 78.2 856
1717927562021 78.2 857
1717927572054 78.2 858
1717927582099 78.2 859
1717927592132 78.2 860
1717927602169 78.2 861
1717927612200 78.2 862
1717927622245 78.2 863
1717927632279 78.2 864
1717927642367 78.2 865
1717927652410 78.2 866
1717927662467 78.2 867
1717927672519 78.2 868
1717927682556 78.2 869
1717927692649 78.2 870
1717927702710 78.2 871
1717927712748 78.2 872
1717927722789 78.2 873
1717927732822 78.2 874
1717927742920 78.2 875
1717927753108 78.2 876
1717927763140 78.4 877
1717927773211 78.4 878
1717927783243 78.4 879
1717927793278 78.4 880
1717927803310 78.4 881
1717927813342 78.4 882
1717927823384 78.4 883
1717927833417 78.4 884
1717927843448 78.4 885
1717927853498 78.4 886
1717927863535 78.4 887
1717927873579 78.4 888
1717927883620 78.4 889
1717927893658 78.4 890
1717927903718 78.4 891
1717927913768 78.4 892
1717927923806 78.4 893
1717927933855 78.4 894
1717927943944 78.4 895
1717927953981 78.4 896
1717927964014 78.4 897
1717927974129 78.4 898
1717927984166 78.4 899
1717927994198 78.4 900
1717928004282 78.4 901
1717928014323 78.4 902
1717928024550 78.4 903
1717928034638 78.4 904
1717928044677 78.4 905
1717928054718 78.4 906
1717928064844 78.4 907
1717928074883 78.4 908
1717928084924 78.4 909
1717928095008 78.4 910
1717928105046 78.4 911
1717928115087 78.4 912
1717928125172 78.4 913
1717928135219 78.4 914
1717928145259 78.4 915
1717928155302 78.4 916
1717928165346 78.4 917
1717928175449 78.4 918
1717928185558 78.4 919
1717928195611 78.4 920
1717928205650 78.4 921
1717928215745 78.4 922
1717928225802 78.4 923
1717928235843 78.4 924
1717928245943 78.4 925
1717928255984 78.4 926
1717928266039 78.4 927
1717928276078 78.4 928
1717928286127 78.4 929
1717928296173 78.4 930
1717928306782 78.4 931
1717928316820 78.5 932
1717928326857 78.5 933
1717928336890 78.5 934
1717928346923 78.5 935
1717928356961 78.5 936
1717928366994 78.5 937
1717928377028 78.5 938
1717928387070 78.5 939
1717928397103 78.5 940
1717928407155 78.5 941
1717928417188 78.5 942
1717928427235 78.5 943
1717928437337 78.5 944
1717928447408 78.5 945
1717928457442 78.5 946
1717928467487 78.5 947
1717928477529 78.5 948
1717928487569 78.5 949
1717928497662 78.5 950
1717928507729 78.5 951
1717928517769 78.5 952
1717928527812 78.5 953
1717928537844 78.5 954
1717928547877 78.5 955
1717928557929 78.5 956
1717928567967 78.5 957
1717928578008 78.5 958
1717928588049 78.5 959
1717928598091 78.5 960
1717928608129 78.5 961
1717928618179 78.5 962
1717928628225 78.5 963
1717928638258 78.5 964
1717928648354 78.5 965
1717928658405 78.5 966
1717928668463 78.5 967
1717928678558 78.5 968
1717928688608 78.5 969
1717928698648 78.5 970
1717928708691 78.5 971
1717928718732 78.5 972
1717928728766 78.5 973
1717928738857 78.5 974
1717928748897 78.5 975
1717928758930 78.5 976
1717928769038 78.5 977
1717928779077 78.5 978
1717928789117 78.5 979
1717928799157 78.5 980
1717928809257 78.5 981
1717928819294 78.5 982
1717928829331 78.5 983
1717928839364 78.5 984
1717928849414 78.5 985
1717928859464 78.5 986
1717928869502 78.5 987
1717928879536 78.5 988
1717928889587 78.7 989
1717928899628 78.7 990
1717928909664 78.7 991
1717928919699 78.7 992
1717928929744 78.7 993
1717928939784 78.7 994
1717928949824 78.7 995
1717928959858 78.7 996
1717928969905 78.7 997
1717928979993 78.7 998
1717928990040 78.7 999
1717929000124 78.7 1000
1717929010159 78.6 1001
1717929020205 78.7 1002
1717929030256 78.7 1003
1717929040295 78.7 1004
1717929050356 78.7 1005
1717929060652 78.7 1006
1717929070719 78.7 1007
1717929080761 78.7 1008
1717929090802 78.7 1009
1717929100842 78.7 1010
1717929110900 78.7 1011
1717929120942 78.7 1012
1717929130985 78.7 1013
1717929141029 78.7 1014
1717929151087 78.7 1015
1717929161131 78.7 1016
1717929171173 78.7 1017
1717929181273 78.7 1018
1717929191318 78.7 1019
1717929201358 78.7 1020
1717929211429 78.7 1021
1717929221480 78.7 1022
1717929231523 78.7 1023
1717929241569 78.7 1024
1717929251608 78.7 1025
1717929261660 78.7 1026
1717929271714 78.7 1027
1717929281753 78.7 1028
1717929291805 78.7 1029
1717929301846 78.7 1030
1717929311881 78.7 1031
1717929321924 78.7 1032
1717929331972 78.7 1033
1717929342090 78.7 1034
1717929352130 78.7 1035
1717929362175 78.7 1036
1717929372214 78.7 1037
1717929382324 78.7 1038
1717929392368 78.7 1039
1717929402421 78.7 1040
1717929412527 78.7 1041
1717929422575 78.7 1042
1717929432613 78.7 1043
1717929442706 78.7 1044
1717929452779 78.7 1045
1717929462840 78.7 1046
1717929472897 78.7 1047
1717929482948 78.7 1048
