1717918947319 709873.9 0
1717918957341 709875.0 1
1717918967352 709875.1 2
1717918977371 709875.2 3
1717918987386 709875.2 4
1717918997402 709875.2 5
1717919007414 709875.2 6
1717919017427 709875.2 7
1717919027447 709875.2 8
1717919037462 709875.2 9
1717919047478 709875.2 10
1717919057501 709875.2 11
1717919067515 709875.2 12
1717919077533 709875.2 13
1717919087546 709875.2 14
1717919097567 709875.2 15
1717919107589 709875.2 16
1717919117604 709875.2 17
1717919127631 709875.2 18
1717919137644 709875.3 19
1717919147657 709875.3 20
1717919157671 709875.3 21
1717919167684 709875.3 22
1717919177695 709875.3 23
1717919187707 709875.3 24
1717919197723 709875.3 25
1717919207743 709875.3 26
1717919217769 709875.3 27
1717919227792 709875.3 28
1717919237806 709875.3 29
1717919247818 709875.3 30
1717919257831 709875.3 31
1717919267848 709875.3 32
1717919277862 709875.3 33
1717919287885 709875.3 34
1717919297948 709875.3 35
1717919307982 709875.3 36
1717919317996 709875.3 37
1717919328009 709875.3 38
1717919338073 709875.3 39
1717919348090 709875.3 40
1717919358104 709875.3 41
1717919368118 709875.3 42
1717919378140 709875.3 43
1717919388163 709875.3 44
1717919398183 709875.3 45
1717919408200 709875.3 46
1717919418227 709875.3 47
1717919428250 709875.3 48
1717919438266 709875.3 49
1717919448288 709875.3 50
1717919458306 709875.3 51
1717919468340 709875.3 52
1717919478364 709875.3 53
1717919489348 709875.3 54
1717919499365 711190.4 55
1717919509382 711190.4 56
1717919519398 711190.4 57
1717919529423 711190.4 58
1717919539437 711190.4 59
1717919549452 711190.4 60
1717919559467 711190.5 61
1717919569481 711190.5 62
1717919579512 711190.5 63
1717919589527 711190.5 64
1717919599546 711190.5 65
1717919609565 711190.5 66
1717919619580 711190.5 67
1717919629595 711190.5 68
1717919639609 711190.5 69
1717919649628 711190.5 70
1717919659672 711190.5 71
1717919669691 711190.5 72
1717919679727 711190.5 73
1717919689745 711190.5 74
1717919699761 711190.5 75
1717919709786 711190.5 76
1717919719811 711190.5 77
1717919729837 711190.5 78
1717919739875 711190.5 79
1717919749900 711190.5 80
1717919759921 711190.5 81
1717919769945 711190.5 82
1717919779990 711190.5 83
1717919790005 711190.5 84
1717919800041 711190.5 85
1717919810058 711190.5 86
1717919820073 711190.5 87
1717919830119 711190.5 88
1717919840134 711190.5 89
1717919850170 711190.5 90
1717919860187 711190.5 91
1717919870212 711190.5 92
1717919880238 711190.5 93
1717919890254 711190.5 94
1717919900270 711190.5 95
1717919910285 711190.5 96
1717919920300 711190.5 97
1717919930316 711190.5 98
1717919940341 711190.5 99
1717919950381 711190.5 100
1717919960397 711190.5 101
1717919970414 711190.5 102
1717919980432 711190.5 103
1717919990457 711190.5 104
1717920000477 711190.5 105
1717920010494 711190.5 106
1717920020519 711190.5 107
1717920030546 711190.5 108
1717920040563 711190.5 109
1717920050577 712505.6 110
1717920060603 712505.6 111
1717920070621 712505.6 112
1717920080645 712505.6 113
1717920090660 712505.6 114
1717920100675 712505.6 115
1717920110693 712505.6 116
1717920120760 712505.6 117
1717920130777 712505.7 118
1717920140834 712505.7 119
1717920150897 712505.7 120
1717920160913 712505.7 121
1717920170983 712505.7 122
1717920181043 712505.7 123
1717920191074 712505.7 124
1717920201146 712505.7 125
1717920211174 712505.7 126
1717920221208 712505.7 127
1717920231274 712505.7 128
1717920241296 712505.7 129
1717920251313 712505.7 130
1717920261368 712505.7 131
1717920271428 712505.7 132
1717920281445 712505.7 133
1717920291463 712505.7 134
1717920301536 712505.7 135
1717920311608 712505.7 136
1717920321628 712505.7 137
1717920331655 712505.7 138
1717920341715 712505.7 139
1717920351732 712505.7 140
1717920361753 712505.7 141
1717920371824 712505.7 142
1717920381841 712505.7 143
1717920391862 712505.7 144
1717920401929 712505.7 145
1717920411947 712505.7 146
1717920422011 712505.7 147
1717920432071 712505.7 148
1717920442141 712505.7 149
1717920452207 712505.7 150
1717920462226 712505.7 151
1717920472298 712505.7 152
1717920482365 712505.7 153
1717920492386 712505.7 154
1717920502407 712505.7 155
1717920512483 712505.7 156
1717920522547 712505.7 157
1717920532624 712505.7 158
1717920542655 712505.7 159
1717920552739 712505.7 160
1717920562812 712505.7 161
1717920572836 712505.7 162
1717920582852 712505.7 163
1717920592914 712505.7 164
1717920602929 713820.8 165
1717920612944 713820.8 166
1717920622962 713820.8 167
1717920632980 713820.8 168
1717920642998 713820.8 169
1717920653022 713820.8 170
1717920663043 713820.8 171
1717920673069 713820.9 172
1717920683087 713820.9 173
1717920693109 713820.9 174
1717920703133 713820.9 175
1717920713153 713820.9 176
1717920723214 713820.9 177
1717920733235 713820.9 178
1717920743264 713820.9 179
1717920753336 713820.9 180
1717920763404 713820.9 181
1717920773428 713820.9 182
1717920783495 713820.9 183
1717920793561 713820.9 184
1717920803635 713820.9 185
1717920813700 713820.9 186
1717920823725 713820.9 187
1717920833790 713820.9 188
1717920843848 713820.9 189
1717920853905 713820.9 190
1717920863924 713820.9 191
1717920873983 713820.9 192
1717920884049 713820.9 193
1717920894121 713820.9 194
1717920904138 713820.9 195
1717920914158 713820.9 196
1717920924220 713820.9 197
1717920934288 713820.9 198
1717920944307 713820.9 199
1717920954325 713820.9 200
1717920964385 713820.9 201
1717920974451 713820.9 202
1717920984521 713820.9 203
1717920994539 713820.9 204
1717921004605 713820.9 205
1717921014673 713820.9 206
1717921024739 713820.9 207
1717921034802 713820.9 208
1717921044821 713820.9 209
1717921054882 713820.9 210
1717921064960 713820.9 211
1717921074981 713820.9 212
1717921085042 713820.9 213
1717921095060 713820.9 214
1717921105086 713820.9 215
1717921115112 713820.9 216
1717921125150 713820.9 217
1717921135237 713820.9 218
1717921145296 713820.9 219
1717921155316 715136.1 220
1717921165347 715136.1 221
1717921175369 715136.1 222
1717921185390 715136.1 223
1717921195414 715136.1 224
1717921205434 715136.1 225
1717921215454 715136.1 226
1717921225473 715136.2 227
1717921235539 715136.2 228
1717921245611 715136.2 229
1717921255691 715136.2 230
1717921265777 715136.2 231
1717921275813 715136.2 232
1717921285894 715136.2 233
1717921295958 715136.2 234
1717921306025 715136.2 235
1717921316048 715136.2 236
1717921326110 715136.2 237
1717921336174 715136.2 238
1717921346248 715136.2 239
1717921356268 715136.2 240
1717921366333 715136.2 241
1717921376401 715136.2 242
1717921386462 715136.2 243
1717921396485 715136.2 244
1717921406504 715136.2 245
1717921416550 715136.2 246
1717921426625 715136.2 247
1717921436704 715136.2 248
1717921446725 715136.2 249
1717921456789 715136.2 250
1717921466856 715136.2 251
1717921476927 715136.2 252
1717921486997 715136.2 253
1717921497046 715136.2 254
1717921507068 715136.2 255
1717921517128 715136.2 256
1717921527149 715136.2 257
1717921537211 715136.2 258
1717921547276 715136.2 259
1717921557349 715136.2 260
1717921567412 715136.2 261
1717921577439 715136.2 262
1717921587523 715136.2 263
1717921597587 715136.2 264
1717921607609 715136.2 265
1717921617686 715136.2 266
1717921627753 715136.2 267
1717921637819 715136.2 268
1717921647899 715136.2 269
1717921657931 715136.2 270
1717921668020 715136.2 271
1717921678105 715136.2 272
1717921688132 715136.2 273
1717921698152 716451.3 274
1717921708178 716451.3 275
1717921718203 716451.3 276
1717921728224 716451.3 277
1717921738260 716451.3 278
1717921748283 716451.3 279
1717921758315 716451.3 280
1717921768335 716451.3 281
1717921778399 716451.4 282
1717921788418 716451.4 283
1717921798489 716451.4 284
1717921808510 716451.4 285
1717921818532 716451.4 286
1717921828616 716451.4 287
1717921838688 716451.4 288
1717921848710 716451.4 289
1717921858742 716451.4 290
1717921868763 716451.4 291
1717921878838 716451.4 292
1717921888869 716451.4 293
1717921898944 716451.4 294
1717921909020 716451.4 295
1717921919084 716451.4 296
1717921929111 716451.4 297
1717921939133 716451.4 298
1717921949208 716451.4 299
1717921959279 716451.4 300
1717921969351 716451.4 301
1717921979372 716451.4 302
1717921989451 716451.4 303
1717921999535 716451.4 304
1717922009605 716451.4 305
1717922019691 716451.4 306
1717922029716 716451.4 307
1717922039788 716451.4 308
1717922049836 716451.4 309
1717922059858 716451.4 310
1717922069928 716451.4 311
1717922080001 716451.4 312
1717922090072 716451.4 313
1717922100141 716451.4 314
1717922110163 716451.4 315
1717922120226 716451.4 316
1717922130282 716451.4 317
1717922140313 716451.4 318
1717922150410 716451.4 319
1717922160492 716451.4 320
1717922170517 716451.4 321
1717922180609 716451.4 322
1717922190633 716451.4 323
1717922200675 716451.4 324
1717922210751 716451.4 325
1717922220833 716451.4 326
1717922230856 716451.4 327
1717922240876 716451.4 328
1717922250902 717766.5 329
1717922260925 717766.5 330
1717922270952 717766.5 331
1717922280980 717766.5 332
1717922291031 717766.6 333
1717922301054 717766.6 334
1717922311103 717766.6 335
1717922321191 717766.6 336
1717922331264 717766.6 337
1717922341297 717766.6 338
1717922351369 717766.6 339
1717922361443 717766.6 340
1717922371527 717766.6 341
1717922381584 717766.6 342
1717922391638 717766.6 343
1717922401742 717766.6 344
1717922411837 717766.6 345
1717922421862 717766.6 346
1717922431941 717766.6 347
1717922442010 717766.6 348
1717922452072 717766.6 349
1717922462102 717766.6 350
1717922472143 717766.6 351
1717922482211 717766.6 352
1717922492235 717766.6 353
1717922502271 717766.6 354
1717922512297 717766.6 355
1717922522382 717766.6 356
1717922532458 717766.6 357
1717922542529 717766.6 358
1717922552598 717766.6 359
1717922562626 717766.6 360
1717922572688 717766.6 361
1717922582757 717766.6 362
1717922592789 717766.6 363
1717922602825 717766.6 364
1717922612852 717766.6 365
1717922622928 717766.6 366
1717922633001 717766.6 367
1717922643027 717766.6 368
1717922653097 717766.6 369
1717922663172 717766.6 370
1717922673241 717766.6 371
1717922683268 717766.6 372
1717922693341 717766.6 373
1717922703373 717766.6 374
1717922713452 717766.6 375
1717922723497 717766.6 376
1717922733530 717766.6 377
1717922743604 717766.7 378
1717922753679 717766.7 379
1717922763706 717766.7 380
1717922773733 717766.7 381
1717922783808 717766.7 382
1717922793879 717766.7 383
1717922803916 719081.7 384
1717922813939 719081.7 385
1717922824274 719081.7 386
1717922834299 719081.7 387
1717922844323 719081.7 388
1717922854347 719081.7 389
1717922864443 719081.7 390
1717922874523 719081.7 391
1717922884607 719081.7 392
1717922894647 719081.7 393
1717922904721 719081.7 394
1717922914804 719081.7 395
1717922924832 719081.7 396
1717922934904 719081.7 397
1717922944990 719081.7 398
1717922955064 719081.7 399
1717922965159 719081.7 400
1717922975193 719081.7 401
1717922985273 719081.7 402
1717922995356 719081.7 403
1717923005403 719081.7 404
1717923015488 719081.7 405
1717923025582 719081.7 406
1717923035666 719081.7 407
1717923045750 719081.7 408
1717923055785 719081.7 409
1717923065853 719081.7 410
1717923075935 719081.7 411
1717923085970 719081.7 412
1717923096005 719081.7 413
1717923106060 719081.7 414
1717923116142 719081.7 415
1717923126225 719081.7 416
1717923136300 719081.7 417
1717923146335 719081.7 418
1717923156423 719081.7 419
1717923166499 719081.7 420
1717923176535 719081.7 421
1717923186564 719081.7 422
1717923196653 719081.7 423
1717923206732 719081.7 424
1717923216808 719081.7 425
1717923226845 719081.7 426
1717923236928 719081.7 427
1717923247016 719081.7 428
1717923257109 719081.7 429
1717923267192 719081.7 430
1717923277235 719081.7 431
1717923287291 719081.7 432
1717923297369 719081.7 433
1717923307393 719081.7 434
1717923317479 719081.7 435
1717923327535 719081.7 436
1717923337563 719081.7 437
1717923347601 720396.8 438
1717923357656 720396.8 439
1717923367690 720396.8 440
1717923377712 720396.8 441
1717923387734 720396.8 442
1717923397771 720396.8 443
1717923407792 720396.8 444
1717923417858 720396.8 445
1717923427881 720396.8 446
1717923437959 720396.8 447
1717923448028 720396.8 448
1717923458121 720396.8 449
1717923468212 720396.8 450
1717923478297 720396.8 451
1717923488376 720396.8 452
1717923498472 720396.8 453
1717923508528 720396.8 454
1717923518561 720396.8 455
1717923528594 720396.8 456
1717923538686 720396.8 457
1717923548772 720396.8 458
1717923558852 720396.8 459
1717923568943 720396.8 460
1717923579027 720396.8 461
1717923589052 720396.8 462
1717923599153 720396.8 463
1717923609232 720396.8 464
1717923619305 720396.8 465
1717923629387 720396.8 466
1717923639414 720396.8 467
1717923649490 720396.8 468
1717923659556 720396.8 469
1717923669642 720396.8 470
1717923679672 720396.8 471
1717923689709 720396.8 472
1717923699810 720396.8 473
1717923709901 720396.8 474
1717923719947 720396.8 475
1717923730018 720396.8 476
1717923740089 720396.8 477
1717923750164 720396.8 478
1717923760194 720396.8 479
1717923770224 720396.8 480
1717923780310 720396.8 481
1717923790386 720396.8 482
1717923800461 720396.8 483
1717923810487 720396.8 484
1717923820575 720396.8 485
1717923830651 720396.8 486
1717923840737 720396.8 487
1717923850813 720396.8 488
1717923860846 720396.8 489
1717923870871 720396.8 490
1717923880959 720396.8 491
1717923891032 720396.8 492
1717923901068 721711.9 493
1717923911097 721711.9 494
1717923921120 721711.9 495
1717923931144 721711.9 496
1717923941171 721711.9 497
1717923951194 721711.9 498
1717923961221 721711.9 499
1717923971263 721711.9 500
1717923981334 721711.9 501
1717923991421 721711.9 502
1717924001496 721711.9 503
1717924011522 721711.9 504
1717924021608 721711.9 505
1717924031686 721711.9 506
1717924041773 721711.9 507
1717924051847 721711.9 508
1717924061903 721711.9 509
1717924071972 721711.9 510
1717924082054 721711.9 511
1717924092082 721711.9 512
1717924102133 721711.9 513
1717924112208 721711.9 514
1717924122281 721711.9 515
1717924132356 721711.9 516
1717924142438 721711.9 517
1717924152511 721711.9 518
1717924162597 721711.9 519
1717924172631 721711.9 520
1717924182712 721711.9 521
1717924192788 721711.9 522
1717924202869 721711.9 523
1717924212952 721711.9 524
1717924222995 721711.9 525
1717924233025 721711.9 526
1717924243102 721711.9 527
1717924253138 721711.9 528
1717924263231 721711.9 529
1717924273318 721711.9 530
1717924283360 721711.9 531
1717924293398 721711.9 532
1717924303434 721711.9 533
1717924313523 721711.9 534
1717924323601 721711.9 535
1717924333680 721711.9 536
1717924343722 721711.9 537
1717924353757 721711.9 538
1717924363789 721711.9 539
1717924373821 721711.9 540
1717924383902 721711.9 541
1717924393935 721711.9 542
1717924403966 721711.9 543
1717924413998 721711.9 544
1717924424091 721711.9 545
1717924435253 721711.9 546
1717924445281 723027.0 547
1717924455312 723027.0 548
1717924465347 723027.0 549
1717924475383 723027.0 550
1717924485413 723027.0 551
1717924495444 723027.0 552
1717924505480 723027.0 553
1717924515573 723027.0 554
1717924525650 723027.0 555
1717924535725 723027.0 556
1717924545827 723027.0 557
1717924555862 723027.0 558
1717924565943 723027.0 559
1717924576022 723027.0 560
1717924586101 723027.0 561
1717924596144 723027.0 562
1717924606181 723027.0 563
1717924616262 723027.0 564
1717924626348 723027.0 565
1717924636385 723027.0 566
1717924646493 723027.0 567
1717924656571 723027.0 568
1717924666646 723027.0 569
1717924676734 723027.0 570
1717924686777 723027.0 571
1717924696875 723027.0 572
1717924706967 723027.0 573
1717924717051 723027.0 574
1717924727102 723027.0 575
1717924737197 723027.0 576
1717924747277 723027.0 577
1717924757364 723027.0 578
1717924767454 723027.0 579
1717924777497 723027.0 580
1717924787597 723027.0 581
1717924797697 723027.0 582
1717924807739 723027.0 583
1717924817775 723027.0 584
1717924827843 723027.0 585
1717924837957 723027.0 586
1717924848046 723027.0 587
1717924858087 723027.0 588
1717924868170 723027.0 589
1717924878250 723027.0 590
1717924888341 723027.0 591
1717924898413 723027.0 592
1717924908449 723027.0 593
1717924918508 723027.0 594
1717924928606 723027.0 595
1717924938651 723027.0 596
1717924948686 723027.0 597
1717924958788 723027.0 598
1717924968889 723027.0 599
1717924978992 723027.0 600
1717924989217 723027.0 601
1717924999242 724342.1 602
1717925009275 724342.1 603
1717925019315 724342.1 604
1717925029346 724342.1 605
1717925039371 724342.1 606
1717925049415 724342.1 607
1717925059462 724342.1 608
1717925069496 724342.1 609
1717925079572 724342.1 610
1717925089608 724342.1 611
1717925099642 724342.1 612
1717925109727 724342.1 613
1717925119812 724342.1 614
1717925129858 724342.1 615
1717925139887 724342.3 616
1717925149918 724342.1 617
1717925159998 724342.1 618
1717925170093 724342.1 619
1717925180173 724342.1 620
1717925190237 724342.1 621
1717925200319 724342.1 622
1717925210400 724342.1 623
1717925220435 724342.1 624
1717925230513 724342.1 625
1717925240610 724342.1 626
1717925250695 724342.1 627
1717925260729 724342.1 628
1717925270759 724342.1 629
1717925280801 724342.1 630
1717925290839 724342.1 631
1717925300873 724342.1 632
1717925310910 724342.1 633
1717925320953 724342.2 634
1717925330983 724342.2 635
1717925341041 724342.2 636
1717925351076 724373.3 637
1717925361116 724402.5 638
1717925371144 724365.8 639
1717925381198 724396.5 640
1717925391241 724362.2 641
1717925401279 724365.7 642
1717925411364 724368.8 643
1717925421407 724398.0 644
1717925431437 724424.3 645
1717925441483 724460.0 646
1717925451514 724453.5 647
1717925461557 724457.4 648
1717925471594 724457.5 649
1717925481639 724457.5 650
1717925491671 724457.6 651
1717925501721 724457.7 652
1717925511755 724457.7 653
1717925521794 724457.7 654
1717925531849 724457.7 655
1717925541882 724457.7 656
1717925551923 725772.7 657
1717925561950 725772.7 658
1717925571989 725772.8 659
1717925582028 725772.8 660
1717925592061 725772.8 661
1717925602092 725772.8 662
1717925612136 725772.8 663
1717925622183 725772.8 664
1717925632227 725772.8 665
1717925642268 725772.8 666
1717925652319 725772.8 667
1717925662352 725772.8 668
1717925672396 725772.8 669
1717925682428 725772.8 670
1717925692462 725772.8 671
1717925702494 725772.8 672
1717925712555 725772.8 673
1717925722601 725772.8 674
1717925732639 725772.8 675
1717925742678 725772.8 676
1717925752715 725772.8 677
1717925762794 725772.8 678
1717925772824 725772.8 679
1717925782863 725772.8 680
1717925792897 725772.8 681
1717925802954 725772.8 682
1717925812998 725772.8 683
1717925823042 725772.8 684
1717925833088 725772.8 685
1717925843123 725772.8 686
1717925853156 725772.9 687
1717925863211 725772.8 688
1717925873296 725772.9 689
1717925883384 725772.9 690
1717925893414 725772.9 691
1717925903506 725772.9 692
1717925913551 725772.9 693
1717925923579 725772.9 694
1717925933665 725772.9 695
1717925943715 725772.9 696
1717925953761 725772.9 697
1717925963852 725772.9 698
1717925973881 725772.9 699
1717925983923 725772.9 700
1717925993960 725772.8 701
1717926003988 725772.8 702
1717926014029 725772.9 703
1717926024109 725772.9 704
1717926034136 725772.9 705
1717926044164 725772.9 706
1717926054261 725772.9 707
1717926064295 725772.9 708
1717926074339 725772.9 709
1717926084429 725772.9 710
1717926094463 725772.9 711
1717926104507 727088.0 712
1717926114548 727088.0 713
1717926124588 727088.0 714
1717926134650 727088.0 715
1717926144691 727088.0 716
1717926154725 727088.0 717
1717926164762 727088.0 718
1717926174857 727088.0 719
1717926184933 727088.0 720
1717926194980 727088.0 721
1717926205074 727088.0 722
1717926215130 727088.1 723
1717926225158 727088.1 724
1717926235249 727088.1 725
1717926245284 727088.1 726
1717926255330 727088.1 727
1717926265378 727088.1 728
1717926275431 727088.1 729
1717926285465 727088.1 730
1717926295521 727088.1 731
1717926305563 727088.1 732
1717926315618 727088.1 733
1717926325665 727088.1 734
1717926335716 727088.1 735
1717926345758 727088.1 736
1717926355853 727088.1 737
1717926365906 727088.1 738
1717926375943 727088.1 739
1717926385989 727088.1 740
1717926396046 727088.1 741
1717926406089 727088.1 742
1717926416154 727088.1 743
1717926426197 727088.1 744
1717926436252 727088.1 745
1717926446287 727088.1 746
1717926456324 727088.1 747
1717926466368 727088.1 748
1717926476464 727088.1 749
1717926486519 727088.1 750
1717926496564 727088.1 751
1717926506614 727088.1 752
1717926516652 727088.1 753
1717926526697 727088.1 754
1717926536747 727088.2 755
1717926546782 727088.2 756
1717926556836 727088.2 757
1717926566886 727088.2 758
1717926576942 727088.2 759
1717926586986 727088.2 760
1717926597103 727088.1 761
1717926607199 727088.2 762
1717926617250 727088.2 763
1717926627298 727088.2 764
1717926637386 727088.2 765
1717926647428 727088.2 766
1717926657473 728403.3 767
1717926667519 728403.3 768
1717926677555 728403.3 769
1717926687596 728403.3 770
1717926697641 728403.3 771
1717926707676 728403.3 772
1717926717718 728403.3 773
1717926727805 728403.3 774
1717926737835 728403.3 775
1717926747885 728403.3 776
1717926757974 728403.3 777
1717926768016 728403.3 778
1717926778051 728403.3 779
1717926788127 728403.3 780
1717926798177 728403.3 781
1717926808224 728403.3 782
1717926818335 728403.3 783
1717926828384 728403.3 784
1717926838427 728403.3 785
1717926848465 728403.3 786
1717926858508 728403.3 787
1717926868542 728403.3 788
1717926878631 728403.3 789
1717926888674 728403.3 790
1717926898720 728403.3 791
1717926909006 728403.3 792
1717926919110 728403.3 793
1717926929152 728403.3 794
1717926939186 728403.3 795
1717926949235 728403.3 796
1717926959279 728403.3 797
1717926969314 728403.3 798
1717926979373 728403.3 799
1717926989409 728403.3 800
1717926999447 728403.3 801
1717927009486 728403.3 802
1717927019531 728403.3 803
1717927029617 728403.3 804
1717927039668 728403.3 805
1717927049704 728403.4 806
1717927059746 728403.4 807
1717927069783 728403.4 808
1717927079825 728403.4 809
1717927089865 728403.4 810
1717927099923 728403.4 811
1717927109956 728403.4 812
1717927119999 728403.4 813
1717927130044 728403.4 814
1717927140084 728403.4 815
1717927150117 728403.4 816
1717927160160 728403.4 817
1717927170209 728403.4 818
1717927180316 728403.4 819
1717927190376 728403.4 820
1717927200415 728403.4 821
1717927210467 729718.5 822
1717927220498 729718.5 823
1717927230533 729718.5 824
1717927240605 729718.5 825
1717927250641 729718.5 826
1717927260701 729718.5 827
1717927270733 729718.5 828
1717927280777 729718.5 829
1717927290807 729718.5 830
1717927300848 729718.5 831
1717927310888 729718.5 832
1717927320919 729718.5 833
1717927330961 729718.5 834
1717927340999 729718.5 835
1717927351029 729718.5 836
1717927361063 729718.5 837
1717927371115 729718.5 838
1717927381177 729718.5 839
1717927391242 729718.5 840
1717927401293 729718.5 841
1717927411334 729718.5 842
1717927421386 729718.5 843
1717927431417 729718.5 844
1717927441447 729718.5 845
1717927451533 729718.5 846
1717927461570 729718.5 847
1717927471605 729718.5 848
1717927481647 729718.5 849
1717927491685 729718.5 850
1717927501733 729718.5 851
1717927511803 729718.5 852
1717927521855 729718.5 853
1717927531907 729718.5 854
1717927541957 729718.5 855
1717927551990 729718.5 856
1717927562021 729718.5 857
1717927572054 729718.5 858
1717927582099 729718.5 859
1717927592132 729718.5 860
1717927602169 729718.5 861
1717927612200 729718.5 862
1717927622245 729718.5 863
1717927632279 729718.5 864
1717927642367 729718.5 865
1717927652410 729718.5 866
1717927662467 729718.5 867
1717927672519 729718.5 868
1717927682556 729718.5 869
1717927692649 729718.5 870
1717927702710 729718.6 871
1717927712748 729718.6 872
1717927722789 729718.6 873
1717927732822 729718.6 874
1717927742920 729718.6 875
1717927753108 729718.6 876
1717927763140 731033.7 877
1717927773211 731033.7 878
1717927783243 731033.7 879
1717927793278 731033.7 880
1717927803310 731033.7 881
1717927813342 731033.7 882
1717927823384 731033.7 883
1717927833417 731033.7 884
1717927843448 731033.7 885
1717927853498 731033.7 886
1717927863535 731033.7 887
1717927873579 731033.7 888
1717927883620 731033.7 889
1717927893658 731033.7 890
1717927903718 731033.7 891
1717927913768 731033.8 892
1717927923806 731033.8 893
1717927933855 731033.0 894
1717927943944 731033.0 895
1717927953981 731033.0 896
1717927964014 731033.0 897
1717927974129 731033.0 898
1717927984166 731033.0 899
1717927994198 731033.0 900
1717928004282 731033.0 901
1717928014323 731033.0 902
1717928024550 731033.0 903
1717928034638 731033.0 904
1717928044677 731033.0 905
1717928054718 731033.0 906
1717928064844 731033.0 907
1717928074883 731033.0 908
1717928084924 731033.0 909
1717928095008 731033.0 910
1717928105046 731033.0 911
1717928115087 731033.0 912
1717928125172 731033.0 913
1717928135219 731033.0 914
1717928145259 731033.0 915
1717928155302 731033.0 916
1717928165346 731033.0 917
1717928175449 731033.0 918
1717928185558 731033.0 919
1717928195611 731033.1 920
1717928205650 731033.1 921
1717928215745 731033.0 922
1717928225802 731033.0 923
1717928235843 731033.0 924
1717928245943 731033.1 925
1717928255984 731033.1 926
1717928266039 731033.1 927
1717928276078 731033.1 928
1717928286127 731033.1 929
1717928296173 731033.1 930
1717928306782 731033.1 931
1717928316820 732348.2 932
1717928326857 732348.2 933
1717928336890 732348.2 934
1717928346923 732348.2 935
1717928356961 732348.2 936
1717928366994 732348.2 937
1717928377028 732348.2 938
1717928387070 732348.2 939
1717928397103 732348.2 940
1717928407155 732348.2 941
1717928417188 732348.2 942
1717928427235 732348.2 943
1717928437337 732348.2 944
1717928447408 732348.2 945
1717928457442 732352.0 946
1717928467487 732353.0 947
1717928477529 732353.1 948
1717928487569 732353.1 949
1717928497662 732353.1 950
1717928507729 732353.1 951
1717928517769 732353.1 952
1717928527812 732353.1 953
1717928537844 732353.1 954
1717928547877 732353.1 955
1717928557929 732353.1 956
1717928567967 732353.1 957
1717928578008 732353.1 958
1717928588049 732353.1 959
1717928598091 732353.1 960
1717928608129 732353.1 961
1717928618179 732353.1 962
1717928628225 732353.1 963
1717928638258 732353.1 964
1717928648354 732353.1 965
1717928658405 732353.1 966
1717928668463 732353.1 967
1717928678558 732353.1 968
1717928688608 732353.1 969
1717928698648 732358.3 970
1717928708691 732358.5 971
1717928718732 732358.5 972
1717928728766 732358.5 973
1717928738857 732358.5 974
1717928748897 732358.5 975
1717928758930 732358.5 976
1717928769038 732362.1 977
1717928779077 732362.3 978
1717928789117 732362.3 979
1717928799157 732362.4 980
1717928809257 732362.5 981
1717928819294 732362.5 982
1717928829331 732362.5 983
1717928839364 732362.5 984
1717928849414 732362.5 985
1717928859464 732362.5 986
1717928869502 732362.5 987
1717928879536 732360.3 988
1717928889587 733677.4 989
1717928899628 733677.4 990
1717928909664 733679.2 991
1717928919699 733683.1 992
1717928929744 733666.5 993
1717928939784 733667.4 994
1717928949824 733668.2 995
1717928959858 733665.2 996
1717928969905 733667.1 997
1717928979993 733671.4 998
1717928990040 733666.3 999
1717929000124 733671.6 1000
1717929010159 733663.4 1001
1717929020205 733665.0 1002
1717929030256 733665.1 1003
1717929040295 733665.9 1004
1717929050356 733668.1 1005
1717929060652 733668.9 1006
1717929070719 733669.8 1007
1717929080761 733669.3 1008
1717929090802 733670.1 1009
1717929100842 733670.2 1010
1717929110900 733671.0 1011
1717929120942 733672.7 1012
1717929130985 733673.5 1013
1717929141029 733674.4 1014
1717929151087 733674.4 1015
1717929161131 733674.4 1016
1717929171173 733674.4 1017
1717929181273 733674.4 1018
1717929191318 733674.4 1019
1717929201358 733674.4 1020
1717929211429 733674.4 1021
1717929221480 733674.4 1022
1717929231523 733674.5 1023
1717929241569 733674.5 1024
1717929251608 733674.5 1025
1717929261660 733674.5 1026
1717929271714 733674.5 1027
1717929281753 733677.3 1028
1717929291805 733677.3 1029
1717929301846 733677.3 1030
1717929311881 733677.3 1031
1717929321924 733677.3 1032
1717929331972 733677.3 1033
1717929342090 733677.3 1034
1717929352130 733677.3 1035
1717929362175 733677.3 1036
1717929372214 733677.3 1037
1717929382324 733677.3 1038
1717929392368 733677.3 1039
1717929402421 733677.4 1040
1717929412527 733677.4 1041
1717929422575 733677.4 1042
1717929432613 733677.4 1043
1717929442706 733677.4 1044
1717929452779 733677.4 1045
1717929462840 733677.4 1046
1717929472897 733677.4 1047
1717929482948 733677.4 1048
