1717918947319 222946.9 0
1717918957341 222945.8 1
1717918967352 222945.8 2
1717918977371 222945.6 3
1717918987386 222945.6 4
1717918997402 222945.6 5
1717919007414 222945.6 6
1717919017427 222945.6 7
1717919027447 222945.6 8
1717919037462 222945.6 9
1717919047478 222945.6 10
1717919057501 222945.6 11
1717919067515 222945.6 12
1717919077533 222945.6 13
1717919087546 222945.6 14
1717919097567 222945.6 15
1717919107589 222945.6 16
1717919117604 222945.6 17
1717919127631 222945.6 18
1717919137644 222945.5 19
1717919147657 222945.5 20
1717919157671 222945.5 21
1717919167684 222945.5 22
1717919177695 222945.5 23
1717919187707 222945.5 24
1717919197723 222945.5 25
1717919207743 222945.5 26
1717919217769 222945.5 27
1717919227792 222945.5 28
1717919237806 222945.5 29
1717919247818 222945.5 30
1717919257831 222945.5 31
1717919267848 222945.5 32
1717919277862 222945.5 33
1717919287885 222945.5 34
1717919297948 222945.5 35
1717919307982 222945.5 36
1717919317996 222945.5 37
1717919328009 222945.5 38
1717919338073 222945.5 39
1717919348090 222945.5 40
1717919358104 222945.5 41
1717919368118 222945.5 42
1717919378140 222945.5 43
1717919388163 222945.5 44
1717919398183 222945.5 45
1717919408200 222945.5 46
1717919418227 222945.5 47
1717919428250 222945.5 48
1717919438266 222945.5 49
1717919448288 222945.5 50
1717919458306 222945.5 51
1717919468340 222945.5 52
1717919478364 222945.5 53
1717919489348 222945.5 54
1717919499365 221630.4 55
1717919509382 221630.4 56
1717919519398 221630.4 57
1717919529423 221630.4 58
1717919539437 221630.4 59
1717919549452 221630.4 60
1717919559467 221630.4 61
1717919569481 221630.4 62
1717919579512 221630.3 63
1717919589527 221630.3 64
1717919599546 221630.3 65
1717919609565 221630.3 66
1717919619580 221630.3 67
1717919629595 221630.3 68
1717919639609 221630.3 69
1717919649628 221630.3 70
1717919659672 221630.3 71
1717919669691 221630.3 72
1717919679727 221630.3 73
1717919689745 221630.3 74
1717919699761 221630.3 75
1717919709786 221630.3 76
1717919719811 221630.3 77
1717919729837 221630.3 78
1717919739875 221630.3 79
1717919749900 221630.3 80
1717919759921 221630.3 81
1717919769945 221630.3 82
1717919779990 221630.3 83
1717919790005 221630.3 84
1717919800041 221630.3 85
1717919810058 221630.3 86
1717919820073 221630.3 87
1717919830119 221630.3 88
1717919840134 221630.3 89
1717919850170 221630.3 90
1717919860187 221630.3 91
1717919870212 221630.3 92
1717919880238 221630.3 93
1717919890254 221630.3 94
1717919900270 221630.3 95
1717919910285 221630.3 96
1717919920300 221630.3 97
1717919930316 221630.3 98
1717919940341 221630.3 99
1717919950381 221630.3 100
1717919960397 221630.3 101
1717919970414 221630.3 102
1717919980432 221630.3 103
1717919990457 221630.3 104
1717920000477 221630.3 105
1717920010494 221630.3 106
1717920020519 221630.3 107
1717920030546 221630.3 108
1717920040563 221630.3 109
1717920050577 220315.2 110
1717920060603 220315.2 111
1717920070621 220315.2 112
1717920080645 220315.2 113
1717920090660 220315.2 114
1717920100675 220315.2 115
1717920110693 220315.2 116
1717920120760 220315.2 117
1717920130777 220315.1 118
1717920140834 220315.1 119
1717920150897 220315.1 120
1717920160913 220315.1 121
1717920170983 220315.1 122
1717920181043 220315.1 123
1717920191074 220315.1 124
1717920201146 220315.1 125
1717920211174 220315.1 126
1717920221208 220315.1 127
1717920231274 220315.1 128
1717920241296 220315.1 129
1717920251313 220315.1 130
1717920261368 220315.1 131
1717920271428 220315.1 132
1717920281445 220315.1 133
1717920291463 220315.1 134
1717920301536 220315.1 135
1717920311608 220315.1 136
1717920321628 220315.1 137
1717920331655 220315.1 138
1717920341715 220315.1 139
1717920351732 220315.1 140
1717920361753 220315.1 141
1717920371824 220315.1 142
1717920381841 220315.1 143
1717920391862 220315.1 144
1717920401929 220315.1 145
1717920411947 220315.1 146
1717920422011 220315.1 147
1717920432071 220315.1 148
1717920442141 220315.1 149
1717920452207 220315.1 150
1717920462226 220315.1 151
1717920472298 220315.1 152
1717920482365 220315.1 153
1717920492386 220315.1 154
1717920502407 220315.1 155
1717920512483 220315.1 156
1717920522547 220315.1 157
1717920532624 220315.1 158
1717920542655 220315.1 159
1717920552739 220315.1 160
1717920562812 220315.1 161
1717920572836 220315.1 162
1717920582852 220315.1 163
1717920592914 220315.1 164
1717920602929 219000.0 165
1717920612944 219000.0 166
1717920622962 219000.0 167
1717920632980 219000.0 168
1717920642998 219000.0 169
1717920653022 219000.0 170
1717920663043 219000.0 171
1717920673069 218999.9 172
1717920683087 218999.9 173
1717920693109 218999.9 174
1717920703133 218999.9 175
1717920713153 218999.9 176
1717920723214 218999.9 177
1717920733235 218999.9 178
1717920743264 218999.9 179
1717920753336 218999.9 180
1717920763404 218999.9 181
1717920773428 218999.9 182
1717920783495 218999.9 183
1717920793561 218999.9 184
1717920803635 218999.9 185
1717920813700 218999.9 186
1717920823725 218999.9 187
1717920833790 218999.9 188
1717920843848 218999.9 189
1717920853905 218999.9 190
1717920863924 218999.9 191
1717920873983 218999.9 192
1717920884049 218999.9 193
1717920894121 218999.9 194
1717920904138 218999.9 195
1717920914158 218999.9 196
1717920924220 218999.9 197
1717920934288 218999.9 198
1717920944307 218999.9 199
1717920954325 218999.9 200
1717920964385 218999.9 201
1717920974451 218999.9 202
1717920984521 218999.9 203
1717920994539 218999.9 204
1717921004605 218999.9 205
1717921014673 218999.9 206
1717921024739 218999.9 207
1717921034802 218999.9 208
1717921044821 218999.9 209
1717921054882 218999.9 210
1717921064960 218999.9 211
1717921074981 218999.9 212
1717921085042 218999.9 213
1717921095060 218999.9 214
1717921105086 218999.9 215
1717921115112 218999.9 216
1717921125150 218999.9 217
1717921135237 218999.9 218
1717921145296 218999.9 219
1717921155316 217684.7 220
1717921165347 217684.7 221
1717921175369 217684.7 222
1717921185390 217684.7 223
1717921195414 217684.7 224
1717921205434 217684.7 225
1717921215454 217684.7 226
1717921225473 217684.6 227
1717921235539 217684.6 228
1717921245611 217684.6 229
1717921255691 217684.6 230
1717921265777 217684.6 231
1717921275813 217684.6 232
1717921285894 217684.6 233
1717921295958 217684.6 234
1717921306025 217684.6 235
1717921316048 217684.6 236
1717921326110 217684.6 237
1717921336174 217684.6 238
1717921346248 217684.6 239
1717921356268 217684.6 240
1717921366333 217684.6 241
1717921376401 217684.6 242
1717921386462 217684.6 243
1717921396485 217684.6 244
1717921406504 217684.6 245
1717921416550 217684.6 246
1717921426625 217684.6 247
1717921436704 217684.6 248
1717921446725 217684.6 249
1717921456789 217684.6 250
1717921466856 217684.6 251
1717921476927 217684.6 252
1717921486997 217684.6 253
1717921497046 217684.6 254
1717921507068 217684.6 255
1717921517128 217684.6 256
1717921527149 217684.6 257
1717921537211 217684.6 258
1717921547276 217684.6 259
1717921557349 217684.6 260
1717921567412 217684.6 261
1717921577439 217684.6 262
1717921587523 217684.6 263
1717921597587 217684.6 264
1717921607609 217684.6 265
1717921617686 217684.6 266
1717921627753 217684.6 267
1717921637819 217684.6 268
1717921647899 217684.6 269
1717921657931 217684.6 270
1717921668020 217684.6 271
1717921678105 217684.6 272
1717921688132 217684.6 273
1717921698152 216369.5 274
1717921708178 216369.5 275
1717921718203 216369.5 276
1717921728224 216369.5 277
1717921738260 216369.5 278
1717921748283 216369.5 279
1717921758315 216369.5 280
1717921768335 216369.5 281
1717921778399 216369.5 282
1717921788418 216369.4 283
1717921798489 216369.4 284
1717921808510 216369.4 285
1717921818532 216369.4 286
1717921828616 216369.4 287
1717921838688 216369.4 288
1717921848710 216369.4 289
1717921858742 216369.4 290
1717921868763 216369.4 291
1717921878838 216369.4 292
1717921888869 216369.4 293
1717921898944 216369.4 294
1717921909020 216369.4 295
1717921919084 216369.4 296
1717921929111 216369.4 297
1717921939133 216369.4 298
1717921949208 216369.4 299
1717921959279 216369.4 300
1717921969351 216369.4 301
1717921979372 216369.4 302
1717921989451 216369.4 303
1717921999535 216369.4 304
1717922009605 216369.4 305
1717922019691 216369.4 306
1717922029716 216369.4 307
1717922039788 216369.4 308
1717922049836 216369.4 309
1717922059858 216369.4 310
1717922069928 216369.4 311
1717922080001 216369.4 312
1717922090072 216369.4 313
1717922100141 216369.4 314
1717922110163 216369.4 315
1717922120226 216369.4 316
1717922130282 216369.4 317
1717922140313 216369.4 318
1717922150410 216369.4 319
1717922160492 216369.4 320
1717922170517 216369.4 321
1717922180609 216369.4 322
1717922190633 216369.4 323
1717922200675 216369.4 324
1717922210751 216369.4 325
1717922220833 216369.4 326
1717922230856 216369.4 327
1717922240876 216369.4 328
1717922250902 215054.3 329
1717922260925 215054.3 330
1717922270952 215054.3 331
1717922280980 215054.3 332
1717922291031 215054.3 333
1717922301054 215054.3 334
1717922311103 215054.3 335
1717922321191 215054.2 336
1717922331264 215054.2 337
1717922341297 215054.2 338
1717922351369 215054.2 339
1717922361443 215054.2 340
1717922371527 215054.2 341
1717922381584 215054.2 342
1717922391638 215054.2 343
1717922401742 215054.2 344
1717922411837 215054.2 345
1717922421862 215054.2 346
1717922431941 215054.2 347
1717922442010 215054.2 348
1717922452072 215054.2 349
1717922462102 215054.2 350
1717922472143 215054.2 351
1717922482211 215054.2 352
1717922492235 215054.2 353
1717922502271 215054.2 354
1717922512297 215054.2 355
1717922522382 215054.2 356
1717922532458 215054.2 357
1717922542529 215054.2 358
1717922552598 215054.2 359
1717922562626 215054.2 360
1717922572688 215054.2 361
1717922582757 215054.2 362
1717922592789 215054.2 363
1717922602825 215054.2 364
1717922612852 215054.2 365
1717922622928 215054.2 366
1717922633001 215054.2 367
1717922643027 215054.2 368
1717922653097 215054.2 369
1717922663172 215054.2 370
1717922673241 215054.2 371
1717922683268 215054.2 372
1717922693341 215054.2 373
1717922703373 215054.2 374
1717922713452 215054.2 375
1717922723497 215054.2 376
1717922733530 215054.2 377
1717922743604 215054.2 378
1717922753679 215054.2 379
1717922763706 215054.2 380
1717922773733 215054.2 381
1717922783808 215054.2 382
1717922793879 215054.2 383
1717922803916 213739.1 384
1717922813939 213739.1 385
1717922824274 213739.1 386
1717922834299 213739.1 387
1717922844323 213739.1 388
1717922854347 213739.1 389
1717922864443 213739.1 390
1717922874523 213739.1 391
1717922884607 213739.1 392
1717922894647 213739.1 393
1717922904721 213739.1 394
1717922914804 213739.1 395
1717922924832 213739.1 396
1717922934904 213739.1 397
1717922944990 213739.1 398
1717922955064 213739.1 399
1717922965159 213739.1 400
1717922975193 213739.1 401
1717922985273 213739.1 402
1717922995356 213739.1 403
1717923005403 213739.1 404
1717923015488 213739.1 405
1717923025582 213739.1 406
1717923035666 213739.1 407
1717923045750 213739.1 408
1717923055785 213739.1 409
1717923065853 213739.1 410
1717923075935 213739.1 411
1717923085970 213739.1 412
1717923096005 213739.1 413
1717923106060 213739.1 414
1717923116142 213739.1 415
1717923126225 213739.1 416
1717923136300 213739.1 417
1717923146335 213739.1 418
1717923156423 213739.1 419
1717923166499 213739.1 420
1717923176535 213739.1 421
1717923186564 213739.1 422
1717923196653 213739.1 423
1717923206732 213739.1 424
1717923216808 213739.1 425
1717923226845 213739.1 426
1717923236928 213739.1 427
1717923247016 213739.1 428
1717923257109 213739.1 429
1717923267192 213739.1 430
1717923277235 213739.1 431
1717923287291 213739.1 432
1717923297369 213739.1 433
1717923307393 213739.1 434
1717923317479 213739.1 435
1717923327535 213739.1 436
1717923337563 213739.1 437
1717923347601 212424.0 438
1717923357656 212424.0 439
1717923367690 212424.0 440
1717923377712 212424.0 441
1717923387734 212424.0 442
1717923397771 212424.0 443
1717923407792 212424.0 444
1717923417858 212424.0 445
1717923427881 212424.0 446
1717923437959 212424.0 447
1717923448028 212424.0 448
1717923458121 212424.0 449
1717923468212 212424.0 450
1717923478297 212424.0 451
1717923488376 212424.0 452
1717923498472 212424.0 453
1717923508528 212424.0 454
1717923518561 212424.0 455
1717923528594 212424.0 456
1717923538686 212424.0 457
1717923548772 212424.0 458
1717923558852 212424.0 459
1717923568943 212424.0 460
1717923579027 212424.0 461
1717923589052 212424.0 462
1717923599153 212424.0 463
1717923609232 212424.0 464
1717923619305 212424.0 465
1717923629387 212424.0 466
1717923639414 212424.0 467
1717923649490 212424.0 468
1717923659556 212424.0 469
1717923669642 212424.0 470
1717923679672 212424.0 471
1717923689709 212424.0 472
1717923699810 212424.0 473
1717923709901 212424.0 474
1717923719947 212424.0 475
1717923730018 212424.0 476
1717923740089 212424.0 477
1717923750164 212424.0 478
1717923760194 212424.0 479
1717923770224 212424.0 480
1717923780310 212424.0 481
1717923790386 212424.0 482
1717923800461 212424.0 483
1717923810487 212424.0 484
1717923820575 212424.0 485
1717923830651 212424.0 486
1717923840737 212424.0 487
1717923850813 212424.0 488
1717923860846 212424.0 489
1717923870871 212424.0 490
1717923880959 212424.0 491
1717923891032 212424.0 492
1717923901068 211108.9 493
1717923911097 211108.9 494
1717923921120 211108.9 495
1717923931144 211108.9 496
1717923941171 211108.9 497
1717923951194 211108.9 498
1717923961221 211108.9 499
1717923971263 211108.9 500
1717923981334 211108.9 501
1717923991421 211108.9 502
1717924001496 211108.9 503
1717924011522 211108.9 504
1717924021608 211108.9 505
1717924031686 211108.9 506
1717924041773 211108.9 507
1717924051847 211108.9 508
1717924061903 211108.9 509
1717924071972 211108.9 510
1717924082054 211108.9 511
1717924092082 211108.9 512
1717924102133 211108.9 513
1717924112208 211108.9 514
1717924122281 211108.9 515
1717924132356 211108.9 516
1717924142438 211108.9 517
1717924152511 211108.9 518
1717924162597 211108.9 519
1717924172631 211108.9 520
1717924182712 211108.9 521
1717924192788 211108.9 522
1717924202869 211108.9 523
1717924212952 211108.9 524
1717924222995 211108.9 525
1717924233025 211108.9 526
1717924243102 211108.9 527
1717924253138 211108.9 528
1717924263231 211108.9 529
1717924273318 211108.9 530
1717924283360 211108.9 531
1717924293398 211108.9 532
1717924303434 211108.9 533
1717924313523 211108.9 534
1717924323601 211108.9 535
1717924333680 211108.9 536
1717924343722 211108.9 537
1717924353757 211108.9 538
1717924363789 211108.9 539
1717924373821 211108.9 540
1717924383902 211108.9 541
1717924393935 211108.9 542
1717924403966 211108.9 543
1717924413998 211108.9 544
1717924424091 211108.9 545
1717924435253 211108.9 546
1717924445281 209793.8 547
1717924455312 209793.8 548
1717924465347 209793.8 549
1717924475383 209793.8 550
1717924485413 209793.8 551
1717924495444 209793.8 552
1717924505480 209793.8 553
1717924515573 209793.8 554
1717924525650 209793.8 555
1717924535725 209793.8 556
1717924545827 209793.8 557
1717924555862 209793.8 558
1717924565943 209793.8 559
1717924576022 209793.8 560
1717924586101 209793.8 561
1717924596144 209793.8 562
1717924606181 209793.8 563
1717924616262 209793.8 564
1717924626348 209793.8 565
1717924636385 209793.8 566
1717924646493 209793.8 567
1717924656571 209793.8 568
1717924666646 209793.8 569
1717924676734 209793.8 570
1717924686777 209793.8 571
1717924696875 209793.8 572
1717924706967 209793.8 573
1717924717051 209793.8 574
1717924727102 209793.8 575
1717924737197 209793.8 576
1717924747277 209793.8 577
1717924757364 209793.8 578
1717924767454 209793.8 579
1717924777497 209793.8 580
1717924787597 209793.8 581
1717924797697 209793.8 582
1717924807739 209793.8 583
1717924817775 209793.8 584
1717924827843 209793.8 585
1717924837957 209793.8 586
1717924848046 209793.8 587
1717924858087 209793.8 588
1717924868170 209793.8 589
1717924878250 209793.8 590
1717924888341 209793.8 591
1717924898413 209793.8 592
1717924908449 209793.8 593
1717924918508 209793.8 594
1717924928606 209793.8 595
1717924938651 209793.8 596
1717924948686 209793.8 597
1717924958788 209793.8 598
1717924968889 209793.8 599
1717924978992 209793.8 600
1717924989217 209793.8 601
1717924999242 208478.7 602
1717925009275 208478.7 603
1717925019315 208478.7 604
1717925029346 208478.7 605
1717925039371 208478.7 606
1717925049415 208478.7 607
1717925059462 208478.7 608
1717925069496 208478.7 609
1717925079572 208478.7 610
1717925089608 208478.7 611
1717925099642 208478.7 612
1717925109727 208478.7 613
1717925119812 208478.7 614
1717925129858 208478.7 615
1717925139887 208478.6 616
1717925149918 208478.7 617
1717925159998 208478.7 618
1717925170093 208478.7 619
1717925180173 208478.7 620
1717925190237 208478.7 621
1717925200319 208478.7 622
1717925210400 208478.7 623
1717925220435 208478.7 624
1717925230513 208478.7 625
1717925240610 208478.7 626
1717925250695 208478.7 627
1717925260729 208478.7 628
1717925270759 208478.7 629
1717925280801 208478.7 630
1717925290839 208478.7 631
1717925300873 208478.7 632
1717925310910 208478.7 633
1717925320953 208478.6 634
1717925330983 208478.6 635
1717925341041 208478.6 636
1717925351076 208447.5 637
1717925361116 208418.3 638
1717925371144 208455.0 639
1717925381198 208424.3 640
1717925391241 208458.6 641
1717925401279 208455.1 642
1717925411364 208452.0 643
1717925421407 208422.8 644
1717925431437 208396.5 645
1717925441483 208360.8 646
1717925451514 208367.3 647
1717925461557 208363.4 648
1717925471594 208363.3 649
1717925481639 208363.3 650
1717925491671 208363.2 651
1717925501721 208363.2 652
1717925511755 208363.1 653
1717925521794 208363.1 654
1717925531849 208363.1 655
1717925541882 208363.1 656
1717925551923 207048.1 657
1717925561950 207048.1 658
1717925571989 207048.1 659
1717925582028 207048.1 660
1717925592061 207048.1 661
1717925602092 207048.1 662
1717925612136 207048.1 663
1717925622183 207048.0 664
1717925632227 207048.0 665
1717925642268 207048.1 666
1717925652319 207048.1 667
1717925662352 207048.0 668
1717925672396 207048.0 669
1717925682428 207048.0 670
1717925692462 207048.0 671
1717925702494 207048.0 672
1717925712555 207048.0 673
1717925722601 207048.0 674
1717925732639 207048.0 675
1717925742678 207048.0 676
1717925752715 207048.0 677
1717925762794 207048.0 678
1717925772824 207048.0 679
1717925782863 207048.0 680
1717925792897 207048.0 681
1717925802954 207048.0 682
1717925812998 207048.0 683
1717925823042 207048.0 684
1717925833088 207048.0 685
1717925843123 207048.0 686
1717925853156 207048.0 687
1717925863211 207048.0 688
1717925873296 207048.0 689
1717925883384 207048.0 690
1717925893414 207048.0 691
1717925903506 207048.0 692
1717925913551 207047.9 693
1717925923579 207047.9 694
1717925933665 207048.0 695
1717925943715 207048.0 696
1717925953761 207047.9 697
1717925963852 207048.0 698
1717925973881 207048.0 699
1717925983923 207048.0 700
1717925993960 207048.0 701
1717926003988 207048.0 702
1717926014029 207047.9 703
1717926024109 207047.9 704
1717926034136 207047.9 705
1717926044164 207047.9 706
1717926054261 207047.9 707
1717926064295 207047.9 708
1717926074339 207047.9 709
1717926084429 207047.9 710
1717926094463 207047.9 711
1717926104507 205732.8 712
1717926114548 205732.8 713
1717926124588 205732.8 714
1717926134650 205732.8 715
1717926144691 205732.8 716
1717926154725 205732.8 717
1717926164762 205732.8 718
1717926174857 205732.8 719
1717926184933 205732.8 720
1717926194980 205732.8 721
1717926205074 205732.8 722
1717926215130 205732.7 723
1717926225158 205732.7 724
1717926235249 205732.7 725
1717926245284 205732.8 726
1717926255330 205732.7 727
1717926265378 205732.7 728
1717926275431 205732.7 729
1717926285465 205732.7 730
1717926295521 205732.7 731
1717926305563 205732.7 732
1717926315618 205732.8 733
1717926325665 205732.7 734
1717926335716 205732.7 735
1717926345758 205732.7 736
1717926355853 205732.7 737
1717926365906 205732.7 738
1717926375943 205732.7 739
1717926385989 205732.7 740
1717926396046 205732.7 741
1717926406089 205732.7 742
1717926416154 205732.7 743
1717926426197 205732.7 744
1717926436252 205732.7 745
1717926446287 205732.7 746
1717926456324 205732.7 747
1717926466368 205732.7 748
1717926476464 205732.7 749
1717926486519 205732.7 750
1717926496564 205732.7 751
1717926506614 205732.7 752
1717926516652 205732.7 753
1717926526697 205732.7 754
1717926536747 205732.7 755
1717926546782 205732.7 756
1717926556836 205732.7 757
1717926566886 205732.7 758
1717926576942 205732.7 759
1717926586986 205732.7 760
1717926597103 205732.7 761
1717926607199 205732.7 762
1717926617250 205732.7 763
1717926627298 205732.6 764
1717926637386 205732.7 765
1717926647428 205732.7 766
1717926657473 204417.5 767
1717926667519 204417.5 768
1717926677555 204417.5 769
1717926687596 204417.5 770
1717926697641 204417.5 771
1717926707676 204417.5 772
1717926717718 204417.5 773
1717926727805 204417.5 774
1717926737835 204417.5 775
1717926747885 204417.5 776
1717926757974 204417.5 777
1717926768016 204417.5 778
1717926778051 204417.5 779
1717926788127 204417.5 780
1717926798177 204417.5 781
1717926808224 204417.5 782
1717926818335 204417.5 783
1717926828384 204417.5 784
1717926838427 204417.5 785
1717926848465 204417.5 786
1717926858508 204417.5 787
1717926868542 204417.5 788
1717926878631 204417.5 789
1717926888674 204417.5 790
1717926898720 204417.5 791
1717926909006 204417.5 792
1717926919110 204417.5 793
1717926929152 204417.5 794
1717926939186 204417.5 795
1717926949235 204417.5 796
1717926959279 204417.5 797
1717926969314 204417.5 798
1717926979373 204417.5 799
1717926989409 204417.5 800
1717926999447 204417.5 801
1717927009486 204417.5 802
1717927019531 204417.5 803
1717927029617 204417.5 804
1717927039668 204417.5 805
1717927049704 204417.4 806
1717927059746 204417.4 807
1717927069783 204417.4 808
1717927079825 204417.4 809
1717927089865 204417.4 810
1717927099923 204417.4 811
1717927109956 204417.4 812
1717927119999 204417.4 813
1717927130044 204417.4 814
1717927140084 204417.4 815
1717927150117 204417.4 816
1717927160160 204417.4 817
1717927170209 204417.4 818
1717927180316 204417.4 819
1717927190376 204417.4 820
1717927200415 204417.4 821
1717927210467 203102.3 822
1717927220498 203102.3 823
1717927230533 203102.3 824
1717927240605 203102.3 825
1717927250641 203102.3 826
1717927260701 203102.3 827
1717927270733 203102.3 828
1717927280777 203102.3 829
1717927290807 203102.3 830
1717927300848 203102.3 831
1717927310888 203102.3 832
1717927320919 203102.3 833
1717927330961 203102.3 834
1717927340999 203102.3 835
1717927351029 203102.4 836
1717927361063 203102.3 837
1717927371115 203102.3 838
1717927381177 203102.3 839
1717927391242 203102.3 840
1717927401293 203102.3 841
1717927411334 203102.3 842
1717927421386 203102.3 843
1717927431417 203102.3 844
1717927441447 203102.3 845
1717927451533 203102.3 846
1717927461570 203102.3 847
1717927471605 203102.3 848
1717927481647 203102.3 849
1717927491685 203102.3 850
1717927501733 203102.3 851
1717927511803 203102.3 852
1717927521855 203102.3 853
1717927531907 203102.3 854
1717927541957 203102.3 855
1717927551990 203102.3 856
1717927562021 203102.3 857
1717927572054 203102.3 858
1717927582099 203102.3 859
1717927592132 203102.3 860
1717927602169 203102.3 861
1717927612200 203102.3 862
1717927622245 203102.3 863
1717927632279 203102.3 864
1717927642367 203102.3 865
1717927652410 203102.3 866
1717927662467 203102.3 867
1717927672519 203102.3 868
1717927682556 203102.3 869
1717927692649 203102.3 870
1717927702710 203102.2 871
1717927712748 203102.2 872
1717927722789 203102.2 873
1717927732822 203102.2 874
1717927742920 203102.2 875
1717927753108 203102.2 876
1717927763140 201787.1 877
1717927773211 201787.1 878
1717927783243 201787.1 879
1717927793278 201787.1 880
1717927803310 201787.1 881
1717927813342 201787.1 882
1717927823384 201787.1 883
1717927833417 201787.1 884
1717927843448 201787.1 885
1717927853498 201787.1 886
1717927863535 201787.1 887
1717927873579 201787.1 888
1717927883620 201787.1 889
1717927893658 201787.1 890
1717927903718 201787.1 891
1717927913768 201787.0 892
1717927923806 201787.0 893
1717927933855 201787.8 894
1717927943944 201787.8 895
1717927953981 201787.8 896
1717927964014 201787.8 897
1717927974129 201787.8 898
1717927984166 201787.8 899
1717927994198 201787.8 900
1717928004282 201787.8 901
1717928014323 201787.8 902
1717928024550 201787.8 903
1717928034638 201787.8 904
1717928044677 201787.8 905
1717928054718 201787.8 906
1717928064844 201787.8 907
1717928074883 201787.8 908
1717928084924 201787.8 909
1717928095008 201787.8 910
1717928105046 201787.8 911
1717928115087 201787.8 912
1717928125172 201787.8 913
1717928135219 201787.8 914
1717928145259 201787.8 915
1717928155302 201787.8 916
1717928165346 201787.8 917
1717928175449 201787.8 918
1717928185558 201787.8 919
1717928195611 201787.8 920
1717928205650 201787.8 921
1717928215745 201787.8 922
1717928225802 201787.8 923
1717928235843 201787.8 924
1717928245943 201787.8 925
1717928255984 201787.7 926
1717928266039 201787.7 927
1717928276078 201787.7 928
1717928286127 201787.8 929
1717928296173 201787.8 930
1717928306782 201787.8 931
1717928316820 200472.6 932
1717928326857 200472.6 933
1717928336890 200472.6 934
1717928346923 200472.6 935
1717928356961 200472.6 936
1717928366994 200472.6 937
1717928377028 200472.6 938
1717928387070 200472.6 939
1717928397103 200472.6 940
1717928407155 200472.6 941
1717928417188 200472.6 942
1717928427235 200472.6 943
1717928437337 200472.6 944
1717928447408 200472.6 945
1717928457442 200468.8 946
1717928467487 200467.8 947
1717928477529 200467.8 948
1717928487569 200467.7 949
1717928497662 200467.7 950
1717928507729 200467.7 951
1717928517769 200467.7 952
1717928527812 200467.7 953
1717928537844 200467.7 954
1717928547877 200467.7 955
1717928557929 200467.7 956
1717928567967 200467.7 957
1717928578008 200467.7 958
1717928588049 200467.7 959
1717928598091 200467.7 960
1717928608129 200467.7 961
1717928618179 200467.7 962
1717928628225 200467.7 963
1717928638258 200467.7 964
1717928648354 200467.7 965
1717928658405 200467.7 966
1717928668463 200467.7 967
1717928678558 200467.7 968
1717928688608 200467.7 969
1717928698648 200462.5 970
1717928708691 200462.4 971
1717928718732 200462.3 972
1717928728766 200462.3 973
1717928738857 200462.3 974
1717928748897 200462.3 975
1717928758930 200462.3 976
1717928769038 200458.7 977
1717928779077 200458.5 978
1717928789117 200458.5 979
1717928799157 200458.4 980
1717928809257 200458.3 981
1717928819294 200458.3 982
1717928829331 200458.3 983
1717928839364 200458.3 984
1717928849414 200458.3 985
1717928859464 200458.3 986
1717928869502 200458.3 987
1717928879536 200460.5 988
1717928889587 199143.4 989
1717928899628 199143.4 990
1717928909664 199141.6 991
1717928919699 199137.7 992
1717928929744 199154.3 993
1717928939784 199153.4 994
1717928949824 199152.6 995
1717928959858 199155.7 996
1717928969905 199153.7 997
1717928979993 199149.4 998
1717928990040 199154.5 999
1717929000124 199149.2 1000
1717929010159 199157.4 1001
1717929020205 199155.8 1002
1717929030256 199155.8 1003
1717929040295 199154.9 1004
1717929050356 199152.7 1005
1717929060652 199151.9 1006
1717929070719 199151.0 1007
1717929080761 199151.5 1008
1717929090802 199150.7 1009
1717929100842 199150.6 1010
1717929110900 199149.8 1011
1717929120942 199148.1 1012
1717929130985 199147.3 1013
1717929141029 199146.4 1014
1717929151087 199146.4 1015
1717929161131 199146.4 1016
1717929171173 199146.4 1017
1717929181273 199146.4 1018
1717929191318 199146.4 1019
1717929201358 199146.4 1020
1717929211429 199146.4 1021
1717929221480 199146.4 1022
1717929231523 199146.3 1023
1717929241569 199146.3 1024
1717929251608 199146.3 1025
1717929261660 199146.3 1026
1717929271714 199146.3 1027
1717929281753 199143.5 1028
1717929291805 199143.5 1029
1717929301846 199143.5 1030
1717929311881 199143.5 1031
1717929321924 199143.5 1032
1717929331972 199143.5 1033
1717929342090 199143.5 1034
1717929352130 199143.5 1035
1717929362175 199143.5 1036
1717929372214 199143.5 1037
1717929382324 199143.5 1038
1717929392368 199143.5 1039
1717929402421 199143.5 1040
1717929412527 199143.5 1041
1717929422575 199143.5 1042
1717929432613 199143.5 1043
1717929442706 199143.5 1044
1717929452779 199143.4 1045
1717929462840 199143.4 1046
1717929472897 199143.4 1047
1717929482948 199143.4 1048
