1717918947319 1312.6 0
1717918957341 7755.0 1
1717918967352 7755.0 2
1717918977371 7755.0 3
1717918987386 7755.0 4
1717918997402 7755.0 5
1717919007414 7755.0 6
1717919017427 7755.0 7
1717919027447 7755.0 8
1717919037462 7755.0 9
1717919047478 7755.0 10
1717919057501 7755.0 11
1717919067515 7755.0 12
1717919077533 7755.0 13
1717919087546 7755.0 14
1717919097567 7755.0 15
1717919107589 7755.0 16
1717919117604 7755.0 17
1717919127631 7755.0 18
1717919137644 7755.0 19
1717919147657 7755.0 20
1717919157671 7755.0 21
1717919167684 7755.0 22
1717919177695 7755.0 23
1717919187707 7755.0 24
1717919197723 7755.0 25
1717919207743 7755.0 26
1717919217769 7755.0 27
1717919227792 7755.0 28
1717919237806 7755.0 29
1717919247818 7755.0 30
1717919257831 7755.0 31
1717919267848 7755.0 32
1717919277862 7755.0 33
1717919287885 7755.0 34
1717919297948 7755.0 35
1717919307982 7755.0 36
1717919317996 7755.0 37
1717919328009 7755.0 38
1717919338073 7755.0 39
1717919348090 7755.0 40
1717919358104 7755.0 41
1717919368118 7755.0 42
1717919378140 7755.0 43
1717919388163 7755.0 44
1717919398183 7755.0 45
1717919408200 7755.0 46
1717919418227 7755.0 47
1717919428250 7755.0 48
1717919438266 7755.0 49
1717919448288 7755.0 50
1717919458306 7755.0 51
1717919468340 7755.0 52
1717919478364 7755.0 53
1717919489348 7755.0 54
1717919499365 7755.0 55
1717919509382 7755.0 56
1717919519398 7755.0 57
1717919529423 7755.0 58
1717919539437 7755.0 59
1717919549452 7755.0 60
1717919559467 7755.0 61
1717919569481 7755.0 62
1717919579512 7755.0 63
1717919589527 7755.0 64
1717919599546 7755.0 65
1717919609565 7755.0 66
1717919619580 7755.0 67
1717919629595 7755.0 68
1717919639609 7755.0 69
1717919649628 7755.0 70
1717919659672 7755.0 71
1717919669691 7755.0 72
1717919679727 7755.0 73
1717919689745 7755.0 74
1717919699761 7755.0 75
1717919709786 7755.0 76
1717919719811 7755.0 77
1717919729837 7755.0 78
1717919739875 7755.0 79
1717919749900 7755.0 80
1717919759921 7755.0 81
1717919769945 7755.0 82
1717919779990 7755.0 83
1717919790005 7755.0 84
1717919800041 7755.0 85
1717919810058 7755.0 86
1717919820073 7755.0 87
1717919830119 7755.0 88
1717919840134 7755.0 89
1717919850170 7755.0 90
1717919860187 7755.0 91
1717919870212 7755.0 92
1717919880238 7755.0 93
1717919890254 7755.0 94
1717919900270 7755.0 95
1717919910285 7755.0 96
1717919920300 7755.0 97
1717919930316 7755.0 98
1717919940341 7755.0 99
1717919950381 7755.0 100
1717919960397 7755.0 101
1717919970414 7755.0 102
1717919980432 7755.0 103
1717919990457 7755.0 104
1717920000477 7755.0 105
1717920010494 7755.0 106
1717920020519 7755.0 107
1717920030546 7755.0 108
1717920040563 7755.0 109
1717920050577 7755.0 110
1717920060603 7755.0 111
1717920070621 7755.0 112
1717920080645 7755.0 113
1717920090660 7755.0 114
1717920100675 7755.0 115
1717920110693 7755.0 116
1717920120760 7755.0 117
1717920130777 7755.0 118
1717920140834 7755.0 119
1717920150897 7755.0 120
1717920160913 7755.0 121
1717920170983 7755.0 122
1717920181043 7755.0 123
1717920191074 7755.0 124
1717920201146 7755.0 125
1717920211174 7755.0 126
1717920221208 7755.0 127
1717920231274 7755.0 128
1717920241296 7755.0 129
1717920251313 7755.0 130
1717920261368 7755.0 131
1717920271428 7755.0 132
1717920281445 7755.0 133
1717920291463 7755.0 134
1717920301536 7755.0 135
1717920311608 7755.0 136
1717920321628 7755.0 137
1717920331655 7755.0 138
1717920341715 7755.0 139
1717920351732 7755.0 140
1717920361753 7755.0 141
1717920371824 7755.0 142
1717920381841 7755.0 143
1717920391862 7755.0 144
1717920401929 7755.0 145
1717920411947 7755.0 146
1717920422011 7755.0 147
1717920432071 7755.0 148
1717920442141 7755.0 149
1717920452207 7755.0 150
1717920462226 7755.0 151
1717920472298 7755.0 152
1717920482365 7755.0 153
1717920492386 7755.0 154
1717920502407 7755.0 155
1717920512483 7755.0 156
1717920522547 7755.0 157
1717920532624 7755.0 158
1717920542655 7755.0 159
1717920552739 7755.0 160
1717920562812 7755.0 161
1717920572836 7755.0 162
1717920582852 7755.0 163
1717920592914 7755.0 164
1717920602929 7755.0 165
1717920612944 7755.0 166
1717920622962 7755.0 167
1717920632980 7755.0 168
1717920642998 7755.0 169
1717920653022 7755.0 170
1717920663043 7755.0 171
1717920673069 7755.0 172
1717920683087 7755.0 173
1717920693109 7755.0 174
1717920703133 7755.0 175
1717920713153 7755.0 176
1717920723214 7755.0 177
1717920733235 7755.0 178
1717920743264 7755.0 179
1717920753336 7755.0 180
1717920763404 7755.0 181
1717920773428 7755.0 182
1717920783495 7755.0 183
1717920793561 7755.0 184
1717920803635 7755.0 185
1717920813700 7755.0 186
1717920823725 7755.0 187
1717920833790 7755.0 188
1717920843848 7755.0 189
1717920853905 7755.0 190
1717920863924 7755.0 191
1717920873983 7755.0 192
1717920884049 7755.0 193
1717920894121 7755.0 194
1717920904138 7755.0 195
1717920914158 7755.0 196
1717920924220 7755.0 197
1717920934288 7755.0 198
1717920944307 7755.0 199
1717920954325 7755.0 200
1717920964385 7755.0 201
1717920974451 7755.0 202
1717920984521 7755.0 203
1717920994539 7755.0 204
1717921004605 7755.0 205
1717921014673 7755.0 206
1717921024739 7755.0 207
1717921034802 7755.0 208
1717921044821 7755.0 209
1717921054882 7755.0 210
1717921064960 7755.0 211
1717921074981 7755.0 212
1717921085042 7755.0 213
1717921095060 7755.0 214
1717921105086 7755.0 215
1717921115112 7755.0 216
1717921125150 7755.0 217
1717921135237 7755.0 218
1717921145296 7755.0 219
1717921155316 7755.0 220
1717921165347 7755.0 221
1717921175369 7755.0 222
1717921185390 7755.0 223
1717921195414 7755.0 224
1717921205434 7755.0 225
1717921215454 7755.0 226
1717921225473 7755.0 227
1717921235539 7755.0 228
1717921245611 7755.0 229
1717921255691 7755.0 230
1717921265777 7755.0 231
1717921275813 7755.0 232
1717921285894 7755.0 233
1717921295958 7755.0 234
1717921306025 7755.0 235
1717921316048 7755.0 236
1717921326110 7755.0 237
1717921336174 7755.0 238
1717921346248 7755.0 239
1717921356268 7755.0 240
1717921366333 7755.0 241
1717921376401 7755.0 242
1717921386462 7755.0 243
1717921396485 7755.0 244
1717921406504 7755.0 245
1717921416550 7755.0 246
1717921426625 7755.0 247
1717921436704 7755.0 248
1717921446725 7755.0 249
1717921456789 7755.0 250
1717921466856 7755.0 251
1717921476927 7755.0 252
1717921486997 7755.0 253
1717921497046 7755.0 254
1717921507068 7755.0 255
1717921517128 7755.0 256
1717921527149 7755.0 257
1717921537211 7755.0 258
1717921547276 7755.0 259
1717921557349 7755.0 260
1717921567412 7755.0 261
1717921577439 7755.0 262
1717921587523 7755.0 263
1717921597587 7755.0 264
1717921607609 7755.0 265
1717921617686 7755.0 266
1717921627753 7755.0 267
1717921637819 7755.0 268
1717921647899 7755.0 269
1717921657931 7755.0 270
1717921668020 7755.0 271
1717921678105 7755.0 272
1717921688132 7755.0 273
1717921698152 7755.0 274
1717921708178 7755.0 275
1717921718203 7755.0 276
1717921728224 7755.0 277
1717921738260 7755.0 278
1717921748283 7755.0 279
1717921758315 7755.0 280
1717921768335 7755.0 281
1717921778399 7755.0 282
1717921788418 7755.0 283
1717921798489 7755.0 284
1717921808510 7755.0 285
1717921818532 7755.0 286
1717921828616 7755.0 287
1717921838688 7755.0 288
1717921848710 7755.0 289
1717921858742 7755.0 290
1717921868763 7755.0 291
1717921878838 7755.0 292
1717921888869 7755.0 293
1717921898944 7755.0 294
1717921909020 7755.0 295
1717921919084 7755.0 296
1717921929111 7755.0 297
1717921939133 7755.0 298
1717921949208 7755.0 299
1717921959279 7755.0 300
1717921969351 7755.0 301
1717921979372 7755.0 302
1717921989451 7755.0 303
1717921999535 7755.0 304
1717922009605 7755.0 305
1717922019691 7755.0 306
1717922029716 7755.0 307
1717922039788 7755.0 308
1717922049836 7755.0 309
1717922059858 7755.0 310
1717922069928 7755.0 311
1717922080001 7755.0 312
1717922090072 7755.0 313
1717922100141 7755.0 314
1717922110163 7755.0 315
1717922120226 7755.0 316
1717922130282 7755.0 317
1717922140313 7755.0 318
1717922150410 7755.0 319
1717922160492 7755.0 320
1717922170517 7755.0 321
1717922180609 7755.0 322
1717922190633 7755.0 323
1717922200675 7755.0 324
1717922210751 7755.0 325
1717922220833 7755.0 326
1717922230856 7755.0 327
1717922240876 7755.0 328
1717922250902 7755.0 329
1717922260925 7755.0 330
1717922270952 7755.0 331
1717922280980 7755.0 332
1717922291031 7755.0 333
1717922301054 7755.0 334
1717922311103 7755.0 335
1717922321191 7755.0 336
1717922331264 7755.0 337
1717922341297 7755.0 338
1717922351369 7755.0 339
1717922361443 7755.0 340
1717922371527 7755.0 341
1717922381584 7755.0 342
1717922391638 7755.0 343
1717922401742 7755.0 344
1717922411837 7755.0 345
1717922421862 7755.0 346
1717922431941 7755.0 347
1717922442010 7755.0 348
1717922452072 7755.0 349
1717922462102 7755.0 350
1717922472143 7755.0 351
1717922482211 7755.0 352
1717922492235 7755.0 353
1717922502271 7755.0 354
1717922512297 7755.0 355
1717922522382 7755.0 356
1717922532458 7755.0 357
1717922542529 7755.0 358
1717922552598 7755.0 359
1717922562626 7755.0 360
1717922572688 7755.0 361
1717922582757 7755.0 362
1717922592789 7755.0 363
1717922602825 7755.0 364
1717922612852 7755.0 365
1717922622928 7755.0 366
1717922633001 7755.0 367
1717922643027 7755.0 368
1717922653097 7755.0 369
1717922663172 7755.0 370
1717922673241 7755.0 371
1717922683268 7755.0 372
1717922693341 7755.0 373
1717922703373 7755.0 374
1717922713452 7755.0 375
1717922723497 7755.0 376
1717922733530 7755.0 377
1717922743604 7755.0 378
1717922753679 7755.0 379
1717922763706 7755.0 380
1717922773733 7755.0 381
1717922783808 7755.0 382
1717922793879 7755.0 383
1717922803916 7755.0 384
1717922813939 7755.0 385
1717922824274 7755.0 386
1717922834299 7755.0 387
1717922844323 7755.0 388
1717922854347 7755.0 389
1717922864443 7755.0 390
1717922874523 7755.0 391
1717922884607 7755.0 392
1717922894647 7755.0 393
1717922904721 7755.0 394
1717922914804 7755.0 395
1717922924832 7755.0 396
1717922934904 7755.0 397
1717922944990 7755.0 398
1717922955064 7755.0 399
1717922965159 7755.0 400
1717922975193 7755.0 401
1717922985273 7755.0 402
1717922995356 7755.0 403
1717923005403 7755.0 404
1717923015488 7755.0 405
1717923025582 7755.0 406
1717923035666 7755.0 407
1717923045750 7755.0 408
1717923055785 7755.0 409
1717923065853 7755.0 410
1717923075935 7755.0 411
1717923085970 7755.0 412
1717923096005 7755.0 413
1717923106060 7755.0 414
1717923116142 7755.0 415
1717923126225 7755.0 416
1717923136300 7755.0 417
1717923146335 7755.0 418
1717923156423 7755.0 419
1717923166499 7755.0 420
1717923176535 7755.0 421
1717923186564 7755.0 422
1717923196653 7755.0 423
1717923206732 7755.0 424
1717923216808 7755.0 425
1717923226845 7755.0 426
1717923236928 7755.0 427
1717923247016 7755.0 428
1717923257109 7755.0 429
1717923267192 7755.0 430
1717923277235 7755.0 431
1717923287291 7755.0 432
1717923297369 7755.0 433
1717923307393 7755.0 434
1717923317479 7755.0 435
1717923327535 7755.0 436
1717923337563 7755.0 437
1717923347601 7755.0 438
1717923357656 7755.0 439
1717923367690 7755.0 440
1717923377712 7755.0 441
1717923387734 7755.0 442
1717923397771 7755.0 443
1717923407792 7755.0 444
1717923417858 7755.0 445
1717923427881 7755.0 446
1717923437959 7755.0 447
1717923448028 7755.0 448
1717923458121 7755.0 449
1717923468212 7755.0 450
1717923478297 7755.0 451
1717923488376 7755.0 452
1717923498472 7755.0 453
1717923508528 7755.0 454
1717923518561 7755.0 455
1717923528594 7755.0 456
1717923538686 7755.0 457
1717923548772 7755.0 458
1717923558852 7755.0 459
1717923568943 7755.0 460
1717923579027 7755.0 461
1717923589052 7755.0 462
1717923599153 7755.0 463
1717923609232 7755.0 464
1717923619305 7755.0 465
1717923629387 7755.0 466
1717923639414 7755.0 467
1717923649490 7755.0 468
1717923659556 7755.0 469
1717923669642 7755.0 470
1717923679672 7755.0 471
1717923689709 7755.0 472
1717923699810 7755.0 473
1717923709901 7755.0 474
1717923719947 7755.0 475
1717923730018 7755.0 476
1717923740089 7755.0 477
1717923750164 7755.0 478
1717923760194 7755.0 479
1717923770224 7755.0 480
1717923780310 7755.0 481
1717923790386 7755.0 482
1717923800461 7755.0 483
1717923810487 7755.0 484
1717923820575 7755.0 485
1717923830651 7755.0 486
1717923840737 7755.0 487
1717923850813 7755.0 488
1717923860846 7755.0 489
1717923870871 7755.0 490
1717923880959 7755.0 491
1717923891032 7755.0 492
1717923901068 7755.0 493
1717923911097 7755.0 494
1717923921120 7755.0 495
1717923931144 7755.0 496
1717923941171 7755.0 497
1717923951194 7755.0 498
1717923961221 7755.0 499
1717923971263 7755.0 500
1717923981334 7755.0 501
1717923991421 7755.0 502
1717924001496 7755.0 503
1717924011522 7755.0 504
1717924021608 7755.0 505
1717924031686 7755.0 506
1717924041773 7755.0 507
1717924051847 7755.0 508
1717924061903 7755.0 509
1717924071972 7755.0 510
1717924082054 7755.0 511
1717924092082 7755.0 512
1717924102133 7755.0 513
1717924112208 7755.0 514
1717924122281 7755.0 515
1717924132356 7755.0 516
1717924142438 7755.0 517
1717924152511 7755.0 518
1717924162597 7755.0 519
1717924172631 7755.0 520
1717924182712 7755.0 521
1717924192788 7755.0 522
1717924202869 7755.0 523
1717924212952 7755.0 524
1717924222995 7755.0 525
1717924233025 7755.0 526
1717924243102 7755.0 527
1717924253138 7755.0 528
1717924263231 7755.0 529
1717924273318 7755.0 530
1717924283360 7755.0 531
1717924293398 7755.0 532
1717924303434 7755.0 533
1717924313523 7755.0 534
1717924323601 7755.0 535
1717924333680 7755.0 536
1717924343722 7755.0 537
1717924353757 7755.0 538
1717924363789 7755.0 539
1717924373821 7755.0 540
1717924383902 7755.0 541
1717924393935 7755.0 542
1717924403966 7755.0 543
1717924413998 7755.0 544
1717924424091 7755.0 545
1717924435253 7755.0 546
1717924445281 7755.0 547
1717924455312 7755.0 548
1717924465347 7755.0 549
1717924475383 7755.0 550
1717924485413 7755.0 551
1717924495444 7755.0 552
1717924505480 7755.0 553
1717924515573 7755.0 554
1717924525650 7755.0 555
1717924535725 7755.0 556
1717924545827 7755.0 557
1717924555862 7755.0 558
1717924565943 7755.0 559
1717924576022 7755.0 560
1717924586101 7755.0 561
1717924596144 7755.0 562
1717924606181 7755.0 563
1717924616262 7755.0 564
1717924626348 7755.0 565
1717924636385 7755.0 566
1717924646493 7755.0 567
1717924656571 7755.0 568
1717924666646 7755.0 569
1717924676734 7755.0 570
1717924686777 7755.0 571
1717924696875 7755.0 572
1717924706967 7755.0 573
1717924717051 7755.0 574
1717924727102 7755.0 575
1717924737197 7755.0 576
1717924747277 7755.0 577
1717924757364 7755.0 578
1717924767454 7755.0 579
1717924777497 7755.0 580
1717924787597 7755.0 581
1717924797697 7755.0 582
1717924807739 7755.0 583
1717924817775 7755.0 584
1717924827843 7755.0 585
1717924837957 7755.0 586
1717924848046 7755.0 587
1717924858087 7755.0 588
1717924868170 7755.0 589
1717924878250 7755.0 590
1717924888341 7755.0 591
1717924898413 7755.0 592
1717924908449 7755.0 593
1717924918508 7755.0 594
1717924928606 7755.0 595
1717924938651 7755.0 596
1717924948686 7755.0 597
1717924958788 7755.0 598
1717924968889 7755.0 599
1717924978992 7755.0 600
1717924989217 7755.0 601
1717924999242 7755.0 602
1717925009275 7755.0 603
1717925019315 7755.0 604
1717925029346 7755.0 605
1717925039371 7755.0 606
1717925049415 7755.0 607
1717925059462 7755.0 608
1717925069496 7755.0 609
1717925079572 7755.0 610
1717925089608 7755.0 611
1717925099642 7755.0 612
1717925109727 7755.0 613
1717925119812 7755.0 614
1717925129858 7755.0 615
1717925139887 7755.0 616
1717925149918 7755.0 617
1717925159998 7755.0 618
1717925170093 7755.0 619
1717925180173 7755.0 620
1717925190237 7755.0 621
1717925200319 7755.0 622
1717925210400 7755.0 623
1717925220435 7755.0 624
1717925230513 7755.0 625
1717925240610 7755.0 626
1717925250695 7755.0 627
1717925260729 7755.0 628
1717925270759 7755.0 629
1717925280801 7755.0 630
1717925290839 7755.8 631
1717925300873 7838.3 632
1717925310910 7923.6 633
1717925320953 7987.5 634
1717925330983 8037.1 635
1717925341041 7978.6 636
1717925351076 8126.7 637
1717925361116 8096.8 638
1717925371144 8079.7 639
1717925381198 8053.3 640
1717925391241 8085.4 641
1717925401279 8064.3 642
1717925411364 8039.6 643
1717925421407 8051.1 644
1717925431437 8039.6 645
1717925441483 8039.6 646
1717925451514 8058.3 647
1717925461557 8038.4 648
1717925471594 8058.3 649
1717925481639 8038.4 650
1717925491671 8038.4 651
1717925501721 8038.4 652
1717925511755 8027.9 653
1717925521794 8047.8 654
1717925531849 8028.0 655
1717925541882 8030.1 656
1717925551923 8038.4 657
1717925561950 8030.1 658
1717925571989 8028.0 659
1717925582028 8028.0 660
1717925592061 8028.0 661
1717925602092 8048.0 662
1717925612136 8028.0 663
1717925622183 8048.0 664
1717925632227 8028.0 665
1717925642268 8028.0 666
1717925652319 8028.0 667
1717925662352 8028.0 668
1717925672396 8048.0 669
1717925682428 8028.0 670
1717925692462 8048.0 671
1717925702494 8028.0 672
1717925712555 8028.0 673
1717925722601 8048.0 674
1717925732639 8028.0 675
1717925742678 8028.0 676
1717925752715 7985.5 677
1717925762794 7985.5 678
1717925772824 8005.4 679
1717925782863 7985.5 680
1717925792897 7985.5 681
1717925802954 8005.4 682
1717925812998 7964.1 683
1717925823042 7984.0 684
1717925833088 7964.1 685
1717925843123 7966.2 686
1717925853156 7966.2 687
1717925863211 7966.2 688
1717925873296 7986.1 689
1717925883384 7966.2 690
1717925893414 7986.1 691
1717925903506 7966.2 692
1717925913551 7966.2 693
1717925923579 7966.2 694
1717925933665 7966.2 695
1717925943715 7966.2 696
1717925953761 7986.1 697
1717925963852 7966.2 698
1717925973881 7986.1 699
1717925983923 7966.2 700
1717925993960 7966.2 701
1717926003988 7986.1 702
1717926014029 7966.2 703
1717926024109 7986.1 704
1717926034136 7966.2 705
1717926044164 7966.2 706
1717926054261 7966.2 707
1717926064295 7966.2 708
1717926074339 7986.1 709
1717926084429 7966.2 710
1717926094463 7977.7 711
1717926104507 7974.6 712
1717926114548 7947.9 713
1717926124588 7947.3 714
1717926134650 7947.3 715
1717926144691 7947.3 716
1717926154725 7947.3 717
1717926164762 7947.3 718
1717926174857 7967.2 719
1717926184933 7947.3 720
1717926194980 7947.3 721
1717926205074 7947.3 722
1717926215130 7947.3 723
1717926225158 7967.2 724
1717926235249 7947.3 725
1717926245284 7967.2 726
1717926255330 7947.3 727
1717926265378 7947.3 728
1717926275431 7967.2 729
1717926285465 7947.3 730
1717926295521 7947.3 731
1717926305563 7947.3 732
1717926315618 7947.3 733
1717926325665 7969.3 734
1717926335716 7949.4 735
1717926345758 7949.4 736
1717926355853 7949.4 737
1717926365906 7949.4 738
1717926375943 7969.3 739
1717926385989 7949.4 740
1717926396046 7949.4 741
1717926406089 7949.4 742
1717926416154 7947.3 743
1717926426197 7967.2 744
1717926436252 7947.3 745
1717926446287 7969.3 746
1717926456324 7949.4 747
1717926466368 7949.4 748
1717926476464 7960.9 749
1717926486519 7949.4 750
1717926496564 7949.4 751
1717926506614 7969.3 752
1717926516652 7949.4 753
1717926526697 7969.3 754
1717926536747 7949.4 755
1717926546782 7949.4 756
1717926556836 7949.7 757
1717926566886 7949.7 758
1717926576942 7969.6 759
1717926586986 7949.7 760
1717926597103 7949.7 761
1717926607199 7949.7 762
1717926617250 7949.7 763
1717926627298 7969.6 764
1717926637386 7949.7 765
1717926647428 7969.6 766
1717926657473 7958.1 767
1717926667519 7949.7 768
1717926677555 7949.7 769
1717926687596 7949.7 770
1717926697641 7949.7 771
1717926707676 7949.7 772
1717926717718 7947.6 773
1717926727805 7967.5 774
1717926737835 7947.6 775
1717926747885 7947.6 776
1717926757974 7947.6 777
1717926768016 7947.6 778
1717926778051 7967.5 779
1717926788127 7947.6 780
1717926798177 7967.5 781
1717926808224 7947.6 782
1717926818335 7947.6 783
1717926828384 7947.6 784
1717926838427 7947.6 785
1717926848465 7949.7 786
1717926858508 7949.7 787
1717926868542 7949.7 788
1717926878631 7969.6 789
1717926888674 7949.7 790
1717926898720 7949.7 791
1717926909006 7949.7 792
1717926919110 7949.7 793
1717926929152 7969.6 794
1717926939186 7949.7 795
1717926949235 7949.7 796
1717926959279 7949.7 797
1717926969314 7949.7 798
1717926979373 7969.6 799
1717926989409 7949.7 800
1717926999447 7969.6 801
1717927009486 7949.7 802
1717927019531 7947.6 803
1717927029617 7959.2 804
1717927039668 7947.6 805
1717927049704 7947.6 806
1717927059746 7969.6 807
1717927069783 7949.7 808
1717927079825 7969.6 809
1717927089865 7949.7 810
1717927099923 7949.7 811
1717927109956 7949.7 812
1717927119999 7949.7 813
1717927130044 7969.6 814
1717927140084 7949.7 815
1717927150117 7961.2 816
1717927160160 7949.7 817
1717927170209 7949.7 818
1717927180316 7969.6 819
1717927190376 7949.7 820
1717927200415 7969.6 821
1717927210467 7958.1 822
1717927220498 7949.7 823
1717927230533 7949.7 824
1717927240605 7949.7 825
1717927250641 7949.7 826
1717927260701 7949.7 827
1717927270733 7949.7 828
1717927280777 7969.6 829
1717927290807 7949.7 830
1717927300848 7969.6 831
1717927310888 7947.6 832
1717927320919 7947.6 833
1717927330961 7967.5 834
1717927340999 7947.6 835
1717927351029 7967.5 836
1717927361063 7947.6 837
1717927371115 7949.7 838
1717927381177 7949.7 839
1717927391242 7949.7 840
1717927401293 7949.7 841
1717927411334 7949.7 842
1717927421386 7949.7 843
1717927431417 7969.6 844
1717927441447 7949.7 845
1717927451533 7949.7 846
1717927461570 7949.7 847
1717927471605 7949.7 848
1717927481647 7969.6 849
1717927491685 7949.7 850
1717927501733 7969.6 851
1717927511803 7949.7 852
1717927521855 7949.7 853
1717927531907 7969.6 854
1717927541957 7949.7 855
1717927551990 7969.6 856
1717927562021 7949.7 857
1717927572054 7949.7 858
1717927582099 7969.6 859
1717927592132 7949.7 860
1717927602169 7949.7 861
1717927612200 7967.5 862
1717927622245 7947.6 863
1717927632279 7969.6 864
1717927642367 7949.7 865
1717927652410 7949.7 866
1717927662467 7949.7 867
1717927672519 7949.7 868
1717927682556 7969.6 869
1717927692649 7949.7 870
1717927702710 7949.7 871
1717927712748 7949.9 872
1717927722789 7949.3 873
1717927732822 7969.2 874
1717927742920 7949.3 875
1717927753108 7969.2 876
1717927763140 7959.7 877
1717927773211 7949.3 878
1717927783243 7949.3 879
1717927793278 7949.3 880
1717927803310 7949.3 881
1717927813342 7949.3 882
1717927823384 7949.3 883
1717927833417 7969.2 884
1717927843448 7949.3 885
1717927853498 7969.2 886
1717927863535 7949.3 887
1717927873579 7949.3 888
1717927883620 7969.2 889
1717927893658 7949.3 890
1717927903718 7969.2 891
1717927913768 7992.5 892
1717927923806 7978.2 893
1717927933855 7955.7 894
1717927943944 7957.8 895
1717927953981 7957.8 896
1717927964014 7957.8 897
1717927974129 7957.8 898
1717927984166 7977.7 899
1717927994198 7957.8 900
1717928004282 7969.3 901
1717928014323 7957.8 902
1717928024550 7957.8 903
1717928034638 7977.7 904
1717928044677 7957.8 905
1717928054718 7977.7 906
1717928064844 7957.8 907
1717928074883 7957.8 908
1717928084924 7979.8 909
1717928095008 7957.8 910
1717928105046 7977.7 911
1717928115087 7957.8 912
1717928125172 7957.8 913
1717928135219 7977.7 914
1717928145259 7957.8 915
1717928155302 7955.7 916
1717928165346 7955.7 917
1717928175449 7955.7 918
1717928185558 7975.6 919
1717928195611 7955.7 920
1717928205650 7955.7 921
1717928215745 7953.6 922
1717928225802 7953.6 923
1717928235843 7975.6 924
1717928245943 7955.7 925
1717928255984 7975.6 926
1717928266039 7955.7 927
1717928276078 7955.7 928
1717928286127 7975.6 929
1717928296173 7955.7 930
1717928306782 7975.6 931
1717928316820 7966.2 932
1717928326857 7955.7 933
1717928336890 7955.7 934
1717928346923 7955.7 935
1717928356961 7955.7 936
1717928366994 7955.7 937
1717928377028 7955.7 938
1717928387070 7975.6 939
1717928397103 7955.7 940
1717928407155 7975.6 941
1717928417188 7955.7 942
1717928427235 7955.7 943
1717928437337 7975.6 944
1717928447408 7955.7 945
1717928457442 8057.6 946
1717928467487 8028.6 947
1717928477529 8011.2 948
1717928487569 7976.9 949
1717928497662 7976.9 950
1717928507729 7988.4 951
1717928517769 7974.8 952
1717928527812 8343.4 953
1717928537844 8298.2 954
1717928547877 8165.0 955
1717928557929 8182.0 956
1717928567967 8155.3 957
1717928578008 8208.4 958
1717928588049 8172.7 959
1717928598091 8172.7 960
1717928608129 8172.7 961
1717928618179 8156.0 962
1717928628225 8176.3 963
1717928638258 8156.4 964
1717928648354 8176.3 965
1717928658405 8156.4 966
1717928668463 8156.4 967
1717928678558 8178.4 968
1717928688608 8156.4 969
1717928698648 8402.2 970
1717928708691 8350.3 971
1717928718732 8418.5 972
1717928728766 8461.7 973
1717928738857 8466.2 974
1717928748897 8476.5 975
1717928758930 8411.5 976
1717928769038 8389.3 977
1717928779077 8389.3 978
1717928789117 8286.6 979
1717928799157 8298.6 980
1717928809257 8380.5 981
1717928819294 8420.5 982
1717928829331 8385.9 983
1717928839364 8388.0 984
1717928849414 8400.5 985
1717928859464 8404.7 986
1717928869502 8420.5 987
1717928879536 8450.1 988
1717928889587 8281.2 989
1717928899628 8379.8 990
1717928909664 8460.5 991
1717928919699 8404.2 992
1717928929744 8380.9 993
1717928939784 8371.3 994
1717928949824 8373.5 995
1717928959858 8361.8 996
1717928969905 8814.3 997
1717928979993 8758.6 998
1717928990040 8377.6 999
1717929000124 8703.2 1000
1717929010159 8841.5 1001
1717929020205 8825.8 1002
1717929030256 8776.6 1003
1717929040295 8903.5 1004
1717929050356 8851.6 1005
1717929060652 8805.4 1006
1717929070719 8826.6 1007
1717929080761 8811.5 1008
1717929090802 8845.8 1009
1717929100842 8902.7 1010
1717929110900 8840.5 1011
1717929120942 8840.9 1012
1717929130985 8843.9 1013
1717929141029 8811.4 1014
1717929151087 8796.5 1015
1717929161131 8795.1 1016
1717929171173 8810.5 1017
1717929181273 8799.5 1018
1717929191318 8844.0 1019
1717929201358 8878.1 1020
1717929211429 8905.6 1021
1717929221480 8858.4 1022
1717929231523 8847.4 1023
1717929241569 8856.5 1024
1717929251608 8837.9 1025
1717929261660 8826.5 1026
1717929271714 8876.0 1027
1717929281753 8955.4 1028
1717929291805 8888.6 1029
1717929301846 8888.6 1030
1717929311881 8888.6 1031
1717929321924 8888.6 1032
1717929331972 8903.3 1033
1717929342090 8888.6 1034
1717929352130 8878.2 1035
1717929362175 8801.3 1036
1717929372214 8816.0 1037
1717929382324 8801.3 1038
1717929392368 8816.0 1039
1717929402421 8801.3 1040
1717929412527 8756.1 1041
1717929422575 8755.8 1042
1717929432613 8755.8 1043
1717929442706 8756.1 1044
1717929452779 8751.9 1045
1717929462840 8758.4 1046
1717929472897 8777.1 1047
1717929482948 8705.4 1048
