1717918947319 0.0 0
1717918957341 97.0 1
1717918967352 97.0 2
1717918977371 97.0 3
1717918987386 96.0 4
1717918997402 96.0 5
1717919007414 96.0 6
1717919017427 96.0 7
1717919027447 96.0 8
1717919037462 94.0 9
1717919047478 94.0 10
1717919057501 96.0 11
1717919067515 96.0 12
1717919077533 97.0 13
1717919087546 96.0 14
1717919097567 95.0 15
1717919107589 96.0 16
1717919117604 96.0 17
1717919127631 90.0 18
1717919137644 96.0 19
1717919147657 96.0 20
1717919157671 96.0 21
1717919167684 96.0 22
1717919177695 95.0 23
1717919187707 96.0 24
1717919197723 97.0 25
1717919207743 97.0 26
1717919217769 94.0 27
1717919227792 96.0 28
1717919237806 96.0 29
1717919247818 96.0 30
1717919257831 94.0 31
1717919267848 96.0 32
1717919277862 96.0 33
1717919287885 97.0 34
1717919297948 97.0 35
1717919307982 89.0 36
1717919317996 95.0 37
1717919328009 97.0 38
1717919338073 97.0 39
1717919348090 94.0 40
1717919358104 96.0 41
1717919368118 96.0 42
1717919378140 96.0 43
1717919388163 96.0 44
1717919398183 94.0 45
1717919408200 95.0 46
1717919418227 96.0 47
1717919428250 95.0 48
1717919438266 95.0 49
1717919448288 96.0 50
1717919458306 96.0 51
1717919468340 95.0 52
1717919478364 95.0 53
1717919489348 90.0 54
1717919499365 5.0 55
1717919509382 96.0 56
1717919519398 94.0 57
1717919529423 96.0 58
1717919539437 96.0 59
1717919549452 96.0 60
1717919559467 96.0 61
1717919569481 96.0 62
1717919579512 96.0 63
1717919589527 96.0 64
1717919599546 97.0 65
1717919609565 97.0 66
1717919619580 96.0 67
1717919629595 97.0 68
1717919639609 97.0 69
1717919649628 97.0 70
1717919659672 94.0 71
1717919669691 95.0 72
1717919679727 88.0 73
1717919689745 96.0 74
1717919699761 97.0 75
1717919709786 94.0 76
1717919719811 96.0 77
1717919729837 96.0 78
1717919739875 95.0 79
1717919749900 94.0 80
1717919759921 96.0 81
1717919769945 94.0 82
1717919779990 96.0 83
1717919790005 97.0 84
1717919800041 94.0 85
1717919810058 96.0 86
1717919820073 97.0 87
1717919830119 97.0 88
1717919840134 96.0 89
1717919850170 96.0 90
1717919860187 90.0 91
1717919870212 92.0 92
1717919880238 96.0 93
1717919890254 96.0 94
1717919900270 96.0 95
1717919910285 94.0 96
1717919920300 96.0 97
1717919930316 96.0 98
1717919940341 96.0 99
1717919950381 93.0 100
1717919960397 95.0 101
1717919970414 96.0 102
1717919980432 97.0 103
1717919990457 97.0 104
1717920000477 94.0 105
1717920010494 95.0 106
1717920020519 96.0 107
1717920030546 96.0 108
1717920040563 90.0 109
1717920050577 6.0 110
1717920060603 96.0 111
1717920070621 96.0 112
1717920080645 96.0 113
1717920090660 93.0 114
1717920100675 96.0 115
1717920110693 96.0 116
1717920120760 94.0 117
1717920130777 94.0 118
1717920140834 96.0 119
1717920150897 96.0 120
1717920160913 96.0 121
1717920170983 94.0 122
1717920181043 96.0 123
1717920191074 96.0 124
1717920201146 96.0 125
1717920211174 94.0 126
1717920221208 90.0 127
1717920231274 88.0 128
1717920241296 94.0 129
1717920251313 96.0 130
1717920261368 96.0 131
1717920271428 94.0 132
1717920281445 96.0 133
1717920291463 94.0 134
1717920301536 96.0 135
1717920311608 96.0 136
1717920321628 94.0 137
1717920331655 97.0 138
1717920341715 97.0 139
1717920351732 97.0 140
1717920361753 94.0 141
1717920371824 97.0 142
1717920381841 96.0 143
1717920391862 97.0 144
1717920401929 95.0 145
1717920411947 88.0 146
1717920422011 96.0 147
1717920432071 95.0 148
1717920442141 95.0 149
1717920452207 96.0 150
1717920462226 97.0 151
1717920472298 95.0 152
1717920482365 96.0 153
1717920492386 96.0 154
1717920502407 96.0 155
1717920512483 96.0 156
1717920522547 95.0 157
1717920532624 96.0 158
1717920542655 94.0 159
1717920552739 96.0 160
1717920562812 96.0 161
1717920572836 97.0 162
1717920582852 96.0 163
1717920592914 90.0 164
1717920602929 96.0 165
1717920612944 94.0 166
1717920622962 96.0 167
1717920632980 94.0 168
1717920642998 96.0 169
1717920653022 94.0 170
1717920663043 96.0 171
1717920673069 94.0 172
1717920683087 95.0 173
1717920693109 96.0 174
1717920703133 96.0 175
1717920713153 96.0 176
1717920723214 96.0 177
1717920733235 94.0 178
1717920743264 96.0 179
1717920753336 96.0 180
1717920763404 94.0 181
1717920773428 88.0 182
1717920783495 96.0 183
1717920793561 96.0 184
1717920803635 94.0 185
1717920813700 95.0 186
1717920823725 97.0 187
1717920833790 97.0 188
1717920843848 95.0 189
1717920853905 94.0 190
1717920863924 96.0 191
1717920873983 97.0 192
1717920884049 97.0 193
1717920894121 96.0 194
1717920904138 94.0 195
1717920914158 96.0 196
1717920924220 96.0 197
1717920934288 94.0 198
1717920944307 96.0 199
1717920954325 88.0 200
1717920964385 90.0 201
1717920974451 96.0 202
1717920984521 96.0 203
1717920994539 96.0 204
1717921004605 94.0 205
1717921014673 96.0 206
1717921024739 97.0 207
1717921034802 96.0 208
1717921044821 97.0 209
1717921054882 96.0 210
1717921064960 96.0 211
1717921074981 96.0 212
1717921085042 94.0 213
1717921095060 97.0 214
1717921105086 96.0 215
1717921115112 93.0 216
1717921125150 96.0 217
1717921135237 90.0 218
1717921145296 90.0 219
1717921155316 96.0 220
1717921165347 94.0 221
1717921175369 96.0 222
1717921185390 96.0 223
1717921195414 96.0 224
1717921205434 96.0 225
1717921215454 95.0 226
1717921225473 96.0 227
1717921235539 94.0 228
1717921245611 96.0 229
1717921255691 96.0 230
1717921265777 96.0 231
1717921275813 96.0 232
1717921285894 96.0 233
1717921295958 95.0 234
1717921306025 97.0 235
1717921316048 96.0 236
1717921326110 90.0 237
1717921336174 94.0 238
1717921346248 96.0 239
1717921356268 96.0 240
1717921366333 96.0 241
1717921376401 96.0 242
1717921386462 96.0 243
1717921396485 96.0 244
1717921406504 96.0 245
1717921416550 96.0 246
1717921426625 96.0 247
1717921436704 96.0 248
1717921446725 96.0 249
1717921456789 96.0 250
1717921466856 97.0 251
1717921476927 97.0 252
1717921486997 96.0 253
1717921497046 97.0 254
1717921507068 87.0 255
1717921517128 95.0 256
1717921527149 96.0 257
1717921537211 94.0 258
1717921547276 96.0 259
1717921557349 96.0 260
1717921567412 94.0 261
1717921577439 94.0 262
1717921587523 96.0 263
1717921597587 97.0 264
1717921607609 95.0 265
1717921617686 97.0 266
1717921627753 94.0 267
1717921637819 96.0 268
1717921647899 96.0 269
1717921657931 96.0 270
1717921668020 96.0 271
1717921678105 96.0 272
1717921688132 87.0 273
1717921698152 6.0 274
1717921708178 93.0 275
1717921718203 96.0 276
1717921728224 96.0 277
1717921738260 96.0 278
1717921748283 96.0 279
1717921758315 96.0 280
1717921768335 96.0 281
1717921778399 94.0 282
1717921788418 96.0 283
1717921798489 97.0 284
1717921808510 97.0 285
1717921818532 96.0 286
1717921828616 96.0 287
1717921838688 97.0 288
1717921848710 96.0 289
1717921858742 94.0 290
1717921868763 88.0 291
1717921878838 91.0 292
1717921888869 96.0 293
1717921898944 96.0 294
1717921909020 97.0 295
1717921919084 94.0 296
1717921929111 97.0 297
1717921939133 96.0 298
1717921949208 93.0 299
1717921959279 96.0 300
1717921969351 96.0 301
1717921979372 94.0 302
1717921989451 96.0 303
1717921999535 96.0 304
1717922009605 95.0 305
1717922019691 96.0 306
1717922029716 94.0 307
1717922039788 96.0 308
1717922049836 96.0 309
1717922059858 90.0 310
1717922069928 94.0 311
1717922080001 96.0 312
1717922090072 96.0 313
1717922100141 94.0 314
1717922110163 95.0 315
1717922120226 96.0 316
1717922130282 94.0 317
1717922140313 96.0 318
1717922150410 94.0 319
1717922160492 95.0 320
1717922170517 96.0 321
1717922180609 96.0 322
1717922190633 96.0 323
1717922200675 96.0 324
1717922210751 95.0 325
1717922220833 97.0 326
1717922230856 96.0 327
1717922240876 88.0 328
1717922250902 96.0 329
1717922260925 95.0 330
1717922270952 96.0 331
1717922280980 95.0 332
1717922291031 96.0 333
1717922301054 96.0 334
1717922311103 96.0 335
1717922321191 96.0 336
1717922331264 96.0 337
1717922341297 96.0 338
1717922351369 96.0 339
1717922361443 96.0 340
1717922371527 97.0 341
1717922381584 95.0 342
1717922391638 96.0 343
1717922401742 93.0 344
1717922411837 95.0 345
1717922421862 90.0 346
1717922431941 96.0 347
1717922442010 96.0 348
1717922452072 96.0 349
1717922462102 93.0 350
1717922472143 97.0 351
1717922482211 96.0 352
1717922492235 94.0 353
1717922502271 96.0 354
1717922512297 96.0 355
1717922522382 96.0 356
1717922532458 95.0 357
1717922542529 97.0 358
1717922552598 97.0 359
1717922562626 96.0 360
1717922572688 96.0 361
1717922582757 97.0 362
1717922592789 94.0 363
1717922602825 90.0 364
1717922612852 88.0 365
1717922622928 97.0 366
1717922633001 96.0 367
1717922643027 96.0 368
1717922653097 97.0 369
1717922663172 94.0 370
1717922673241 96.0 371
1717922683268 96.0 372
1717922693341 96.0 373
1717922703373 96.0 374
1717922713452 96.0 375
1717922723497 96.0 376
1717922733530 95.0 377
1717922743604 96.0 378
1717922753679 95.0 379
1717922763706 97.0 380
1717922773733 97.0 381
1717922783808 90.0 382
1717922793879 90.0 383
1717922803916 96.0 384
1717922813939 93.0 385
1717922824274 97.0 386
1717922834299 96.0 387
1717922844323 95.0 388
1717922854347 96.0 389
1717922864443 94.0 390
1717922874523 96.0 391
1717922884607 96.0 392
1717922894647 96.0 393
1717922904721 96.0 394
1717922914804 96.0 395
1717922924832 96.0 396
1717922934904 96.0 397
1717922944990 96.0 398
1717922955064 96.0 399
1717922965159 96.0 400
1717922975193 87.0 401
1717922985273 96.0 402
1717922995356 96.0 403
1717923005403 96.0 404
1717923015488 96.0 405
1717923025582 95.0 406
1717923035666 97.0 407
1717923045750 96.0 408
1717923055785 96.0 409
1717923065853 96.0 410
1717923075935 95.0 411
1717923085970 95.0 412
1717923096005 96.0 413
1717923106060 96.0 414
1717923116142 91.0 415
1717923126225 96.0 416
1717923136300 96.0 417
1717923146335 93.0 418
1717923156423 90.0 419
1717923166499 96.0 420
1717923176535 96.0 421
1717923186564 96.0 422
1717923196653 96.0 423
1717923206732 96.0 424
1717923216808 96.0 425
1717923226845 96.0 426
1717923236928 96.0 427
1717923247016 96.0 428
1717923257109 96.0 429
1717923267192 97.0 430
1717923277235 96.0 431
1717923287291 96.0 432
1717923297369 97.0 433
1717923307393 96.0 434
1717923317479 96.0 435
1717923327535 97.0 436
1717923337563 90.0 437
1717923347601 94.0 438
1717923357656 96.0 439
1717923367690 96.0 440
1717923377712 96.0 441
1717923387734 96.0 442
1717923397771 96.0 443
1717923407792 96.0 444
1717923417858 96.0 445
1717923427881 97.0 446
1717923437959 97.0 447
1717923448028 94.0 448
1717923458121 96.0 449
1717923468212 96.0 450
1717923478297 96.0 451
1717923488376 95.0 452
1717923498472 96.0 453
1717923508528 97.0 454
1717923518561 90.0 455
1717923528594 88.0 456
1717923538686 96.0 457
1717923548772 95.0 458
1717923558852 96.0 459
1717923568943 94.0 460
1717923579027 94.0 461
1717923589052 96.0 462
1717923599153 96.0 463
1717923609232 96.0 464
1717923619305 94.0 465
1717923629387 96.0 466
1717923639414 96.0 467
1717923649490 94.0 468
1717923659556 95.0 469
1717923669642 96.0 470
1717923679672 96.0 471
1717923689709 96.0 472
1717923699810 88.0 473
1717923709901 90.0 474
1717923719947 94.0 475
1717923730018 96.0 476
1717923740089 97.0 477
1717923750164 94.0 478
1717923760194 96.0 479
1717923770224 96.0 480
1717923780310 95.0 481
1717923790386 96.0 482
1717923800461 97.0 483
1717923810487 97.0 484
1717923820575 96.0 485
1717923830651 97.0 486
1717923840737 96.0 487
1717923850813 96.0 488
1717923860846 96.0 489
1717923870871 96.0 490
1717923880959 96.0 491
1717923891032 90.0 492
1717923901068 96.0 493
1717923911097 96.0 494
1717923921120 96.0 495
1717923931144 96.0 496
1717923941171 95.0 497
1717923951194 96.0 498
1717923961221 96.0 499
1717923971263 95.0 500
1717923981334 96.0 501
1717923991421 95.0 502
1717924001496 95.0 503
1717924011522 96.0 504
1717924021608 94.0 505
1717924031686 95.0 506
1717924041773 96.0 507
1717924051847 94.0 508
1717924061903 96.0 509
1717924071972 88.0 510
1717924082054 96.0 511
1717924092082 96.0 512
1717924102133 96.0 513
1717924112208 95.0 514
1717924122281 96.0 515
1717924132356 96.0 516
1717924142438 94.0 517
1717924152511 96.0 518
1717924162597 96.0 519
1717924172631 94.0 520
1717924182712 96.0 521
1717924192788 96.0 522
1717924202869 94.0 523
1717924212952 96.0 524
1717924222995 97.0 525
1717924233025 96.0 526
1717924243102 95.0 527
1717924253138 90.0 528
1717924263231 96.0 529
1717924273318 96.0 530
1717924283360 96.0 531
1717924293398 96.0 532
1717924303434 96.0 533
1717924313523 96.0 534
1717924323601 96.0 535
1717924333680 94.0 536
1717924343722 96.0 537
1717924353757 96.0 538
1717924363789 93.0 539
1717924373821 96.0 540
1717924383902 96.0 541
1717924393935 93.0 542
1717924403966 96.0 543
1717924413998 97.0 544
1717924424091 97.0 545
1717924435253 88.0 546
1717924445281 6.0 547
1717924455312 93.0 548
1717924465347 96.0 549
1717924475383 96.0 550
1717924485413 96.0 551
1717924495444 96.0 552
1717924505480 96.0 553
1717924515573 96.0 554
1717924525650 96.0 555
1717924535725 95.0 556
1717924545827 96.0 557
1717924555862 96.0 558
1717924565943 96.0 559
1717924576022 96.0 560
1717924586101 97.0 561
1717924596144 96.0 562
1717924606181 97.0 563
1717924616262 90.0 564
1717924626348 90.0 565
1717924636385 96.0 566
1717924646493 96.0 567
1717924656571 96.0 568
1717924666646 97.0 569
1717924676734 96.0 570
1717924686777 94.0 571
1717924696875 96.0 572
1717924706967 97.0 573
1717924717051 96.0 574
1717924727102 96.0 575
1717924737197 96.0 576
1717924747277 94.0 577
1717924757364 96.0 578
1717924767454 96.0 579
1717924777497 96.0 580
1717924787597 96.0 581
1717924797697 96.0 582
1717924807739 87.0 583
1717924817775 96.0 584
1717924827843 92.0 585
1717924837957 96.0 586
1717924848046 96.0 587
1717924858087 96.0 588
1717924868170 97.0 589
1717924878250 96.0 590
1717924888341 96.0 591
1717924898413 95.0 592
1717924908449 96.0 593
1717924918508 96.0 594
1717924928606 95.0 595
1717924938651 96.0 596
1717924948686 96.0 597
1717924958788 96.0 598
1717924968889 96.0 599
1717924978992 95.0 600
1717924989217 88.0 601
1717924999242 96.0 602
1717925009275 93.0 603
1717925019315 96.0 604
1717925029346 93.0 605
1717925039371 96.0 606
1717925049415 93.0 607
1717925059462 91.0 608
1717925069496 96.0 609
1717925079572 95.0 610
1717925089608 96.0 611
1717925099642 97.0 612
1717925109727 94.0 613
1717925119812 97.0 614
1717925129858 97.0 615
1717925139887 93.0 616
1717925149918 97.0 617
1717925159998 96.0 618
1717925170093 88.0 619
1717925180173 94.0 620
1717925190237 96.0 621
1717925200319 96.0 622
1717925210400 94.0 623
1717925220435 96.0 624
1717925230513 96.0 625
1717925240610 96.0 626
1717925250695 96.0 627
1717925260729 96.0 628
1717925270759 96.0 629
1717925280801 96.0 630
1717925290839 96.0 631
1717925300873 97.0 632
1717925310910 96.0 633
1717925320953 96.0 634
1717925330983 96.0 635
1717925341041 94.0 636
1717925351076 84.0 637
1717925361116 90.0 638
1717925371144 95.0 639
1717925381198 95.0 640
1717925391241 96.0 641
1717925401279 96.0 642
1717925411364 93.0 643
1717925421407 95.0 644
1717925431437 94.0 645
1717925441483 96.0 646
1717925451514 96.0 647
1717925461557 93.0 648
1717925471594 96.0 649
1717925481639 96.0 650
1717925491671 95.0 651
1717925501721 96.0 652
1717925511755 96.0 653
1717925521794 96.0 654
1717925531849 95.0 655
1717925541882 90.0 656
1717925551923 96.0 657
1717925561950 94.0 658
1717925571989 94.0 659
1717925582028 95.0 660
1717925592061 96.0 661
1717925602092 96.0 662
1717925612136 96.0 663
1717925622183 93.0 664
1717925632227 96.0 665
1717925642268 96.0 666
1717925652319 95.0 667
1717925662352 93.0 668
1717925672396 96.0 669
1717925682428 96.0 670
1717925692462 96.0 671
1717925702494 94.0 672
1717925712555 96.0 673
1717925722601 90.0 674
1717925732639 90.0 675
1717925742678 95.0 676
1717925752715 96.0 677
1717925762794 97.0 678
1717925772824 96.0 679
1717925782863 96.0 680
1717925792897 95.0 681
1717925802954 95.0 682
1717925812998 96.0 683
1717925823042 95.0 684
1717925833088 96.0 685
1717925843123 96.0 686
1717925853156 95.0 687
1717925863211 94.0 688
1717925873296 96.0 689
1717925883384 96.0 690
1717925893414 93.0 691
1717925903506 96.0 692
1717925913551 90.0 693
1717925923579 96.0 694
1717925933665 95.0 695
1717925943715 96.0 696
1717925953761 96.0 697
1717925963852 96.0 698
1717925973881 96.0 699
1717925983923 96.0 700
1717925993960 95.0 701
1717926003988 93.0 702
1717926014029 96.0 703
1717926024109 96.0 704
1717926034136 95.0 705
1717926044164 93.0 706
1717926054261 96.0 707
1717926064295 96.0 708
1717926074339 96.0 709
1717926084429 96.0 710
1717926094463 90.0 711
1717926104507 93.0 712
1717926114548 93.0 713
1717926124588 96.0 714
1717926134650 96.0 715
1717926144691 96.0 716
1717926154725 96.0 717
1717926164762 96.0 718
1717926174857 95.0 719
1717926184933 94.0 720
1717926194980 96.0 721
1717926205074 96.0 722
1717926215130 95.0 723
1717926225158 96.0 724
1717926235249 96.0 725
1717926245284 96.0 726
1717926255330 95.0 727
1717926265378 90.0 728
1717926275431 93.0 729
1717926285465 90.0 730
1717926295521 94.0 731
1717926305563 96.0 732
1717926315618 94.0 733
1717926325665 95.0 734
1717926335716 96.0 735
1717926345758 96.0 736
1717926355853 96.0 737
1717926365906 96.0 738
1717926375943 96.0 739
1717926385989 96.0 740
1717926396046 96.0 741
1717926406089 96.0 742
1717926416154 96.0 743
1717926426197 96.0 744
1717926436252 96.0 745
1717926446287 96.0 746
1717926456324 95.0 747
1717926466368 87.0 748
1717926476464 96.0 749
1717926486519 96.0 750
1717926496564 94.0 751
1717926506614 96.0 752
1717926516652 96.0 753
1717926526697 95.0 754
1717926536747 93.0 755
1717926546782 96.0 756
1717926556836 96.0 757
1717926566886 96.0 758
1717926576942 96.0 759
1717926586986 95.0 760
1717926597103 96.0 761
1717926607199 96.0 762
1717926617250 95.0 763
1717926627298 96.0 764
1717926637386 96.0 765
1717926647428 90.0 766
1717926657473 95.0 767
1717926667519 93.0 768
1717926677555 95.0 769
1717926687596 96.0 770
1717926697641 96.0 771
1717926707676 96.0 772
1717926717718 96.0 773
1717926727805 88.0 774
1717926737835 96.0 775
1717926747885 96.0 776
1717926757974 95.0 777
1717926768016 94.0 778
1717926778051 96.0 779
1717926788127 96.0 780
1717926798177 96.0 781
1717926808224 96.0 782
1717926818335 96.0 783
1717926828384 96.0 784
1717926838427 90.0 785
1717926848465 96.0 786
1717926858508 96.0 787
1717926868542 96.0 788
1717926878631 96.0 789
1717926888674 95.0 790
1717926898720 95.0 791
1717926909006 94.0 792
1717926919110 96.0 793
1717926929152 96.0 794
1717926939186 96.0 795
1717926949235 96.0 796
1717926959279 95.0 797
1717926969314 92.0 798
1717926979373 93.0 799
1717926989409 96.0 800
1717926999447 96.0 801
1717927009486 96.0 802
1717927019531 88.0 803
1717927029617 96.0 804
1717927039668 96.0 805
1717927049704 96.0 806
1717927059746 94.0 807
1717927069783 96.0 808
1717927079825 96.0 809
1717927089865 95.0 810
1717927099923 94.0 811
1717927109956 96.0 812
1717927119999 96.0 813
1717927130044 96.0 814
1717927140084 96.0 815
1717927150117 96.0 816
1717927160160 95.0 817
1717927170209 96.0 818
1717927180316 93.0 819
1717927190376 95.0 820
1717927200415 90.0 821
1717927210467 96.0 822
1717927220498 96.0 823
1717927230533 96.0 824
1717927240605 95.0 825
1717927250641 94.0 826
1717927260701 96.0 827
1717927270733 93.0 828
1717927280777 96.0 829
1717927290807 96.0 830
1717927300848 96.0 831
1717927310888 96.0 832
1717927320919 96.0 833
1717927330961 96.0 834
1717927340999 96.0 835
1717927351029 96.0 836
1717927361063 96.0 837
1717927371115 96.0 838
1717927381177 95.0 839
1717927391242 90.0 840
1717927401293 96.0 841
1717927411334 95.0 842
1717927421386 96.0 843
1717927431417 95.0 844
1717927441447 97.0 845
1717927451533 96.0 846
1717927461570 96.0 847
1717927471605 94.0 848
1717927481647 96.0 849
1717927491685 96.0 850
1717927501733 96.0 851
1717927511803 95.0 852
1717927521855 96.0 853
1717927531907 96.0 854
1717927541957 96.0 855
1717927551990 96.0 856
1717927562021 96.0 857
1717927572054 90.0 858
1717927582099 97.0 859
1717927592132 96.0 860
1717927602169 96.0 861
1717927612200 96.0 862
1717927622245 96.0 863
1717927632279 95.0 864
1717927642367 96.0 865
1717927652410 97.0 866
1717927662467 96.0 867
1717927672519 96.0 868
1717927682556 96.0 869
1717927692649 96.0 870
1717927702710 96.0 871
1717927712748 96.0 872
1717927722789 96.0 873
1717927732822 95.0 874
1717927742920 95.0 875
1717927753108 90.0 876
1717927763140 6.0 877
1717927773211 95.0 878
1717927783243 95.0 879
1717927793278 96.0 880
1717927803310 96.0 881
1717927813342 96.0 882
1717927823384 96.0 883
1717927833417 93.0 884
1717927843448 93.0 885
1717927853498 96.0 886
1717927863535 96.0 887
1717927873579 96.0 888
1717927883620 95.0 889
1717927893658 96.0 890
1717927903718 96.0 891
1717927913768 94.0 892
1717927923806 96.0 893
1717927933855 96.0 894
1717927943944 90.0 895
1717927953981 95.0 896
1717927964014 94.0 897
1717927974129 96.0 898
1717927984166 96.0 899
1717927994198 96.0 900
1717928004282 96.0 901
1717928014323 96.0 902
1717928024550 96.0 903
1717928034638 95.0 904
1717928044677 96.0 905
1717928054718 96.0 906
1717928064844 97.0 907
1717928074883 96.0 908
1717928084924 96.0 909
1717928095008 96.0 910
1717928105046 97.0 911
1717928115087 96.0 912
1717928125172 90.0 913
1717928135219 96.0 914
1717928145259 96.0 915
1717928155302 95.0 916
1717928165346 96.0 917
1717928175449 96.0 918
1717928185558 96.0 919
1717928195611 94.0 920
1717928205650 96.0 921
1717928215745 96.0 922
1717928225802 95.0 923
1717928235843 96.0 924
1717928245943 94.0 925
1717928255984 96.0 926
1717928266039 96.0 927
1717928276078 94.0 928
1717928286127 94.0 929
1717928296173 96.0 930
1717928306782 90.0 931
1717928316820 5.0 932
1717928326857 96.0 933
1717928336890 96.0 934
1717928346923 96.0 935
1717928356961 96.0 936
1717928366994 96.0 937
1717928377028 93.0 938
1717928387070 96.0 939
1717928397103 96.0 940
1717928407155 96.0 941
1717928417188 97.0 942
1717928427235 96.0 943
1717928437337 96.0 944
1717928447408 93.0 945
1717928457442 88.0 946
1717928467487 96.0 947
1717928477529 93.0 948
1717928487569 96.0 949
1717928497662 90.0 950
1717928507729 96.0 951
1717928517769 94.0 952
1717928527812 96.0 953
1717928537844 95.0 954
1717928547877 94.0 955
1717928557929 96.0 956
1717928567967 95.0 957
1717928578008 96.0 958
1717928588049 96.0 959
1717928598091 96.0 960
1717928608129 97.0 961
1717928618179 96.0 962
1717928628225 96.0 963
1717928638258 96.0 964
1717928648354 95.0 965
1717928658405 97.0 966
1717928668463 96.0 967
1717928678558 90.0 968
1717928688608 90.0 969
1717928698648 96.0 970
1717928708691 96.0 971
1717928718732 96.0 972
1717928728766 95.0 973
1717928738857 95.0 974
1717928748897 97.0 975
1717928758930 96.0 976
1717928769038 96.0 977
1717928779077 96.0 978
1717928789117 96.0 979
1717928799157 95.0 980
1717928809257 97.0 981
1717928819294 94.0 982
1717928829331 96.0 983
1717928839364 96.0 984
1717928849414 96.0 985
1717928859464 95.0 986
1717928869502 90.0 987
1717928879536 89.0 988
1717928889587 96.0 989
1717928899628 96.0 990
1717928909664 95.0 991
1717928919699 95.0 992
1717928929744 95.0 993
1717928939784 96.0 994
1717928949824 92.0 995
1717928959858 96.0 996
1717928969905 92.0 997
1717928979993 95.0 998
1717928990040 96.0 999
1717929000124 97.0 1000
1717929010159 95.0 1001
1717929020205 95.0 1002
1717929030256 96.0 1003
1717929040295 95.0 1004
1717929050356 96.0 1005
1717929060652 94.0 1006
1717929070719 11.0 1007
1717929080761 89.0 1008
1717929090802 95.0 1009
1717929100842 95.0 1010
1717929110900 95.0 1011
1717929120942 94.0 1012
1717929130985 93.0 1013
1717929141029 96.0 1014
1717929151087 96.0 1015
1717929161131 96.0 1016
1717929171173 94.0 1017
1717929181273 95.0 1018
1717929191318 96.0 1019
1717929201358 95.0 1020
1717929211429 94.0 1021
1717929221480 95.0 1022
1717929231523 96.0 1023
1717929241569 95.0 1024
1717929251608 97.0 1025
1717929261660 95.0 1026
1717929271714 96.0 1027
1717929281753 89.0 1028
1717929291805 90.0 1029
1717929301846 94.0 1030
1717929311881 96.0 1031
1717929321924 96.0 1032
1717929331972 95.0 1033
1717929342090 96.0 1034
1717929352130 96.0 1035
1717929362175 95.0 1036
1717929372214 95.0 1037
1717929382324 95.0 1038
1717929392368 95.0 1039
1717929402421 95.0 1040
1717929412527 95.0 1041
1717929422575 95.0 1042
1717929432613 96.0 1043
1717929442706 96.0 1044
1717929452779 96.0 1045
1717929462840 95.0 1046
1717929472897 95.0 1047
1717929482948 90.0 1048
