1717918947319 10.2 0
1717918957341 60.2 1
1717918967352 60.2 2
1717918977371 60.2 3
1717918987386 60.2 4
1717918997402 60.2 5
1717919007414 60.2 6
1717919017427 60.2 7
1717919027447 60.2 8
1717919037462 60.2 9
1717919047478 60.2 10
1717919057501 60.2 11
1717919067515 60.2 12
1717919077533 60.2 13
1717919087546 60.2 14
1717919097567 60.2 15
1717919107589 60.2 16
1717919117604 60.2 17
1717919127631 60.2 18
1717919137644 60.2 19
1717919147657 60.2 20
1717919157671 60.2 21
1717919167684 60.2 22
1717919177695 60.2 23
1717919187707 60.2 24
1717919197723 60.2 25
1717919207743 60.2 26
1717919217769 60.2 27
1717919227792 60.2 28
1717919237806 60.2 29
1717919247818 60.2 30
1717919257831 60.2 31
1717919267848 60.2 32
1717919277862 60.2 33
1717919287885 60.2 34
1717919297948 60.2 35
1717919307982 60.2 36
1717919317996 60.2 37
1717919328009 60.2 38
1717919338073 60.2 39
1717919348090 60.2 40
1717919358104 60.2 41
1717919368118 60.2 42
1717919378140 60.2 43
1717919388163 60.2 44
1717919398183 60.2 45
1717919408200 60.2 46
1717919418227 60.2 47
1717919428250 60.2 48
1717919438266 60.2 49
1717919448288 60.2 50
1717919458306 60.2 51
1717919468340 60.2 52
1717919478364 60.2 53
1717919489348 60.2 54
1717919499365 60.2 55
1717919509382 60.2 56
1717919519398 60.2 57
1717919529423 60.2 58
1717919539437 60.2 59
1717919549452 60.2 60
1717919559467 60.2 61
1717919569481 60.2 62
1717919579512 60.2 63
1717919589527 60.2 64
1717919599546 60.2 65
1717919609565 60.2 66
1717919619580 60.2 67
1717919629595 60.2 68
1717919639609 60.2 69
1717919649628 60.2 70
1717919659672 60.2 71
1717919669691 60.2 72
1717919679727 60.2 73
1717919689745 60.2 74
1717919699761 60.2 75
1717919709786 60.2 76
1717919719811 60.2 77
1717919729837 60.2 78
1717919739875 60.2 79
1717919749900 60.2 80
1717919759921 60.2 81
1717919769945 60.2 82
1717919779990 60.2 83
1717919790005 60.2 84
1717919800041 60.2 85
1717919810058 60.2 86
1717919820073 60.2 87
1717919830119 60.2 88
1717919840134 60.2 89
1717919850170 60.2 90
1717919860187 60.2 91
1717919870212 60.2 92
1717919880238 60.2 93
1717919890254 60.2 94
1717919900270 60.2 95
1717919910285 60.2 96
1717919920300 60.2 97
1717919930316 60.2 98
1717919940341 60.2 99
1717919950381 60.2 100
1717919960397 60.2 101
1717919970414 60.2 102
1717919980432 60.2 103
1717919990457 60.2 104
1717920000477 60.2 105
1717920010494 60.2 106
1717920020519 60.2 107
1717920030546 60.2 108
1717920040563 60.2 109
1717920050577 60.2 110
1717920060603 60.2 111
1717920070621 60.2 112
1717920080645 60.2 113
1717920090660 60.2 114
1717920100675 60.2 115
1717920110693 60.2 116
1717920120760 60.2 117
1717920130777 60.2 118
1717920140834 60.2 119
1717920150897 60.2 120
1717920160913 60.2 121
1717920170983 60.2 122
1717920181043 60.2 123
1717920191074 60.2 124
1717920201146 60.2 125
1717920211174 60.2 126
1717920221208 60.2 127
1717920231274 60.2 128
1717920241296 60.2 129
1717920251313 60.2 130
1717920261368 60.2 131
1717920271428 60.2 132
1717920281445 60.2 133
1717920291463 60.2 134
1717920301536 60.2 135
1717920311608 60.2 136
1717920321628 60.2 137
1717920331655 60.2 138
1717920341715 60.2 139
1717920351732 60.2 140
1717920361753 60.2 141
1717920371824 60.2 142
1717920381841 60.2 143
1717920391862 60.2 144
1717920401929 60.2 145
1717920411947 60.2 146
1717920422011 60.2 147
1717920432071 60.2 148
1717920442141 60.2 149
1717920452207 60.2 150
1717920462226 60.2 151
1717920472298 60.2 152
1717920482365 60.2 153
1717920492386 60.2 154
1717920502407 60.2 155
1717920512483 60.2 156
1717920522547 60.2 157
1717920532624 60.2 158
1717920542655 60.2 159
1717920552739 60.2 160
1717920562812 60.2 161
1717920572836 60.2 162
1717920582852 60.2 163
1717920592914 60.2 164
1717920602929 60.2 165
1717920612944 60.2 166
1717920622962 60.2 167
1717920632980 60.2 168
1717920642998 60.2 169
1717920653022 60.2 170
1717920663043 60.2 171
1717920673069 60.2 172
1717920683087 60.2 173
1717920693109 60.2 174
1717920703133 60.2 175
1717920713153 60.2 176
1717920723214 60.2 177
1717920733235 60.2 178
1717920743264 60.2 179
1717920753336 60.2 180
1717920763404 60.2 181
1717920773428 60.2 182
1717920783495 60.2 183
1717920793561 60.2 184
1717920803635 60.2 185
1717920813700 60.2 186
1717920823725 60.2 187
1717920833790 60.2 188
1717920843848 60.2 189
1717920853905 60.2 190
1717920863924 60.2 191
1717920873983 60.2 192
1717920884049 60.2 193
1717920894121 60.2 194
1717920904138 60.2 195
1717920914158 60.2 196
1717920924220 60.2 197
1717920934288 60.2 198
1717920944307 60.2 199
1717920954325 60.2 200
1717920964385 60.2 201
1717920974451 60.2 202
1717920984521 60.2 203
1717920994539 60.2 204
1717921004605 60.2 205
1717921014673 60.2 206
1717921024739 60.2 207
1717921034802 60.2 208
1717921044821 60.2 209
1717921054882 60.2 210
1717921064960 60.2 211
1717921074981 60.2 212
1717921085042 60.2 213
1717921095060 60.2 214
1717921105086 60.2 215
1717921115112 60.2 216
1717921125150 60.2 217
1717921135237 60.2 218
1717921145296 60.2 219
1717921155316 60.2 220
1717921165347 60.2 221
1717921175369 60.2 222
1717921185390 60.2 223
1717921195414 60.2 224
1717921205434 60.2 225
1717921215454 60.2 226
1717921225473 60.2 227
1717921235539 60.2 228
1717921245611 60.2 229
1717921255691 60.2 230
1717921265777 60.2 231
1717921275813 60.2 232
1717921285894 60.2 233
1717921295958 60.2 234
1717921306025 60.2 235
1717921316048 60.2 236
1717921326110 60.2 237
1717921336174 60.2 238
1717921346248 60.2 239
1717921356268 60.2 240
1717921366333 60.2 241
1717921376401 60.2 242
1717921386462 60.2 243
1717921396485 60.2 244
1717921406504 60.2 245
1717921416550 60.2 246
1717921426625 60.2 247
1717921436704 60.2 248
1717921446725 60.2 249
1717921456789 60.2 250
1717921466856 60.2 251
1717921476927 60.2 252
1717921486997 60.2 253
1717921497046 60.2 254
1717921507068 60.2 255
1717921517128 60.2 256
1717921527149 60.2 257
1717921537211 60.2 258
1717921547276 60.2 259
1717921557349 60.2 260
1717921567412 60.2 261
1717921577439 60.2 262
1717921587523 60.2 263
1717921597587 60.2 264
1717921607609 60.2 265
1717921617686 60.2 266
1717921627753 60.2 267
1717921637819 60.2 268
1717921647899 60.2 269
1717921657931 60.2 270
1717921668020 60.2 271
1717921678105 60.2 272
1717921688132 60.2 273
1717921698152 60.2 274
1717921708178 60.2 275
1717921718203 60.2 276
1717921728224 60.2 277
1717921738260 60.2 278
1717921748283 60.2 279
1717921758315 60.2 280
1717921768335 60.2 281
1717921778399 60.2 282
1717921788418 60.2 283
1717921798489 60.2 284
1717921808510 60.2 285
1717921818532 60.2 286
1717921828616 60.2 287
1717921838688 60.2 288
1717921848710 60.2 289
1717921858742 60.2 290
1717921868763 60.2 291
1717921878838 60.2 292
1717921888869 60.2 293
1717921898944 60.2 294
1717921909020 60.2 295
1717921919084 60.2 296
1717921929111 60.2 297
1717921939133 60.2 298
1717921949208 60.2 299
1717921959279 60.2 300
1717921969351 60.2 301
1717921979372 60.2 302
1717921989451 60.2 303
1717921999535 60.2 304
1717922009605 60.2 305
1717922019691 60.2 306
1717922029716 60.2 307
1717922039788 60.2 308
1717922049836 60.2 309
1717922059858 60.2 310
1717922069928 60.2 311
1717922080001 60.2 312
1717922090072 60.2 313
1717922100141 60.2 314
1717922110163 60.2 315
1717922120226 60.2 316
1717922130282 60.2 317
1717922140313 60.2 318
1717922150410 60.2 319
1717922160492 60.2 320
1717922170517 60.2 321
1717922180609 60.2 322
1717922190633 60.2 323
1717922200675 60.2 324
1717922210751 60.2 325
1717922220833 60.2 326
1717922230856 60.2 327
1717922240876 60.2 328
1717922250902 60.2 329
1717922260925 60.2 330
1717922270952 60.2 331
1717922280980 60.2 332
1717922291031 60.2 333
1717922301054 60.2 334
1717922311103 60.2 335
1717922321191 60.2 336
1717922331264 60.2 337
1717922341297 60.2 338
1717922351369 60.2 339
1717922361443 60.2 340
1717922371527 60.2 341
1717922381584 60.2 342
1717922391638 60.2 343
1717922401742 60.2 344
1717922411837 60.2 345
1717922421862 60.2 346
1717922431941 60.2 347
1717922442010 60.2 348
1717922452072 60.2 349
1717922462102 60.2 350
1717922472143 60.2 351
1717922482211 60.2 352
1717922492235 60.2 353
1717922502271 60.2 354
1717922512297 60.2 355
1717922522382 60.2 356
1717922532458 60.2 357
1717922542529 60.2 358
1717922552598 60.2 359
1717922562626 60.2 360
1717922572688 60.2 361
1717922582757 60.2 362
1717922592789 60.2 363
1717922602825 60.2 364
1717922612852 60.2 365
1717922622928 60.2 366
1717922633001 60.2 367
1717922643027 60.2 368
1717922653097 60.2 369
1717922663172 60.2 370
1717922673241 60.2 371
1717922683268 60.2 372
1717922693341 60.2 373
1717922703373 60.2 374
1717922713452 60.2 375
1717922723497 60.2 376
1717922733530 60.2 377
1717922743604 60.2 378
1717922753679 60.2 379
1717922763706 60.2 380
1717922773733 60.2 381
1717922783808 60.2 382
1717922793879 60.2 383
1717922803916 60.2 384
1717922813939 60.2 385
1717922824274 60.2 386
1717922834299 60.2 387
1717922844323 60.2 388
1717922854347 60.2 389
1717922864443 60.2 390
1717922874523 60.2 391
1717922884607 60.2 392
1717922894647 60.2 393
1717922904721 60.2 394
1717922914804 60.2 395
1717922924832 60.2 396
1717922934904 60.2 397
1717922944990 60.2 398
1717922955064 60.2 399
1717922965159 60.2 400
1717922975193 60.2 401
1717922985273 60.2 402
1717922995356 60.2 403
1717923005403 60.2 404
1717923015488 60.2 405
1717923025582 60.2 406
1717923035666 60.2 407
1717923045750 60.2 408
1717923055785 60.2 409
1717923065853 60.2 410
1717923075935 60.2 411
1717923085970 60.2 412
1717923096005 60.2 413
1717923106060 60.2 414
1717923116142 60.2 415
1717923126225 60.2 416
1717923136300 60.2 417
1717923146335 60.2 418
1717923156423 60.2 419
1717923166499 60.2 420
1717923176535 60.2 421
1717923186564 60.2 422
1717923196653 60.2 423
1717923206732 60.2 424
1717923216808 60.2 425
1717923226845 60.2 426
1717923236928 60.2 427
1717923247016 60.2 428
1717923257109 60.2 429
1717923267192 60.2 430
1717923277235 60.2 431
1717923287291 60.2 432
1717923297369 60.2 433
1717923307393 60.2 434
1717923317479 60.2 435
1717923327535 60.2 436
1717923337563 60.2 437
1717923347601 60.2 438
1717923357656 60.2 439
1717923367690 60.2 440
1717923377712 60.2 441
1717923387734 60.2 442
1717923397771 60.2 443
1717923407792 60.2 444
1717923417858 60.2 445
1717923427881 60.2 446
1717923437959 60.2 447
1717923448028 60.2 448
1717923458121 60.2 449
1717923468212 60.2 450
1717923478297 60.2 451
1717923488376 60.2 452
1717923498472 60.2 453
1717923508528 60.2 454
1717923518561 60.2 455
1717923528594 60.2 456
1717923538686 60.2 457
1717923548772 60.2 458
1717923558852 60.2 459
1717923568943 60.2 460
1717923579027 60.2 461
1717923589052 60.2 462
1717923599153 60.2 463
1717923609232 60.2 464
1717923619305 60.2 465
1717923629387 60.2 466
1717923639414 60.2 467
1717923649490 60.2 468
1717923659556 60.2 469
1717923669642 60.2 470
1717923679672 60.2 471
1717923689709 60.2 472
1717923699810 60.2 473
1717923709901 60.2 474
1717923719947 60.2 475
1717923730018 60.2 476
1717923740089 60.2 477
1717923750164 60.2 478
1717923760194 60.2 479
1717923770224 60.2 480
1717923780310 60.2 481
1717923790386 60.2 482
1717923800461 60.2 483
1717923810487 60.2 484
1717923820575 60.2 485
1717923830651 60.2 486
1717923840737 60.2 487
1717923850813 60.2 488
1717923860846 60.2 489
1717923870871 60.2 490
1717923880959 60.2 491
1717923891032 60.2 492
1717923901068 60.2 493
1717923911097 60.2 494
1717923921120 60.2 495
1717923931144 60.2 496
1717923941171 60.2 497
1717923951194 60.2 498
1717923961221 60.2 499
1717923971263 60.2 500
1717923981334 60.2 501
1717923991421 60.2 502
1717924001496 60.2 503
1717924011522 60.2 504
1717924021608 60.2 505
1717924031686 60.2 506
1717924041773 60.2 507
1717924051847 60.2 508
1717924061903 60.2 509
1717924071972 60.2 510
1717924082054 60.2 511
1717924092082 60.2 512
1717924102133 60.2 513
1717924112208 60.2 514
1717924122281 60.2 515
1717924132356 60.2 516
1717924142438 60.2 517
1717924152511 60.2 518
1717924162597 60.2 519
1717924172631 60.2 520
1717924182712 60.2 521
1717924192788 60.2 522
1717924202869 60.2 523
1717924212952 60.2 524
1717924222995 60.2 525
1717924233025 60.2 526
1717924243102 60.2 527
1717924253138 60.2 528
1717924263231 60.2 529
1717924273318 60.2 530
1717924283360 60.2 531
1717924293398 60.2 532
1717924303434 60.2 533
1717924313523 60.2 534
1717924323601 60.2 535
1717924333680 60.2 536
1717924343722 60.2 537
1717924353757 60.2 538
1717924363789 60.2 539
1717924373821 60.2 540
1717924383902 60.2 541
1717924393935 60.2 542
1717924403966 60.2 543
1717924413998 60.2 544
1717924424091 60.2 545
1717924435253 60.2 546
1717924445281 60.2 547
1717924455312 60.2 548
1717924465347 60.2 549
1717924475383 60.2 550
1717924485413 60.2 551
1717924495444 60.2 552
1717924505480 60.2 553
1717924515573 60.2 554
1717924525650 60.2 555
1717924535725 60.2 556
1717924545827 60.2 557
1717924555862 60.2 558
1717924565943 60.2 559
1717924576022 60.2 560
1717924586101 60.2 561
1717924596144 60.2 562
1717924606181 60.2 563
1717924616262 60.2 564
1717924626348 60.2 565
1717924636385 60.2 566
1717924646493 60.2 567
1717924656571 60.2 568
1717924666646 60.2 569
1717924676734 60.2 570
1717924686777 60.2 571
1717924696875 60.2 572
1717924706967 60.2 573
1717924717051 60.2 574
1717924727102 60.2 575
1717924737197 60.2 576
1717924747277 60.2 577
1717924757364 60.2 578
1717924767454 60.2 579
1717924777497 60.2 580
1717924787597 60.2 581
1717924797697 60.2 582
1717924807739 60.2 583
1717924817775 60.2 584
1717924827843 60.2 585
1717924837957 60.2 586
1717924848046 60.2 587
1717924858087 60.2 588
1717924868170 60.2 589
1717924878250 60.2 590
1717924888341 60.2 591
1717924898413 60.2 592
1717924908449 60.2 593
1717924918508 60.2 594
1717924928606 60.2 595
1717924938651 60.2 596
1717924948686 60.2 597
1717924958788 60.2 598
1717924968889 60.2 599
1717924978992 60.2 600
1717924989217 60.2 601
1717924999242 60.2 602
1717925009275 60.2 603
1717925019315 60.2 604
1717925029346 60.2 605
1717925039371 60.2 606
1717925049415 60.2 607
1717925059462 60.2 608
1717925069496 60.2 609
1717925079572 60.2 610
1717925089608 60.2 611
1717925099642 60.2 612
1717925109727 60.2 613
1717925119812 60.2 614
1717925129858 60.2 615
1717925139887 60.2 616
1717925149918 60.2 617
1717925159998 60.2 618
1717925170093 60.2 619
1717925180173 60.2 620
1717925190237 60.2 621
1717925200319 60.2 622
1717925210400 60.2 623
1717925220435 60.2 624
1717925230513 60.2 625
1717925240610 60.2 626
1717925250695 60.2 627
1717925260729 60.2 628
1717925270759 60.2 629
1717925280801 60.2 630
1717925290839 60.2 631
1717925300873 60.8 632
1717925310910 61.5 633
1717925320953 62.0 634
1717925330983 62.4 635
1717925341041 61.9 636
1717925351076 63.1 637
1717925361116 62.8 638
1717925371144 62.7 639
1717925381198 62.5 640
1717925391241 62.8 641
1717925401279 62.6 642
1717925411364 62.4 643
1717925421407 62.5 644
1717925431437 62.4 645
1717925441483 62.4 646
1717925451514 62.5 647
1717925461557 62.4 648
1717925471594 62.5 649
1717925481639 62.4 650
1717925491671 62.4 651
1717925501721 62.4 652
1717925511755 62.3 653
1717925521794 62.5 654
1717925531849 62.3 655
1717925541882 62.3 656
1717925551923 62.4 657
1717925561950 62.3 658
1717925571989 62.3 659
1717925582028 62.3 660
1717925592061 62.3 661
1717925602092 62.5 662
1717925612136 62.3 663
1717925622183 62.5 664
1717925632227 62.3 665
1717925642268 62.3 666
1717925652319 62.3 667
1717925662352 62.3 668
1717925672396 62.5 669
1717925682428 62.3 670
1717925692462 62.5 671
1717925702494 62.3 672
1717925712555 62.3 673
1717925722601 62.5 674
1717925732639 62.3 675
1717925742678 62.3 676
1717925752715 62.0 677
1717925762794 62.0 678
1717925772824 62.1 679
1717925782863 62.0 680
1717925792897 62.0 681
1717925802954 62.1 682
1717925812998 61.8 683
1717925823042 62.0 684
1717925833088 61.8 685
1717925843123 61.8 686
1717925853156 61.8 687
1717925863211 61.8 688
1717925873296 62.0 689
1717925883384 61.8 690
1717925893414 62.0 691
1717925903506 61.8 692
1717925913551 61.8 693
1717925923579 61.8 694
1717925933665 61.8 695
1717925943715 61.8 696
1717925953761 62.0 697
1717925963852 61.8 698
1717925973881 62.0 699
1717925983923 61.8 700
1717925993960 61.8 701
1717926003988 62.0 702
1717926014029 61.8 703
1717926024109 62.0 704
1717926034136 61.8 705
1717926044164 61.8 706
1717926054261 61.8 707
1717926064295 61.8 708
1717926074339 62.0 709
1717926084429 61.8 710
1717926094463 61.9 711
1717926104507 61.9 712
1717926114548 61.7 713
1717926124588 61.7 714
1717926134650 61.7 715
1717926144691 61.7 716
1717926154725 61.7 717
1717926164762 61.7 718
1717926174857 61.8 719
1717926184933 61.7 720
1717926194980 61.7 721
1717926205074 61.7 722
1717926215130 61.7 723
1717926225158 61.8 724
1717926235249 61.7 725
1717926245284 61.8 726
1717926255330 61.7 727
1717926265378 61.7 728
1717926275431 61.8 729
1717926285465 61.7 730
1717926295521 61.7 731
1717926305563 61.7 732
1717926315618 61.7 733
1717926325665 61.8 734
1717926335716 61.7 735
1717926345758 61.7 736
1717926355853 61.7 737
1717926365906 61.7 738
1717926375943 61.8 739
1717926385989 61.7 740
1717926396046 61.7 741
1717926406089 61.7 742
1717926416154 61.7 743
1717926426197 61.8 744
1717926436252 61.7 745
1717926446287 61.8 746
1717926456324 61.7 747
1717926466368 61.7 748
1717926476464 61.8 749
1717926486519 61.7 750
1717926496564 61.7 751
1717926506614 61.8 752
1717926516652 61.7 753
1717926526697 61.8 754
1717926536747 61.7 755
1717926546782 61.7 756
1717926556836 61.7 757
1717926566886 61.7 758
1717926576942 61.9 759
1717926586986 61.7 760
1717926597103 61.7 761
1717926607199 61.7 762
1717926617250 61.7 763
1717926627298 61.9 764
1717926637386 61.7 765
1717926647428 61.9 766
1717926657473 61.8 767
1717926667519 61.7 768
1717926677555 61.7 769
1717926687596 61.7 770
1717926697641 61.7 771
1717926707676 61.7 772
1717926717718 61.7 773
1717926727805 61.8 774
1717926737835 61.7 775
1717926747885 61.7 776
1717926757974 61.7 777
1717926768016 61.7 778
1717926778051 61.8 779
1717926788127 61.7 780
1717926798177 61.8 781
1717926808224 61.7 782
1717926818335 61.7 783
1717926828384 61.7 784
1717926838427 61.7 785
1717926848465 61.7 786
1717926858508 61.7 787
1717926868542 61.7 788
1717926878631 61.9 789
1717926888674 61.7 790
1717926898720 61.7 791
1717926909006 61.7 792
1717926919110 61.7 793
1717926929152 61.9 794
1717926939186 61.7 795
1717926949235 61.7 796
1717926959279 61.7 797
1717926969314 61.7 798
1717926979373 61.9 799
1717926989409 61.7 800
1717926999447 61.9 801
1717927009486 61.7 802
1717927019531 61.7 803
1717927029617 61.8 804
1717927039668 61.7 805
1717927049704 61.7 806
1717927059746 61.9 807
1717927069783 61.7 808
1717927079825 61.9 809
1717927089865 61.7 810
1717927099923 61.7 811
1717927109956 61.7 812
1717927119999 61.7 813
1717927130044 61.9 814
1717927140084 61.7 815
1717927150117 61.8 816
1717927160160 61.7 817
1717927170209 61.7 818
1717927180316 61.9 819
1717927190376 61.7 820
1717927200415 61.9 821
1717927210467 61.8 822
1717927220498 61.7 823
1717927230533 61.7 824
1717927240605 61.7 825
1717927250641 61.7 826
1717927260701 61.7 827
1717927270733 61.7 828
1717927280777 61.9 829
1717927290807 61.7 830
1717927300848 61.9 831
1717927310888 61.7 832
1717927320919 61.7 833
1717927330961 61.8 834
1717927340999 61.7 835
1717927351029 61.8 836
1717927361063 61.7 837
1717927371115 61.7 838
1717927381177 61.7 839
1717927391242 61.7 840
1717927401293 61.7 841
1717927411334 61.7 842
1717927421386 61.7 843
1717927431417 61.9 844
1717927441447 61.7 845
1717927451533 61.7 846
1717927461570 61.7 847
1717927471605 61.7 848
1717927481647 61.9 849
1717927491685 61.7 850
1717927501733 61.9 851
1717927511803 61.7 852
1717927521855 61.7 853
1717927531907 61.9 854
1717927541957 61.7 855
1717927551990 61.9 856
1717927562021 61.7 857
1717927572054 61.7 858
1717927582099 61.9 859
1717927592132 61.7 860
1717927602169 61.7 861
1717927612200 61.8 862
1717927622245 61.7 863
1717927632279 61.9 864
1717927642367 61.7 865
1717927652410 61.7 866
1717927662467 61.7 867
1717927672519 61.7 868
1717927682556 61.9 869
1717927692649 61.7 870
1717927702710 61.7 871
1717927712748 61.7 872
1717927722789 61.7 873
1717927732822 61.8 874
1717927742920 61.7 875
1717927753108 61.8 876
1717927763140 61.8 877
1717927773211 61.7 878
1717927783243 61.7 879
1717927793278 61.7 880
1717927803310 61.7 881
1717927813342 61.7 882
1717927823384 61.7 883
1717927833417 61.8 884
1717927843448 61.7 885
1717927853498 61.8 886
1717927863535 61.7 887
1717927873579 61.7 888
1717927883620 61.8 889
1717927893658 61.7 890
1717927903718 61.8 891
1717927913768 62.0 892
1717927923806 61.9 893
1717927933855 61.7 894
1717927943944 61.8 895
1717927953981 61.8 896
1717927964014 61.8 897
1717927974129 61.8 898
1717927984166 61.9 899
1717927994198 61.8 900
1717928004282 61.8 901
1717928014323 61.8 902
1717928024550 61.8 903
1717928034638 61.9 904
1717928044677 61.8 905
1717928054718 61.9 906
1717928064844 61.8 907
1717928074883 61.8 908
1717928084924 61.9 909
1717928095008 61.8 910
1717928105046 61.9 911
1717928115087 61.8 912
1717928125172 61.8 913
1717928135219 61.9 914
1717928145259 61.8 915
1717928155302 61.7 916
1717928165346 61.7 917
1717928175449 61.7 918
1717928185558 61.9 919
1717928195611 61.7 920
1717928205650 61.7 921
1717928215745 61.7 922
1717928225802 61.7 923
1717928235843 61.9 924
1717928245943 61.7 925
1717928255984 61.9 926
1717928266039 61.7 927
1717928276078 61.7 928
1717928286127 61.9 929
1717928296173 61.7 930
1717928306782 61.9 931
1717928316820 61.8 932
1717928326857 61.7 933
1717928336890 61.7 934
1717928346923 61.7 935
1717928356961 61.7 936
1717928366994 61.7 937
1717928377028 61.7 938
1717928387070 61.9 939
1717928397103 61.7 940
1717928407155 61.9 941
1717928417188 61.7 942
1717928427235 61.7 943
1717928437337 61.9 944
1717928447408 61.7 945
1717928457442 62.5 946
1717928467487 62.3 947
1717928477529 62.2 948
1717928487569 61.9 949
1717928497662 61.9 950
1717928507729 62.0 951
1717928517769 61.9 952
1717928527812 64.8 953
1717928537844 64.4 954
1717928547877 63.4 955
1717928557929 63.5 956
1717928567967 63.3 957
1717928578008 63.7 958
1717928588049 63.4 959
1717928598091 63.4 960
1717928608129 63.4 961
1717928618179 63.3 962
1717928628225 63.5 963
1717928638258 63.3 964
1717928648354 63.5 965
1717928658405 63.3 966
1717928668463 63.3 967
1717928678558 63.5 968
1717928688608 63.3 969
1717928698648 65.2 970
1717928708691 64.8 971
1717928718732 65.3 972
1717928728766 65.7 973
1717928738857 65.7 974
1717928748897 65.8 975
1717928758930 65.3 976
1717928769038 65.1 977
1717928779077 65.1 978
1717928789117 64.3 979
1717928799157 64.4 980
1717928809257 65.0 981
1717928819294 65.4 982
1717928829331 65.1 983
1717928839364 65.1 984
1717928849414 65.2 985
1717928859464 65.2 986
1717928869502 65.4 987
1717928879536 65.6 988
1717928889587 64.3 989
1717928899628 65.0 990
1717928909664 65.7 991
1717928919699 65.2 992
1717928929744 65.0 993
1717928939784 65.0 994
1717928949824 65.0 995
1717928959858 64.9 996
1717928969905 68.4 997
1717928979993 68.0 998
1717928990040 65.0 999
1717929000124 67.5 1000
1717929010159 68.6 1001
1717929020205 68.5 1002
1717929030256 68.1 1003
1717929040295 69.1 1004
1717929050356 68.7 1005
1717929060652 68.3 1006
1717929070719 68.5 1007
1717929080761 68.4 1008
1717929090802 68.7 1009
1717929100842 69.1 1010
1717929110900 68.6 1011
1717929120942 68.6 1012
1717929130985 68.6 1013
1717929141029 68.4 1014
1717929151087 68.3 1015
1717929161131 68.3 1016
1717929171173 68.4 1017
1717929181273 68.3 1018
1717929191318 68.6 1019
1717929201358 68.9 1020
1717929211429 69.1 1021
1717929221480 68.8 1022
1717929231523 68.7 1023
1717929241569 68.7 1024
1717929251608 68.6 1025
1717929261660 68.5 1026
1717929271714 68.9 1027
1717929281753 69.5 1028
1717929291805 69.0 1029
1717929301846 69.0 1030
1717929311881 69.0 1031
1717929321924 69.0 1032
1717929331972 69.1 1033
1717929342090 69.0 1034
1717929352130 68.9 1035
1717929362175 68.3 1036
1717929372214 68.4 1037
1717929382324 68.3 1038
1717929392368 68.4 1039
1717929402421 68.3 1040
1717929412527 68.0 1041
1717929422575 68.0 1042
1717929432613 68.0 1043
1717929442706 68.0 1044
1717929452779 67.9 1045
1717929462840 68.0 1046
1717929472897 68.1 1047
1717929482948 67.6 1048
