1717918947319 0.0 0
1717918957341 0.00016599999980826396 1
1717918967352 0.002222000000074331 2
1717918977371 0.004350000000158616 3
1717918987386 0.004469999999855645 4
1717918997402 0.004791000000295753 5
1717919007414 0.014078999999583175 6
1717919017427 0.024378000000069733 7
1717919027447 0.027109999999993306 8
1717919037462 0.0290660000000571 9
1717919047478 0.0290660000000571 10
1717919057501 0.02919800000017858 11
1717919067515 0.02925799999957235 12
1717919077533 0.02925799999957235 13
1717919087546 0.03354200000012497 14
1717919097567 0.03354200000012497 15
1717919107589 0.03382400000009511 16
1717919117604 0.03382400000009511 17
1717919127631 0.03382400000009511 18
1717919137644 0.03388399999948888 19
1717919147657 0.038193999999748485 20
1717919157671 0.03841600000032486 21
1717919167684 0.03857200000038574 22
1717919177695 0.03863199999977951 23
1717919187707 0.03863199999977951 24
1717919197723 0.03863199999977951 25
1717919207743 0.04291600000033213 26
1717919217769 0.04291600000033213 27
1717919227792 0.04400400000031368 28
1717919237806 0.04400400000031368 29
1717919247818 0.04400400000031368 30
1717919257831 0.04400400000031368 31
1717919267848 0.04818799999975454 32
1717919277862 0.04818799999975454 33
1717919287885 0.0482480000000578 34
1717919297948 0.0482480000000578 35
1717919307982 0.057475999999951455 36
1717919317996 0.06779000000005908 37
1717919328009 0.07197399999949994 38
1717919338073 0.07207399999970221 39
1717919348090 0.07213400000000547 40
1717919358104 0.07226600000012695 41
1717919368118 0.07226600000012695 42
1717919378140 0.07232599999952072 43
1717919388163 0.07650999999987107 44
1717919398183 0.07650999999987107 45
1717919408200 0.07670200000029581 46
1717919418227 0.07670200000029581 47
1717919428250 0.07670200000029581 48
1717919438266 0.07676199999968958 49
1717919448288 0.08107199999994918 50
1717919458306 0.08107199999994918 51
1717919468340 0.08117200000015146 52
1717919478364 0.08117200000015146 53
1717919489348 0.08117200000015146 54
1717919499365 0.08123199999954522 55
1717919509382 0.08541599999989558 56
1717919519398 0.08541599999989558 57
1717919529423 0.08644399999957386 58
1717919539437 0.08644399999957386 59
1717919549452 0.08644399999957386 60
1717919559467 0.08644399999957386 61
1717919569481 0.09062799999992421 62
1717919579512 0.09062799999992421 63
1717919589527 0.09078799999952025 64
1717919599546 0.09078799999952025 65
1717919609565 0.1000819999999294 66
1717919619580 0.11044200000014825 67
1717919629595 0.11462599999958911 68
1717919639609 0.11462599999958911 69
1717919649628 0.11462599999958911 70
1717919659672 0.11475799999971059 71
1717919669691 0.11475799999971059 72
1717919679727 0.11475799999971059 73
1717919689745 0.11894200000006094 74
1717919699761 0.11951200000021345 75
1717919709786 0.1196380000001227 76
1717919719811 0.1200380000000223 77
1717919729837 0.1200380000000223 78
1717919739875 0.12016399999993155 79
1717919749900 0.14546799999970972 80
1717919759921 0.14546799999970972 81
1717919769945 0.14546799999970972 82
1717919779990 0.14546799999970972 83
1717919790005 0.14546799999970972 84
1717919800041 0.14546799999970972 85
1717919810058 0.14965200000006007 86
1717919820073 0.14965200000006007 87
1717919830119 0.15074000000004162 88
1717919840134 0.1508400000002439 89
1717919850170 0.1508400000002439 90
1717919860187 0.1508400000002439 91
1717919870212 0.15502399999968475 92
1717919880238 0.15502399999968475 93
1717919890254 0.155083999999988 94
1717919900270 0.155083999999988 95
1717919910285 0.16424600000027567 96
1717919920300 0.17472499999985303 97
1717919930316 0.17890900000020338 98
1717919940341 0.17890900000020338 99
1717919950381 0.17890900000020338 100
1717919960397 0.17910099999971862 101
1717919970414 0.1792009999999209 102
1717919980432 0.1792009999999209 103
1717919990457 0.18338500000027125 104
1717920000477 0.18345099999987724 105
1717920010494 0.18351699999948323 106
1717920020519 0.18351699999948323 107
1717920030546 0.18351699999948323 108
1717920040563 0.18364300000030198 109
1717920050577 0.1878870000000461 110
1717920060603 0.1878870000000461 111
1717920070621 0.1878870000000461 112
1717920080645 0.1878870000000461 113
1717920090660 0.18798700000024837 114
1717920100675 0.18798700000024837 115
1717920110693 0.19217099999968923 116
1717920120760 0.192442999999912 117
1717920130777 0.19334900000012567 118
1717920140834 0.19334900000012567 119
1717920150897 0.19334900000012567 120
1717920160913 0.19334900000012567 121
1717920170983 0.19753299999956653 122
1717920181043 0.1975929999998698 123
1717920191074 0.1975929999998698 124
1717920201146 0.1975929999998698 125
1717920211174 0.2093699999995806 126
1717920221208 0.21730099999967933 127
1717920231274 0.22148500000002969 128
1717920241296 0.22148500000002969 129
1717920251313 0.22148500000002969 130
1717920261368 0.22167699999954493 131
1717920271428 0.22167699999954493 132
1717920281445 0.22167699999954493 133
1717920291463 0.22586099999989528 134
1717920301536 0.22592699999950128 135
1717920311608 0.22605300000032003 136
1717920321628 0.22605300000032003 137
1717920331655 0.22605300000032003 138
1717920341715 0.22627899999952206 139
1717920351732 0.2304629999998724 140
1717920361753 0.25399800000013784 141
1717920371824 0.2608829999999216 142
1717920381841 0.2735899999997855 143
1717920391862 0.2742980000002717 144
1717920401929 0.2742980000002717 145
1717920411947 0.27854800000022806 146
1717920422011 0.27957599999990634 147
1717920432071 0.2796360000002096 148
1717920442141 0.2796360000002096 149
1717920452207 0.2796360000002096 150
1717920462226 0.2797019999998156 151
1717920472298 0.2839860000003682 152
1717920482365 0.2839860000003682 153
1717920492386 0.284045999999762 154
1717920502407 0.28442699999959586 155
1717920512483 0.3109709999998813 156
1717920522547 0.3109709999998813 157
1717920532624 0.31515500000023167 158
1717920542655 0.31515500000023167 159
1717920552739 0.31515500000023167 160
1717920562812 0.3154130000002624 161
1717920572836 0.3154130000002624 162
1717920582852 0.3154130000002624 163
1717920592914 0.31969699999990553 164
1717920602929 0.3197629999995115 165
1717920612944 0.31995499999993626 166
1717920622962 0.3202549999996336 167
1717920632980 0.3202549999996336 168
1717920642998 0.37470699999994395 169
1717920653022 0.40232899999955407 170
1717920663043 0.40244499999971595 171
1717920673069 0.40244499999971595 172
1717920683087 0.40244499999971595 173
1717920693109 0.4025050000000192 174
1717920703133 0.4025050000000192 175
1717920713153 0.40668900000036956 176
1717920723214 0.4078170000002501 177
1717920733235 0.4078769999996439 178
1717920743264 0.4078769999996439 179
1717920753336 0.4078769999996439 180
1717920763404 0.4078769999996439 181
1717920773428 0.41206099999999424 182
1717920783495 0.4121210000002975 183
1717920793561 0.4121210000002975 184
1717920803635 0.4121210000002975 185
1717920813700 0.431800999999723 186
1717920823725 0.431800999999723 187
1717920833790 0.43598500000007334 188
1717920843848 0.43598500000007334 189
1717920853905 0.4361449999996694 190
1717920863924 0.43627699999979086 191
1717920873983 0.43627699999979086 192
1717920884049 0.4363370000000941 193
1717920894121 0.440520999999535 194
1717920904138 0.44065299999965646 195
1717920914158 0.4407129999999597 196
1717920924220 0.4407129999999597 197
1717920934288 0.4407129999999597 198
1717920944307 0.440838999999869 199
1717920954325 0.4450829999996131 200
1717920964385 0.4450829999996131 201
1717920974451 0.44518299999981537 202
1717920984521 0.44518299999981537 203
1717920994539 0.4452430000001186 204
1717921004605 0.4452430000001186 205
1717921014673 0.4494269999995595 206
1717921024739 0.450528000000304 207
1717921034802 0.4505879999996978 208
1717921044821 0.4505879999996978 209
1717921054882 0.4510920000002443 210
1717921064960 0.4510920000002443 211
1717921074981 0.45527599999968515 212
1717921085042 0.4553359999999884 213
1717921095060 0.4553359999999884 214
1717921105086 0.4554360000001907 215
1717921115112 0.475097999999889 216
1717921125150 0.475097999999889 217
1717921135237 0.47928200000023935 218
1717921145296 0.4793419999996331 219
1717921155316 0.479497999999694 220
1717921165347 0.4795640000002095 221
1717921175369 0.4795640000002095 222
1717921185390 0.4795640000002095 223
1717921195414 0.48374799999965035 224
1717921205434 0.4839400000000751 225
1717921215454 0.4839400000000751 226
1717921225473 0.48404000000027736 227
1717921235539 0.4840999999996711 228
1717921245611 0.4841660000001866 229
1717921255691 0.48840999999993073 230
1717921265777 0.48840999999993073 231
1717921275813 0.48840999999993073 232
1717921285894 0.48840999999993073 233
1717921295958 0.48853799999960756 234
1717921306025 0.48853799999960756 235
1717921316048 0.4927219999999579 236
1717921326110 0.4937499999996362 237
1717921336174 0.4937499999996362 238
1717921346248 0.4937499999996362 239
1717921356268 0.4938000000001921 240
1717921366333 0.4938000000001921 241
1717921376401 0.49798399999963294 242
1717921386462 0.4980439999999362 243
1717921396485 0.4980439999999362 244
1717921406504 0.4980439999999362 245
1717921416550 0.5175699999999779 246
1717921426625 0.5175699999999779 247
1717921436704 0.5217540000003282 248
1717921446725 0.5217540000003282 249
1717921456789 0.5218199999999342 250
1717921466856 0.5219459999998435 251
1717921476927 0.5219959999994899 252
1717921486997 0.5219959999994899 253
1717921497046 0.5261799999998402 254
1717921507068 0.5263119999999617 255
1717921517128 0.526372000000265 256
1717921527149 0.5266719999999623 257
1717921537211 0.5266719999999623 258
1717921547276 0.5474889999995867 259
1717921557349 0.551672999999937 260
1717921567412 0.5613240000002406 261
1717921577439 0.5613240000002406 262
1717921587523 0.5613240000002406 263
1717921597587 0.5613240000002406 264
1717921607609 0.5614900000000489 265
1717921617686 0.565733999999793 266
1717921627753 0.5667620000003808 267
1717921637819 0.5667620000003808 268
1717921647899 0.5667620000003808 269
1717921657931 0.56688800000029 270
1717921668020 0.56688800000029 271
1717921678105 0.5710719999997309 272
1717921688132 0.5710719999997309 273
1717921698152 0.5711380000002464 274
1717921708178 0.5711979999996402 275
1717921718203 0.5905940000002374 276
1717921728224 0.5906939999995302 277
1717921738260 0.5953819999995176 278
1717921748283 0.5957269999998971 279
1717921758315 0.5957929999995031 280
1717921768335 0.5959190000003218 281
1717921778399 0.5959190000003218 282
1717921788418 0.5959190000003218 283
1717921798489 0.6001029999997627 284
1717921808510 0.6002950000001874 285
1717921818532 0.6002950000001874 286
1717921828616 0.6002950000001874 287
1717921838688 0.6002950000001874 288
1717921848710 0.6004210000000967 289
1717921858742 0.6047049999997398 290
1717921868763 0.634686999999758 291
1717921878838 0.6472619999995004 292
1717921888869 0.6475620000001072 293
1717921898944 0.6482699999996839 294
1717921909020 0.6483360000001994 295
1717921919084 0.6525799999999435 296
1717921929111 0.6536079999996218 297
1717921939133 0.6536079999996218 298
1717921949208 0.6536079999996218 299
1717921959279 0.6537339999995311 300
1717921969351 0.6537339999995311 301
1717921979372 0.6580180000000837 302
1717921989451 0.6580779999994775 303
1717921999535 0.6583989999999176 304
1717922009605 0.6584590000002208 305
1717922019691 0.678117000000384 306
1717922029716 0.6801729999997406 307
1717922039788 0.6823009999998249 308
1717922049836 0.6823610000001281 309
1717922059858 0.6824269999997341 310
1717922069928 0.6824930000002496 311
1717922080001 0.6824930000002496 312
1717922090072 0.6866769999996905 313
1717922100141 0.6867369999999937 314
1717922110163 0.6869690000003175 315
1717922120226 0.6869690000003175 316
1717922130282 0.6869690000003175 317
1717922140313 0.6870289999997112 318
1717922150410 0.6913389999999708 319
1717922160492 0.6913389999999708 320
1717922170517 0.6913389999999708 321
1717922180609 0.6913389999999708 322
1717922190633 0.6913389999999708 323
1717922200675 0.6913990000002741 324
1717922210751 0.695582999999715 325
1717922220833 0.6966110000003027 326
1717922230856 0.6966609999999491 327
1717922240876 0.6967210000002524 328
1717922250902 0.6967210000002524 329
1717922260925 0.6967210000002524 330
1717922270952 0.7009049999996932 331
1717922280980 0.7009049999996932 332
1717922291031 0.7009649999999965 333
1717922301054 0.7009649999999965 334
1717922311103 0.7120420000001104 335
1717922321191 0.7289160000000265 336
1717922331264 0.7331000000003769 337
1717922341297 0.7331000000003769 338
1717922351369 0.7331000000003769 339
1717922361443 0.7333980000003066 340
1717922371527 0.7334579999997004 341
1717922381584 0.7334579999997004 342
1717922391638 0.7376420000000508 343
1717922401742 0.7376420000000508 344
1717922411837 0.7384039999997185 345
1717922421862 0.7384039999997185 346
1717922431941 0.7387639999997191 347
1717922442010 0.7637939999995069 348
1717922452072 0.8221029999995153 349
1717922462102 0.8243229999998221 350
1717922472143 0.8243649999994886 351
1717922482211 0.8244249999997919 352
1717922492235 0.8245249999999942 353
1717922502271 0.8245850000002974 354
1717922512297 0.8287689999997383 355
1717922522382 0.8297970000003261 356
1717922532458 0.8297970000003261 357
1717922542529 0.8298569999997198 358
1717922552598 0.8298569999997198 359
1717922562626 0.8298569999997198 360
1717922572688 0.8340410000000702 361
1717922582757 0.8340410000000702 362
1717922592789 0.8341010000003735 363
1717922602825 0.8341609999997672 364
1717922612852 0.8444739999995363 365
1717922622928 0.8539899999996123 366
1717922633001 0.8581739999999627 367
1717922643027 0.8581739999999627 368
1717922653097 0.8581739999999627 369
1717922663172 0.8583659999994779 370
1717922673241 0.8584259999997812 371
1717922683268 0.8584259999997812 372
1717922693341 0.8626100000001315 373
1717922703373 0.8626759999997375 374
1717922713452 0.862742000000253 375
1717922723497 0.8628019999996468 376
1717922733530 0.8628019999996468 377
1717922743604 0.8630279999997583 378
1717922753679 0.8672719999995024 379
1717922763706 0.8672719999995024 380
1717922773733 0.8672719999995024 381
1717922783808 0.8673319999998057 382
1717922793879 0.8673319999998057 383
1717922803916 0.8673319999998057 384
1717922813939 0.871516000000156 385
1717922824274 0.8725439999998343 386
1717922834299 0.8726040000001376 387
1717922844323 0.8726040000001376 388
1717922854347 0.8726639999995314 389
1717922864443 0.8727639999997336 390
1717922874523 0.876948000000084 391
1717922884607 0.8770079999994778 392
1717922894647 0.8770079999994778 393
1717922904721 0.8770079999994778 394
1717922914804 0.8965980000002673 395
1717922924832 0.8965980000002673 396
1717922934904 0.9007819999997082 397
1717922944990 0.9007819999997082 398
1717922955064 0.9007819999997082 399
1717922965159 0.900974000000133 400
1717922975193 0.900974000000133 401
1717922985273 0.900974000000133 402
1717922995356 0.9052579999997761 403
1717923005403 0.9053240000002916 404
1717923015488 0.9054500000002008 405
1717923025582 0.9054500000002008 406
1717923035666 0.9054500000002008 407
1717923045750 0.9056419999997161 408
1717923055785 0.9098260000000664 409
1717923065853 0.9098260000000664 410
1717923075935 0.9098260000000664 411
1717923085970 0.9098260000000664 412
1717923096005 0.9103900000000067 413
1717923106060 0.9103900000000067 414
1717923116142 0.9146739999996498 415
1717923126225 0.9157020000002376 416
1717923136300 0.9157020000002376 417
1717923146335 0.9157619999996314 418
1717923156423 0.9157619999996314 419
1717923166499 0.9157619999996314 420
1717923176535 0.9199459999999817 421
1717923186564 0.920006000000285 422
1717923196653 0.9200959999998304 423
1717923206732 0.9200959999998304 424
1717923216808 0.9469330000001719 425
1717923226845 0.9469330000001719 426
1717923236928 0.9511169999996127 427
1717923247016 0.951216999999815 428
1717923257109 0.9512770000001183 429
1717923267192 0.9514749999998457 430
1717923277235 0.9514749999998457 431
1717923287291 0.9514749999998457 432
1717923297369 0.9556590000001961 433
1717923307393 0.9558569999999236 434
1717923317479 0.9559170000002268 435
1717923327535 0.9559170000002268 436
1717923337563 0.9561569999996209 437
1717923347601 0.97716599999967 438
1717923357656 0.9813500000000204 439
1717923367690 1.0198840000002747 440
1717923377712 1.0323140000000421 441
1717923387734 1.0323140000000421 442
1717923397771 1.0330880000001343 443
1717923407792 1.0330880000001343 444
1717923417858 1.0373979999994845 445
1717923427881 1.0384260000000722 446
1717923437959 1.0384260000000722 447
1717923448028 1.0384260000000722 448
1717923458121 1.0384919999996782 449
1717923468212 1.0385519999999815 450
1717923478297 1.0427360000003318 451
1717923488376 1.0428560000000289 452
1717923498472 1.0432769999997618 453
1717923508528 1.043337000000065 454
1717923518561 1.0630739999996877 455
1717923528594 1.0630739999996877 456
1717923538686 1.067258000000038 457
1717923548772 1.067258000000038 458
1717923558852 1.067258000000038 459
1717923568943 1.0674499999995533 460
1717923579027 1.0674499999995533 461
1717923589052 1.0674499999995533 462
1717923599153 1.0716339999999036 463
1717923609232 1.0718260000003283 464
1717923619305 1.0719259999996211 465
1717923629387 1.0719259999996211 466
1717923639414 1.0719259999996211 467
1717923649490 1.0721119999998336 468
1717923659556 1.076296000000184 469
1717923669642 1.076296000000184 470
1717923679672 1.076296000000184 471
1717923689709 1.076296000000184 472
1717923699810 1.0763559999995778 473
1717923709901 1.0763559999995778 474
1717923719947 1.0805399999999281 475
1717923730018 1.0816279999999097 476
1717923740089 1.0816279999999097 477
1717923750164 1.081728000000112 478
1717923760194 1.081728000000112 479
1717923770224 1.082231999999749 480
1717923780310 1.0864160000000993 481
1717923790386 1.086475999999493 482
1717923800461 1.086475999999493 483
1717923810487 1.086475999999493 484
1717923820575 1.1060139999999592 485
1717923830651 1.1060139999999592 486
1717923840737 1.1101980000003095 487
1717923850813 1.1104949999999008 488
1717923860846 1.1106270000000222 489
1717923870871 1.1107270000002245 490
1717923880959 1.1107270000002245 491
1717923891032 1.1107869999996183 492
1717923901068 1.1149709999999686 493
1717923911097 1.1151629999994839 494
1717923921120 1.1151629999994839 495
1717923931144 1.1151629999994839 496
1717923941171 1.1152229999997871 497
1717923951194 1.1174049999999625 498
1717923961221 1.1195330000000467 499
1717923971263 1.1195330000000467 500
1717923981334 1.1195330000000467 501
1717923991421 1.1195330000000467 502
1717924001496 1.1196929999996428 503
1717924011522 1.1217489999999088 504
1717924021608 1.1249049999996714 505
1717924031686 1.1249649999999747 506
1717924041773 1.1249649999999747 507
1717924051847 1.1249649999999747 508
1717924061903 1.1249649999999747 509
1717924071972 1.129149000000325 510
1717924082054 1.129149000000325 511
1717924092082 1.1292089999997188 512
1717924102133 1.1292089999997188 513
1717924112208 1.129957999999533 514
1717924122281 1.1490670000002865 515
1717924132356 1.1532509999997274 516
1717924142438 1.1532509999997274 517
1717924152511 1.1532509999997274 518
1717924162597 1.1533829999998488 519
1717924172631 1.153443000000152 520
1717924182712 1.153443000000152 521
1717924192788 1.157626999999593 522
1717924202869 1.157626999999593 523
1717924212952 1.1578190000000177 524
1717924222995 1.1578190000000177 525
1717924233025 1.1578190000000177 526
1717924243102 1.2185570000001462 527
1717924253138 1.2427580000003218 528
1717924263231 1.2428739999995742 529
1717924273318 1.2428739999995742 530
1717924283360 1.2428739999995742 531
1717924293398 1.2428739999995742 532
1717924303434 1.2429339999998774 533
1717924313523 1.2471180000002278 534
1717924323601 1.248145999999906 535
1717924333680 1.248145999999906 536
1717924343722 1.2482060000002093 537
1717924353757 1.2482060000002093 538
1717924363789 1.2482060000002093 539
1717924373821 1.2524899999998524 540
1717924383902 1.2524899999998524 541
1717924393935 1.2525500000001557 542
1717924403966 1.2525500000001557 543
1717924413998 1.2626929999996719 544
1717924424091 1.2720799999997325 545
1717924435253 1.2762640000000829 546
1717924445281 1.27676799999972 547
1717924455312 1.27676799999972 548
1717924465347 1.2769600000001446 549
1717924475383 1.2769600000001446 550
1717924485413 1.2769600000001446 551
1717924495444 1.2811439999995855 552
1717924505480 1.2813100000003033 553
1717924515573 1.2814959999996063 554
1717924525650 1.2815559999999095 555
1717924535725 1.2815559999999095 556
1717924545827 1.2816819999998188 557
1717924555862 1.285925999999563 558
1717924565943 1.285925999999563 559
1717924576022 1.285925999999563 560
1717924586101 1.285925999999563 561
1717924596144 1.2859859999998662 562
1717924606181 1.2859859999998662 563
1717924616262 1.2901700000002165 564
1717924626348 1.2913710000002538 565
1717924636385 1.2913710000002538 566
1717924646493 1.2914309999996476 567
1717924656571 1.2914309999996476 568
1717924666646 1.2914309999996476 569
1717924676734 1.295614999999998 570
1717924686777 1.2956750000003012 571
1717924696875 1.2956750000003012 572
1717924706967 1.2956750000003012 573
1717924717051 1.3152090000003227 574
1717924727102 1.3152090000003227 575
1717924737197 1.3193929999997636 576
1717924747277 1.3193929999997636 577
1717924757364 1.3194430000003194 578
1717924767454 1.3196349999998347 579
1717924777497 1.3196349999998347 580
1717924787597 1.3196349999998347 581
1717924797697 1.323819000000185 582
1717924807739 1.323884999999791 583
1717924817775 1.3240109999997003 584
1717924827843 1.3240109999997003 585
1717924837957 1.3240109999997003 586
1717924848046 1.3241369999996095 587
1717924858087 1.32832099999996 588
1717924868170 1.3657100000000355 589
1717924878250 1.378139000000374 590
1717924888341 1.378139000000374 591
1717924898413 1.3788489999997182 592
1717924908449 1.3788489999997182 593
1717924918508 1.38316500000019 594
1717924928606 1.3841929999998683 595
1717924938651 1.3841929999998683 596
1717924948686 1.3841929999998683 597
1717924958788 1.384385000000293 598
1717924968889 1.3844449999996868 599
1717924978992 1.3886290000000372 600
1717924989217 1.3886890000003405 601
1717924999242 1.3890700000001743 602
1717925009275 1.3892299999997704 603
1717925019315 1.4162219999998342 604
1717925029346 1.4162219999998342 605
1717925039371 1.4204060000001846 606
1717925049415 1.4204060000001846 607
1717925059462 1.4204060000001846 608
1717925069496 1.4206640000002153 609
1717925079572 1.420723999999609 610
1717925089608 1.420723999999609 611
1717925099642 1.4249079999999594 612
1717925109727 1.425105999999687 613
1717925119812 1.4251659999999902 614
1717925129858 1.4257699999998295 615
1717925139887 5.440531999999621 616
1717925149918 5.461655000000064 617
1717925159998 5.465898999999808 618
1717925170093 5.4754299999995055 619
1717925180173 5.4754299999995055 620
1717925190237 5.4754299999995055 621
1717925200319 5.4754299999995055 622
1717925210400 5.475556000000324 623
1717925220435 5.479739999999765 624
1717925230513 5.480827999999747 625
1717925240610 5.480827999999747 626
1717925250695 5.480977999999595 627
1717925260729 5.481144000000313 628
1717925270759 5.481144000000313 629
1717925280801 5.485327999999754 630
1717925290839 5.485327999999754 631
1717925300873 5.485394000000269 632
1717925310910 5.4862029999994775 633
1717925320953 5.563156000000163 634
1717925330983 5.563156000000163 635
1717925341041 5.567809000000125 636
1717925351076 19.761247000000367 637
1717925361116 67.19047299999966 638
1717925371144 99.62772700000005 639
1717925381198 144.3253169999998 640
1717925391241 176.837716 641
1717925401279 176.84985700000016 642
1717925411364 176.9607820000001 643
1717925421407 176.96399099999962 644
1717925431437 176.99588500000027 645
1717925441483 177.00168699999995 646
1717925451514 177.00280099999964 647
1717925461557 177.02600299999995 648
1717925471594 177.08212900000035 649
1717925481639 177.0945270000002 650
1717925491671 177.12233800000013 651
1717925501721 177.13415600000008 652
1717925511755 177.14296000000013 653
1717925521794 177.1546929999995 654
1717925531849 177.17502299999978 655
1717925541882 177.17845399999987 656
1717925551923 177.18383399999948 657
1717925561950 177.1905029999998 658
1717925571989 177.19331200000033 659
1717925582028 177.20146300000033 660
1717925592061 177.21429199999966 661
1717925602092 177.2167589999999 662
1717925612136 177.2216069999995 663
1717925622183 177.2306609999996 664
1717925632227 177.23712400000022 665
1717925642268 177.2918209999998 666
1717925652319 177.3031149999997 667
1717925662352 177.31871500000034 668
1717925672396 177.34383900000012 669
1717925682428 177.35303300000032 670
1717925692462 177.35710800000015 671
1717925702494 177.36531899999954 672
1717925712555 177.36934999999994 673
1717925722601 177.38321300000007 674
1717925732639 177.38831599999958 675
1717925742678 177.39353599999959 676
1717925752715 177.39749800000027 677
1717925762794 177.4137609999998 678
1717925772824 177.4396139999999 679
1717925782863 177.44303200000013 680
1717925792897 177.44751300000007 681
1717925802954 177.4573389999996 682
1717925812998 177.461362 683
1717925823042 177.4673640000001 684
1717925833088 177.48939400000017 685
1717925843123 177.4994939999997 686
1717925853156 177.50439300000016 687
1717925863211 177.5075969999998 688
1717925873296 177.51414300000033 689
1717925883384 177.52414399999998 690
1717925893414 177.536967 691
1717925903506 177.5442149999999 692
1717925913551 177.54891099999986 693
1717925923579 177.55459900000005 694
1717925933665 177.56255099999998 695
1717925943715 177.56329000000005 696
1717925953761 177.58463699999993 697
1717925963852 177.61041399999976 698
1717925973881 177.632748 699
1717925983923 177.65193399999953 700
1717925993960 177.6622209999996 701
1717926003988 177.66388900000038 702
1717926014029 177.67381899999964 703
1717926024109 177.67973100000017 704
1717926034136 177.68565099999978 705
1717926044164 177.75320499999998 706
1717926054261 177.78800500000034 707
1717926064295 177.79075199999988 708
1717926074339 177.8068290000001 709
1717926084429 177.81124 710
1717926094463 177.81247900000017 711
1717926104507 177.81474199999957 712
1717926114548 177.82544299999972 713
1717926124588 177.82763799999975 714
1717926134650 177.8556209999997 715
1717926144691 177.8617779999995 716
1717926154725 177.8676459999997 717
1717926164762 177.87165399999958 718
1717926174857 177.87987199999952 719
1717926184933 177.88362299999972 720
1717926194980 177.8927709999998 721
1717926205074 177.90104599999995 722
1717926215130 177.90493700000025 723
1717926225158 177.9090500000002 724
1717926235249 177.91559299999972 725
1717926245284 177.91658800000005 726
1717926255330 177.919398 727
1717926265378 177.94687499999964 728
1717926275431 177.95704999999998 729
1717926285465 177.9685469999995 730
1717926295521 177.977715 731
1717926305563 177.98320700000022 732
1717926315618 177.9930429999995 733
1717926325665 178.0000030000001 734
1717926335716 178.00314100000014 735
1717926345758 178.0067769999996 736
1717926355853 178.0135250000003 737
1717926365906 178.03796799999964 738
1717926375943 178.04125099999965 739
1717926385989 178.05585900000005 740
1717926396046 178.05742099999952 741
1717926406089 178.06855600000017 742
1717926416154 178.07670700000017 743
1717926426197 178.0813989999997 744
1717926436252 178.08844500000032 745
1717926446287 178.09464899999966 746
1717926456324 178.0968670000002 747
1717926466368 178.0997550000002 748
1717926476464 178.10712299999977 749
1717926486519 178.10999999999967 750
1717926496564 178.1141179999995 751
1717926506614 178.11756499999956 752
1717926516652 178.1198059999997 753
1717926526697 178.12261399999988 754
1717926536747 178.12882600000012 755
1717926546782 178.1331629999995 756
1717926556836 178.17272200000025 757
1717926566886 178.21904499999982 758
1717926576942 178.23602399999982 759
1717926586986 178.2556539999996 760
1717926597103 178.26209899999958 761
1717926607199 178.26279199999954 762
1717926617250 178.26500000000033 763
1717926627298 178.28166799999963 764
1717926637386 178.2822699999997 765
1717926647428 178.28438600000027 766
1717926657473 178.29262800000015 767
1717926667519 178.29340599999978 768
1717926677555 178.3045489999995 769
1717926687596 178.3153339999999 770
1717926697641 178.31633799999963 771
1717926707676 178.31919500000004 772
1717926717718 178.3254509999997 773
1717926727805 178.3271910000003 774
1717926737835 178.32925299999988 775
1717926747885 178.3401299999996 776
1717926757974 178.34088900000006 777
1717926768016 178.34311799999978 778
1717926778051 178.34917200000018 779
1717926788127 178.35007700000006 780
1717926798177 178.35679100000016 781
1717926808224 178.36035699999957 782
1717926818335 178.36267399999997 783
1717926828384 178.36546499999986 784
1717926838427 178.37168500000007 785
1717926848465 178.37401599999976 786
1717926858508 178.3742940000002 787
1717926868542 178.3975879999998 788
1717926878631 178.39965099999972 789
1717926888674 178.39999499999976 790
1717926898720 178.40661999999975 791
1717926909006 178.41282500000034 792
1717926919110 178.41805599999952 793
1717926929152 178.43270099999972 794
1717926939186 178.43490199999997 795
1717926949235 178.4569590000001 796
1717926959279 178.46347400000013 797
1717926969314 178.46980799999983 798
1717926979373 178.49456699999973 799
1717926989409 178.50018100000034 800
1717926999447 178.50230499999998 801
1717927009486 178.50671899999998 802
1717927019531 178.5129539999998 803
1717927029617 178.51626699999997 804
1717927039668 178.54784599999948 805
1717927049704 178.5575259999996 806
1717927059746 178.56412199999977 807
1717927069783 178.5672939999995 808
1717927079825 178.5733479999999 809
1717927089865 178.57563300000038 810
1717927099923 178.58860800000002 811
1717927109956 178.59324300000026 812
1717927119999 178.59635600000001 813
1717927130044 178.59677999999985 814
1717927140084 178.60309099999995 815
1717927150117 178.6092980000003 816
1717927160160 178.63146599999982 817
1717927170209 178.66834000000017 818
1717927180316 178.67395899999974 819
1717927190376 178.683849 820
1717927200415 178.6907739999997 821
1717927210467 178.7069620000002 822
1717927220498 178.71914600000036 823
1717927230533 178.72133500000018 824
1717927240605 178.72327099999984 825
1717927250641 178.7240869999996 826
1717927260701 178.73875899999985 827
1717927270733 178.74464199999966 828
1717927280777 178.75956899999983 829
1717927290807 178.76351999999952 830
1717927300848 178.76608699999997 831
1717927310888 178.7678619999997 832
1717927320919 178.77481199999966 833
1717927330961 178.78086199999962 834
1717927340999 178.7937409999995 835
1717927351029 178.79572699999972 836
1717927361063 178.79778999999962 837
1717927371115 178.79831600000034 838
1717927381177 178.80556499999966 839
1717927391242 178.81006199999956 840
1717927401293 178.81543200000033 841
1717927411334 178.84618299999966 842
1717927421386 178.8489870000003 843
1717927431417 178.8502179999996 844
1717927441447 178.85659699999997 845
1717927451533 178.85870299999988 846
1717927461570 178.86012800000026 847
1717927471605 178.88812400000006 848
1717927481647 178.89015000000018 849
1717927491685 178.8908220000003 850
1717927501733 178.89706999999999 851
1717927511803 178.89937399999963 852
1717927521855 178.90502500000002 853
1717927531907 178.90903900000012 854
1717927541957 178.91146899999967 855
1717927551990 178.9131040000002 856
1717927562021 178.91929999999957 857
1717927572054 178.92180800000006 858
1717927582099 178.9282489999996 859
1717927592132 178.92998699999953 860
1717927602169 178.939703 861
1717927612200 178.94030500000008 862
1717927622245 178.94738700000016 863
1717927632279 178.94981800000005 864
1717927642367 178.9640220000001 865
1717927652410 178.96856099999968 866
1717927662467 178.97119399999974 867
1717927672519 178.97308499999963 868
1717927682556 178.9792749999997 869
1717927692649 178.98171999999977 870
1717927702710 178.99900799999978 871
1717927712748 179.00639899999987 872
1717927722789 179.00896399999965 873
1717927732822 179.01579399999991 874
1717927742920 179.0234870000004 875
1717927753108 179.0299210000003 876
1717927763140 179.03745600000002 877
1717927773211 179.07059000000027 878
1717927783243 179.07329800000025 879
1717927793278 179.08112600000004 880
1717927803310 179.08727999999974 881
1717927813342 179.09402299999965 882
1717927823384 179.09738199999993 883
1717927833417 179.09839199999988 884
1717927843448 179.1571899999999 885
1717927853498 179.18798900000002 886
1717927863535 179.2252040000003 887
1717927873579 179.2620569999999 888
1717927883620 179.27704900000026 889
1717927893658 179.28607399999964 890
1717927903718 179.28859399999965 891
1717927913768 179.39873199999965 892
1717927923806 179.42291000000023 893
1717927933855 179.43140399999993 894
1717927943944 179.44301799999994 895
1717927953981 179.4444709999998 896
1717927964014 179.45278899999994 897
1717927974129 179.45483200000035 898
1717927984166 179.4597990000002 899
1717927994198 179.465956 900
1717928004282 179.4780780000001 901
1717928014323 179.48555899999974 902
1717928024550 179.49727600000006 903
1717928034638 179.50037299999985 904
1717928044677 179.5052599999999 905
1717928054718 179.5075340000003 906
1717928064844 179.52602599999955 907
1717928074883 179.54494799999975 908
1717928084924 179.57463000000007 909
1717928095008 179.57879500000035 910
1717928105046 179.58135700000003 911
1717928115087 179.5837449999999 912
1717928125172 179.59158200000002 913
1717928135219 179.59808299999986 914
1717928145259 179.60541899999953 915
1717928155302 179.6104949999999 916
1717928165346 179.61323600000014 917
1717928175449 179.62252499999977 918
1717928185558 179.62526499999967 919
1717928195611 179.62565600000016 920
1717928205650 179.6325939999997 921
1717928215745 179.63868600000023 922
1717928225802 179.64033300000028 923
1717928235843 179.64236900000014 924
1717928245943 179.64768000000004 925
1717928255984 179.65400299999965 926
1717928266039 179.65626900000007 927
1717928276078 179.66353600000002 928
1717928286127 179.6644150000002 929
1717928296173 179.66631899999993 930
1717928306782 179.68614700000035 931
1717928316820 179.6892829999997 932
1717928326857 179.6898970000002 933
1717928336890 179.69631000000027 934
1717928346923 179.69805799999995 935
1717928356961 179.71050600000035 936
1717928366994 179.74081000000024 937
1717928377028 179.76842099999976 938
1717928387070 179.77349099999992 939
1717928397103 179.7864069999996 940
1717928407155 179.78825499999948 941
1717928417188 179.78909000000021 942
1717928427235 179.80411100000038 943
1717928437337 179.80609399999958 944
1717928447408 179.80678799999987 945
1717928457442 183.4921629999999 946
1717928467487 183.50496399999975 947
1717928477529 183.52248899999995 948
1717928487569 183.56015099999968 949
1717928497662 183.56235199999992 950
1717928507729 183.56399899999997 951
1717928517769 183.5712739999999 952
1717928527812 183.60545699999966 953
1717928537844 183.60634300000038 954
1717928547877 183.6348250000001 955
1717928557929 183.64142100000026 956
1717928567967 183.6418450000001 957
1717928578008 183.6483900000003 958
1717928588049 183.6543469999997 959
1717928598091 183.65869399999974 960
1717928608129 183.6857289999998 961
1717928618179 183.68873600000006 962
1717928628225 183.6961599999995 963
1717928638258 183.70246299999963 964
1717928648354 183.7045280000002 965
1717928658405 183.70550699999967 966
1717928668463 183.7201009999999 967
1717928678558 183.72193900000002 968
1717928688608 183.7227640000001 969
1717928698648 186.40746599999966 970
1717928708691 189.29555700000037 971
1717928718732 190.76401199999964 972
1717928728766 199.9845210000003 973
1717928738857 200.85892400000012 974
1717928748897 201.00184900000022 975
1717928758930 201.25213900000017 976
1717928769038 201.2769669999998 977
1717928779077 201.2841040000003 978
1717928789117 203.45593699999972 979
1717928799157 205.22972899999968 980
1717928809257 207.0073480000001 981
1717928819294 210.31917299999986 982
1717928829331 210.34996500000034 983
1717928839364 210.36509899999965 984
1717928849414 210.40000400000008 985
1717928859464 210.40300599999955 986
1717928869502 210.4115839999995 987
1717928879536 210.80475599999954 988
1717928889587 220.19038799999998 989
1717928899628 243.22558800000024 990
1717928909664 244.49385900000016 991
1717928919699 247.2416400000002 992
1717928929744 247.9158749999997 993
1717928939784 248.49908400000004 994
1717928949824 248.51066699999956 995
1717928959858 249.95586399999956 996
1717928969905 251.51336999999967 997
1717928979993 252.47145199999977 998
1717928990040 267.89345799999955 999
1717929000124 303.66949899999963 1000
1717929010159 346.41566799999964 1001
1717929020205 380.56600400000025 1002
1717929030256 424.3654550000001 1003
1717929040295 453.5775910000002 1004
1717929050356 466.3291479999998 1005
1717929060652 497.3077750000002 1006
1717929070719 504.0578859999996 1007
1717929080761 528.8236100000004 1008
1717929090802 550.6531640000003 1009
1717929100842 550.6562000000004 1010
1717929110900 584.179556 1011
1717929120942 587.7204579999998 1012
1717929130985 622.3337460000002 1013
1717929141029 624.2555069999999 1014
1717929151087 663.4890269999996 1015
1717929161131 663.4901460000001 1016
1717929171173 677.0485010000002 1017
1717929181273 705.6967770000001 1018
1717929191318 712.3276619999997 1019
1717929201358 734.3833750000003 1020
1717929211429 749.7219320000004 1021
1717929221480 775.6208310000002 1022
1717929231523 811.039299 1023
1717929241569 858.7694620000002 1024
1717929251608 874.6443250000002 1025
1717929261660 874.6587950000003 1026
1717929271714 875.9951439999995 1027
1717929281753 878.9452979999996 1028
1717929291805 903.3947779999999 1029
1717929301846 920.2752650000002 1030
1717929311881 947.4406849999996 1031
1717929321924 966.2636039999998 1032
1717929331972 991.3588090000003 1033
1717929342090 1004.1934330000004 1034
1717929352130 1013.1704899999995 1035
1717929362175 1039.1950399999996 1036
1717929372214 1051.9118330000001 1037
1717929382324 1059.668189 1038
1717929392368 1078.2658229999997 1039
1717929402421 1096.5084319999996 1040
1717929412527 1121.6797619999998 1041
1717929422575 1146.346842 1042
1717929432613 1154.8325770000001 1043
1717929442706 1158.0229090000003 1044
1717929452779 1160.6506140000001 1045
1717929462840 1163.3580270000002 1046
1717929472897 1165.9864189999998 1047
1717929482948 1168.9408830000002 1048
