1717918947319 0.0 0
1717918957341 8.59999999960337e-05 1
1717918967352 0.002357999999993865 2
1717918977371 0.00448599999999999 3
1717918987386 0.00448599999999999 4
1717918997402 0.0049719999999950915 5
1717919007414 0.009295999999999083 6
1717919017427 0.015313999999996497 7
1717919027447 0.017541999999998836 8
1717919037462 0.019497999999998683 9
1717919047478 0.019497999999998683 10
1717919057501 0.019669999999997856 11
1717919067515 0.01973199999999764 12
1717919077533 0.01973199999999764 13
1717919087546 0.023989999999997735 14
1717919097567 0.023989999999997735 15
1717919107589 0.02433399999999608 16
1717919117604 0.02433399999999608 17
1717919127631 0.02433399999999608 18
1717919137644 0.02433399999999608 19
1717919147657 0.028665999999994085 20
1717919157671 0.028849999999998488 21
1717919167684 0.02902199999999766 22
1717919177695 0.029083999999997445 23
1717919187707 0.02916999999999348 24
1717919197723 0.02916999999999348 25
1717919207743 0.033353999999995665 26
1717919217769 0.033427999999993574 27
1717919227792 0.03438599999999781 28
1717919237806 0.03447199999999384 29
1717919247818 0.03447199999999384 30
1717919257831 0.03447199999999384 31
1717919267848 0.03865599999999603 32
1717919277862 0.038741999999999166 33
1717919287885 0.03880399999999895 34
1717919297948 0.03880399999999895 35
1717919307982 0.043237999999995225 36
1717919317996 0.049526999999997656 37
1717919328009 0.053796999999995876 38
1717919338073 0.053870999999993785 39
1717919348090 0.05401899999999671 40
1717919358104 0.05419099999999588 41
1717919368118 0.05419099999999588 42
1717919378140 0.054338999999998805 43
1717919388163 0.058522999999993885 44
1717919398183 0.058522999999993885 45
1717919408200 0.05875699999999995 46
1717919418227 0.05875699999999995 47
1717919428250 0.05875699999999995 48
1717919438266 0.05875699999999995 49
1717919448288 0.06308899999999795 50
1717919458306 0.06308899999999795 51
1717919468340 0.06316299999999586 52
1717919478364 0.06316299999999586 53
1717919489348 0.063248999999999 54
1717919499365 0.06331099999999878 55
1717919509382 0.06749499999999387 56
1717919519398 0.06749499999999387 57
1717919529423 0.06839099999999831 58
1717919539437 0.06847699999999435 59
1717919549452 0.06847699999999435 60
1717919559467 0.06847699999999435 61
1717919569481 0.07266099999999653 62
1717919579512 0.07274699999999967 63
1717919589527 0.07288299999999737 64
1717919599546 0.07288299999999737 65
1717919609565 0.07748899999999992 66
1717919619580 0.08367699999999445 67
1717919629595 0.08794699999999978 68
1717919639609 0.08803299999999581 69
1717919649628 0.08803299999999581 70
1717919659672 0.08820499999999498 71
1717919669691 0.08829099999999812 72
1717919679727 0.08829099999999812 73
1717919689745 0.0924749999999932 74
1717919699761 0.09256099999999634 75
1717919709786 0.09270899999999926 76
1717919719811 0.09284499999999696 77
1717919729837 0.09284499999999696 78
1717919739875 0.09299299999999988 79
1717919749900 0.10770399999999825 80
1717919759921 0.10770399999999825 81
1717919769945 0.10770399999999825 82
1717919779990 0.10770399999999825 83
1717919790005 0.10778999999999428 84
1717919800041 0.10778999999999428 85
1717919810058 0.11197399999999647 86
1717919820073 0.11197399999999647 87
1717919830119 0.1129319999999936 88
1717919840134 0.11309199999999464 89
1717919850170 0.11309199999999464 90
1717919860187 0.11309199999999464 91
1717919870212 0.11727599999999683 92
1717919880238 0.11736199999999997 93
1717919890254 0.11742399999999975 94
1717919900270 0.11742399999999975 95
1717919910285 0.1220299999999952 96
1717919920300 0.12988299999999953 97
1717919930316 0.13415299999999775 98
1717919940341 0.13423899999999378 99
1717919950381 0.13423899999999378 100
1717919960397 0.13447299999999984 101
1717919970414 0.13447299999999984 102
1717919980432 0.13463299999999379 103
1717919990457 0.13881699999999597 104
1717920000477 0.1389029999999991 105
1717920010494 0.13898899999999514 106
1717920020519 0.13898899999999514 107
1717920030546 0.13898899999999514 108
1717920040563 0.13907499999999828 109
1717920050577 0.14332100000000025 110
1717920060603 0.14332100000000025 111
1717920070621 0.14332100000000025 112
1717920080645 0.14332100000000025 113
1717920090660 0.1434069999999963 114
1717920100675 0.1434809999999942 115
1717920110693 0.14766499999999638 116
1717920120760 0.14819699999999614 117
1717920130777 0.14881899999999604 118
1717920140834 0.14881899999999604 119
1717920150897 0.14881899999999604 120
1717920160913 0.14881899999999604 121
1717920170983 0.15300299999999822 122
1717920181043 0.15315099999999404 123
1717920191074 0.15315099999999404 124
1717920201146 0.15315099999999404 125
1717920211174 0.1612789999999933 126
1717920221208 0.1642049999999955 127
1717920231274 0.1684749999999937 128
1717920241296 0.16856099999999685 129
1717920251313 0.16856099999999685 130
1717920261368 0.1687949999999958 131
1717920271428 0.1687949999999958 132
1717920281445 0.16888099999999895 133
1717920291463 0.17306499999999403 134
1717920301536 0.17315099999999717 135
1717920311608 0.1732990000000001 136
1717920321628 0.1732990000000001 137
1717920331655 0.1732990000000001 138
1717920341715 0.17338499999999613 139
1717920351732 0.17764299999999622 140
1717920361753 0.1932119999999955 141
1717920371824 0.1978729999999942 142
1717920381841 0.21166999999999803 143
1717920391862 0.2131999999999934 144
1717920401929 0.21361799999999675 145
1717920411947 0.21805399999999509 146
1717920422011 0.21894999999999953 147
1717920432071 0.21926399999999546 148
1717920442141 0.21926399999999546 149
1717920452207 0.2193499999999986 150
1717920462226 0.2195159999999987 151
1717920472298 0.2236999999999938 152
1717920482365 0.2237739999999988 153
1717920492386 0.2237739999999988 154
1717920502407 0.2243219999999937 155
1717920512483 0.23630499999999444 156
1717920522547 0.23630499999999444 157
1717920532624 0.24048899999999662 158
1717920542655 0.24048899999999662 159
1717920552739 0.24048899999999662 160
1717920562812 0.24080899999999872 161
1717920572836 0.24080899999999872 162
1717920582852 0.24080899999999872 163
1717920592914 0.2449929999999938 164
1717920602929 0.24515299999999485 165
1717920612944 0.2453869999999938 166
1717920622962 0.2454489999999936 167
1717920632980 0.2454489999999936 168
1717920642998 0.2724839999999986 169
1717920653022 0.2884429999999938 170
1717920663043 0.2885909999999967 171
1717920673069 0.2885909999999967 172
1717920683087 0.2885909999999967 173
1717920693109 0.28882099999999866 174
1717920703133 0.28882099999999866 175
1717920713153 0.29300499999999374 176
1717920723214 0.2939009999999982 177
1717920733235 0.294122999999999 178
1717920743264 0.294122999999999 179
1717920753336 0.294122999999999 180
1717920763404 0.294122999999999 181
1717920773428 0.2983069999999941 182
1717920783495 0.29845499999999703 183
1717920793561 0.29845499999999703 184
1717920803635 0.29845499999999703 185
1717920813700 0.30935199999999696 186
1717920823725 0.3094380000000001 187
1717920833790 0.3137079999999983 188
1717920843848 0.31379399999999436 189
1717920853905 0.31392999999999915 190
1717920863924 0.3141019999999983 191
1717920873983 0.31418799999999436 192
1717920884049 0.31424999999999415 193
1717920894121 0.31843399999999633 194
1717920904138 0.3186059999999955 195
1717920914158 0.3186679999999953 196
1717920924220 0.3186679999999953 197
1717920934288 0.3186679999999953 198
1717920944307 0.3187539999999984 199
1717920954325 0.3229999999999933 200
1717920964385 0.3229999999999933 201
1717920974451 0.3230739999999983 202
1717920984521 0.3230739999999983 203
1717920994539 0.3232219999999941 204
1717921004605 0.3232219999999941 205
1717921014673 0.3274059999999963 206
1717921024739 0.32860900000000015 207
1717921034802 0.32875699999999597 208
1717921044821 0.32875699999999597 209
1717921054882 0.32875699999999597 210
1717921064960 0.32875699999999597 211
1717921074981 0.33294099999999816 212
1717921085042 0.333088999999994 213
1717921095060 0.333088999999994 214
1717921105086 0.333162999999999 215
1717921115112 0.3438719999999975 216
1717921125150 0.3440439999999967 217
1717921135237 0.34822799999999887 218
1717921145296 0.3483759999999947 219
1717921155316 0.3485719999999972 220
1717921165347 0.34865799999999325 221
1717921175369 0.3487439999999964 222
1717921185390 0.3487439999999964 223
1717921195414 0.3529279999999986 224
1717921205434 0.35316199999999753 225
1717921215454 0.35316199999999753 226
1717921225473 0.35316199999999753 227
1717921235539 0.35323599999999544 228
1717921245611 0.3533219999999986 229
1717921255691 0.35756799999999345 230
1717921265777 0.35756799999999345 231
1717921275813 0.35756799999999345 232
1717921285894 0.35756799999999345 233
1717921295958 0.3580079999999981 234
1717921306025 0.3580079999999981 235
1717921316048 0.3621919999999932 236
1717921326110 0.36308799999999763 237
1717921336174 0.36317399999999367 238
1717921346248 0.36317399999999367 239
1717921356268 0.3632479999999987 240
1717921366333 0.3632479999999987 241
1717921376401 0.36743199999999376 242
1717921386462 0.3675799999999967 243
1717921396485 0.3675799999999967 244
1717921406504 0.3675799999999967 245
1717921416550 0.37837499999999835 246
1717921426625 0.3785469999999975 247
1717921436704 0.3827309999999997 248
1717921446725 0.38281699999999574 249
1717921456789 0.3829029999999989 250
1717921466856 0.3830509999999947 251
1717921476927 0.38313699999999784 252
1717921486997 0.38321099999999575 253
1717921497046 0.38739499999999794 254
1717921507068 0.3875669999999971 255
1717921517128 0.3876289999999969 256
1717921527149 0.3876909999999967 257
1717921537211 0.3876909999999967 258
1717921547276 0.3977299999999957 259
1717921557349 0.4019139999999979 260
1717921567412 0.40630399999999867 261
1717921577439 0.40647599999999784 262
1717921587523 0.40647599999999784 263
1717921597587 0.4065619999999939 264
1717921607609 0.406647999999997 265
1717921617686 0.4109679999999969 266
1717921627753 0.4119499999999974 267
1717921637819 0.4119499999999974 268
1717921647899 0.4119499999999974 269
1717921657931 0.4120979999999932 270
1717921668020 0.4120979999999932 271
1717921678105 0.4162819999999954 272
1717921688132 0.4162819999999954 273
1717921698152 0.4163679999999985 274
1717921708178 0.4164299999999983 275
1717921718203 0.426286999999995 276
1717921728224 0.426286999999995 277
1717921738260 0.43054499999999507 278
1717921748283 0.4308029999999974 279
1717921758315 0.4308889999999934 280
1717921768335 0.43103699999999634 281
1717921778399 0.43103699999999634 282
1717921788418 0.43103699999999634 283
1717921798489 0.4352209999999985 284
1717921808510 0.4354549999999975 285
1717921818532 0.4354549999999975 286
1717921828616 0.4354549999999975 287
1717921838688 0.4354549999999975 288
1717921848710 0.4355409999999935 289
1717921858742 0.4397989999999936 290
1717921868763 0.45989099999999894 291
1717921878838 0.4742389999999972 292
1717921888869 0.474300999999997 293
1717921898944 0.4751989999999964 294
1717921909020 0.4752849999999995 295
1717921919084 0.4795309999999944 296
1717921929111 0.48051299999999486 297
1717921939133 0.48051299999999486 298
1717921949208 0.48051299999999486 299
1717921959279 0.4806609999999978 300
1717921969351 0.4806609999999978 301
1717921979372 0.48484499999999997 302
1717921989451 0.4849189999999979 303
1717921999535 0.485951 304
1717922009605 0.486345 305
1717922019691 0.49679099999999465 306
1717922029716 0.4988469999999978 307
1717922039788 0.5009749999999968 308
1717922049836 0.5012029999999967 309
1717922059858 0.5013749999999959 310
1717922069928 0.5013749999999959 311
1717922080001 0.5013749999999959 312
1717922090072 0.5055589999999981 313
1717922100141 0.505786999999998 314
1717922110163 0.5060329999999951 315
1717922120226 0.5060329999999951 316
1717922130282 0.5060329999999951 317
1717922140313 0.5060329999999951 318
1717922150410 0.5103650000000002 319
1717922160492 0.5103650000000002 320
1717922170517 0.5103650000000002 321
1717922180609 0.5103650000000002 322
1717922190633 0.5104509999999962 323
1717922200675 0.510512999999996 324
1717922210751 0.5146969999999982 325
1717922220833 0.5155929999999955 326
1717922230856 0.5155929999999955 327
1717922240876 0.5158149999999964 328
1717922250902 0.5158149999999964 329
1717922260925 0.5158149999999964 330
1717922270952 0.5199989999999985 331
1717922280980 0.5200849999999946 332
1717922291031 0.5201469999999944 333
1717922301054 0.5201469999999944 334
1717922311103 0.5249759999999952 335
1717922321191 0.5325539999999975 336
1717922331264 0.5368239999999957 337
1717922341297 0.5368239999999957 338
1717922351369 0.5369099999999989 339
1717922361443 0.5372419999999991 340
1717922371527 0.5373039999999989 341
1717922381584 0.5373899999999949 342
1717922391638 0.5415739999999971 343
1717922401742 0.5415739999999971 344
1717922411837 0.5418939999999992 345
1717922421862 0.5418939999999992 346
1717922431941 0.541955999999999 347
1717922442010 0.5529969999999977 348
1717922452072 0.5836579999999998 349
1717922462102 0.5839539999999985 350
1717922472143 0.5839539999999985 351
1717922482211 0.5839539999999985 352
1717922492235 0.5841139999999996 353
1717922502271 0.5841759999999994 354
1717922512297 0.5883599999999944 355
1717922522382 0.5892559999999989 356
1717922532458 0.5892559999999989 357
1717922542529 0.5893419999999949 358
1717922552598 0.5893419999999949 359
1717922562626 0.5893419999999949 360
1717922572688 0.5935259999999971 361
1717922582757 0.5936120000000003 362
1717922592789 0.593674 363
1717922602825 0.593674 364
1717922612852 0.5992309999999961 365
1717922622928 0.6046300000000002 366
1717922633001 0.6088999999999984 367
1717922643027 0.6088999999999984 368
1717922653097 0.6089859999999945 369
1717922663172 0.6091579999999936 370
1717922673241 0.6092199999999934 371
1717922683268 0.6093059999999966 372
1717922693341 0.6134899999999988 373
1717922703373 0.6135759999999948 374
1717922713452 0.6136619999999979 375
1717922723497 0.6136619999999979 376
1717922733530 0.6136619999999979 377
1717922743604 0.613821999999999 378
1717922753679 0.6180679999999938 379
1717922763706 0.6180679999999938 380
1717922773733 0.6180679999999938 381
1717922783808 0.6180679999999938 382
1717922793879 0.618153999999997 383
1717922803916 0.618153999999997 384
1717922813939 0.6223379999999992 385
1717922824274 0.6232339999999965 386
1717922834299 0.6233819999999994 387
1717922844323 0.6233819999999994 388
1717922854347 0.6233819999999994 389
1717922864443 0.6233819999999994 390
1717922874523 0.6276399999999995 391
1717922884607 0.6277879999999953 392
1717922894647 0.6277879999999953 393
1717922904721 0.6277879999999953 394
1717922914804 0.6383249999999947 395
1717922924832 0.638582999999997 396
1717922934904 0.6428529999999952 397
1717922944990 0.6429389999999984 398
1717922955064 0.6429389999999984 399
1717922965159 0.6431729999999973 400
1717922975193 0.6432589999999934 401
1717922985273 0.6432589999999934 402
1717922995356 0.6475169999999935 403
1717923005403 0.6476029999999966 404
1717923015488 0.6477509999999995 405
1717923025582 0.6477509999999995 406
1717923035666 0.6477509999999995 407
1717923045750 0.6479349999999968 408
1717923055785 0.652118999999999 409
1717923065853 0.652118999999999 410
1717923075935 0.652118999999999 411
1717923085970 0.652118999999999 412
1717923096005 0.6522669999999948 413
1717923106060 0.6522669999999948 414
1717923116142 0.6565249999999949 415
1717923126225 0.6574209999999994 416
1717923136300 0.6575069999999954 417
1717923146335 0.6575689999999952 418
1717923156423 0.6575689999999952 419
1717923166499 0.6575689999999952 420
1717923176535 0.6617529999999974 421
1717923186564 0.6619009999999932 422
1717923196653 0.6620109999999997 423
1717923206732 0.6620109999999997 424
1717923216808 0.6745319999999992 425
1717923226845 0.6746179999999953 426
1717923236928 0.6788879999999935 427
1717923247016 0.6790479999999945 428
1717923257109 0.6791099999999943 429
1717923267192 0.6793679999999966 430
1717923277235 0.6794539999999998 431
1717923287291 0.6794539999999998 432
1717923297369 0.6836379999999949 433
1717923307393 0.6838959999999972 434
1717923317479 0.683957999999997 435
1717923327535 0.683957999999997 436
1717923337563 0.6840199999999967 437
1717923347601 0.6940669999999969 438
1717923357656 0.6982509999999991 439
1717923367690 0.7215799999999959 440
1717923377712 0.7354879999999966 441
1717923387734 0.7354879999999966 442
1717923397771 0.7373059999999967 443
1717923407792 0.7376379999999969 444
1717923417858 0.7419699999999949 445
1717923427881 0.7431179999999955 446
1717923437959 0.7431179999999955 447
1717923448028 0.7431179999999955 448
1717923458121 0.7433699999999988 449
1717923468212 0.7434319999999985 450
1717923478297 0.7476159999999936 451
1717923488376 0.7476159999999936 452
1717923498472 0.748113999999994 453
1717923508528 0.7481759999999937 454
1717923518561 0.7585499999999996 455
1717923528594 0.7585499999999996 456
1717923538686 0.7627339999999947 457
1717923548772 0.7627339999999947 458
1717923558852 0.7627339999999947 459
1717923568943 0.7629679999999937 460
1717923579027 0.7629679999999937 461
1717923589052 0.7629679999999937 462
1717923599153 0.7671519999999958 463
1717923609232 0.7673859999999948 464
1717923619305 0.7673859999999948 465
1717923629387 0.7674599999999998 466
1717923639414 0.7674599999999998 467
1717923649490 0.7676079999999956 468
1717923659556 0.7717919999999978 469
1717923669642 0.7717919999999978 470
1717923679672 0.7717919999999978 471
1717923689709 0.7717919999999978 472
1717923699810 0.7719399999999936 473
1717923709901 0.7719399999999936 474
1717923719947 0.7761239999999958 475
1717923730018 0.777082 476
1717923740089 0.7771679999999961 477
1717923750164 0.777241999999994 478
1717923760194 0.777241999999994 479
1717923770224 0.777241999999994 480
1717923780310 0.7815119999999993 481
1717923790386 0.7815739999999991 482
1717923800461 0.7815739999999991 483
1717923810487 0.7815739999999991 484
1717923820575 0.7924629999999979 485
1717923830651 0.792548999999994 486
1717923840737 0.7967329999999961 487
1717923850813 0.7968809999999991 488
1717923860846 0.7970529999999982 489
1717923870871 0.7971269999999961 490
1717923880959 0.7972129999999993 491
1717923891032 0.7972749999999991 492
1717923901068 0.8014589999999941 493
1717923911097 0.8016930000000002 494
1717923921120 0.8016930000000002 495
1717923931144 0.8016930000000002 496
1717923941171 0.8016930000000002 497
1717923951194 0.8038969999999992 498
1717923961221 0.8060249999999982 499
1717923971263 0.8060249999999982 500
1717923981334 0.8060249999999982 501
1717923991421 0.8061109999999942 502
1717924001496 0.806246999999999 503
1717924011522 0.8083029999999951 504
1717924021608 0.8113269999999986 505
1717924031686 0.8113889999999984 506
1717924041773 0.8114749999999944 507
1717924051847 0.8114749999999944 508
1717924061903 0.8114749999999944 509
1717924071972 0.8156589999999966 510
1717924082054 0.8157449999999997 511
1717924092082 0.8158069999999995 512
1717924102133 0.8158069999999995 513
1717924112208 0.8164519999999982 514
1717924122281 0.8267399999999938 515
1717924132356 0.8310099999999991 516
1717924142438 0.8310099999999991 517
1717924152511 0.8310959999999952 518
1717924162597 0.8312679999999943 519
1717924172631 0.8313299999999941 520
1717924182712 0.8314159999999973 521
1717924192788 0.8355999999999995 522
1717924202869 0.8355999999999995 523
1717924212952 0.8358339999999984 524
1717924222995 0.8358339999999984 525
1717924233025 0.8358339999999984 526
1717924243102 0.8636689999999945 527
1717924253138 0.8781049999999979 528
1717924263231 0.8782529999999937 529
1717924273318 0.8782529999999937 530
1717924283360 0.8782529999999937 531
1717924293398 0.8783389999999969 532
1717924303434 0.8784009999999967 533
1717924313523 0.8825849999999988 534
1717924323601 0.8834809999999962 535
1717924333680 0.8834809999999962 536
1717924343722 0.8836289999999991 537
1717924353757 0.8836289999999991 538
1717924363789 0.8836289999999991 539
1717924373821 0.8878129999999942 540
1717924383902 0.8879729999999952 541
1717924393935 0.888034999999995 542
1717924403966 0.888116999999994 543
1717924413998 0.8936859999999953 544
1717924424091 0.8990019999999959 545
1717924435253 0.9032719999999941 546
1717924445281 0.9033579999999972 547
1717924455312 0.9033579999999972 548
1717924465347 0.9035919999999962 549
1717924475383 0.9035919999999962 550
1717924485413 0.9036779999999993 551
1717924495444 0.9078619999999944 552
1717924505480 0.9080219999999954 553
1717924515573 0.9081699999999984 554
1717924525650 0.9081699999999984 555
1717924535725 0.9081699999999984 556
1717924545827 0.9082559999999944 557
1717924555862 0.9125019999999964 558
1717924565943 0.9125019999999964 559
1717924576022 0.9125019999999964 560
1717924586101 0.9125019999999964 561
1717924596144 0.9126499999999993 562
1717924606181 0.9126499999999993 563
1717924616262 0.9168339999999944 564
1717924626348 0.9180369999999982 565
1717924636385 0.9181969999999993 566
1717924646493 0.918258999999999 567
1717924656571 0.918258999999999 568
1717924666646 0.918258999999999 569
1717924676734 0.9224429999999941 570
1717924686777 0.922590999999997 571
1717924696875 0.922590999999997 572
1717924706967 0.922590999999997 573
1717924717051 0.9332179999999966 574
1717924727102 0.9333899999999957 575
1717924737197 0.9376599999999939 576
1717924747277 0.9377459999999971 577
1717924757364 0.937819999999995 578
1717924767454 0.938053999999994 579
1717924777497 0.938053999999994 580
1717924787597 0.9381399999999971 581
1717924797697 0.9423239999999993 582
1717924807739 0.9424099999999953 583
1717924817775 0.9425579999999982 584
1717924827843 0.9425579999999982 585
1717924837957 0.9425579999999982 586
1717924848046 0.9426439999999943 587
1717924858087 0.9468279999999965 588
1717924868170 0.968874999999997 589
1717924878250 0.9826889999999935 590
1717924888341 0.9828489999999945 591
1717924898413 0.9840269999999975 592
1717924908449 0.9840269999999975 593
1717924918508 0.9883829999999989 594
1717924928606 0.9892789999999962 595
1717924938651 0.9893649999999994 596
1717924948686 0.9893649999999994 597
1717924958788 0.9895369999999986 598
1717924968889 0.9895989999999983 599
1717924978992 0.9937829999999934 600
1717924989217 0.9937829999999934 601
1717924999242 0.9942689999999956 602
1717925009275 0.9944049999999933 603
1717925019315 1.0063849999999945 604
1717925029346 1.0063849999999945 605
1717925039371 1.0105689999999967 606
1717925049415 1.0105689999999967 607
1717925059462 1.0105689999999967 608
1717925069496 1.0108889999999988 609
1717925079572 1.0108889999999988 610
1717925089608 1.0108889999999988 611
1717925099642 1.015072999999994 612
1717925109727 1.0153309999999962 613
1717925119812 1.015392999999996 614
1717925129858 1.015392999999996 615
1717925139887 1.1279779999999988 616
1717925149918 1.1385259999999988 617
1717925159998 1.142709999999994 618
1717925170093 1.1471349999999987 619
1717925180173 1.1473069999999979 620
1717925190237 1.1473069999999979 621
1717925200319 1.147392999999994 622
1717925210400 1.1475409999999968 623
1717925220435 1.151724999999999 624
1717925230513 1.1526209999999963 625
1717925240610 1.1527069999999995 626
1717925250695 1.1528789999999987 627
1717925260729 1.1530389999999997 628
1717925270759 1.1530389999999997 629
1717925280801 1.1572229999999948 630
1717925290839 1.1572229999999948 631
1717925300873 1.157308999999998 632
1717925310910 1.1580159999999964 633
1717925320953 1.1758919999999975 634
1717925330983 1.1758919999999975 635
1717925341041 1.1850839999999963 636
1717925351076 1.6608579999999975 637
1717925361116 2.383378999999998 638
1717925371144 2.968835999999996 639
1717925381198 3.4633059999999958 640
1717925391241 4.185739999999996 641
1717925401279 4.202625999999995 642
1717925411364 4.464593999999998 643
1717925421407 4.529997999999999 644
1717925431437 4.553382999999997 645
1717925441483 4.565573999999998 646
1717925451514 4.567022999999999 647
1717925461557 4.584060999999998 648
1717925471594 4.615406999999998 649
1717925481639 4.623221999999998 650
1717925491671 4.657681999999994 651
1717925501721 4.676537999999994 652
1717925511755 4.688469999999995 653
1717925521794 4.701101999999999 654
1717925531849 4.716977 655
1717925541882 4.7215849999999975 656
1717925551923 4.735658999999998 657
1717925561950 4.749089999999995 658
1717925571989 4.752789 659
1717925582028 4.762363999999998 660
1717925592061 4.775242999999996 661
1717925602092 4.778579999999998 662
1717925612136 4.789386999999998 663
1717925622183 4.803930999999999 664
1717925632227 4.809980999999993 665
1717925642268 4.829473 666
1717925652319 4.839301999999996 667
1717925662352 4.865841999999994 668
1717925672396 4.884982999999998 669
1717925682428 4.897158999999995 670
1717925692462 4.9047239999999945 671
1717925702494 4.913699999999999 672
1717925712555 4.919200999999994 673
1717925722601 4.944343999999994 674
1717925732639 4.9504519999999985 675
1717925742678 4.956913999999998 676
1717925752715 4.961150999999994 677
1717925762794 4.975815999999995 678
1717925772824 4.995044 679
1717925782863 5.008651999999998 680
1717925792897 5.013850999999995 681
1717925802954 5.022615999999999 682
1717925812998 5.027369 683
1717925823042 5.033488999999996 684
1717925833088 5.048181999999997 685
1717925843123 5.070995999999994 686
1717925853156 5.076856999999997 687
1717925863211 5.080458 688
1717925873296 5.0884419999999935 689
1717925883384 5.097552999999998 690
1717925893414 5.109975999999996 691
1717925903506 5.127780999999999 692
1717925913551 5.132371999999997 693
1717925923579 5.138227999999998 694
1717925933665 5.145881999999993 695
1717925943715 5.146687 696
1717925953761 5.165456999999996 697
1717925963852 5.207666999999994 698
1717925973881 5.222521999999998 699
1717925983923 5.2430419999999955 700
1717925993960 5.252809999999997 701
1717926003988 5.255733999999997 702
1717926014029 5.263202999999997 703
1717926024109 5.279635999999996 704
1717926034136 5.283928999999993 705
1717926044164 5.317045 706
1717926054261 5.341788999999999 707
1717926064295 5.343494 708
1717926074339 5.356022999999993 709
1717926084429 5.373041999999998 710
1717926094463 5.374356999999996 711
1717926104507 5.3768599999999935 712
1717926114548 5.398101999999994 713
1717926124588 5.400337999999998 714
1717926134650 5.426797999999998 715
1717926144691 5.437963999999994 716
1717926154725 5.444642999999999 717
1717926164762 5.448453999999998 718
1717926174857 5.456497999999996 719
1717926184933 5.459433999999995 720
1717926194980 5.466598999999995 721
1717926205074 5.486473999999994 722
1717926215130 5.492241 723
1717926225158 5.4958699999999965 724
1717926235249 5.502648999999998 725
1717926245284 5.503774 726
1717926255330 5.506836999999997 727
1717926265378 5.5473849999999985 728
1717926275431 5.5538039999999995 729
1717926285465 5.569887999999999 730
1717926295521 5.57846 731
1717926305563 5.582878999999998 732
1717926315618 5.591372999999997 733
1717926325665 5.610256 734
1717926335716 5.613436999999998 735
1717926345758 5.616757 736
1717926355853 5.623649999999998 737
1717926365906 5.642765999999995 738
1717926375943 5.646090999999998 739
1717926385989 5.672728999999997 740
1717926396046 5.674841999999998 741
1717926406089 5.683915999999996 742
1717926416154 5.691967999999996 743
1717926426197 5.696380999999995 744
1717926436252 5.703120999999996 745
1717926446287 5.719484999999999 746
1717926456324 5.721281999999995 747
1717926466368 5.7243369999999985 748
1717926476464 5.732239999999997 749
1717926486519 5.734233999999994 750
1717926496564 5.738845999999995 751
1717926506614 5.753879999999995 752
1717926516652 5.756276 753
1717926526697 5.759487 754
1717926536747 5.765876999999996 755
1717926546782 5.7700689999999994 756
1717926556836 5.787479999999995 757
1717926566886 5.8345059999999975 758
1717926576942 5.8437119999999965 759
1717926586986 5.856041999999995 760
1717926597103 5.862729999999999 761
1717926607199 5.863569999999996 762
1717926617250 5.865817999999997 763
1717926627298 5.901156999999998 764
1717926637386 5.901968999999994 765
1717926647428 5.904118999999994 766
1717926657473 5.912640999999994 767
1717926667519 5.914092999999994 768
1717926677555 5.924356999999993 769
1717926687596 5.943723999999996 770
1717926697641 5.9448309999999935 771
1717926707676 5.947882999999997 772
1717926717718 5.954318999999998 773
1717926727805 5.955964999999999 774
1717926737835 5.9581309999999945 775
1717926747885 5.976794999999996 776
1717926757974 5.977666999999997 777
1717926768016 5.979918999999995 778
1717926778051 5.986106999999997 779
1717926788127 5.988028999999997 780
1717926798177 5.994696999999995 781
1717926808224 6.00902 782
1717926818335 6.011497999999996 783
1717926828384 6.014472999999995 784
1717926838427 6.020990999999995 785
1717926848465 6.023270999999994 786
1717926858508 6.023588999999994 787
1717926868542 6.048516999999997 788
1717926878631 6.0508549999999985 789
1717926888674 6.051344999999998 790
1717926898720 6.0581729999999965 791
1717926909006 6.072142999999997 792
1717926919110 6.082240999999996 793
1717926929152 6.107862999999995 794
1717926939186 6.110156999999994 795
1717926949235 6.122186999999997 796
1717926959279 6.128881999999997 797
1717926969314 6.1343279999999965 798
1717926979373 6.175387999999998 799
1717926989409 6.178204999999998 800
1717926999447 6.180208999999998 801
1717927009486 6.191566999999999 802
1717927019531 6.197766999999999 803
1717927029617 6.202038999999999 804
1717927039668 6.237818999999995 805
1717927049704 6.248532999999995 806
1717927059746 6.253757 807
1717927069783 6.256622 808
1717927079825 6.262735999999997 809
1717927089865 6.265187999999995 810
1717927099923 6.283611999999998 811
1717927109956 6.289935 812
1717927119999 6.293149999999997 813
1717927130044 6.293613999999998 814
1717927140084 6.300135999999995 815
1717927150117 6.306913999999999 816
1717927160160 6.340486999999996 817
1717927170209 6.365375999999998 818
1717927180316 6.371395999999997 819
1717927190376 6.380693999999998 820
1717927200415 6.388756999999998 821
1717927210467 6.453063999999998 822
1717927220498 6.475752 823
1717927230533 6.477991999999993 824
1717927240605 6.480007999999998 825
1717927250641 6.480965999999995 826
1717927260701 6.492773999999997 827
1717927270733 6.498829999999998 828
1717927280777 6.527726999999999 829
1717927290807 6.532235 830
1717927300848 6.534968999999997 831
1717927310888 6.536999999999999 832
1717927320919 6.543837999999994 833
1717927330961 6.549220999999996 834
1717927340999 6.578875999999994 835
1717927351029 6.5809659999999965 836
1717927361063 6.583132999999997 837
1717927371115 6.5837569999999985 838
1717927381177 6.590394999999994 839
1717927391242 6.599547999999999 840
1717927401293 6.614867999999994 841
1717927411334 6.627370999999997 842
1717927421386 6.630446999999997 843
1717927431417 6.631834999999995 844
1717927441447 6.638444 845
1717927451533 6.6405479999999955 846
1717927461570 6.652622999999998 847
1717927471605 6.666561999999999 848
1717927481647 6.6688099999999935 849
1717927491685 6.669739 850
1717927501733 6.6761749999999935 851
1717927511803 6.679472999999994 852
1717927521855 6.695211999999998 853
1717927531907 6.699691999999999 854
1717927541957 6.702289999999998 855
1717927551990 6.704279999999997 856
1717927562021 6.710651999999996 857
1717927572054 6.713335999999998 858
1717927582099 6.732630999999998 859
1717927592132 6.734462999999998 860
1717927602169 6.742638999999997 861
1717927612200 6.743364999999997 862
1717927622245 6.750374999999998 863
1717927632279 6.753822999999997 864
1717927642367 6.782227999999996 865
1717927652410 6.787302999999994 866
1717927662467 6.790147999999995 867
1717927672519 6.792781999999995 868
1717927682556 6.799132 869
1717927692649 6.801815999999995 870
1717927702710 6.835638999999993 871
1717927712748 6.848410999999999 872
1717927722789 6.850780999999998 873
1717927732822 6.8619799999999955 874
1717927742920 6.872319999999995 875
1717927753108 6.883716 876
1717927763140 6.898828999999999 877
1717927773211 6.916806999999999 878
1717927783243 6.919696999999999 879
1717927793278 6.927087999999998 880
1717927803310 6.933403999999996 881
1717927813342 6.939761999999995 882
1717927823384 6.953675999999994 883
1717927833417 6.9548659999999956 884
1717927843448 6.984801999999995 885
1717927853498 7.004553999999999 886
1717927863535 7.032784999999997 887
1717927873579 7.058214999999997 888
1717927883620 7.085077999999996 889
1717927893658 7.093295999999995 890
1717927903718 7.095749999999995 891
1717927913768 7.215909999999994 892
1717927923806 7.230834999999999 893
1717927933855 7.243995999999996 894
1717927943944 7.256349999999998 895
1717927953981 7.259932999999997 896
1717927964014 7.266655 897
1717927974129 7.268760999999998 898
1717927984166 7.273786999999999 899
1717927994198 7.281185999999998 900
1717928004282 7.308322999999994 901
1717928014323 7.315960999999994 902
1717928024550 7.326070999999999 903
1717928034638 7.329322999999995 904
1717928044677 7.334348999999996 905
1717928054718 7.336706999999997 906
1717928064844 7.371258999999995 907
1717928074883 7.381598999999994 908
1717928084924 7.396519999999995 909
1717928095008 7.400767999999999 910
1717928105046 7.403649999999999 911
1717928115087 7.406833999999996 912
1717928125172 7.424813999999998 913
1717928135219 7.431331 914
1717928145259 7.438159999999996 915
1717928155302 7.443420999999994 916
1717928165346 7.446317999999998 917
1717928175449 7.454104999999998 918
1717928185558 7.467911999999998 919
1717928195611 7.4683199999999985 920
1717928205650 7.474648999999999 921
1717928215745 7.4807929999999985 922
1717928225802 7.483072 923
1717928235843 7.485671999999994 924
1717928245943 7.502094 925
1717928255984 7.508299999999998 926
1717928266039 7.510711999999998 927
1717928276078 7.518315999999999 928
1717928286127 7.519028999999996 929
1717928296173 7.521148999999994 930
1717928306782 7.548165999999995 931
1717928316820 7.551148999999995 932
1717928326857 7.551755 933
1717928336890 7.558466999999993 934
1717928346923 7.560894999999995 935
1717928356961 7.574596999999997 936
1717928366994 7.6215369999999965 937
1717928377028 7.635105999999993 938
1717928387070 7.640293999999997 939
1717928397103 7.652676 940
1717928407155 7.6544879999999935 941
1717928417188 7.655575999999996 942
1717928427235 7.687359999999998 943
1717928437337 7.689465999999996 944
1717928447408 7.690222999999996 945
1717928457442 11.370751999999996 946
1717928467487 11.384331999999993 947
1717928477529 11.405603999999997 948
1717928487569 11.445346999999998 949
1717928497662 11.447859999999999 950
1717928507729 11.449796 951
1717928517769 11.456519999999998 952
1717928527812 11.490415999999996 953
1717928537844 11.491211999999997 954
1717928547877 11.521602999999999 955
1717928557929 11.527344 956
1717928567967 11.527807999999993 957
1717928578008 11.534501999999996 958
1717928588049 11.541677 959
1717928598091 11.545868999999996 960
1717928608129 11.579947999999995 961
1717928618179 11.583070999999997 962
1717928628225 11.596069 963
1717928638258 11.602530999999999 964
1717928648354 11.604518999999996 965
1717928658405 11.605362 966
1717928668463 11.625541999999996 967
1717928678558 11.627489999999995 968
1717928688608 11.628417999999996 969
1717928698648 11.807094999999997 970
1717928708691 11.966818999999994 971
1717928718732 12.065027999999998 972
1717928728766 12.793610999999999 973
1717928738857 12.842911999999998 974
1717928748897 12.887347999999996 975
1717928758930 12.933363999999997 976
1717928769038 12.953378999999998 977
1717928779077 12.974136999999999 978
1717928789117 13.103327 979
1717928799157 13.145066 980
1717928809257 13.196545999999998 981
1717928819294 13.442684 982
1717928829331 13.457975999999995 983
1717928839364 13.487257 984
1717928849414 13.503328999999994 985
1717928859464 13.506484999999998 986
1717928869502 13.512084999999999 987
1717928879536 13.561209999999996 988
1717928889587 13.800047 989
1717928899628 14.048662 990
1717928909664 14.374910999999997 991
1717928919699 14.498613999999996 992
1717928929744 14.534670999999996 993
1717928939784 14.587429999999998 994
1717928949824 14.607243999999994 995
1717928959858 14.702773999999998 996
1717928969905 14.770626999999998 997
1717928979993 14.820980999999996 998
1717928990040 15.009319999999995 999
1717929000124 15.449317999999998 1000
1717929010159 16.081761 1001
1717929020205 16.454252999999994 1002
1717929030256 16.899071 1003
1717929040295 17.276850999999994 1004
1717929050356 17.430701 1005
1717929060652 17.74033 1006
1717929070719 17.873638999999997 1007
1717929080761 18.182868 1008
1717929090802 18.412206999999995 1009
1717929100842 18.422010999999998 1010
1717929110900 18.736098999999996 1011
1717929120942 18.804620999999997 1012
1717929130985 19.131459999999997 1013
1717929141029 19.192549999999997 1014
1717929151087 19.531001999999994 1015
1717929161131 19.532283999999997 1016
1717929171173 19.670209999999997 1017
1717929181273 19.903820999999994 1018
1717929191318 19.9972 1019
1717929201358 20.255955 1020
1717929211429 20.476304 1021
1717929221480 20.776894999999996 1022
1717929231523 21.173756999999995 1023
1717929241569 21.633253999999994 1024
1717929251608 21.815133999999993 1025
1717929261660 21.835783999999997 1026
1717929271714 21.900667 1027
1717929281753 21.983852999999996 1028
1717929291805 22.193447999999997 1029
1717929301846 22.285262999999993 1030
1717929311881 22.468545 1031
1717929321924 22.604124 1032
1717929331972 22.777234 1033
1717929342090 22.851597999999996 1034
1717929352130 22.923572999999998 1035
1717929362175 23.078982999999994 1036
1717929372214 23.211439999999996 1037
1717929382324 23.334104999999994 1038
1717929392368 23.514666999999996 1039
1717929402421 23.640946 1040
1717929412527 23.851394999999997 1041
1717929422575 24.015445999999997 1042
1717929432613 24.122166 1043
1717929442706 24.256273 1044
1717929452779 24.444626999999997 1045
1717929462840 24.530150999999996 1046
1717929472897 24.622797999999996 1047
1717929482948 24.706653000000003 1048
