1717918947319 7.7 0
1717918957341 8.3 1
1717918967352 8.3 2
1717918977371 8.3 3
1717918987386 8.3 4
1717918997402 8.3 5
1717919007414 8.3 6
1717919017427 8.3 7
1717919027447 8.3 8
1717919037462 8.3 9
1717919047478 8.3 10
1717919057501 8.3 11
1717919067515 8.3 12
1717919077533 8.3 13
1717919087546 8.3 14
1717919097567 8.3 15
1717919107589 8.3 16
1717919117604 8.3 17
1717919127631 8.3 18
1717919137644 8.3 19
1717919147657 8.3 20
1717919157671 8.3 21
1717919167684 8.3 22
1717919177695 8.3 23
1717919187707 8.3 24
1717919197723 8.3 25
1717919207743 8.3 26
1717919217769 8.3 27
1717919227792 8.3 28
1717919237806 8.3 29
1717919247818 8.3 30
1717919257831 8.3 31
1717919267848 8.3 32
1717919277862 8.3 33
1717919287885 8.3 34
1717919297948 8.3 35
1717919307982 8.4 36
1717919317996 8.3 37
1717919328009 8.3 38
1717919338073 8.3 39
1717919348090 8.3 40
1717919358104 8.3 41
1717919368118 8.3 42
1717919378140 8.3 43
1717919388163 8.3 44
1717919398183 8.3 45
1717919408200 8.3 46
1717919418227 8.3 47
1717919428250 8.3 48
1717919438266 8.3 49
1717919448288 8.3 50
1717919458306 8.3 51
1717919468340 8.3 52
1717919478364 8.3 53
1717919489348 8.4 54
1717919499365 8.4 55
1717919509382 8.4 56
1717919519398 8.4 57
1717919529423 8.4 58
1717919539437 8.4 59
1717919549452 8.4 60
1717919559467 8.4 61
1717919569481 8.5 62
1717919579512 8.4 63
1717919589527 8.5 64
1717919599546 8.5 65
1717919609565 8.4 66
1717919619580 8.4 67
1717919629595 8.3 68
1717919639609 8.3 69
1717919649628 8.3 70
1717919659672 8.3 71
1717919669691 8.3 72
1717919679727 8.4 73
1717919689745 8.3 74
1717919699761 8.4 75
1717919709786 8.3 76
1717919719811 8.3 77
1717919729837 8.3 78
1717919739875 8.3 79
1717919749900 8.3 80
1717919759921 8.4 81
1717919769945 8.3 82
1717919779990 8.3 83
1717919790005 8.3 84
1717919800041 8.3 85
1717919810058 8.3 86
1717919820073 8.3 87
1717919830119 8.3 88
1717919840134 8.3 89
1717919850170 8.3 90
1717919860187 8.3 91
1717919870212 8.3 92
1717919880238 8.3 93
1717919890254 8.3 94
1717919900270 8.3 95
1717919910285 8.4 96
1717919920300 8.3 97
1717919930316 8.3 98
1717919940341 8.3 99
1717919950381 8.3 100
1717919960397 8.3 101
1717919970414 8.3 102
1717919980432 8.3 103
1717919990457 8.4 104
1717920000477 8.4 105
1717920010494 8.4 106
1717920020519 8.3 107
1717920030546 8.4 108
1717920040563 8.4 109
1717920050577 8.4 110
1717920060603 8.5 111
1717920070621 8.5 112
1717920080645 8.4 113
1717920090660 8.4 114
1717920100675 8.5 115
1717920110693 8.5 116
1717920120760 8.5 117
1717920130777 8.5 118
1717920140834 8.5 119
1717920150897 8.5 120
1717920160913 8.3 121
1717920170983 8.3 122
1717920181043 8.3 123
1717920191074 8.4 124
1717920201146 8.3 125
1717920211174 8.4 126
1717920221208 8.4 127
1717920231274 8.3 128
1717920241296 8.3 129
1717920251313 8.3 130
1717920261368 8.3 131
1717920271428 8.3 132
1717920281445 8.3 133
1717920291463 8.4 134
1717920301536 8.4 135
1717920311608 8.3 136
1717920321628 8.4 137
1717920331655 8.3 138
1717920341715 8.3 139
1717920351732 8.3 140
1717920361753 8.4 141
1717920371824 8.4 142
1717920381841 8.4 143
1717920391862 8.3 144
1717920401929 8.3 145
1717920411947 8.4 146
1717920422011 8.3 147
1717920432071 8.3 148
1717920442141 8.3 149
1717920452207 8.3 150
1717920462226 8.3 151
1717920472298 8.4 152
1717920482365 8.3 153
1717920492386 8.3 154
1717920502407 8.3 155
1717920512483 8.4 156
1717920522547 8.4 157
1717920532624 8.3 158
1717920542655 8.4 159
1717920552739 8.4 160
1717920562812 8.3 161
1717920572836 8.4 162
1717920582852 8.4 163
1717920592914 8.4 164
1717920602929 8.5 165
1717920612944 8.5 166
1717920622962 8.5 167
1717920632980 8.5 168
1717920642998 8.5 169
1717920653022 8.5 170
1717920663043 8.6 171
1717920673069 8.5 172
1717920683087 8.6 173
1717920693109 8.5 174
1717920703133 8.5 175
1717920713153 8.5 176
1717920723214 8.5 177
1717920733235 8.5 178
1717920743264 8.5 179
1717920753336 8.5 180
1717920763404 8.4 181
1717920773428 8.4 182
1717920783495 8.4 183
1717920793561 8.4 184
1717920803635 8.4 185
1717920813700 8.5 186
1717920823725 8.5 187
1717920833790 8.4 188
1717920843848 8.4 189
1717920853905 8.4 190
1717920863924 8.4 191
1717920873983 8.4 192
1717920884049 8.4 193
1717920894121 8.4 194
1717920904138 8.4 195
1717920914158 8.4 196
1717920924220 8.4 197
1717920934288 8.4 198
1717920944307 8.4 199
1717920954325 8.4 200
1717920964385 8.4 201
1717920974451 8.4 202
1717920984521 8.4 203
1717920994539 8.4 204
1717921004605 8.4 205
1717921014673 8.4 206
1717921024739 8.4 207
1717921034802 8.4 208
1717921044821 8.4 209
1717921054882 8.4 210
1717921064960 8.4 211
1717921074981 8.4 212
1717921085042 8.4 213
1717921095060 8.4 214
1717921105086 8.4 215
1717921115112 8.4 216
1717921125150 8.4 217
1717921135237 8.4 218
1717921145296 8.4 219
1717921155316 8.5 220
1717921165347 8.5 221
1717921175369 8.5 222
1717921185390 8.5 223
1717921195414 8.5 224
1717921205434 8.5 225
1717921215454 8.5 226
1717921225473 8.5 227
1717921235539 8.6 228
1717921245611 8.5 229
1717921255691 8.4 230
1717921265777 8.4 231
1717921275813 8.4 232
1717921285894 8.4 233
1717921295958 8.4 234
1717921306025 8.4 235
1717921316048 8.4 236
1717921326110 8.4 237
1717921336174 8.4 238
1717921346248 8.4 239
1717921356268 8.4 240
1717921366333 8.4 241
1717921376401 8.4 242
1717921386462 8.4 243
1717921396485 8.4 244
1717921406504 8.4 245
1717921416550 8.4 246
1717921426625 8.4 247
1717921436704 8.4 248
1717921446725 8.4 249
1717921456789 8.4 250
1717921466856 8.4 251
1717921476927 8.4 252
1717921486997 8.4 253
1717921497046 8.4 254
1717921507068 8.4 255
1717921517128 8.4 256
1717921527149 8.4 257
1717921537211 8.4 258
1717921547276 8.4 259
1717921557349 8.4 260
1717921567412 8.4 261
1717921577439 8.4 262
1717921587523 8.4 263
1717921597587 8.4 264
1717921607609 8.4 265
1717921617686 8.4 266
1717921627753 8.4 267
1717921637819 8.4 268
1717921647899 8.4 269
1717921657931 8.4 270
1717921668020 8.4 271
1717921678105 8.4 272
1717921688132 8.4 273
1717921698152 8.5 274
1717921708178 8.4 275
1717921718203 8.5 276
1717921728224 8.5 277
1717921738260 8.5 278
1717921748283 8.5 279
1717921758315 8.5 280
1717921768335 8.5 281
1717921778399 8.4 282
1717921788418 8.5 283
1717921798489 8.5 284
1717921808510 8.3 285
1717921818532 8.3 286
1717921828616 8.3 287
1717921838688 8.3 288
1717921848710 8.3 289
1717921858742 8.3 290
1717921868763 8.4 291
1717921878838 8.4 292
1717921888869 8.4 293
1717921898944 8.4 294
1717921909020 8.4 295
1717921919084 8.4 296
1717921929111 8.4 297
1717921939133 8.4 298
1717921949208 8.4 299
1717921959279 8.4 300
1717921969351 8.4 301
1717921979372 8.4 302
1717921989451 8.4 303
1717921999535 8.4 304
1717922009605 8.4 305
1717922019691 8.4 306
1717922029716 8.4 307
1717922039788 8.4 308
1717922049836 8.4 309
1717922059858 8.4 310
1717922069928 8.4 311
1717922080001 8.4 312
1717922090072 8.4 313
1717922100141 8.4 314
1717922110163 8.4 315
1717922120226 8.4 316
1717922130282 8.4 317
1717922140313 8.3 318
1717922150410 8.4 319
1717922160492 8.5 320
1717922170517 8.4 321
1717922180609 8.4 322
1717922190633 8.4 323
1717922200675 8.4 324
1717922210751 8.4 325
1717922220833 8.4 326
1717922230856 8.4 327
1717922240876 8.4 328
1717922250902 8.5 329
1717922260925 8.4 330
1717922270952 8.4 331
1717922280980 8.5 332
1717922291031 8.5 333
1717922301054 8.5 334
1717922311103 8.6 335
1717922321191 8.5 336
1717922331264 8.5 337
1717922341297 8.5 338
1717922351369 8.4 339
1717922361443 8.4 340
1717922371527 8.4 341
1717922381584 8.4 342
1717922391638 8.4 343
1717922401742 8.4 344
1717922411837 8.4 345
1717922421862 8.5 346
1717922431941 8.4 347
1717922442010 8.4 348
1717922452072 8.4 349
1717922462102 8.5 350
1717922472143 8.4 351
1717922482211 8.4 352
1717922492235 8.4 353
1717922502271 8.4 354
1717922512297 8.4 355
1717922522382 8.4 356
1717922532458 8.4 357
1717922542529 8.4 358
1717922552598 8.5 359
1717922562626 8.4 360
1717922572688 8.4 361
1717922582757 8.4 362
1717922592789 8.4 363
1717922602825 8.5 364
1717922612852 8.5 365
1717922622928 8.5 366
1717922633001 8.4 367
1717922643027 8.4 368
1717922653097 8.4 369
1717922663172 8.4 370
1717922673241 8.4 371
1717922683268 8.4 372
1717922693341 8.4 373
1717922703373 8.4 374
1717922713452 8.4 375
1717922723497 8.4 376
1717922733530 8.4 377
1717922743604 8.4 378
1717922753679 8.5 379
1717922763706 8.5 380
1717922773733 8.5 381
1717922783808 8.5 382
1717922793879 8.4 383
1717922803916 8.5 384
1717922813939 8.5 385
1717922824274 8.5 386
1717922834299 8.5 387
1717922844323 8.5 388
1717922854347 8.5 389
1717922864443 8.5 390
1717922874523 8.5 391
1717922884607 8.5 392
1717922894647 8.5 393
1717922904721 8.4 394
1717922914804 8.4 395
1717922924832 8.3 396
1717922934904 8.3 397
1717922944990 8.4 398
1717922955064 8.4 399
1717922965159 8.3 400
1717922975193 8.4 401
1717922985273 8.4 402
1717922995356 8.4 403
1717923005403 8.4 404
1717923015488 8.4 405
1717923025582 8.4 406
1717923035666 8.4 407
1717923045750 8.4 408
1717923055785 8.4 409
1717923065853 8.4 410
1717923075935 8.4 411
1717923085970 8.4 412
1717923096005 8.4 413
1717923106060 8.4 414
1717923116142 8.4 415
1717923126225 8.4 416
1717923136300 8.4 417
1717923146335 8.4 418
1717923156423 8.4 419
1717923166499 8.4 420
1717923176535 8.4 421
1717923186564 8.4 422
1717923196653 8.4 423
1717923206732 8.4 424
1717923216808 8.4 425
1717923226845 8.4 426
1717923236928 8.4 427
1717923247016 8.4 428
1717923257109 8.4 429
1717923267192 8.4 430
1717923277235 8.4 431
1717923287291 8.4 432
1717923297369 8.4 433
1717923307393 8.4 434
1717923317479 8.4 435
1717923327535 8.4 436
1717923337563 8.4 437
1717923347601 8.5 438
1717923357656 8.5 439
1717923367690 8.5 440
1717923377712 8.5 441
1717923387734 8.5 442
1717923397771 8.5 443
1717923407792 8.5 444
1717923417858 8.5 445
1717923427881 8.5 446
1717923437959 8.6 447
1717923448028 8.5 448
1717923458121 8.4 449
1717923468212 8.4 450
1717923478297 8.4 451
1717923488376 8.4 452
1717923498472 8.4 453
1717923508528 8.4 454
1717923518561 8.5 455
1717923528594 8.4 456
1717923538686 8.4 457
1717923548772 8.4 458
1717923558852 8.4 459
1717923568943 8.4 460
1717923579027 8.4 461
1717923589052 8.4 462
1717923599153 8.4 463
1717923609232 8.4 464
1717923619305 8.4 465
1717923629387 8.4 466
1717923639414 8.4 467
1717923649490 8.4 468
1717923659556 8.4 469
1717923669642 8.5 470
1717923679672 8.5 471
1717923689709 8.5 472
1717923699810 8.4 473
1717923709901 8.4 474
1717923719947 8.4 475
1717923730018 8.4 476
1717923740089 8.4 477
1717923750164 8.4 478
1717923760194 8.4 479
1717923770224 8.4 480
1717923780310 8.4 481
1717923790386 8.5 482
1717923800461 8.5 483
1717923810487 8.4 484
1717923820575 8.5 485
1717923830651 8.4 486
1717923840737 8.4 487
1717923850813 8.4 488
1717923860846 8.4 489
1717923870871 8.4 490
1717923880959 8.5 491
1717923891032 8.4 492
1717923901068 8.5 493
1717923911097 8.5 494
1717923921120 8.5 495
1717923931144 8.5 496
1717923941171 8.5 497
1717923951194 8.5 498
1717923961221 8.6 499
1717923971263 8.5 500
1717923981334 8.5 501
1717923991421 8.5 502
1717924001496 8.4 503
1717924011522 8.4 504
1717924021608 8.4 505
1717924031686 8.4 506
1717924041773 8.4 507
1717924051847 8.4 508
1717924061903 8.4 509
1717924071972 8.4 510
1717924082054 8.4 511
1717924092082 8.4 512
1717924102133 8.4 513
1717924112208 8.3 514
1717924122281 8.4 515
1717924132356 8.4 516
1717924142438 8.4 517
1717924152511 8.4 518
1717924162597 8.4 519
1717924172631 8.4 520
1717924182712 8.4 521
1717924192788 8.4 522
1717924202869 8.4 523
1717924212952 8.4 524
1717924222995 8.4 525
1717924233025 8.4 526
1717924243102 8.4 527
1717924253138 8.4 528
1717924263231 8.4 529
1717924273318 8.4 530
1717924283360 8.4 531
1717924293398 8.4 532
1717924303434 8.5 533
1717924313523 8.4 534
1717924323601 8.4 535
1717924333680 8.4 536
1717924343722 8.4 537
1717924353757 8.4 538
1717924363789 8.4 539
1717924373821 8.4 540
1717924383902 8.4 541
1717924393935 8.4 542
1717924403966 8.4 543
1717924413998 8.4 544
1717924424091 8.4 545
1717924435253 8.4 546
1717924445281 8.4 547
1717924455312 8.4 548
1717924465347 8.5 549
1717924475383 8.5 550
1717924485413 8.5 551
1717924495444 8.5 552
1717924505480 8.5 553
1717924515573 8.5 554
1717924525650 8.5 555
1717924535725 8.5 556
1717924545827 8.5 557
1717924555862 8.4 558
1717924565943 8.4 559
1717924576022 8.4 560
1717924586101 8.4 561
1717924596144 8.4 562
1717924606181 8.4 563
1717924616262 8.5 564
1717924626348 8.5 565
1717924636385 8.4 566
1717924646493 8.4 567
1717924656571 8.4 568
1717924666646 8.4 569
1717924676734 8.4 570
1717924686777 8.4 571
1717924696875 8.4 572
1717924706967 8.4 573
1717924717051 8.5 574
1717924727102 8.4 575
1717924737197 8.4 576
1717924747277 8.4 577
1717924757364 8.4 578
1717924767454 8.4 579
1717924777497 8.4 580
1717924787597 8.4 581
1717924797697 8.4 582
1717924807739 8.5 583
1717924817775 8.4 584
1717924827843 8.4 585
1717924837957 8.4 586
1717924848046 8.4 587
1717924858087 8.4 588
1717924868170 8.4 589
1717924878250 8.4 590
1717924888341 8.4 591
1717924898413 8.4 592
1717924908449 8.4 593
1717924918508 8.4 594
1717924928606 8.4 595
1717924938651 8.4 596
1717924948686 8.4 597
1717924958788 8.4 598
1717924968889 8.4 599
1717924978992 8.4 600
1717924989217 8.4 601
1717924999242 8.5 602
1717925009275 8.4 603
1717925019315 8.5 604
1717925029346 8.5 605
1717925039371 8.5 606
1717925049415 8.5 607
1717925059462 8.5 608
1717925069496 8.5 609
1717925079572 8.5 610
1717925089608 8.5 611
1717925099642 8.4 612
1717925109727 8.4 613
1717925119812 8.4 614
1717925129858 8.4 615
1717925139887 8.5 616
1717925149918 8.4 617
1717925159998 8.4 618
1717925170093 8.5 619
1717925180173 8.4 620
1717925190237 8.5 621
1717925200319 8.4 622
1717925210400 8.4 623
1717925220435 8.4 624
1717925230513 8.4 625
1717925240610 8.4 626
1717925250695 8.4 627
1717925260729 8.4 628
1717925270759 8.5 629
1717925280801 8.5 630
1717925290839 8.5 631
1717925300873 8.6 632
1717925310910 8.8 633
1717925320953 9.3 634
1717925330983 9.1 635
1717925341041 9.4 636
1717925351076 14.2 637
1717925361116 17.4 638
1717925371144 19.1 639
1717925381198 21.3 640
1717925391241 22.1 641
1717925401279 21.8 642
1717925411364 21.5 643
1717925421407 21.1 644
1717925431437 20.8 645
1717925441483 20.9 646
1717925451514 20.4 647
1717925461557 20.4 648
1717925471594 20.4 649
1717925481639 20.5 650
1717925491671 20.5 651
1717925501721 20.4 652
1717925511755 20.4 653
1717925521794 20.3 654
1717925531849 20.2 655
1717925541882 20.5 656
1717925551923 20.3 657
1717925561950 20.3 658
1717925571989 20.2 659
1717925582028 20.2 660
1717925592061 20.2 661
1717925602092 20.3 662
1717925612136 20.2 663
1717925622183 20.3 664
1717925632227 20.2 665
1717925642268 20.2 666
1717925652319 20.2 667
1717925662352 20.1 668
1717925672396 20.2 669
1717925682428 20.2 670
1717925692462 20.1 671
1717925702494 20.1 672
1717925712555 20.1 673
1717925722601 20.2 674
1717925732639 20.1 675
1717925742678 20.1 676
1717925752715 20.1 677
1717925762794 20.2 678
1717925772824 20.3 679
1717925782863 20.3 680
1717925792897 20.2 681
1717925802954 20.2 682
1717925812998 20.2 683
1717925823042 20.2 684
1717925833088 20.1 685
1717925843123 20.3 686
1717925853156 20.2 687
1717925863211 20.2 688
1717925873296 20.1 689
1717925883384 20.2 690
1717925893414 20.2 691
1717925903506 20.2 692
1717925913551 20.2 693
1717925923579 20.2 694
1717925933665 20.2 695
1717925943715 20.2 696
1717925953761 20.4 697
1717925963852 20.3 698
1717925973881 20.3 699
1717925983923 20.5 700
1717925993960 20.3 701
1717926003988 20.3 702
1717926014029 20.2 703
1717926024109 20.2 704
1717926034136 20.2 705
1717926044164 20.2 706
1717926054261 20.2 707
1717926064295 20.2 708
1717926074339 20.3 709
1717926084429 20.3 710
1717926094463 20.3 711
1717926104507 20.3 712
1717926114548 20.6 713
1717926124588 20.3 714
1717926134650 20.6 715
1717926144691 20.5 716
1717926154725 20.4 717
1717926164762 20.4 718
1717926174857 20.3 719
1717926184933 20.3 720
1717926194980 20.3 721
1717926205074 20.4 722
1717926215130 20.3 723
1717926225158 20.3 724
1717926235249 20.3 725
1717926245284 20.3 726
1717926255330 20.3 727
1717926265378 20.4 728
1717926275431 20.3 729
1717926285465 20.4 730
1717926295521 20.3 731
1717926305563 20.3 732
1717926315618 20.3 733
1717926325665 20.3 734
1717926335716 20.3 735
1717926345758 20.4 736
1717926355853 20.3 737
1717926365906 20.2 738
1717926375943 20.2 739
1717926385989 20.4 740
1717926396046 20.3 741
1717926406089 20.4 742
1717926416154 20.3 743
1717926426197 20.3 744
1717926436252 20.3 745
1717926446287 20.3 746
1717926456324 20.3 747
1717926466368 20.3 748
1717926476464 20.3 749
1717926486519 20.2 750
1717926496564 20.3 751
1717926506614 20.3 752
1717926516652 20.3 753
1717926526697 20.3 754
1717926536747 20.3 755
1717926546782 20.3 756
1717926556836 20.4 757
1717926566886 20.5 758
1717926576942 20.4 759
1717926586986 20.4 760
1717926597103 20.3 761
1717926607199 20.3 762
1717926617250 20.3 763
1717926627298 20.3 764
1717926637386 20.3 765
1717926647428 20.3 766
1717926657473 20.3 767
1717926667519 20.3 768
1717926677555 20.4 769
1717926687596 20.4 770
1717926697641 20.4 771
1717926707676 20.4 772
1717926717718 20.3 773
1717926727805 20.3 774
1717926737835 20.3 775
1717926747885 20.4 776
1717926757974 20.4 777
1717926768016 20.3 778
1717926778051 20.2 779
1717926788127 20.3 780
1717926798177 20.3 781
1717926808224 20.3 782
1717926818335 20.3 783
1717926828384 20.3 784
1717926838427 20.2 785
1717926848465 20.3 786
1717926858508 20.3 787
1717926868542 20.4 788
1717926878631 20.3 789
1717926888674 20.3 790
1717926898720 20.3 791
1717926909006 20.3 792
1717926919110 20.3 793
1717926929152 20.4 794
1717926939186 20.3 795
1717926949235 20.3 796
1717926959279 20.3 797
1717926969314 20.4 798
1717926979373 20.5 799
1717926989409 20.4 800
1717926999447 20.4 801
1717927009486 20.3 802
1717927019531 20.3 803
1717927029617 20.3 804
1717927039668 20.5 805
1717927049704 20.4 806
1717927059746 20.5 807
1717927069783 20.3 808
1717927079825 20.3 809
1717927089865 20.3 810
1717927099923 20.4 811
1717927109956 20.4 812
1717927119999 20.3 813
1717927130044 20.3 814
1717927140084 20.3 815
1717927150117 20.3 816
1717927160160 20.5 817
1717927170209 20.5 818
1717927180316 20.4 819
1717927190376 20.3 820
1717927200415 20.4 821
1717927210467 20.4 822
1717927220498 20.4 823
1717927230533 20.4 824
1717927240605 20.4 825
1717927250641 20.4 826
1717927260701 20.4 827
1717927270733 20.5 828
1717927280777 20.6 829
1717927290807 20.5 830
1717927300848 20.5 831
1717927310888 20.4 832
1717927320919 20.3 833
1717927330961 20.3 834
1717927340999 20.5 835
1717927351029 20.4 836
1717927361063 20.3 837
1717927371115 20.3 838
1717927381177 20.3 839
1717927391242 20.3 840
1717927401293 20.4 841
1717927411334 20.4 842
1717927421386 20.3 843
1717927431417 20.3 844
1717927441447 20.3 845
1717927451533 20.3 846
1717927461570 20.3 847
1717927471605 20.4 848
1717927481647 20.4 849
1717927491685 20.3 850
1717927501733 20.3 851
1717927511803 20.2 852
1717927521855 20.4 853
1717927531907 20.4 854
1717927541957 20.3 855
1717927551990 20.3 856
1717927562021 20.3 857
1717927572054 20.3 858
1717927582099 20.3 859
1717927592132 20.4 860
1717927602169 20.4 861
1717927612200 20.4 862
1717927622245 20.3 863
1717927632279 20.3 864
1717927642367 20.3 865
1717927652410 20.4 866
1717927662467 20.4 867
1717927672519 20.3 868
1717927682556 20.3 869
1717927692649 20.3 870
1717927702710 20.4 871
1717927712748 20.7 872
1717927722789 20.4 873
1717927732822 20.4 874
1717927742920 20.6 875
1717927753108 20.3 876
1717927763140 20.4 877
1717927773211 20.5 878
1717927783243 20.4 879
1717927793278 20.4 880
1717927803310 20.4 881
1717927813342 20.4 882
1717927823384 20.5 883
1717927833417 20.4 884
1717927843448 20.4 885
1717927853498 20.4 886
1717927863535 20.4 887
1717927873579 20.4 888
1717927883620 20.5 889
1717927893658 20.4 890
1717927903718 20.4 891
1717927913768 20.9 892
1717927923806 20.8 893
1717927933855 21.0 894
1717927943944 20.5 895
1717927953981 20.4 896
1717927964014 20.4 897
1717927974129 20.4 898
1717927984166 20.4 899
1717927994198 20.4 900
1717928004282 20.5 901
1717928014323 20.5 902
1717928024550 20.5 903
1717928034638 20.4 904
1717928044677 20.4 905
1717928054718 20.4 906
1717928064844 20.5 907
1717928074883 20.5 908
1717928084924 20.5 909
1717928095008 20.4 910
1717928105046 20.4 911
1717928115087 20.4 912
1717928125172 20.5 913
1717928135219 20.5 914
1717928145259 20.5 915
1717928155302 20.4 916
1717928165346 20.5 917
1717928175449 20.5 918
1717928185558 20.6 919
1717928195611 20.5 920
1717928205650 20.5 921
1717928215745 20.4 922
1717928225802 20.4 923
1717928235843 20.4 924
1717928245943 20.5 925
1717928255984 20.5 926
1717928266039 20.5 927
1717928276078 20.4 928
1717928286127 20.4 929
1717928296173 20.4 930
1717928306782 20.5 931
1717928316820 20.5 932
1717928326857 20.5 933
1717928336890 20.5 934
1717928346923 20.5 935
1717928356961 20.6 936
1717928366994 20.6 937
1717928377028 20.6 938
1717928387070 20.6 939
1717928397103 20.6 940
1717928407155 20.6 941
1717928417188 20.6 942
1717928427235 20.4 943
1717928437337 20.5 944
1717928447408 20.4 945
1717928457442 20.7 946
1717928467487 20.9 947
1717928477529 21.1 948
1717928487569 20.6 949
1717928497662 20.6 950
1717928507729 20.6 951
1717928517769 20.5 952
1717928527812 20.7 953
1717928537844 20.7 954
1717928547877 20.7 955
1717928557929 20.7 956
1717928567967 20.7 957
1717928578008 20.7 958
1717928588049 20.8 959
1717928598091 21.3 960
1717928608129 21.7 961
1717928618179 22.0 962
1717928628225 21.0 963
1717928638258 20.9 964
1717928648354 20.9 965
1717928658405 20.9 966
1717928668463 21.0 967
1717928678558 21.0 968
1717928688608 21.0 969
1717928698648 22.3 970
1717928708691 22.4 971
1717928718732 22.3 972
1717928728766 22.8 973
1717928738857 22.8 974
1717928748897 22.9 975
1717928758930 22.1 976
1717928769038 21.9 977
1717928779077 22.0 978
1717928789117 21.7 979
1717928799157 21.6 980
1717928809257 21.9 981
1717928819294 22.2 982
1717928829331 22.1 983
1717928839364 22.1 984
1717928849414 22.0 985
1717928859464 22.0 986
1717928869502 22.0 987
1717928879536 21.7 988
1717928889587 22.1 989
1717928899628 22.5 990
1717928909664 24.9 991
1717928919699 24.9 992
1717928929744 24.9 993
1717928939784 23.3 994
1717928949824 23.6 995
1717928959858 26.2 996
1717928969905 26.3 997
1717928979993 28.3 998
1717928990040 22.8 999
1717929000124 23.9 1000
1717929010159 24.6 1001
1717929020205 25.1 1002
1717929030256 25.0 1003
1717929040295 26.1 1004
1717929050356 25.9 1005
1717929060652 26.0 1006
1717929070719 26.4 1007
1717929080761 26.6 1008
1717929090802 26.6 1009
1717929100842 26.3 1010
1717929110900 26.6 1011
1717929120942 26.9 1012
1717929130985 27.2 1013
1717929141029 26.9 1014
1717929151087 26.8 1015
1717929161131 26.6 1016
1717929171173 26.5 1017
1717929181273 26.6 1018
1717929191318 26.6 1019
1717929201358 26.9 1020
1717929211429 26.9 1021
1717929221480 27.5 1022
1717929231523 28.8 1023
1717929241569 28.8 1024
1717929251608 28.7 1025
1717929261660 28.9 1026
1717929271714 28.9 1027
1717929281753 29.1 1028
1717929291805 29.1 1029
1717929301846 29.2 1030
1717929311881 29.0 1031
1717929321924 29.1 1032
1717929331972 29.1 1033
1717929342090 29.0 1034
1717929352130 29.0 1035
1717929362175 29.2 1036
1717929372214 29.2 1037
1717929382324 29.4 1038
1717929392368 29.1 1039
1717929402421 29.0 1040
1717929412527 29.1 1041
1717929422575 29.1 1042
1717929432613 29.1 1043
1717929442706 29.2 1044
1717929452779 29.2 1045
1717929462840 29.1 1046
1717929472897 29.1 1047
1717929482948 29.0 1048
