1717918947319 2577.4 0
1717918957341 2772.2 1
1717918967352 2786.7 2
1717918977371 2787.4 3
1717918987386 2779.6 4
1717918997402 2784.3 5
1717919007414 2792.3 6
1717919017427 2784.3 7
1717919027447 2790.8 8
1717919037462 2780.5 9
1717919047478 2780.7 10
1717919057501 2787.0 11
1717919067515 2779.2 12
1717919077533 2782.3 13
1717919087546 2793.0 14
1717919097567 2783.2 15
1717919107589 2789.0 16
1717919117604 2790.8 17
1717919127631 2783.4 18
1717919137644 2794.5 19
1717919147657 2790.9 20
1717919157671 2783.4 21
1717919167684 2790.7 22
1717919177695 2781.8 23
1717919187707 2784.7 24
1717919197723 2774.8 25
1717919207743 2775.8 26
1717919217769 2772.9 27
1717919227792 2772.1 28
1717919237806 2774.5 29
1717919247818 2773.3 30
1717919257831 2773.4 31
1717919267848 2783.9 32
1717919277862 2777.1 33
1717919287885 2778.8 34
1717919297948 2776.8 35
1717919307982 2805.4 36
1717919317996 2783.9 37
1717919328009 2771.8 38
1717919338073 2777.5 39
1717919348090 2788.4 40
1717919358104 2782.1 41
1717919368118 2776.0 42
1717919378140 2786.8 43
1717919388163 2783.0 44
1717919398183 2780.6 45
1717919408200 2784.7 46
1717919418227 2780.2 47
1717919428250 2783.3 48
1717919438266 2780.9 49
1717919448288 2782.6 50
1717919458306 2794.9 51
1717919468340 2793.7 52
1717919478364 2789.4 53
1717919489348 2809.9 54
1717919499365 2824.5 55
1717919509382 2812.1 56
1717919519398 2820.8 57
1717919529423 2820.6 58
1717919539437 2825.3 59
1717919549452 2824.2 60
1717919559467 2830.2 61
1717919569481 2836.7 62
1717919579512 2819.0 63
1717919589527 2837.2 64
1717919599546 2835.3 65
1717919609565 2804.8 66
1717919619580 2800.5 67
1717919629595 2786.1 68
1717919639609 2798.2 69
1717919649628 2785.3 70
1717919659672 2782.1 71
1717919669691 2788.1 72
1717919679727 2805.7 73
1717919689745 2797.1 74
1717919699761 2801.3 75
1717919709786 2797.1 76
1717919719811 2782.3 77
1717919729837 2789.7 78
1717919739875 2790.5 79
1717919749900 2786.6 80
1717919759921 2822.6 81
1717919769945 2796.9 82
1717919779990 2795.0 83
1717919790005 2793.4 84
1717919800041 2782.5 85
1717919810058 2793.3 86
1717919820073 2780.7 87
1717919830119 2794.1 88
1717919840134 2790.5 89
1717919850170 2791.6 90
1717919860187 2796.5 91
1717919870212 2789.0 92
1717919880238 2787.3 93
1717919890254 2786.7 94
1717919900270 2788.6 95
1717919910285 2808.9 96
1717919920300 2798.5 97
1717919930316 2789.9 98
1717919940341 2792.5 99
1717919950381 2789.8 100
1717919960397 2781.3 101
1717919970414 2799.0 102
1717919980432 2796.5 103
1717919990457 2801.9 104
1717920000477 2802.9 105
1717920010494 2807.3 106
1717920020519 2796.6 107
1717920030546 2800.7 108
1717920040563 2816.0 109
1717920050577 2808.8 110
1717920060603 2838.3 111
1717920070621 2840.1 112
1717920080645 2829.3 113
1717920090660 2832.5 114
1717920100675 2839.1 115
1717920110693 2841.9 116
1717920120760 2836.1 117
1717920130777 2839.2 118
1717920140834 2838.4 119
1717920150897 2838.4 120
1717920160913 2797.9 121
1717920170983 2798.7 122
1717920181043 2785.6 123
1717920191074 2801.6 124
1717920201146 2791.5 125
1717920211174 2809.9 126
1717920221208 2800.7 127
1717920231274 2786.3 128
1717920241296 2794.0 129
1717920251313 2791.9 130
1717920261368 2793.2 131
1717920271428 2798.3 132
1717920281445 2796.5 133
1717920291463 2803.4 134
1717920301536 2805.7 135
1717920311608 2792.0 136
1717920321628 2801.5 137
1717920331655 2793.9 138
1717920341715 2797.1 139
1717920351732 2799.6 140
1717920361753 2827.3 141
1717920371824 2802.0 142
1717920381841 2814.9 143
1717920391862 2792.2 144
1717920401929 2800.0 145
1717920411947 2805.8 146
1717920422011 2796.2 147
1717920432071 2789.8 148
1717920442141 2796.8 149
1717920452207 2794.9 150
1717920462226 2794.4 151
1717920472298 2802.5 152
1717920482365 2793.9 153
1717920492386 2798.4 154
1717920502407 2788.9 155
1717920512483 2808.9 156
1717920522547 2805.6 157
1717920532624 2790.8 158
1717920542655 2803.9 159
1717920552739 2801.3 160
1717920562812 2797.7 161
1717920572836 2804.0 162
1717920582852 2809.6 163
1717920592914 2804.6 164
1717920602929 2854.0 165
1717920612944 2848.6 166
1717920622962 2847.1 167
1717920632980 2844.9 168
1717920642998 2855.8 169
1717920653022 2852.9 170
1717920663043 2880.9 171
1717920673069 2861.8 172
1717920683087 2867.8 173
1717920693109 2861.3 174
1717920703133 2842.5 175
1717920713153 2845.1 176
1717920723214 2835.8 177
1717920733235 2834.7 178
1717920743264 2837.6 179
1717920753336 2838.1 180
1717920763404 2832.3 181
1717920773428 2831.6 182
1717920783495 2827.6 183
1717920793561 2821.4 184
1717920803635 2830.2 185
1717920813700 2834.9 186
1717920823725 2835.0 187
1717920833790 2818.4 188
1717920843848 2822.7 189
1717920853905 2819.9 190
1717920863924 2812.3 191
1717920873983 2814.9 192
1717920884049 2808.4 193
1717920894121 2813.8 194
1717920904138 2820.5 195
1717920914158 2824.1 196
1717920924220 2818.8 197
1717920934288 2819.1 198
1717920944307 2811.1 199
1717920954325 2831.3 200
1717920964385 2823.4 201
1717920974451 2819.2 202
1717920984521 2826.4 203
1717920994539 2817.5 204
1717921004605 2825.7 205
1717921014673 2831.0 206
1717921024739 2813.2 207
1717921034802 2827.6 208
1717921044821 2812.0 209
1717921054882 2815.2 210
1717921064960 2824.6 211
1717921074981 2808.0 212
1717921085042 2814.2 213
1717921095060 2813.2 214
1717921105086 2810.0 215
1717921115112 2821.5 216
1717921125150 2821.8 217
1717921135237 2822.5 218
1717921145296 2825.0 219
1717921155316 2834.4 220
1717921165347 2838.6 221
1717921175369 2849.6 222
1717921185390 2834.5 223
1717921195414 2838.5 224
1717921205434 2849.9 225
1717921215454 2849.3 226
1717921225473 2853.0 227
1717921235539 2869.1 228
1717921245611 2854.0 229
1717921255691 2828.3 230
1717921265777 2819.5 231
1717921275813 2813.5 232
1717921285894 2818.1 233
1717921295958 2807.8 234
1717921306025 2819.4 235
1717921316048 2805.4 236
1717921326110 2819.2 237
1717921336174 2820.9 238
1717921346248 2813.2 239
1717921356268 2828.0 240
1717921366333 2819.0 241
1717921376401 2813.4 242
1717921386462 2822.6 243
1717921396485 2816.2 244
1717921406504 2815.1 245
1717921416550 2821.5 246
1717921426625 2823.2 247
1717921436704 2822.9 248
1717921446725 2817.5 249
1717921456789 2817.4 250
1717921466856 2815.1 251
1717921476927 2823.7 252
1717921486997 2821.9 253
1717921497046 2818.0 254
1717921507068 2826.3 255
1717921517128 2819.7 256
1717921527149 2816.8 257
1717921537211 2829.4 258
1717921547276 2816.2 259
1717921557349 2821.4 260
1717921567412 2823.0 261
1717921577439 2817.2 262
1717921587523 2813.8 263
1717921597587 2810.4 264
1717921607609 2820.7 265
1717921617686 2817.0 266
1717921627753 2811.8 267
1717921637819 2817.5 268
1717921647899 2808.9 269
1717921657931 2803.6 270
1717921668020 2811.6 271
1717921678105 2806.4 272
1717921688132 2830.4 273
1717921698152 2844.9 274
1717921708178 2829.2 275
1717921718203 2839.6 276
1717921728224 2836.5 277
1717921738260 2843.6 278
1717921748283 2847.9 279
1717921758315 2849.5 280
1717921768335 2851.2 281
1717921778399 2833.3 282
1717921788418 2834.6 283
1717921798489 2839.3 284
1717921808510 2792.9 285
1717921818532 2792.6 286
1717921828616 2795.1 287
1717921838688 2800.0 288
1717921848710 2797.6 289
1717921858742 2798.2 290
1717921868763 2815.0 291
1717921878838 2811.4 292
1717921888869 2802.9 293
1717921898944 2804.1 294
1717921909020 2818.9 295
1717921919084 2803.1 296
1717921929111 2800.8 297
1717921939133 2812.1 298
1717921949208 2802.7 299
1717921959279 2806.4 300
1717921969351 2813.2 301
1717921979372 2808.5 302
1717921989451 2803.8 303
1717921999535 2801.2 304
1717922009605 2809.4 305
1717922019691 2822.8 306
1717922029716 2808.6 307
1717922039788 2810.9 308
1717922049836 2802.0 309
1717922059858 2811.0 310
1717922069928 2806.8 311
1717922080001 2815.3 312
1717922090072 2810.0 313
1717922100141 2804.9 314
1717922110163 2805.6 315
1717922120226 2806.4 316
1717922130282 2805.5 317
1717922140313 2798.5 318
1717922150410 2812.2 319
1717922160492 2836.7 320
1717922170517 2817.4 321
1717922180609 2815.7 322
1717922190633 2818.9 323
1717922200675 2819.3 324
1717922210751 2811.8 325
1717922220833 2809.3 326
1717922230856 2815.4 327
1717922240876 2813.1 328
1717922250902 2837.0 329
1717922260925 2833.3 330
1717922270952 2830.9 331
1717922280980 2834.3 332
1717922291031 2842.5 333
1717922301054 2834.5 334
1717922311103 2868.7 335
1717922321191 2858.6 336
1717922331264 2852.7 337
1717922341297 2853.0 338
1717922351369 2823.9 339
1717922361443 2818.3 340
1717922371527 2827.4 341
1717922381584 2827.5 342
1717922391638 2830.3 343
1717922401742 2827.8 344
1717922411837 2829.1 345
1717922421862 2839.0 346
1717922431941 2828.1 347
1717922442010 2827.5 348
1717922452072 2822.5 349
1717922462102 2835.0 350
1717922472143 2828.6 351
1717922482211 2833.1 352
1717922492235 2824.6 353
1717922502271 2830.2 354
1717922512297 2829.1 355
1717922522382 2831.0 356
1717922532458 2826.0 357
1717922542529 2829.3 358
1717922552598 2835.0 359
1717922562626 2833.0 360
1717922572688 2833.0 361
1717922582757 2832.2 362
1717922592789 2833.2 363
1717922602825 2841.9 364
1717922612852 2849.0 365
1717922622928 2834.4 366
1717922633001 2826.9 367
1717922643027 2817.3 368
1717922653097 2828.5 369
1717922663172 2817.7 370
1717922673241 2823.2 371
1717922683268 2827.1 372
1717922693341 2824.2 373
1717922703373 2829.4 374
1717922713452 2823.6 375
1717922723497 2824.9 376
1717922733530 2828.8 377
1717922743604 2820.8 378
1717922753679 2838.1 379
1717922763706 2846.0 380
1717922773733 2835.7 381
1717922783808 2845.0 382
1717922793879 2820.9 383
1717922803916 2846.5 384
1717922813939 2847.4 385
1717922824274 2854.9 386
1717922834299 2852.2 387
1717922844323 2855.3 388
1717922854347 2847.4 389
1717922864443 2855.4 390
1717922874523 2864.2 391
1717922884607 2849.6 392
1717922894647 2859.9 393
1717922904721 2818.8 394
1717922914804 2829.8 395
1717922924832 2797.4 396
1717922934904 2797.3 397
1717922944990 2800.8 398
1717922955064 2803.6 399
1717922965159 2796.9 400
1717922975193 2810.1 401
1717922985273 2808.1 402
1717922995356 2800.5 403
1717923005403 2801.6 404
1717923015488 2811.2 405
1717923025582 2806.8 406
1717923035666 2811.8 407
1717923045750 2811.7 408
1717923055785 2811.7 409
1717923065853 2814.5 410
1717923075935 2831.7 411
1717923085970 2819.1 412
1717923096005 2800.5 413
1717923106060 2811.3 414
1717923116142 2814.5 415
1717923126225 2803.6 416
1717923136300 2813.3 417
1717923146335 2815.0 418
1717923156423 2821.6 419
1717923166499 2817.1 420
1717923176535 2812.2 421
1717923186564 2819.4 422
1717923196653 2810.1 423
1717923206732 2807.8 424
1717923216808 2823.2 425
1717923226845 2809.0 426
1717923236928 2814.1 427
1717923247016 2810.5 428
1717923257109 2809.3 429
1717923267192 2812.5 430
1717923277235 2810.1 431
1717923287291 2808.9 432
1717923297369 2811.4 433
1717923307393 2808.4 434
1717923317479 2809.1 435
1717923327535 2812.0 436
1717923337563 2815.2 437
1717923347601 2836.8 438
1717923357656 2842.5 439
1717923367690 2836.2 440
1717923377712 2835.2 441
1717923387734 2860.1 442
1717923397771 2846.5 443
1717923407792 2846.5 444
1717923417858 2850.4 445
1717923427881 2859.9 446
1717923437959 2868.2 447
1717923448028 2850.4 448
1717923458121 2822.1 449
1717923468212 2827.8 450
1717923478297 2824.1 451
1717923488376 2817.1 452
1717923498472 2832.2 453
1717923508528 2825.9 454
1717923518561 2842.6 455
1717923528594 2833.1 456
1717923538686 2831.5 457
1717923548772 2832.1 458
1717923558852 2828.9 459
1717923568943 2828.3 460
1717923579027 2820.8 461
1717923589052 2828.0 462
1717923599153 2829.9 463
1717923609232 2825.2 464
1717923619305 2831.0 465
1717923629387 2832.4 466
1717923639414 2826.1 467
1717923649490 2821.6 468
1717923659556 2828.6 469
1717923669642 2841.3 470
1717923679672 2835.0 471
1717923689709 2840.5 472
1717923699810 2822.3 473
1717923709901 2831.1 474
1717923719947 2818.8 475
1717923730018 2816.5 476
1717923740089 2820.0 477
1717923750164 2826.1 478
1717923760194 2824.4 479
1717923770224 2829.4 480
1717923780310 2827.9 481
1717923790386 2837.1 482
1717923800461 2834.0 483
1717923810487 2826.6 484
1717923820575 2838.2 485
1717923830651 2823.4 486
1717923840737 2830.3 487
1717923850813 2829.1 488
1717923860846 2822.9 489
1717923870871 2830.7 490
1717923880959 2834.5 491
1717923891032 2831.4 492
1717923901068 2846.4 493
1717923911097 2840.7 494
1717923921120 2840.2 495
1717923931144 2853.6 496
1717923941171 2850.1 497
1717923951194 2852.7 498
1717923961221 2876.3 499
1717923971263 2855.5 500
1717923981334 2854.6 501
1717923991421 2853.4 502
1717924001496 2808.6 503
1717924011522 2817.6 504
1717924021608 2812.4 505
1717924031686 2813.0 506
1717924041773 2819.8 507
1717924051847 2807.7 508
1717924061903 2803.3 509
1717924071972 2806.5 510
1717924082054 2807.7 511
1717924092082 2807.1 512
1717924102133 2805.5 513
1717924112208 2800.2 514
1717924122281 2821.6 515
1717924132356 2811.7 516
1717924142438 2807.8 517
1717924152511 2818.5 518
1717924162597 2810.4 519
1717924172631 2820.3 520
1717924182712 2812.6 521
1717924192788 2813.9 522
1717924202869 2801.1 523
1717924212952 2810.4 524
1717924222995 2812.0 525
1717924233025 2813.0 526
1717924243102 2806.1 527
1717924253138 2827.0 528
1717924263231 2830.9 529
1717924273318 2822.3 530
1717924283360 2813.2 531
1717924293398 2815.2 532
1717924303434 2834.9 533
1717924313523 2821.8 534
1717924323601 2814.9 535
1717924333680 2816.2 536
1717924343722 2804.1 537
1717924353757 2811.6 538
1717924363789 2812.3 539
1717924373821 2817.0 540
1717924383902 2818.1 541
1717924393935 2812.5 542
1717924403966 2812.3 543
1717924413998 2831.8 544
1717924424091 2816.5 545
1717924435253 2825.8 546
1717924445281 2814.7 547
1717924455312 2823.6 548
1717924465347 2835.9 549
1717924475383 2837.6 550
1717924485413 2841.0 551
1717924495444 2845.1 552
1717924505480 2834.7 553
1717924515573 2846.6 554
1717924525650 2854.6 555
1717924535725 2848.2 556
1717924545827 2865.3 557
1717924555862 2822.5 558
1717924565943 2830.4 559
1717924576022 2832.4 560
1717924586101 2826.1 561
1717924596144 2826.9 562
1717924606181 2825.1 563
1717924616262 2834.5 564
1717924626348 2835.1 565
1717924636385 2831.5 566
1717924646493 2830.9 567
1717924656571 2819.3 568
1717924666646 2816.2 569
1717924676734 2817.8 570
1717924686777 2819.5 571
1717924696875 2827.7 572
1717924706967 2826.4 573
1717924717051 2839.3 574
1717924727102 2821.8 575
1717924737197 2827.1 576
1717924747277 2821.6 577
1717924757364 2827.6 578
1717924767454 2820.3 579
1717924777497 2826.1 580
1717924787597 2825.7 581
1717924797697 2813.9 582
1717924807739 2841.5 583
1717924817775 2819.9 584
1717924827843 2817.6 585
1717924837957 2828.1 586
1717924848046 2819.2 587
1717924858087 2816.7 588
1717924868170 2831.0 589
1717924878250 2820.6 590
1717924888341 2826.0 591
1717924898413 2823.6 592
1717924908449 2832.0 593
1717924918508 2826.6 594
1717924928606 2813.2 595
1717924938651 2811.0 596
1717924948686 2820.1 597
1717924958788 2817.7 598
1717924968889 2818.3 599
1717924978992 2812.6 600
1717924989217 2817.3 601
1717924999242 2840.4 602
1717925009275 2829.3 603
1717925019315 2843.8 604
1717925029346 2851.0 605
1717925039371 2851.7 606
1717925049415 2852.0 607
1717925059462 2842.8 608
1717925069496 2852.8 609
1717925079572 2853.3 610
1717925089608 2861.6 611
1717925099642 2824.8 612
1717925109727 2826.9 613
1717925119812 2829.5 614
1717925129858 2820.1 615
1717925139887 2863.8 616
1717925149918 2825.4 617
1717925159998 2825.0 618
1717925170093 2834.5 619
1717925180173 2832.7 620
1717925190237 2853.8 621
1717925200319 2828.1 622
1717925210400 2827.6 623
1717925220435 2829.0 624
1717925230513 2829.4 625
1717925240610 2833.2 626
1717925250695 2833.2 627
1717925260729 2827.0 628
1717925270759 2834.7 629
1717925280801 2834.5 630
1717925290839 2845.2 631
1717925300873 2896.8 632
1717925310910 2940.0 633
1717925320953 3104.1 634
1717925330983 3046.9 635
1717925341041 3149.7 636
1717925351076 4760.7 637
1717925361116 5848.6 638
1717925371144 6394.1 639
1717925381198 7148.4 640
1717925391241 7409.2 641
1717925401279 7319.7 642
1717925411364 7207.9 643
1717925421407 7079.1 644
1717925431437 6972.2 645
1717925441483 6992.8 646
1717925451514 6831.9 647
1717925461557 6849.3 648
1717925471594 6844.1 649
1717925481639 6858.3 650
1717925491671 6883.7 651
1717925501721 6844.3 652
1717925511755 6826.9 653
1717925521794 6796.5 654
1717925531849 6772.9 655
1717925541882 6872.3 656
1717925551923 6800.4 657
1717925561950 6795.5 658
1717925571989 6776.4 659
1717925582028 6766.2 660
1717925592061 6773.3 661
1717925602092 6791.8 662
1717925612136 6785.0 663
1717925622183 6798.2 664
1717925632227 6785.5 665
1717925642268 6786.8 666
1717925652319 6769.5 667
1717925662352 6742.2 668
1717925672396 6763.8 669
1717925682428 6760.6 670
1717925692462 6729.5 671
1717925702494 6728.7 672
1717925712555 6726.9 673
1717925722601 6767.8 674
1717925732639 6745.3 675
1717925742678 6733.7 676
1717925752715 6742.7 677
1717925762794 6779.6 678
1717925772824 6801.9 679
1717925782863 6810.2 680
1717925792897 6774.2 681
1717925802954 6772.0 682
1717925812998 6759.4 683
1717925823042 6759.2 684
1717925833088 6755.2 685
1717925843123 6803.6 686
1717925853156 6780.2 687
1717925863211 6785.6 688
1717925873296 6756.1 689
1717925883384 6765.6 690
1717925893414 6765.4 691
1717925903506 6772.1 692
1717925913551 6776.1 693
1717925923579 6781.1 694
1717925933665 6766.3 695
1717925943715 6758.1 696
1717925953761 6829.5 697
1717925963852 6818.0 698
1717925973881 6806.4 699
1717925983923 6869.3 700
1717925993960 6791.4 701
1717926003988 6791.6 702
1717926014029 6769.6 703
1717926024109 6789.3 704
1717926034136 6782.1 705
1717926044164 6780.5 706
1717926054261 6771.1 707
1717926064295 6784.6 708
1717926074339 6799.0 709
1717926084429 6820.2 710
1717926094463 6816.1 711
1717926104507 6822.9 712
1717926114548 6918.9 713
1717926124588 6804.0 714
1717926134650 6911.2 715
1717926144691 6867.5 716
1717926154725 6833.3 717
1717926164762 6830.5 718
1717926174857 6810.0 719
1717926184933 6813.5 720
1717926194980 6820.4 721
1717926205074 6843.6 722
1717926215130 6808.5 723
1717926225158 6813.6 724
1717926235249 6801.9 725
1717926245284 6794.0 726
1717926255330 6800.5 727
1717926265378 6847.8 728
1717926275431 6824.0 729
1717926285465 6837.3 730
1717926295521 6807.7 731
1717926305563 6814.9 732
1717926315618 6807.8 733
1717926325665 6806.6 734
1717926335716 6810.5 735
1717926345758 6837.6 736
1717926355853 6792.8 737
1717926365906 6786.7 738
1717926375943 6788.6 739
1717926385989 6825.4 740
1717926396046 6808.4 741
1717926406089 6837.2 742
1717926416154 6805.2 743
1717926426197 6797.3 744
1717926436252 6804.1 745
1717926446287 6796.4 746
1717926456324 6806.2 747
1717926466368 6816.8 748
1717926476464 6797.9 749
1717926486519 6783.0 750
1717926496564 6802.6 751
1717926506614 6814.1 752
1717926516652 6804.1 753
1717926526697 6801.0 754
1717926536747 6794.6 755
1717926546782 6802.8 756
1717926556836 6839.3 757
1717926566886 6859.5 758
1717926576942 6832.1 759
1717926586986 6830.1 760
1717926597103 6810.2 761
1717926607199 6806.0 762
1717926617250 6791.4 763
1717926627298 6816.4 764
1717926637386 6815.2 765
1717926647428 6798.7 766
1717926657473 6797.9 767
1717926667519 6806.0 768
1717926677555 6851.7 769
1717926687596 6825.9 770
1717926697641 6842.6 771
1717926707676 6838.6 772
1717926717718 6809.6 773
1717926727805 6817.7 774
1717926737835 6823.9 775
1717926747885 6837.7 776
1717926757974 6841.7 777
1717926768016 6816.3 778
1717926778051 6786.3 779
1717926788127 6799.5 780
1717926798177 6803.4 781
1717926808224 6815.8 782
1717926818335 6819.4 783
1717926828384 6812.3 784
1717926838427 6790.5 785
1717926848465 6795.1 786
1717926858508 6793.9 787
1717926868542 6834.8 788
1717926878631 6813.5 789
1717926888674 6814.2 790
1717926898720 6805.0 791
1717926909006 6799.3 792
1717926919110 6814.9 793
1717926929152 6824.9 794
1717926939186 6820.7 795
1717926949235 6811.8 796
1717926959279 6794.9 797
1717926969314 6845.7 798
1717926979373 6873.6 799
1717926989409 6853.0 800
1717926999447 6844.3 801
1717927009486 6798.9 802
1717927019531 6806.9 803
1717927029617 6801.3 804
1717927039668 6867.4 805
1717927049704 6855.1 806
1717927059746 6863.3 807
1717927069783 6817.5 808
1717927079825 6815.6 809
1717927089865 6800.8 810
1717927099923 6838.9 811
1717927109956 6828.3 812
1717927119999 6819.4 813
1717927130044 6803.3 814
1717927140084 6800.6 815
1717927150117 6808.7 816
1717927160160 6884.5 817
1717927170209 6861.3 818
1717927180316 6853.4 819
1717927190376 6815.6 820
1717927200415 6826.9 821
1717927210467 6839.1 822
1717927220498 6857.5 823
1717927230533 6848.7 824
1717927240605 6841.9 825
1717927250641 6833.1 826
1717927260701 6840.7 827
1717927270733 6866.1 828
1717927280777 6921.7 829
1717927290807 6889.0 830
1717927300848 6862.8 831
1717927310888 6856.3 832
1717927320919 6817.8 833
1717927330961 6814.9 834
1717927340999 6861.1 835
1717927351029 6836.8 836
1717927361063 6819.8 837
1717927371115 6815.8 838
1717927381177 6813.4 839
1717927391242 6817.3 840
1717927401293 6830.8 841
1717927411334 6833.1 842
1717927421386 6819.3 843
1717927431417 6793.5 844
1717927441447 6797.1 845
1717927451533 6802.2 846
1717927461570 6823.1 847
1717927471605 6834.1 848
1717927481647 6825.4 849
1717927491685 6799.7 850
1717927501733 6811.0 851
1717927511803 6790.9 852
1717927521855 6827.9 853
1717927531907 6837.6 854
1717927541957 6813.9 855
1717927551990 6806.5 856
1717927562021 6820.7 857
1717927572054 6803.1 858
1717927582099 6815.1 859
1717927592132 6826.9 860
1717927602169 6853.2 861
1717927612200 6841.4 862
1717927622245 6801.3 863
1717927632279 6791.3 864
1717927642367 6822.9 865
1717927652410 6834.8 866
1717927662467 6827.2 867
1717927672519 6813.6 868
1717927682556 6816.8 869
1717927692649 6801.8 870
1717927702710 6852.6 871
1717927712748 6948.9 872
1717927722789 6844.5 873
1717927732822 6844.8 874
1717927742920 6896.1 875
1717927753108 6811.5 876
1717927763140 6843.4 877
1717927773211 6876.0 878
1717927783243 6847.9 879
1717927793278 6839.1 880
1717927803310 6847.7 881
1717927813342 6845.8 882
1717927823384 6861.7 883
1717927833417 6854.6 884
1717927843448 6855.3 885
1717927853498 6830.4 886
1717927863535 6848.3 887
1717927873579 6834.5 888
1717927883620 6877.1 889
1717927893658 6854.5 890
1717927903718 6847.2 891
1717927913768 7018.2 892
1717927923806 6970.5 893
1717927933855 7035.1 894
1717927943944 6862.9 895
1717927953981 6853.9 896
1717927964014 6844.6 897
1717927974129 6830.8 898
1717927984166 6843.9 899
1717927994198 6836.5 900
1717928004282 6864.9 901
1717928014323 6866.1 902
1717928024550 6862.2 903
1717928034638 6845.9 904
1717928044677 6844.4 905
1717928054718 6845.1 906
1717928064844 6862.8 907
1717928074883 6876.1 908
1717928084924 6869.4 909
1717928095008 6846.7 910
1717928105046 6848.7 911
1717928115087 6836.8 912
1717928125172 6876.7 913
1717928135219 6873.7 914
1717928145259 6861.5 915
1717928155302 6851.6 916
1717928165346 6866.1 917
1717928175449 6881.9 918
1717928185558 6895.8 919
1717928195611 6880.1 920
1717928205650 6858.6 921
1717928215745 6839.8 922
1717928225802 6842.1 923
1717928235843 6844.7 924
1717928245943 6864.5 925
1717928255984 6860.0 926
1717928266039 6863.7 927
1717928276078 6844.0 928
1717928286127 6833.9 929
1717928296173 6846.5 930
1717928306782 6866.3 931
1717928316820 6875.9 932
1717928326857 6877.1 933
1717928336890 6859.9 934
1717928346923 6859.2 935
1717928356961 6901.4 936
1717928366994 6907.8 937
1717928377028 6910.5 938
1717928387070 6899.8 939
1717928397103 6892.9 940
1717928407155 6893.7 941
1717928417188 6896.4 942
1717928427235 6856.7 943
1717928437337 6876.2 944
1717928447408 6852.7 945
1717928457442 6933.1 946
1717928467487 7009.8 947
1717928477529 7062.4 948
1717928487569 6913.9 949
1717928497662 6910.1 950
1717928507729 6895.8 951
1717928517769 6886.5 952
1717928527812 6952.6 953
1717928537844 6951.6 954
1717928547877 6937.1 955
1717928557929 6939.1 956
1717928567967 6942.6 957
1717928578008 6932.2 958
1717928588049 6990.8 959
1717928598091 7129.1 960
1717928608129 7286.0 961
1717928618179 7365.0 962
1717928628225 7041.1 963
1717928638258 7025.1 964
1717928648354 7024.5 965
1717928658405 7021.2 966
1717928668463 7049.3 967
1717928678558 7047.5 968
1717928688608 7039.2 969
1717928698648 7485.4 970
1717928708691 7514.3 971
1717928718732 7477.2 972
1717928728766 7658.0 973
1717928738857 7663.0 974
1717928748897 7664.0 975
1717928758930 7401.1 976
1717928769038 7358.8 977
1717928779077 7393.8 978
1717928789117 7283.7 979
1717928799157 7250.3 980
1717928809257 7328.8 981
1717928819294 7458.9 982
1717928829331 7396.5 983
1717928839364 7418.9 984
1717928849414 7371.4 985
1717928859464 7361.8 986
1717928869502 7368.7 987
1717928879536 7285.3 988
1717928889587 7395.6 989
1717928899628 7535.4 990
1717928909664 8361.0 991
1717928919699 8362.4 992
1717928929744 8341.7 993
1717928939784 7812.7 994
1717928949824 7914.0 995
1717928959858 8779.5 996
1717928969905 8816.0 997
1717928979993 9500.1 998
1717928990040 7651.7 999
1717929000124 8025.5 1000
1717929010159 8261.0 1001
1717929020205 8414.0 1002
1717929030256 8387.3 1003
1717929040295 8755.5 1004
1717929050356 8673.0 1005
1717929060652 8715.6 1006
1717929070719 8858.3 1007
1717929080761 8918.0 1008
1717929090802 8919.6 1009
1717929100842 8829.6 1010
1717929110900 8926.0 1011
1717929120942 9008.6 1012
1717929130985 9117.0 1013
1717929141029 9007.9 1014
1717929151087 9002.6 1015
1717929161131 8920.6 1016
1717929171173 8902.0 1017
1717929181273 8906.4 1018
1717929191318 8907.0 1019
1717929201358 9024.2 1020
1717929211429 9019.3 1021
1717929221480 9232.3 1022
1717929231523 9663.7 1023
1717929241569 9659.4 1024
1717929251608 9640.6 1025
1717929261660 9693.2 1026
1717929271714 9693.1 1027
1717929281753 9763.8 1028
1717929291805 9746.6 1029
1717929301846 9784.3 1030
1717929311881 9709.8 1031
1717929321924 9748.9 1032
1717929331972 9756.0 1033
1717929342090 9732.1 1034
1717929352130 9735.6 1035
1717929362175 9782.6 1036
1717929372214 9782.6 1037
1717929382324 9847.1 1038
1717929392368 9761.0 1039
1717929402421 9733.8 1040
1717929412527 9768.8 1041
1717929422575 9767.9 1042
1717929432613 9768.6 1043
1717929442706 9787.4 1044
1717929452779 9806.9 1045
1717929462840 9769.7 1046
1717929472897 9766.0 1047
1717929482948 9712.8 1048
