1718444170217 0.02 10
1718444192093 0.03 20
1718444213599 0.05 30
1718444235480 0.06 40
1718444256609 0.08 50
1718444278600 0.1 60
1718444300305 0.11 70
1718444321353 0.13 80
1718444342437 0.14 90
1718444363134 0.16 100
1718444384254 0.18 110
1718444405200 0.19 120
1718444426211 0.21 130
1718444447187 0.22 140
1718444467800 0.24 150
1718444489017 0.26 160
1718444510105 0.27 170
1718444531189 0.29 180
1718444552137 0.3 190
1718444572978 0.32 200
1718444594193 0.34 210
1718444615324 0.35 220
1718444636321 0.37 230
1718444657326 0.38 240
1718444678172 0.4 250
1718444699293 0.42 260
1718444720437 0.43 270
1718444741481 0.45 280
1718444762369 0.46 290
1718444783277 0.48 300
1718444886094 0.48 300
1718444919261 0.5 310
1718444940936 0.51 320
1718444962508 0.53 330
1718444983888 0.54 340
1718445005140 0.56 350
1718445027067 0.58 360
1718445048668 0.59 370
1718445070118 0.61 380
1718445091096 0.62 390
1718445112131 0.64 400
1718445133592 0.66 410
1718445154726 0.67 420
1718445176064 0.69 430
1718445197209 0.7 440
1718445218408 0.72 450
1718445240086 0.74 460
1718445261350 0.75 470
1718445282730 0.77 480
1718445304097 0.78 490
1718445324912 0.8 500
1718445346412 0.82 510
1718445367975 0.83 520
1718445389332 0.85 530
1718445410662 0.86 540
1718445431952 0.88 550
1718445453787 0.9 560
1718445475393 0.91 570
1718445496876 0.93 580
1718445518349 0.94 590
1718445538993 0.96 600
1718445638473 0.96 600
1718445670758 0.98 610
1718445691626 0.99 620
1718445702311 1.0 625
