1718444170217 16.34223175048828 10
1718444192093 10.36449146270752 20
1718444213599 17.517431259155273 30
1718444235480 15.195073127746582 40
1718444256609 2.652108669281006 50
1718444278600 5.389279842376709 60
1718444300305 0.7419712543487549 70
1718444321353 209.9236602783203 80
1718444342437 1.763975739479065 90
1718444363134 68.40029907226562 100
1718444384254 5.00167179107666 110
1718444405200 2.106229066848755 120
1718444426211 39.66299819946289 130
1718444447187 1.7241002321243286 140
1718444467800 1.2112842798233032 150
1718444489017 2.070647954940796 160
1718444510105 3.5310399532318115 170
1718444531189 20.291873931884766 180
1718444552137 93.95909118652344 190
1718444572978 5.335134983062744 200
1718444594193 11.1368408203125 210
1718444615324 91.85095977783203 220
1718444636321 71.82209014892578 230
1718444657326 10.327323913574219 240
1718444678172 3.428536891937256 250
1718444699293 1.1205248832702637 260
1718444720437 0.8994830250740051 270
1718444741481 0.8181448578834534 280
1718444762369 4.183899879455566 290
1718444783277 0.9271194934844971 300
1718444919261 2.363006353378296 310
1718444940936 0.7916208505630493 320
1718444962508 2.5252914428710938 330
1718444983888 2.1863865852355957 340
1718445005140 1.3769736289978027 350
1718445027067 0.7555960416793823 360
1718445048668 0.3891235589981079 370
1718445070118 0.9093078970909119 380
1718445091096 50.28311538696289 390
1718445112131 1.2072019577026367 400
1718445133592 1.3823115825653076 410
1718445154726 0.5928879976272583 420
1718445176064 0.20568735897541046 430
1718445197209 0.44103384017944336 440
1718445218408 1.7137311697006226 450
1718445240086 1.772969126701355 460
1718445261350 6.81833553314209 470
1718445282730 1.736272931098938 480
1718445304097 1.6136609315872192 490
1718445324912 0.7412828803062439 500
1718445346412 1.6706937551498413 510
1718445367975 0.9894337058067322 520
1718445389332 1.4807811975479126 530
1718445410662 1.344936728477478 540
1718445431952 0.16435173153877258 550
1718445453787 0.7295975685119629 560
1718445475393 1.4302175045013428 570
1718445496876 0.5971532464027405 580
1718445518349 1.033803105354309 590
1718445538993 0.624213457107544 600
1718445670758 0.643983781337738 610
1718445691626 0.3845131993293762 620
