1718444170217 7.368421052631579e-05 10
1718444192093 0.00017894736842105264 20
1718444213599 0.00019991401113338104 30
1718444235480 0.0001995649347969019 40
1718444256609 0.00019894833390973266 50
1718444278600 0.0001980658652386421 60
1718444300305 0.00019691989991996663 70
1718444321353 0.000195815455670239 80
1718444342437 0.0001942034263469989 90
1718444363134 0.00019233827850007027 100
1718444384254 0.00019022502366128135 110
1718444405200 0.00018786934000992688 120
1718444426211 0.00018527755711586678 130
1718444447187 0.00018245663893238075 140
1718444467800 0.00017941416508447536 150
1718444489017 0.0001761583105029213 160
1718444510105 0.00017269782345874203 170
1718444531189 0.0001690420020571747 180
1718444552137 0.000165592860169994 190
1718444572978 0.00016159337827528685 200
1718444594193 0.00015742839895036305 210
1718444615324 0.00015310911322572753 220
1718444636321 0.00014864712674321734 230
1718444657326 0.0001440544285723915 240
1718444678172 0.00013934335899667527 250
1718444699293 0.0001345265763558152 260
1718444720437 0.00012961702303373795 270
1718444741481 0.00012462789068320017 280
1718444762369 0.00011957258478066931 290
1718444783277 0.00011446468860667421 300
1718444919261 0.00010931792674840718 310
1718444940936 0.00010414612822264455 320
1718444962508 9.896318931807155e-05 330
1718444983888 9.378303625685195e-05 340
1718445005140 8.861958777576827e-05 350
1718445027067 8.348671772747487e-05 360
1718445048668 7.839821780235168e-05 370
1718445070118 7.336776047112276e-05 380
1718445091096 6.84088622478104e-05 390
1718445112131 6.35348473717345e-05 400
1718445133592 5.875881200614207e-05 410
1718445154726 5.4093589049662175e-05 420
1718445176064 4.955171365513603e-05 430
1718445197209 4.514538954847064e-05 440
1718445218408 4.088645623801534e-05 450
1718445240086 3.678635720256737e-05 460
1718445261350 3.285610914348332e-05 470
1718445282730 2.9106272383513835e-05 480
1718445304097 2.5546922491898495e-05 490
1718445324912 2.2187623211961562e-05 500
1718445346412 1.903740076395151e-05 510
1718445367975 1.6104719592169902e-05 520
1718445389332 1.339745962155613e-05 530
1718445410662 1.0922895084838037e-05 540
1718445431952 8.687674977138116e-06 550
1718445453787 6.6978051905530855e-06 560
1718445475393 4.95863237670956e-06 570
1718445496876 3.4748295806564356e-06 580
1718445518349 2.250383684694579e-06 590
1718445538993 1.2885846958814673e-06 600
1718445670758 5.920169059947411e-07 610
1718445691626 1.6255194770704586e-07 620
