1718444170217 8.0769 10
1718444192093 0.353 20
1718444213599 0.441 30
1718444235480 0.3558 40
1718444256609 0.3642 50
1718444278600 0.3997 60
1718444300305 0.3834 70
1718444321353 1.0304 80
1718444342437 0.5955 90
1718444363134 0.7498 100
1718444384254 0.8813 110
1718444405200 0.282 120
1718444426211 0.2321 130
1718444447187 0.289 140
1718444467800 0.1409 150
1718444489017 0.1438 160
1718444510105 0.2231 170
1718444531189 4.7873 180
1718444552137 2.7247 190
1718444572978 1.5411 200
1718444594193 0.557 210
1718444615324 0.3665 220
1718444636321 0.3202 230
1718444657326 0.2087 240
1718444678172 0.2755 250
1718444699293 0.1296 260
1718444720437 0.127 270
1718444741481 0.1461 280
1718444762369 0.1287 290
1718444783277 0.1254 300
1718444919261 0.1372 310
1718444940936 0.1428 320
1718444962508 0.1391 330
1718444983888 0.1396 340
1718445005140 0.1337 350
1718445027067 0.1332 360
1718445048668 0.1163 370
1718445070118 0.12 380
1718445091096 0.1242 390
1718445112131 0.152 400
1718445133592 0.1144 410
1718445154726 0.1276 420
1718445176064 0.1209 430
1718445197209 0.1124 440
1718445218408 0.1093 450
1718445240086 0.1063 460
1718445261350 0.1154 470
1718445282730 0.1241 480
1718445304097 0.1173 490
1718445324912 0.1103 500
1718445346412 0.1201 510
1718445367975 0.1184 520
1718445389332 0.1176 530
1718445410662 0.1163 540
1718445431952 0.1138 550
1718445453787 0.1159 560
1718445475393 0.1066 570
1718445496876 0.1 580
1718445518349 0.1126 590
1718445538993 0.109 600
1718445670758 0.1091 610
1718445691626 0.1086 620
