1718218958486 0.02 10
1718218971401 0.03 20
1718218984458 0.05 30
1718218997391 0.06 40
1718219010028 0.08 50
1718219023304 0.1 60
1718219036560 0.11 70
1718219049485 0.13 80
1718219062323 0.14 90
1718219075112 0.16 100
1718219088321 0.18 110
1718219101537 0.19 120
1718219114602 0.21 130
1718219127471 0.22 140
1718219140185 0.24 150
1718219153185 0.26 160
1718219165576 0.27 170
1718219177894 0.29 180
1718219190130 0.3 190
1718219202307 0.32 200
1718219214822 0.34 210
1718219227091 0.35 220
1718219239409 0.37 230
1718219251583 0.38 240
1718219263657 0.4 250
1718219276050 0.42 260
1718219288308 0.43 270
1718219300651 0.45 280
1718219312803 0.46 290
1718219324939 0.48 300
1718219384131 0.48 300
1718219400630 0.5 310
1718219413332 0.51 320
1718219425900 0.53 330
1718219438240 0.54 340
1718219450482 0.56 350
1718219463155 0.58 360
1718219475511 0.59 370
1718219487787 0.61 380
1718219499998 0.62 390
1718219512110 0.64 400
1718219524548 0.66 410
1718219536774 0.67 420
1718219548941 0.69 430
1718219561035 0.7 440
1718219572974 0.72 450
1718219585337 0.74 460
1718219597988 0.75 470
1718219610427 0.77 480
1718219622778 0.78 490
1718219634727 0.8 500
1718219647128 0.82 510
1718219659477 0.83 520
1718219671802 0.85 530
1718219684059 0.86 540
1718219696123 0.88 550
1718219708563 0.9 560
1718219720956 0.91 570
1718219733188 0.93 580
1718219745295 0.94 590
1718219757443 0.96 600
1718219816374 0.96 600
1718219831455 0.98 610
1718219843734 0.99 620
1718219850022 1.0 625
