1718218958486 1.8920702934265137 10
1718218971401 1.0635836124420166 20
1718218984458 3.356675386428833 30
1718218997391 0.6560453772544861 40
1718219010028 0.46892133355140686 50
1718219023304 2.9051947593688965 60
1718219036560 0.41301748156547546 70
1718219049485 0.7640947699546814 80
1718219062323 1.1874366998672485 90
1718219075112 0.12070298939943314 100
1718219088321 0.9523377418518066 110
1718219101537 0.25016239285469055 120
1718219114602 0.9501223564147949 130
1718219127471 0.7642364501953125 140
1718219140185 0.808139979839325 150
1718219153185 0.4369669556617737 160
1718219165576 0.906644880771637 170
1718219177894 0.6608579754829407 180
1718219190130 1.0576149225234985 190
1718219202307 0.18480750918388367 200
1718219214822 0.3180934190750122 210
1718219227091 1.6602061986923218 220
1718219239409 0.13013799488544464 230
1718219251583 1.5985887050628662 240
1718219263657 0.22974500060081482 250
1718219276050 0.5389671921730042 260
1718219288308 0.6306588053703308 270
1718219300651 0.2857603132724762 280
1718219312803 0.14602234959602356 290
1718219324939 0.24893610179424286 300
1718219400630 0.6679120063781738 310
1718219413332 0.5546424984931946 320
1718219425900 0.7964765429496765 330
1718219438240 0.3871137797832489 340
1718219450482 0.5993103981018066 350
1718219463155 0.4263772964477539 360
1718219475511 0.10565927624702454 370
1718219487787 0.5331371426582336 380
1718219499998 0.362450510263443 390
1718219512110 0.20128092169761658 400
1718219524548 1.5984807014465332 410
1718219536774 0.4417503774166107 420
1718219548941 0.10732036828994751 430
1718219561035 0.5658648014068604 440
1718219572974 0.43723034858703613 450
1718219585337 0.09155616164207458 460
1718219597988 0.5333707332611084 470
1718219610427 0.44336891174316406 480
1718219622778 0.513170063495636 490
1718219634727 0.439028799533844 500
1718219647128 0.2700778841972351 510
1718219659477 0.27779659628868103 520
1718219671802 0.41620758175849915 530
1718219684059 0.3474636971950531 540
1718219696123 0.10899744182825089 550
1718219708563 0.38060837984085083 560
1718219720956 0.19326020777225494 570
1718219733188 0.1822194755077362 580
1718219745295 0.512196958065033 590
1718219757443 0.17164267599582672 600
1718219831455 0.29037678241729736 610
1718219843734 0.32711705565452576 620
