1718218958486 9.473684210526316e-05 10
1718218971401 0.0002 20
1718218984458 0.00019986565322860115 30
1718218997391 0.00019946297389550433 40
1718219010028 0.0001987930439740757 50
1718219023304 0.00019785766352275542 60
1718219036560 0.00019665934584841682 70
1718219049485 0.00019520131075327298 80
1718219062323 0.00019348747588347637 90
1718219075112 0.0001915224462026563 100
1718219088321 0.00018931150161867916 110
1718219101537 0.00018686058279687698 120
1718219114602 0.00018417627519786315 130
1718219127471 0.00018126579138282503 140
1718219140185 0.0001781369516338378 150
1718219153185 0.00017479816294127152 160
1718219165576 0.00017125839641475072 170
1718219177894 0.00016752716317836229 180
1718219190130 0.00016361448881487914 190
1718219202307 0.0001595308864276666 200
1718219214822 0.00015528732839265272 210
1718219227091 0.00015089521687626243 220
1718219239409 0.00014636635319853275 230
1718219251583 0.0001417129061237278 240
1718219263657 0.00013694737916365517 250
1718219276050 0.00013208257698153677 260
1718219288308 0.0001271315709867059 270
1718219300651 0.0001221076642125742 280
1718219312803 0.00011702435557223987 290
1718219324939 0.00011189530358778005 300
1718219400630 0.00010673428969068364 310
1718219413332 0.0001015551811920351 320
1718219425900 9.637189402194476e-05 330
1718219438240 9.119835533834331e-05 340
1718219450482 8.604846610560771e-05 350
1718219463155 8.093606374356759e-05 360
1718219475511 7.587488494725157e-05 370
1718219487787 7.087852877727481e-05 380
1718219499998 6.59604201200412e-05 390
1718219512110 6.113377361594049e-05 400
1718219524548 5.6411558152462894e-05 410
1718219536774 5.180646201763577e-05 420
1718219548941 4.733085880741301e-05 430
1718219561035 4.2996774178621736e-05 440
1718219572974 3.8815853536798904e-05 450
1718219585337 3.479933074573858e-05 460
1718219597988 3.0957997942825336e-05 470
1718219610427 2.7302176541257986e-05 480
1718219622778 2.3841689497078746e-05 490
1718219634727 2.058583491552465e-05 500
1718219647128 1.754336106761927e-05 510
1718219659477 1.4722442884133214e-05 520
1718219671802 1.2130659990073146e-05 530
1718219684059 9.774976338718677e-06 540
1718219696123 7.661721499929753e-06 550
1718219708563 5.7965736530010916e-06 560
1718219720956 4.184544329761009e-06 570
1718219733188 2.8299649489090475e-06 580
1718219745295 1.7364751777736332e-06 590
1718219757443 9.070131527609604e-07 600
1718219831455 3.4380758477219333e-07 610
1718219843734 4.837177080119215e-08 620
