1718218958486 1.6275 10
1718218971401 0.2213 20
1718218984458 0.1588 30
1718218997391 0.2466 40
1718219010028 0.2137 50
1718219023304 0.3848 60
1718219036560 0.1661 70
1718219049485 0.2353 80
1718219062323 0.1953 90
1718219075112 0.13 100
1718219088321 0.1198 110
1718219101537 0.2595 120
1718219114602 0.244 130
1718219127471 0.1978 140
1718219140185 0.1429 150
1718219153185 0.1217 160
1718219165576 0.2069 170
1718219177894 0.1448 180
1718219190130 0.1762 190
1718219202307 0.146 200
1718219214822 0.1291 210
1718219227091 0.1407 220
1718219239409 0.1264 230
1718219251583 0.1171 240
1718219263657 0.183 250
1718219276050 0.1357 260
1718219288308 0.1307 270
1718219300651 0.1219 280
1718219312803 0.1046 290
1718219324939 0.1142 300
1718219400630 0.124 310
1718219413332 0.1156 320
1718219425900 0.1367 330
1718219438240 0.0991 340
1718219450482 0.1427 350
1718219463155 0.1285 360
1718219475511 0.1115 370
1718219487787 0.1268 380
1718219499998 0.1526 390
1718219512110 0.105 400
1718219524548 0.1685 410
1718219536774 0.1319 420
1718219548941 0.1053 430
1718219561035 0.0794 440
1718219572974 0.1067 450
1718219585337 0.0772 460
1718219597988 0.0819 470
1718219610427 0.1688 480
1718219622778 0.1104 490
1718219634727 0.0951 500
1718219647128 0.1156 510
1718219659477 0.1162 520
1718219671802 0.1119 530
1718219684059 0.1092 540
1718219696123 0.1104 550
1718219708563 0.1337 560
1718219720956 0.0994 570
1718219733188 0.0814 580
1718219745295 0.0868 590
1718219757443 0.0907 600
1718219831455 0.1066 610
1718219843734 0.0893 620
