1717913402986 0.02 100
1717913419897 0.04 200
1717913436839 0.05 300
1717913453818 0.07 400
1717913470797 0.09 500
1717913487786 0.11 600
1717913504776 0.12 700
1717913521775 0.14 800
1717913538757 0.16 900
1717913555729 0.18 1000
1717913567594 0.18 1000
1717913584599 0.19 1100
1717913601598 0.21 1200
1717913618596 0.23 1300
1717913635598 0.25 1400
1717913652603 0.26 1500
1717913669597 0.28 1600
1717913686594 0.3 1700
1717913703591 0.32 1800
1717913720587 0.33 1900
1717913737589 0.35 2000
1717913749471 0.35 2000
1717913766476 0.37 2100
1717913783484 0.39 2200
1717913800484 0.4 2300
1717913817493 0.42 2400
1717913834490 0.44 2500
1717913851497 0.46 2600
1717913868498 0.47 2700
1717913885486 0.49 2800
1717913902485 0.51 2900
1717913919487 0.53 3000
1717913931376 0.53 3000
1717913950305 0.54 3100
1717913967312 0.56 3200
1717913984315 0.58 3300
1717914001326 0.6 3400
1717914018333 0.61 3500
1717914035336 0.63 3600
1717914052348 0.65 3700
1717914069350 0.67 3800
1717914086361 0.68 3900
1717914103358 0.7 4000
1717914115221 0.7 4000
1717914132227 0.72 4100
1717914149210 0.74 4200
1717914166208 0.75 4300
1717914183213 0.77 4400
1717914200226 0.79 4500
1717914217235 0.81 4600
1717914234246 0.82 4700
1717914251259 0.84 4800
1717914268274 0.86 4900
1717914285296 0.88 5000
1717914297194 0.88 5000
1717914314203 0.89 5100
1717914331212 0.91 5200
1717914348227 0.93 5300
1717914365236 0.95 5400
1717914382243 0.96 5500
1717914399242 0.98 5600
1717914416237 1.0 5700
1717914435774 1.02 5800
1717914452774 1.03 5900
1717914469784 1.05 6000
1717914481645 1.05 6000
1717914500627 1.07 6100
1717914517649 1.09 6200
1717914534681 1.1 6300
1717914551703 1.12 6400
1717914568710 1.14 6500
1717914585719 1.16 6600
1717914602728 1.18 6700
1717914619746 1.19 6800
1717914636767 1.21 6900
1717914653781 1.23 7000
1717914665648 1.23 7000
1717914682682 1.25 7100
1717914699705 1.26 7200
1717914716712 1.28 7300
1717914733750 1.3 7400
1717914750760 1.32 7500
1717914767792 1.33 7600
1717914784817 1.35 7700
1717914801836 1.37 7800
1717914818849 1.39 7900
1717914835865 1.4 8000
1717914847738 1.4 8000
1717914864759 1.42 8100
1717914881784 1.44 8200
1717914898802 1.46 8300
1717914915807 1.47 8400
1717914932841 1.49 8500
1717914949862 1.51 8600
1717914966874 1.53 8700
1717914983907 1.54 8800
1717915000959 1.56 8900
1717915017988 1.58 9000
1717915029842 1.58 9000
1717915048772 1.6 9100
1717915065818 1.61 9200
1717915082858 1.63 9300
1717915099928 1.65 9400
1717915116945 1.67 9500
1717915133957 1.68 9600
1717915150962 1.7 9700
1717915167971 1.72 9800
1717915184991 1.74 9900
1717915202005 1.75 10000
1717915213832 1.75 10000
1717915230868 1.77 10100
1717915247922 1.79 10200
1717915264972 1.81 10300
1717915282000 1.82 10400
1717915299025 1.84 10500
1717915316037 1.86 10600
1717915333042 1.88 10700
1717915350088 1.89 10800
1717915367123 1.91 10900
1717915384157 1.93 11000
1717915396067 1.93 11000
1717915413125 1.95 11100
1717915430153 1.96 11200
1717915447179 1.98 11300
1717915464206 2.0 11400
1717915481236 2.02 11500
1717915498272 2.03 11600
1717915515310 2.05 11700
1717915532335 2.07 11800
1717915549370 2.09 11900
1717915566389 2.1 12000
1717915578244 2.1 12000
1717915597257 2.12 12100
1717915614309 2.14 12200
1717915631357 2.16 12300
1717915648405 2.17 12400
1717915665443 2.19 12500
1717915682469 2.21 12600
1717915699505 2.23 12700
1717915716548 2.24 12800
1717915733582 2.26 12900
1717915750611 2.28 13000
1717915762512 2.28 13000
1717915779558 2.3 13100
1717915796585 2.31 13200
1717915813609 2.33 13300
1717915830611 2.35 13400
1717915847622 2.37 13500
1717915864652 2.39 13600
1717915881672 2.4 13700
1717915898679 2.42 13800
1717915915701 2.44 13900
1717915932744 2.46 14000
1717915944597 2.46 14000
1717915961625 2.47 14100
1717915978652 2.49 14200
1717915995685 2.51 14300
1717916012706 2.53 14400
1717916029717 2.54 14500
1717916046722 2.56 14600
1717916063733 2.58 14700
1717916080771 2.6 14800
1717916097812 2.61 14900
1717916114855 2.63 15000
1717916126745 2.63 15000
1717916145743 2.65 15100
1717916162806 2.67 15200
1717916179857 2.68 15300
1717916196903 2.7 15400
1717916213932 2.72 15500
1717916230954 2.74 15600
1717916247997 2.75 15700
1717916265034 2.77 15800
1717916282060 2.79 15900
1717916299108 2.81 16000
1717916310966 2.81 16000
1717916328008 2.82 16100
1717916345068 2.84 16200
1717916362083 2.86 16300
1717916379097 2.88 16400
1717916396139 2.89 16500
1717916413175 2.91 16600
1717916430181 2.93 16700
1717916447222 2.95 16800
1717916464265 2.96 16900
1717916481308 2.98 17000
1717916493194 2.98 17000
1717916510233 3.0 17100
1717916527225 3.02 17200
1717916544252 3.03 17300
1717916561283 3.05 17400
1717916578316 3.07 17500
1717916595370 3.09 17600
1717916612409 3.1 17700
1717916629443 3.12 17800
1717916646471 3.14 17900
1717916663496 3.16 18000
1717916675351 3.16 18000
1717916694290 3.17 18100
1717916711340 3.19 18200
1717916728388 3.21 18300
1717916745440 3.23 18400
1717916762468 3.24 18500
1717916779500 3.26 18600
1717916796526 3.28 18700
1717916813560 3.3 18800
1717916830597 3.31 18900
1717916847639 3.33 19000
1717916859528 3.33 19000
1717916876561 3.35 19100
1717916893603 3.37 19200
1717916910642 3.38 19300
1717916927676 3.4 19400
1717916944714 3.42 19500
1717916961746 3.44 19600
1717916978745 3.45 19700
1717916995739 3.47 19800
1717917012744 3.49 19900
1717917029782 3.51 20000
1717917041679 3.51 20000
1717917058743 3.53 20100
1717917075764 3.54 20200
1717917092771 3.56 20300
1717917109790 3.58 20400
1717917126822 3.6 20500
1717917143873 3.61 20600
1717917160911 3.63 20700
1717917177961 3.65 20800
1717917194979 3.67 20900
1717917212003 3.68 21000
1717917223871 3.68 21000
1717917242824 3.7 21100
1717917259882 3.72 21200
1717917276933 3.74 21300
1717917293993 3.75 21400
1717917311047 3.77 21500
1717917328094 3.79 21600
1717917345132 3.81 21700
1717917362154 3.82 21800
1717917379196 3.84 21900
1717917396237 3.86 22000
1717917408120 3.86 22000
1717917425174 3.88 22100
1717917442227 3.89 22200
1717917459286 3.91 22300
1717917476308 3.93 22400
1717917493332 3.95 22500
1717917510369 3.96 22600
1717917527387 3.98 22700
1717917544397 4.0 22800
1717917561404 4.02 22900
1717917578411 4.03 23000
1717917590254 4.03 23000
1717917607286 4.05 23100
1717917624333 4.07 23200
1717917641357 4.09 23300
1717917658360 4.1 23400
1717917675381 4.12 23500
1717917692397 4.14 23600
1717917709423 4.16 23700
1717917726435 4.17 23800
1717917743441 4.19 23900
1717917760452 4.21 24000
1717917772278 4.21 24000
1717917791191 4.23 24100
1717917808261 4.24 24200
1717917825307 4.26 24300
1717917842359 4.28 24400
1717917859387 4.3 24500
1717917876430 4.31 24600
1717917893459 4.33 24700
1717917910491 4.35 24800
1717917927509 4.37 24900
1717917944530 4.38 25000
1717917956369 4.38 25000
1717917973382 4.4 25100
1717917990420 4.42 25200
1717918007461 4.44 25300
1717918024501 4.45 25400
1717918041530 4.47 25500
1717918058575 4.49 25600
1717918075606 4.51 25700
1717918092647 4.52 25800
1717918109682 4.54 25900
1717918126727 4.56 26000
1717918138633 4.56 26000
1717918155689 4.58 26100
1717918172738 4.59 26200
1717918189788 4.61 26300
1717918206838 4.63 26400
1717918223835 4.65 26500
1717918240853 4.67 26600
1717918257859 4.68 26700
1717918274845 4.7 26800
1717918291855 4.72 26900
1717918308867 4.74 27000
1717918320763 4.74 27000
1717918339688 4.75 27100
1717918356737 4.77 27200
1717918373804 4.79 27300
1717918390855 4.81 27400
1717918407880 4.82 27500
1717918424881 4.84 27600
1717918441891 4.86 27700
1717918458915 4.88 27800
1717918475952 4.89 27900
1717918492993 4.91 28000
1717918504882 4.91 28000
1717918521915 4.93 28100
1717918538945 4.95 28200
1717918555971 4.96 28300
1717918572992 4.98 28400
1717918590030 5.0 28500
1717918592302 5.0 28510
