1717913402986 5.679800033569336 100
1717913419897 3.6299500465393066 200
1717913436839 4.732161521911621 300
1717913453818 6.4336161613464355 400
1717913470797 12.9221773147583 500
1717913487786 12.433679580688477 600
1717913504776 9.692585945129395 700
1717913521775 16.014177322387695 800
1717913538757 11.423711776733398 900
1717913555729 9.943816184997559 1000
1717913584599 29.175539016723633 1100
1717913601598 11.760522842407227 1200
1717913618596 10.615056037902832 1300
1717913635598 16.822893142700195 1400
1717913652603 6.24029016494751 1500
1717913669597 15.702330589294434 1600
1717913686594 6.720651149749756 1700
1717913703591 8.930000305175781 1800
1717913720587 15.137133598327637 1900
1717913737589 6.5872602462768555 2000
1717913766476 6.214146614074707 2100
1717913783484 7.304022789001465 2200
1717913800484 11.769914627075195 2300
1717913817493 17.803394317626953 2400
1717913834490 7.501631259918213 2500
1717913851497 12.599994659423828 2600
1717913868498 9.200592041015625 2700
1717913885486 8.451897621154785 2800
1717913902485 10.362227439880371 2900
1717913919487 6.860990524291992 3000
1717913950305 4.91800594329834 3100
1717913967312 16.039052963256836 3200
1717913984315 6.594910621643066 3300
1717914001326 14.347688674926758 3400
1717914018333 7.9086198806762695 3500
1717914035336 11.367207527160645 3600
1717914052348 14.641942977905273 3700
1717914069350 15.61851692199707 3800
1717914086361 6.685179710388184 3900
1717914103358 7.128955841064453 4000
1717914132227 13.505045890808105 4100
1717914149210 7.46774435043335 4200
1717914166208 13.039973258972168 4300
1717914183213 8.170073509216309 4400
1717914200226 10.702234268188477 4500
1717914217235 10.548905372619629 4600
1717914234246 10.654072761535645 4700
1717914251259 21.33156967163086 4800
1717914268274 5.575790882110596 4900
1717914285296 18.431177139282227 5000
1717914314203 8.641203880310059 5100
1717914331212 6.482229232788086 5200
1717914348227 14.049790382385254 5300
1717914365236 14.058084487915039 5400
1717914382243 6.2617363929748535 5500
1717914399242 13.248130798339844 5600
1717914416237 7.650914192199707 5700
1717914435774 10.505910873413086 5800
1717914452774 6.411021709442139 5900
1717914469784 15.854640007019043 6000
1717914500627 6.3612847328186035 6100
1717914517649 6.723275184631348 6200
1717914534681 6.3673553466796875 6300
1717914551703 8.655882835388184 6400
1717914568710 11.801396369934082 6500
1717914585719 9.303595542907715 6600
1717914602728 7.317163944244385 6700
1717914619746 16.49178123474121 6800
1717914636767 17.116853713989258 6900
1717914653781 7.291069507598877 7000
1717914682682 7.533811569213867 7100
1717914699705 11.814058303833008 7200
1717914716712 10.311442375183105 7300
1717914733750 6.248210906982422 7400
1717914750760 13.019529342651367 7500
1717914767792 11.207381248474121 7600
1717914784817 5.399084568023682 7700
1717914801836 9.014755249023438 7800
1717914818849 11.201139450073242 7900
1717914835865 8.411667823791504 8000
1717914864759 7.715893268585205 8100
1717914881784 8.442364692687988 8200
1717914898802 23.71613121032715 8300
1717914915807 10.840883255004883 8400
1717914932841 16.531070709228516 8500
1717914949862 13.019857406616211 8600
1717914966874 5.3384809494018555 8700
1717914983907 11.740171432495117 8800
1717915000959 7.262823581695557 8900
1717915017988 7.156864643096924 9000
1717915048772 13.905278205871582 9100
1717915065818 10.327169418334961 9200
1717915082858 15.92101001739502 9300
1717915099928 5.912267684936523 9400
1717915116945 22.59724998474121 9500
1717915133957 16.584945678710938 9600
1717915150962 8.137103080749512 9700
1717915167971 8.542692184448242 9800
1717915184991 10.869807243347168 9900
1717915202005 23.602615356445312 10000
1717915230868 17.373456954956055 10100
1717915247922 8.129024505615234 10200
1717915264972 9.284941673278809 10300
1717915282000 13.16646957397461 10400
1717915299025 5.742351055145264 10500
1717915316037 8.947943687438965 10600
1717915333042 9.817914962768555 10700
1717915350088 6.266040802001953 10800
1717915367123 11.240821838378906 10900
1717915384157 16.49816131591797 11000
1717915413125 8.943280220031738 11100
1717915430153 9.429624557495117 11200
1717915447179 9.202411651611328 11300
1717915464206 28.083587646484375 11400
1717915481236 11.715988159179688 11500
1717915498272 112.21674346923828 11600
1717915515310 19.054353713989258 11700
1717915532335 2.417375087738037 11800
1717915549370 76.54872131347656 11900
1717915566389 31.795793533325195 12000
1717915597257 5.559520244598389 12100
1717915614309 18.610126495361328 12200
1717915631357 12.222794532775879 12300
1717915648405 17.596294403076172 12400
1717915665443 3.531923770904541 12500
1717915682469 2.3496999740600586 12600
1717915699505 4.1268310546875 12700
1717915716548 6.202920436859131 12800
1717915733582 56.62786865234375 12900
1717915750611 21.831403732299805 13000
1717915779558 31.752525329589844 13100
1717915796585 4.209744453430176 13200
1717915813609 20.142074584960938 13300
1717915830611 3.8356785774230957 13400
1717915847622 21.008493423461914 13500
1717915864652 25.075908660888672 13600
1717915881672 0.7585107684135437 13700
1717915898679 0.42357778549194336 13800
1717915915701 0.4824295938014984 13900
1717915932744 11.47704029083252 14000
1717915961625 32.147377014160156 14100
1717915978652 5.8867082595825195 14200
1717915995685 18.28326988220215 14300
1717916012706 5.192691802978516 14400
1717916029717 13.046614646911621 14500
1717916046722 25.762746810913086 14600
1717916063733 32.258140563964844 14700
1717916080771 66.01361846923828 14800
1717916097812 39.88066482543945 14900
1717916114855 41.93693923950195 15000
1717916145743 14.358992576599121 15100
1717916162806 11.139541625976562 15200
1717916179857 0.474626749753952 15300
1717916196903 37.03280258178711 15400
1717916213932 0.3965187966823578 15500
1717916230954 19.078325271606445 15600
1717916247997 26.080392837524414 15700
1717916265034 24.230546951293945 15800
1717916282060 16.258190155029297 15900
1717916299108 19.466318130493164 16000
1717916328008 33.4390983581543 16100
1717916345068 19.410919189453125 16200
1717916362083 29.211454391479492 16300
1717916379097 44.05004119873047 16400
1717916396139 49.197662353515625 16500
1717916413175 1.3251031637191772 16600
1717916430181 1.0492699146270752 16700
1717916447222 31.638389587402344 16800
1717916464265 44.4661865234375 16900
1717916481308 15.48542594909668 17000
1717916510233 10.644447326660156 17100
1717916527225 0.5949451923370361 17200
1717916544252 0.2873899042606354 17300
1717916561283 41.82783508300781 17400
1717916578316 18.7222900390625 17500
1717916595370 0.13349486887454987 17600
1717916612409 4.068572044372559 17700
1717916629443 48.2178955078125 17800
1717916646471 0.10345643758773804 17900
1717916663496 29.139671325683594 18000
1717916694290 35.66692352294922 18100
1717916711340 1.8306833505630493 18200
1717916728388 178.54013061523438 18300
1717916745440 0.25912976264953613 18400
1717916762468 14.499168395996094 18500
1717916779500 0.12428809702396393 18600
1717916796526 109.095703125 18700
1717916813560 0.04597649350762367 18800
1717916830597 72.3179931640625 18900
1717916847639 0.9553899168968201 19000
1717916876561 44.921695709228516 19100
1717916893603 7.545726776123047 19200
1717916910642 122.2331314086914 19300
1717916927676 79.70103454589844 19400
1717916944714 33.61758041381836 19500
1717916961746 0.1707233190536499 19600
1717916978745 10.444467544555664 19700
1717916995739 0.04025861248373985 19800
1717917012744 72.2854232788086 19900
1717917029782 0.49025484919548035 20000
1717917058743 0.07122325152158737 20100
1717917075764 0.5276285409927368 20200
1717917092771 186.34671020507812 20300
1717917109790 0.04917597770690918 20400
1717917126822 63.63167953491211 20500
1717917143873 12.730018615722656 20600
1717917160911 0.180098295211792 20700
1717917177961 68.96926879882812 20800
1717917194979 0.10205113142728806 20900
1717917212003 0.1525382548570633 21000
1717917242824 78.38227081298828 21100
1717917259882 0.07749118655920029 21200
1717917276933 13.852954864501953 21300
1717917293993 6.969493389129639 21400
1717917311047 0.14197386801242828 21500
1717917328094 74.74716186523438 21600
1717917345132 0.20680612325668335 21700
1717917362154 0.13528501987457275 21800
1717917379196 0.0765065848827362 21900
1717917396237 27.757644653320312 22000
1717917425174 3.863618850708008 22100
1717917442227 75.05237579345703 22200
1717917459286 0.10690807551145554 22300
1717917476308 74.63467407226562 22400
1717917493332 0.11389509588479996 22500
1717917510369 0.02776135690510273 22600
1717917527387 0.16727064549922943 22700
1717917544397 13.905721664428711 22800
1717917561404 0.08818411827087402 22900
1717917578411 65.20545959472656 23000
1717917607286 0.6104063391685486 23100
1717917624333 0.05157725140452385 23200
1717917641357 0.12953071296215057 23300
1717917658360 0.03011145256459713 23400
1717917675381 0.07772627472877502 23500
1717917692397 0.03290568292140961 23600
1717917709423 0.02446819469332695 23700
1717917726435 0.03999608755111694 23800
1717917743441 0.25001955032348633 23900
1717917760452 1.6613349914550781 24000
1717917791191 0.026220079511404037 24100
1717917808261 0.03765116631984711 24200
1717917825307 0.08166010677814484 24300
1717917842359 10.354547500610352 24400
1717917859387 0.03229076415300369 24500
1717917876430 0.02528640814125538 24600
1717917893459 0.025348827242851257 24700
1717917910491 0.02048889361321926 24800
1717917927509 0.0219563078135252 24900
1717917944530 0.21059934794902802 25000
1717917973382 56.95455551147461 25100
1717917990420 0.018719779327511787 25200
1717918007461 0.048839692026376724 25300
1717918024501 0.1686333417892456 25400
1717918041530 0.051259640604257584 25500
1717918058575 0.03886868432164192 25600
1717918075606 6.364650726318359 25700
1717918092647 0.4876682162284851 25800
1717918109682 123.4605941772461 25900
1717918126727 0.06416173279285431 26000
1717918155689 0.24190691113471985 26100
1717918172738 0.05164307728409767 26200
1717918189788 0.02061769925057888 26300
1717918206838 58.56263732910156 26400
1717918223835 0.29570838809013367 26500
1717918240853 54.92184066772461 26600
1717918257859 0.04706102982163429 26700
1717918274845 4.101950645446777 26800
1717918291855 0.0433979257941246 26900
1717918308867 0.03872081637382507 27000
1717918339688 0.024932002648711205 27100
1717918356737 104.23929595947266 27200
1717918373804 40.87032699584961 27300
1717918390855 0.07119055092334747 27400
1717918407880 0.012218888849020004 27500
1717918424881 0.05999148264527321 27600
1717918441891 0.5482362508773804 27700
1717918458915 18.578779220581055 27800
1717918475952 0.021700693294405937 27900
1717918492993 0.18844634294509888 28000
1717918521915 0.020558496937155724 28100
1717918538945 0.020597873255610466 28200
1717918555971 16.250391006469727 28300
1717918572992 0.6920408010482788 28400
1717918590030 0.0647708997130394 28500
