1717913402986 1.052262364082778e-06 100
1717913419897 2.104524728165556e-06 200
1717913436839 3.156787092248334e-06 300
1717913453818 4.209049456331112e-06 400
1717913470797 5.26131182041389e-06 500
1717913487786 6.313574184496668e-06 600
1717913504776 7.365836548579446e-06 700
1717913521775 8.418098912662223e-06 800
1717913538757 9.470361276745002e-06 900
1717913555729 1.052262364082778e-05 1000
1717913584599 1.1574886004910558e-05 1100
1717913601598 1.2627148368993337e-05 1200
1717913618596 1.3679410733076115e-05 1300
1717913635598 1.4731673097158892e-05 1400
1717913652603 1.578393546124167e-05 1500
1717913669597 1.6836197825324447e-05 1600
1717913686594 1.7888460189407227e-05 1700
1717913703591 1.8940722553490003e-05 1800
1717913720587 1.9992984917572783e-05 1900
1717913737589 2.104524728165556e-05 2000
1717913766476 2.209750964573834e-05 2100
1717913783484 2.3149772009821117e-05 2200
1717913800484 2.4202034373903893e-05 2300
1717913817493 2.5254296737986673e-05 2400
1717913834490 2.630655910206945e-05 2500
1717913851497 2.735882146615223e-05 2600
1717913868498 2.8411083830235007e-05 2700
1717913885486 2.9463346194317783e-05 2800
1717913902485 2.9999730056787032e-05 2900
1717913919487 2.9997504014561394e-05 3000
1717913950305 2.999302977797846e-05 3100
1717913967312 2.9986308017746726e-05 3200
1717913984315 2.9977339741488758e-05 3300
1717914001326 2.996612629359013e-05 3400
1717914018333 2.9952669354997906e-05 3500
1717914035336 2.9936970942968644e-05 3600
1717914052348 2.991903341076602e-05 3700
1717914069350 2.989885944730804e-05 3800
1717914086361 2.9876452076763977e-05 3900
1717914103358 2.9851814658101038e-05 4000
1717914132227 2.982495088458081e-05 4100
1717914149210 2.9795864783205656e-05 4200
1717914166208 2.9764560714115026e-05 4300
1717914183213 2.9731043369931873e-05 4400
1717914200226 2.969531777505919e-05 4500
1717914217235 2.9657389284926828e-05 4600
1717914234246 2.9617263585188718e-05 4700
1717914251259 2.957494669087053e-05 4800
1717914268274 2.9530444945468023e-05 4900
1717914285296 2.9483765019996095e-05 5000
1717914314203 2.9434913911988818e-05 5100
1717914331212 2.9383898944450406e-05 5200
1717914348227 2.9330727764757528e-05 5300
1717914365236 2.9275408343512897e-05 5400
1717914382243 2.9217948973350434e-05 5500
1717914399242 2.9158358267692203e-05 5600
1717914416237 2.9096645159457173e-05 5700
1717914435774 2.903281889972216e-05 5800
1717914452774 2.8966889056335045e-05 5900
1717914469784 2.889886551248051e-05 6000
1717914500627 2.882875846519849e-05 6100
1717914517649 2.875657842385561e-05 6200
1717914534681 2.8682336208569774e-05 6300
1717914551703 2.860604294858817e-05 6400
1717914568710 2.8527710080618968e-05 6500
1717914585719 2.8447349347116872e-05 6600
1717914602728 2.8364972794522922e-05 6700
1717914619746 2.8280592771458624e-05 6800
1717914636767 2.8194221926874865e-05 6900
1717914653781 2.8105873208155773e-05 7000
1717914682682 2.8015559859177842e-05 7100
1717914699705 2.792329541832462e-05 7200
1717914716712 2.7829093716457226e-05 7300
1717914733750 2.773296887484108e-05 7400
1717914750760 2.7634935303029006e-05 7500
1717914767792 2.7535007696701224e-05 7600
1717914784817 2.7433201035462362e-05 7700
1717914801836 2.7329530580595978e-05 7800
1717914818849 2.72240118727768e-05 7900
1717914835865 2.711666072974112e-05 8000
1717914864759 2.7007493243915635e-05 8100
1717914881784 2.6896525780005124e-05 8200
1717914898802 2.678377497253931e-05 8300
1717914915807 2.6669257723379247e-05 8400
1717914932841 2.6552991199183674e-05 8500
1717914949862 2.643499282883566e-05 8600
1717914966874 2.63152803008299e-05 8700
1717914983907 2.6193871560621174e-05 8800
1717915000959 2.607078480793421e-05 8900
1717915017988 2.594603849403546e-05 9000
1717915048772 2.5819651318967202e-05 9100
1717915065818 2.5691642228744288e-05 9200
1717915082858 2.5562030412514057e-05 9300
1717915099928 2.543083529967981e-05 9400
1717915116945 2.5298076556988228e-05 9500
1717915133957 2.516377408558125e-05 9600
1717915150962 2.502794801801282e-05 9700
1717915167971 2.4890618715230878e-05 9800
1717915184991 2.4751806763525215e-05 9900
1717915202005 2.4611532971441447e-05 10000
1717915230868 2.4469818366661755e-05 10100
1717915247922 2.4326684192852714e-05 10200
1717915264972 2.4182151906480782e-05 10300
1717915282000 2.4036243173595892e-05 10400
1717915299025 2.388897986658358e-05 10500
1717915316037 2.3740384060886233e-05 10600
1717915333042 2.3590478031693876e-05 10700
1717915350088 2.3439284250605032e-05 10800
1717915367123 2.328682538225811e-05 10900
1717915384157 2.3133124280933865e-05 11000
1717915413125 2.297820398712947e-05 11100
1717915430153 2.2822087724104608e-05 11200
1717915447179 2.2664798894400217e-05 11300
1717915464206 2.2506361076330325e-05 11400
1717915481236 2.234679802044758e-05 11500
1717915498272 2.2186133645982902e-05 11600
1717915515310 2.2024392037259916e-05 11700
1717915532335 2.1861597440084556e-05 11800
1717915549370 2.1697774258110566e-05 11900
1717915566389 2.1532947049181227e-05 12000
1717915597257 2.136714052164806e-05 12100
1717915614309 2.1200379530666904e-05 12200
1717915631357 2.1032689074472044e-05 12300
1717915648405 2.086409429062883e-05 12400
1717915665443 2.0694620452265485e-05 12500
1717915682469 2.052429296428448e-05 12600
1717915699505 2.0353137359554296e-05 12700
1717915716548 2.0181179295081883e-05 12800
1717915733582 2.000844454816658e-05 12900
1717915750611 1.9834959012535956e-05 13000
1717915779558 1.9660748694464256e-05 13100
1717915796585 1.948583970887391e-05 13200
1717915813609 1.9310258275420812e-05 13300
1717915830611 1.9134030714563857e-05 13400
1717915847622 1.8957183443619387e-05 13500
1717915864652 1.877974297280111e-05 13600
1717915881672 1.8601735901246123e-05 13700
1717915898679 1.8423188913027555e-05 13800
1717915915701 1.82441287731545e-05 13900
1717915932744 1.806458232355983e-05 14000
1717915961625 1.788457647907648e-05 14100
1717915978652 1.7704138223402767e-05 14200
1717915995685 1.7523294605057416e-05 14300
1717916012706 1.734207273332487e-05 14400
1717916029717 1.7160499774191495e-05 14500
1717916046722 1.697860294627325e-05 14600
1717916063733 1.679640951673551e-05 14700
1717916080771 1.661394679720558e-05 14800
1717916097812 1.6431242139678567e-05 14900
1717916114855 1.6248322932417204e-05 15000
1717916145743 1.6065216595846184e-05 15100
1717916162806 1.588195057844176e-05 15200
1717916179857 1.5698552352617052e-05 15300
1717916196903 1.551504941060385e-05 15400
1717916213932 1.5331469260331357e-05 15500
1717916230954 1.5147839421302652e-05 15600
1717916247997 1.4964187420469397e-05 15700
1717916265034 1.47805407881054e-05 15800
1717916282060 1.4596927053679708e-05 15900
1717916299108 1.4413373741729824e-05 16000
1717916328008 1.4229908367735645e-05 16100
1717916345068 1.4046558433994761e-05 16200
1717916362083 1.3863351425499748e-05 16300
1717916379097 1.3680314805818032e-05 16400
1717916396139 1.3497476012974964e-05 16500
1717916413175 1.331486245534078e-05 16600
1717916430181 1.31325015075219e-05 16700
1717916447222 1.2950420506257395e-05 16800
1717916464265 1.2768646746321061e-05 16900
1717916481308 1.2587207476429812e-05 17000
1717916510233 1.2406129895158988e-05 17100
1717916527225 1.2225441146865142e-05 17200
1717916544252 1.2045168317617e-05 17300
1717916561283 1.1865338431135112e-05 17400
1717916578316 1.1685978444740884e-05 17500
1717916595370 1.1507115245315561e-05 17600
1717916612409 1.1328775645269746e-05 17700
1717916629443 1.11509863785241e-05 17800
1717916646471 1.097377409650182e-05 17900
1717916663496 1.079716536413344e-05 18000
1717916694290 1.0621186655874666e-05 18100
1717916711340 1.04458643517377e-05 18200
1717916728388 1.0271224733336758e-05 18300
1717916745440 1.0097293979948366e-05 18400
1717916762468 9.924098164586933e-06 18500
1717916779500 9.751663250096304e-06 18600
1717916796526 9.58001508525781e-06 18700
1717916813560 9.409179400915407e-06 18800
1717916830597 9.239181806118534e-06 18900
1717916847639 9.070047784283157e-06 19000
1717916876561 8.901802689371717e-06 19100
1717916893603 8.734471742092456e-06 19200
1717916910642 8.568080026118697e-06 19300
1717916927676 8.402652484328712e-06 19400
1717916944714 8.238213915066653e-06 19500
1717916961746 8.074788968425174e-06 19600
1717916978745 7.912402142550274e-06 19700
1717916995739 7.751077779968892e-06 19800
1717917012744 7.590840063939881e-06 19900
1717917029782 7.4317130148288085e-06 20000
1717917058743 7.273720486507188e-06 20100
1717917075764 7.116886162776698e-06 20200
1717917092771 6.961233553818853e-06 20300
1717917109790 6.80678599267072e-06 20400
1717917126822 6.653566631727212e-06 20500
1717917143873 6.5015984392703955e-06 20600
1717917160911 6.3509041960264825e-06 20700
1717917177961 6.2015064917508835e-06 20800
1717917194979 6.053427721841871e-06 20900
1717917212003 5.906690083983467e-06 21000
1717917242824 5.761315574817843e-06 21100
1717917259882 5.617325986647963e-06 21200
1717917276933 5.474742904170818e-06 21300
1717917293993 5.333587701241748e-06 21400
1717917311047 5.193881537670447e-06 21500
1717917328094 5.05564535604899e-06 21600
1717917345132 4.918899878612419e-06 21700
1717917362154 4.783665604132447e-06 21800
1717917379196 4.649962804844527e-06 21900
1717917396237 4.517811523409005e-06 22000
1717917425174 4.3872315699066105e-06 22100
1717917442227 4.258242518868826e-06 22200
1717917459286 4.130863706343607e-06 22300
1717917476308 4.00511422699679e-06 22400
1717917493332 3.881012931249718e-06 22500
1717917510369 3.7585784224535084e-06 22600
1717917527387 3.6378290541002716e-06 22700
1717917544397 3.5187829270718878e-06 22800
1717917561404 3.40145788692658e-06 22900
1717917578411 3.285871521223775e-06 23000
1717917607286 3.1720411568876686e-06 23100
1717917624333 3.0599838576098367e-06 23200
1717917641357 2.94971642129128e-06 23300
1717917658360 2.8412553775243977e-06 23400
1717917675381 2.7346169851150687e-06 23500
1717917692397 2.629817229645421e-06 23600
1717917709423 2.526871821077504e-06 23700
1717917726435 2.4257961913982905e-06 23800
1717917743441 2.3266054923063675e-06 23900
1717917760452 2.2293145929406106e-06 24000
1717917791191 2.1339380776512328e-06 24100
1717917808261 2.04049024381355e-06 24200
1717917825307 1.948985099684692e-06 24300
1717917842359 1.8594363623037457e-06 24400
1717917859387 1.7718574554354877e-06 24500
1717917876430 1.6862615075580906e-06 24600
1717917893459 1.602661349895138e-06 24700
1717917910491 1.5210695144921267e-06 24800
1717917927509 1.441498232337871e-06 24900
1717917944530 1.3639594315310438e-06 25000
1717917973382 1.2884647354920576e-06 25100
1717917990420 1.215025461220698e-06 25200
1717918007461 1.1436526175996336e-06 25300
1717918024501 1.0743569037441336e-06 25400
1717918041530 1.0071487073982444e-06 25500
1717918058575 9.420381033775843e-07 25600
1717918075606 8.790348520591052e-07 25700
1717918092647 8.181483979179738e-07 25800
1717918109682 7.593878681117749e-07 25900
1717918126727 7.027620711123372e-07 26000
1717918155689 6.482794953852861e-07 26100
1717918172738 5.959483081175832e-07 26200
1717918189788 5.457763539932459e-07 26300
1717918206838 4.97771154017368e-07 26400
1717918223835 4.519399043886996e-07 26500
1717918240853 4.082894754209171e-07 26600
1717918257859 3.668264105127017e-07 26700
1717918274845 3.2755692516688086e-07 26800
1717918291855 2.9048690605868345e-07 26900
1717918308867 2.556219101532975e-07 27000
1717918339688 2.2296716387287309e-07 27100
1717918356737 1.9252756231303237e-07 27200
1717918373804 1.6430766850908997e-07 27300
1717918390855 1.3831171275203335e-07 27400
1717918407880 1.1454359195437359e-07 27500
1717918424881 9.300686906598577e-08 27600
1717918441891 7.37047725400064e-08 27700
1717918458915 5.664019584887214e-08 27800
1717918475952 4.181569705057675e-08 27900
1717918492993 2.923349840520617e-08 28000
1717918521915 1.8895486041808353e-08 28100
1717918538945 1.0803209675661064e-08 28200
1717918555971 4.957882375954403e-09 28300
1717918572992 1.3603803839495887e-09 28400
1717918590030 1.1242981629022708e-11 28500
