1717913402986 1.1496 100
1717913419897 1.0555 200
1717913436839 1.0316 300
1717913453818 0.995 400
1717913470797 0.9464 500
1717913487786 0.8462 600
1717913504776 0.8435 700
1717913521775 0.7942 800
1717913538757 0.776 900
1717913555729 0.7873 1000
1717913584599 0.7564 1100
1717913601598 0.751 1200
1717913618596 0.7639 1300
1717913635598 0.7229 1400
1717913652603 0.7102 1500
1717913669597 0.7237 1600
1717913686594 0.6819 1700
1717913703591 0.7645 1800
1717913720587 0.6731 1900
1717913737589 0.7006 2000
1717913766476 0.7192 2100
1717913783484 0.668 2200
1717913800484 0.7128 2300
1717913817493 0.7193 2400
1717913834490 0.7457 2500
1717913851497 0.6989 2600
1717913868498 0.7244 2700
1717913885486 0.7402 2800
1717913902485 0.6943 2900
1717913919487 0.6925 3000
1717913950305 0.7038 3100
1717913967312 0.7207 3200
1717913984315 0.6574 3300
1717914001326 0.6916 3400
1717914018333 0.7044 3500
1717914035336 0.7262 3600
1717914052348 0.6563 3700
1717914069350 0.7225 3800
1717914086361 0.679 3900
1717914103358 0.7073 4000
1717914132227 0.6525 4100
1717914149210 0.6677 4200
1717914166208 0.6664 4300
1717914183213 0.6705 4400
1717914200226 0.6686 4500
1717914217235 0.6848 4600
1717914234246 0.6467 4700
1717914251259 0.6858 4800
1717914268274 0.6422 4900
1717914285296 0.6707 5000
1717914314203 0.7302 5100
1717914331212 0.6898 5200
1717914348227 0.6569 5300
1717914365236 0.645 5400
1717914382243 0.6541 5500
1717914399242 0.6659 5600
1717914416237 0.6921 5700
1717914435774 0.5529 5800
1717914452774 0.5323 5900
1717914469784 0.475 6000
1717914500627 0.5121 6100
1717914517649 0.58 6200
1717914534681 0.5082 6300
1717914551703 0.5479 6400
1717914568710 0.5569 6500
1717914585719 0.5916 6600
1717914602728 0.5546 6700
1717914619746 0.5738 6800
1717914636767 0.567 6900
1717914653781 0.5825 7000
1717914682682 0.5691 7100
1717914699705 0.5496 7200
1717914716712 0.545 7300
1717914733750 0.5517 7400
1717914750760 0.4967 7500
1717914767792 0.5526 7600
1717914784817 0.5563 7700
1717914801836 0.4951 7800
1717914818849 0.5613 7900
1717914835865 0.5282 8000
1717914864759 0.5292 8100
1717914881784 0.5222 8200
1717914898802 0.4878 8300
1717914915807 0.5397 8400
1717914932841 0.5453 8500
1717914949862 0.5408 8600
1717914966874 0.5078 8700
1717914983907 0.5646 8800
1717915000959 0.5533 8900
1717915017988 0.5528 9000
1717915048772 0.5246 9100
1717915065818 0.5501 9200
1717915082858 0.5827 9300
1717915099928 0.552 9400
1717915116945 0.5024 9500
1717915133957 0.5532 9600
1717915150962 0.5205 9700
1717915167971 0.5309 9800
1717915184991 0.516 9900
1717915202005 0.5439 10000
1717915230868 0.5462 10100
1717915247922 0.5999 10200
1717915264972 0.533 10300
1717915282000 0.5432 10400
1717915299025 0.496 10500
1717915316037 0.5473 10600
1717915333042 0.5789 10700
1717915350088 0.559 10800
1717915367123 0.5393 10900
1717915384157 0.5254 11000
1717915413125 0.5515 11100
1717915430153 0.5605 11200
1717915447179 0.6319 11300
1717915464206 0.5372 11400
1717915481236 0.3657 11500
1717915498272 0.3362 11600
1717915515310 0.3712 11700
1717915532335 0.3564 11800
1717915549370 0.3626 11900
1717915566389 0.3757 12000
1717915597257 0.3128 12100
1717915614309 0.3378 12200
1717915631357 0.3112 12300
1717915648405 0.3919 12400
1717915665443 0.3201 12500
1717915682469 0.4214 12600
1717915699505 0.3266 12700
1717915716548 0.3471 12800
1717915733582 0.3872 12900
1717915750611 0.3817 13000
1717915779558 0.3551 13100
1717915796585 0.3688 13200
1717915813609 0.3557 13300
1717915830611 0.4019 13400
1717915847622 0.3586 13500
1717915864652 0.3786 13600
1717915881672 0.3517 13700
1717915898679 0.344 13800
1717915915701 0.3303 13900
1717915932744 0.4222 14000
1717915961625 0.3644 14100
1717915978652 0.3343 14200
1717915995685 0.3941 14300
1717916012706 0.3811 14400
1717916029717 0.3619 14500
1717916046722 0.314 14600
1717916063733 0.3092 14700
1717916080771 0.394 14800
1717916097812 0.3646 14900
1717916114855 0.3411 15000
1717916145743 0.4245 15100
1717916162806 0.3782 15200
1717916179857 0.3509 15300
1717916196903 0.3457 15400
1717916213932 0.3554 15500
1717916230954 0.3651 15600
1717916247997 0.3863 15700
1717916265034 0.3603 15800
1717916282060 0.3685 15900
1717916299108 0.3727 16000
1717916328008 0.3833 16100
1717916345068 0.3741 16200
1717916362083 0.3465 16300
1717916379097 0.3745 16400
1717916396139 0.3525 16500
1717916413175 0.3432 16600
1717916430181 0.3304 16700
1717916447222 0.3746 16800
1717916464265 0.3685 16900
1717916481308 0.3205 17000
1717916510233 0.3858 17100
1717916527225 0.2367 17200
1717916544252 0.1595 17300
1717916561283 0.2047 17400
1717916578316 0.2173 17500
1717916595370 0.1969 17600
1717916612409 0.2027 17700
1717916629443 0.2016 17800
1717916646471 0.1585 17900
1717916663496 0.2574 18000
1717916694290 0.248 18100
1717916711340 0.2064 18200
1717916728388 0.1947 18300
1717916745440 0.2113 18400
1717916762468 0.2473 18500
1717916779500 0.2197 18600
1717916796526 0.1549 18700
1717916813560 0.2146 18800
1717916830597 0.235 18900
1717916847639 0.2074 19000
1717916876561 0.1838 19100
1717916893603 0.1836 19200
1717916910642 0.2458 19300
1717916927676 0.2966 19400
1717916944714 0.2106 19500
1717916961746 0.2749 19600
1717916978745 0.2398 19700
1717916995739 0.1596 19800
1717917012744 0.24 19900
1717917029782 0.2207 20000
1717917058743 0.224 20100
1717917075764 0.1832 20200
1717917092771 0.2175 20300
1717917109790 0.1801 20400
1717917126822 0.236 20500
1717917143873 0.1809 20600
1717917160911 0.1731 20700
1717917177961 0.2373 20800
1717917194979 0.2132 20900
1717917212003 0.2301 21000
1717917242824 0.2066 21100
1717917259882 0.2366 21200
1717917276933 0.2116 21300
1717917293993 0.2077 21400
1717917311047 0.163 21500
1717917328094 0.2129 21600
1717917345132 0.1953 21700
1717917362154 0.1978 21800
1717917379196 0.1819 21900
1717917396237 0.1997 22000
1717917425174 0.2411 22100
1717917442227 0.2138 22200
1717917459286 0.199 22300
1717917476308 0.1906 22400
1717917493332 0.2163 22500
1717917510369 0.1631 22600
1717917527387 0.1752 22700
1717917544397 0.2311 22800
1717917561404 0.1483 22900
1717917578411 0.088 23000
1717917607286 0.1416 23100
1717917624333 0.086 23200
1717917641357 0.0849 23300
1717917658360 0.1378 23400
1717917675381 0.1262 23500
1717917692397 0.1276 23600
1717917709423 0.1671 23700
1717917726435 0.1137 23800
1717917743441 0.14 23900
1717917760452 0.0639 24000
1717917791191 0.1414 24100
1717917808261 0.1529 24200
1717917825307 0.0706 24300
1717917842359 0.1255 24400
1717917859387 0.1328 24500
1717917876430 0.1208 24600
1717917893459 0.0565 24700
1717917910491 0.0951 24800
1717917927509 0.1728 24900
1717917944530 0.0947 25000
1717917973382 0.1079 25100
1717917990420 0.1047 25200
1717918007461 0.1455 25300
1717918024501 0.0926 25400
1717918041530 0.1064 25500
1717918058575 0.0931 25600
1717918075606 0.1045 25700
1717918092647 0.1604 25800
1717918109682 0.058 25900
1717918126727 0.0672 26000
1717918155689 0.0772 26100
1717918172738 0.0814 26200
1717918189788 0.1278 26300
1717918206838 0.1166 26400
1717918223835 0.1117 26500
1717918240853 0.1144 26600
1717918257859 0.0954 26700
1717918274845 0.1281 26800
1717918291855 0.0667 26900
1717918308867 0.0772 27000
1717918339688 0.0862 27100
1717918356737 0.0943 27200
1717918373804 0.1172 27300
1717918390855 0.1109 27400
1717918407880 0.1129 27500
1717918424881 0.1432 27600
1717918441891 0.144 27700
1717918458915 0.0983 27800
1717918475952 0.1345 27900
1717918492993 0.1131 28000
1717918521915 0.1039 28100
1717918538945 0.1159 28200
1717918555971 0.1335 28300
1717918572992 0.129 28400
1717918590030 0.0854 28500
