1718201416035 0.01 10
1718201439309 0.02 20
1718201462559 0.02 30
1718201485764 0.03 40
1718201508333 0.04 50
1718201531864 0.05 60
1718201555119 0.06 70
1718201578435 0.06 80
1718201601545 0.07 90
1718201624306 0.08 100
1718201647753 0.09 110
1718201671033 0.1 120
1718201694311 0.1 130
1718201717462 0.11 140
1718201740110 0.12 150
1718201763624 0.13 160
1718201786857 0.14 170
1718201810133 0.14 180
1718201833326 0.15 190
1718201856177 0.16 200
1718201879776 0.17 210
1718201903091 0.18 220
1718201926399 0.18 230
1718201949605 0.19 240
1718201972366 0.2 250
1718201995854 0.21 260
1718202019104 0.22 270
1718202042380 0.22 280
1718202065472 0.23 290
1718202088129 0.24 300
1718202309023 0.24 300
1718202335454 0.25 310
1718202358674 0.26 320
1718202381925 0.26 330
1718202405017 0.27 340
1718202427617 0.28 350
1718202451010 0.29 360
1718202474145 0.3 370
1718202497358 0.3 380
1718202520495 0.31 390
1718202543365 0.32 400
1718202566846 0.33 410
1718202590006 0.34 420
1718202613250 0.34 430
1718202636357 0.35 440
1718202659022 0.36 450
1718202682571 0.37 460
1718202705830 0.38 470
1718202729110 0.38 480
1718202752239 0.39 490
1718202774981 0.4 500
1718202798388 0.41 510
1718202821641 0.42 520
1718202844837 0.42 530
1718202867947 0.43 540
1718202890410 0.44 550
1718202913852 0.45 560
1718202937065 0.46 570
1718202960180 0.46 580
1718202983251 0.47 590
1718203005659 0.48 600
1718203226043 0.48 600
1718203251433 0.49 610
1718203274694 0.5 620
1718203297873 0.5 630
1718203320978 0.51 640
1718203343591 0.52 650
1718203367000 0.53 660
1718203390136 0.54 670
1718203413367 0.54 680
1718203436424 0.55 690
1718203459054 0.56 700
1718203482677 0.57 710
1718203505900 0.58 720
1718203529171 0.58 730
1718203552232 0.59 740
1718203574892 0.6 750
1718203598389 0.61 760
1718203621664 0.62 770
1718203644893 0.62 780
1718203667979 0.63 790
1718203690741 0.64 800
1718203714238 0.65 810
1718203737500 0.66 820
1718203760702 0.66 830
1718203783828 0.67 840
1718203806541 0.68 850
1718203830118 0.69 860
1718203853389 0.7 870
1718203876571 0.7 880
1718203899691 0.71 890
1718203922146 0.72 900
1718204142830 0.72 900
1718204168289 0.73 910
1718204191539 0.74 920
1718204214841 0.74 930
1718204237919 0.75 940
1718204260635 0.76 950
1718204284131 0.77 960
1718204307427 0.78 970
1718204330688 0.78 980
1718204353917 0.79 990
1718204376746 0.8 1000
1718204400265 0.81 1010
1718204423525 0.82 1020
1718204446772 0.82 1030
1718204469802 0.83 1040
1718204492366 0.84 1050
1718204515890 0.85 1060
1718204539088 0.86 1070
1718204562195 0.86 1080
1718204585255 0.87 1090
1718204608092 0.88 1100
1718204631640 0.89 1110
1718204654872 0.9 1120
1718204678066 0.9 1130
1718204701200 0.91 1140
1718204723785 0.92 1150
1718204747242 0.93 1160
1718204770478 0.94 1170
1718204793767 0.94 1180
1718204816928 0.95 1190
1718204839595 0.96 1200
1718205060455 0.96 1200
1718205085858 0.97 1210
1718205109095 0.98 1220
1718205132349 0.98 1230
1718205155346 0.99 1240
1718205177987 1.0 1250
1718205178155 1.0 1250
