1718201416035 36.95310592651367 10
1718201439309 5.646099090576172 20
1718201462559 1.7255545854568481 30
1718201485764 2.9767467975616455 40
1718201508333 0.43336403369903564 50
1718201531864 11.821992874145508 60
1718201555119 4.466974258422852 70
1718201578435 22.30181121826172 80
1718201601545 2.2900283336639404 90
1718201624306 0.7052909135818481 100
1718201647753 2.2358357906341553 110
1718201671033 2.1862504482269287 120
1718201694311 0.4025624096393585 130
1718201717462 6.120730876922607 140
1718201740110 1.7542587518692017 150
1718201763624 2.7808990478515625 160
1718201786857 nan 170
1718201810133 6.2802653312683105 180
1718201833326 85.9935531616211 190
1718201856177 1.5492734909057617 200
1718201879776 2.301816701889038 210
1718201903091 0.47817790508270264 220
1718201926399 3.083096981048584 230
1718201949605 49.76020050048828 240
1718201972366 4.487839698791504 250
1718201995854 19.44276237487793 260
1718202019104 10.141834259033203 270
1718202042380 1.7749913930892944 280
1718202065472 1.2183516025543213 290
1718202088129 0.6676358580589294 300
1718202335454 0.7637684345245361 310
1718202358674 2.5234458446502686 320
1718202381925 2.3881847858428955 330
1718202405017 0.41687482595443726 340
1718202427617 2.5220460891723633 350
1718202451010 0.08053010702133179 360
1718202474145 3.7052419185638428 370
1718202497358 0.18513555824756622 380
1718202520495 0.472354531288147 390
1718202543365 0.6513000726699829 400
1718202566846 0.517992377281189 410
1718202590006 0.19076727330684662 420
1718202613250 0.8004150986671448 430
1718202636357 0.2947996258735657 440
1718202659022 0.5313390493392944 450
1718202682571 0.590495228767395 460
1718202705830 0.8167784810066223 470
1718202729110 0.7718610167503357 480
1718202752239 0.5606950521469116 490
1718202774981 0.7393183708190918 500
1718202798388 0.21269571781158447 510
1718202821641 0.07086624205112457 520
1718202844837 1.1272706985473633 530
1718202867947 0.202000230550766 540
1718202890410 0.2333088517189026 550
1718202913852 0.4416549801826477 560
1718202937065 0.47269779443740845 570
1718202960180 0.3491657078266144 580
1718202983251 0.24030540883541107 590
1718203005659 0.40275681018829346 600
1718203251433 0.5332587957382202 610
1718203274694 0.3505818545818329 620
1718203297873 0.49659812450408936 630
1718203320978 0.36054229736328125 640
1718203343591 0.19677576422691345 650
1718203367000 0.21219804883003235 660
1718203390136 0.636839747428894 670
1718203413367 0.48336273431777954 680
1718203436424 0.3187238276004791 690
1718203459054 0.38699236512184143 700
1718203482677 0.6179890036582947 710
1718203505900 0.6207910776138306 720
1718203529171 0.4690426290035248 730
1718203552232 0.2569343149662018 740
1718203574892 0.4844067096710205 750
1718203598389 0.2724601924419403 760
1718203621664 0.439318984746933 770
1718203644893 0.5766369104385376 780
1718203667979 0.7878195643424988 790
1718203690741 0.33241006731987 800
1718203714238 1.0812870264053345 810
1718203737500 0.29012641310691833 820
1718203760702 0.39125382900238037 830
1718203783828 0.6530986428260803 840
1718203806541 0.4858373999595642 850
1718203830118 0.2976895570755005 860
1718203853389 0.3437241315841675 870
1718203876571 1.0790045261383057 880
1718203899691 0.23556281626224518 890
1718203922146 0.7082319855690002 900
1718204168289 0.7566516995429993 910
1718204191539 0.8369130492210388 920
1718204214841 0.8647841811180115 930
1718204237919 0.15139985084533691 940
1718204260635 0.41507527232170105 950
1718204284131 0.18848773837089539 960
1718204307427 0.5418602824211121 970
1718204330688 0.9503501057624817 980
1718204353917 0.6271361112594604 990
1718204376746 1.1935770511627197 1000
1718204400265 0.23052823543548584 1010
1718204423525 0.21560582518577576 1020
1718204446772 0.60399329662323 1030
1718204469802 0.7401707768440247 1040
1718204492366 0.2799561619758606 1050
1718204515890 0.5149803161621094 1060
1718204539088 0.52686607837677 1070
1718204562195 0.48135602474212646 1080
1718204585255 0.5656237602233887 1090
1718204608092 0.5347803831100464 1100
1718204631640 0.3073335587978363 1110
1718204654872 0.5369601845741272 1120
1718204678066 0.40081512928009033 1130
1718204701200 0.19834448397159576 1140
1718204723785 0.2754243016242981 1150
1718204747242 0.7286240458488464 1160
1718204770478 0.3378594219684601 1170
1718204793767 0.44091150164604187 1180
1718204816928 0.18638736009597778 1190
1718204839595 0.8627871870994568 1200
1718205085858 0.4531266391277313 1210
1718205109095 0.6696392297744751 1220
1718205132349 0.4550234079360962 1230
1718205155346 0.7345535159111023 1240
1718205177987 0.3145756721496582 1250
