1718201416035 4.210526315789474e-05 10
1718201439309 9.473684210526316e-05 20
1718201462559 0.00014736842105263158 30
1718201485764 0.0002 40
1718201508333 0.00019998353928577919 50
1718201531864 0.00019990292842468868 60
1718201555119 0.00019975519811066663 70
1718201578435 0.0001995404475958373 80
1718201601545 0.00019925882115962568 90
1718201624306 0.000198910508011824 100
1718201647753 0.00019849574216547171 110
1718201671033 0.0001980148022796345 120
1718201694311 0.00019746801147218842 130
1718201717462 0.00019685573710273376 140
1718201740110 0.00019617839052578603 150
1718201763624 0.0001954364268144088 160
1718201786857 0.00019471382293110003 170
1718201810133 0.00019385049560415794 180
1718201833326 0.0001929241151313108 190
1718201856177 0.00019193530389822363 200
1718201879776 0.00019088472623446183 210
1718201903091 0.0001897730879671634 220
1718201926399 0.00018860113594683148 230
1718201949605 0.00018736965754556528 240
1718201972366 0.0001860794801280666 250
1718201995854 0.00018473147049577774 260
1718202019104 0.00018346956301451304 270
1718202042380 0.00018201419887916214 280
1718202065472 0.00018050373377481878 290
1718202088129 0.00017893918250248104 300
1718202335454 0.00017732159620076053 310
1718202358674 0.00017565206163967846 320
1718202381925 0.0001739317004905227 330
1718202405017 0.00017216166857225674 340
1718202427617 0.00017034315507498635 350
1718202451010 0.00016847738176100632 360
1718202474145 0.0001665656021439633 370
1718202497358 0.0001646091006466871 380
1718202520495 0.00016260919173825508 390
1718202543365 0.00016056721905087056 400
1718202566846 0.00015848455447714822 410
1718202590006 0.00015636259724841222 420
1718202613250 0.00015420277299462736 430
1718202636357 0.00015200653278659432 440
1718202659022 0.0001497753521610526 450
1718202682571 0.00014751073012934587 460
1718202705830 0.00014521418817031628 470
1718202729110 0.0001428872692081038 480
1718202752239 0.0001405315365755379 490
1718202774981 0.00013814857296381728 500
1718202798388 0.0001357399793591844 510
1718202821641 0.0001333073739673076 520
1718202844837 0.00013085239112609547 530
1718202867947 0.0001283766802076722 540
1718202890410 0.00012588190451025207 550
1718202913852 0.00012336974014065844 560
1718202937065 0.00012084187488823657 570
1718202960180 0.00011830000709091815 580
1718202983251 0.0001157458444941984 590
1718203005659 0.00011318110310379301 600
1718203251433 0.00011060750603274535 610
1718203274694 0.00010802678234375851 620
1718203297873 0.00010544066588753044 630
1718203320978 0.0001028508941378719 640
1718203343591 0.00010025920702439051 650
1718203367000 9.766734576352478e-05 660
1718203390136 9.507705168871358e-05 670
1718203413367 9.249006508048694e-05 680
1718203436424 8.990812399726435e-05 690
1718203459054 8.733296310764611e-05 700
1718203482677 8.476631252498162e-05 710
1718203505900 8.220989664499878e-05 720
1718203529171 7.966543298727425e-05 730
1718203552232 7.713463104132345e-05 740
1718203574892 7.461919111808595e-05 750
1718203598389 7.212080320757695e-05 760
1718203621664 6.964114584347316e-05 770
1718203644893 6.718188497539554e-05 780
1718203667979 6.474467284964634e-05 790
1718203690741 6.233114689915316e-05 800
1718203714238 5.9942928643364724e-05 810
1718203737500 5.758162259883867e-05 820
1718203760702 5.524881520125229e-05 830
1718203783828 5.2946073739560706e-05 840
1718203806541 5.0674945303019526e-05 850
1718203830118 4.843695574177737e-05 860
1718203853389 4.623360864173893e-05 870
1718203876571 4.406638431438576e-05 880
1718203899691 4.193673880223339e-05 890
1718203922146 3.984610290059467e-05 900
1718204168289 3.7795881196303995e-05 910
1718204191539 3.578745112405083e-05 920
1718204214841 3.3822162040954354e-05 930
1718204237919 3.190133432000252e-05 940
1718204260635 3.0026258462963787e-05 950
1718204284131 2.819819423336775e-05 960
1718204307427 2.6418369810137188e-05 970
1718204330688 2.4687980962440072e-05 980
1718204353917 2.300819024631603e-05 990
1718204376746 2.138012622361689e-05 1000
1718204400265 1.980488270378612e-05 1010
1718204423525 1.8283518008986567e-05 1020
1718204446772 1.6817054263070174e-05 1030
1718204469802 1.5406476704867524e-05 1040
1718204492366 1.4052733026258281e-05 1050
1718204515890 1.275673273546758e-05 1060
1718204539088 1.1519346546015907e-05 1070
1718204562195 1.0341405791733183e-05 1080
1718204585255 9.22370186822965e-06 1090
1718204608092 8.166985701199582e-06 1100
1718204631640 7.171967241914224e-06 1110
1718204654872 6.239314990243339e-06 1120
1718204678066 5.369655545525909e-06 1130
1718204701200 4.563573185591219e-06 1140
1718204723785 3.821609474213983e-06 1150
1718204747242 3.1442628972662704e-06 1160
1718204770478 2.5319885278115906e-06 1170
1718204793767 1.9851977203654835e-06 1180
1718204816928 1.5042578345283108e-06 1190
1718204839595 1.089491988176017e-06 1200
1718205085858 7.411788403743237e-07 1210
1718205109095 4.5955240416271084e-07 1220
1718205132349 2.448018893333681e-07 1230
1718205155346 9.707157531134713e-08 1240
1718205177987 1.646071422083395e-08 1250
