1718201416035 9.0983 10
1718201439309 0.5379 20
1718201462559 0.1881 30
1718201485764 0.1742 40
1718201508333 0.1908 50
1718201531864 0.2175 60
1718201555119 0.2737 70
1718201578435 0.2667 80
1718201601545 0.1751 90
1718201624306 0.1008 100
1718201647753 0.4279 110
1718201671033 0.1575 120
1718201694311 0.1202 130
1718201717462 0.6051 140
1718201740110 0.1891 150
1718201763624 0.5588 160
1718201786857 3.0712 170
1718201810133 1.8748 180
1718201833326 0.3237 190
1718201856177 0.3405 200
1718201879776 0.2952 210
1718201903091 0.1993 220
1718201926399 0.1549 230
1718201949605 0.4872 240
1718201972366 0.7561 250
1718201995854 0.8022 260
1718202019104 0.4795 270
1718202042380 0.21 280
1718202065472 0.5552 290
1718202088129 0.1426 300
1718202335454 0.1697 310
1718202358674 0.5444 320
1718202381925 0.2475 330
1718202405017 0.1259 340
1718202427617 0.1911 350
1718202451010 0.3753 360
1718202474145 0.2743 370
1718202497358 0.1365 380
1718202520495 0.1846 390
1718202543365 0.1127 400
1718202566846 0.1065 410
1718202590006 0.1133 420
1718202613250 0.1209 430
1718202636357 0.1339 440
1718202659022 0.1323 450
1718202682571 0.1256 460
1718202705830 0.1217 470
1718202729110 0.1341 480
1718202752239 0.1242 490
1718202774981 0.1219 500
1718202798388 0.0975 510
1718202821641 0.1393 520
1718202844837 0.1203 530
1718202867947 0.1214 540
1718202890410 0.1079 550
1718202913852 0.1329 560
1718202937065 0.1247 570
1718202960180 0.1162 580
1718202983251 0.1225 590
1718203005659 0.1133 600
1718203251433 0.119 610
1718203274694 0.1223 620
1718203297873 0.1017 630
1718203320978 0.111 640
1718203343591 0.1088 650
1718203367000 0.1149 660
1718203390136 0.1165 670
1718203413367 0.1199 680
1718203436424 0.1076 690
1718203459054 0.1329 700
1718203482677 0.114 710
1718203505900 0.1087 720
1718203529171 0.1178 730
1718203552232 0.1096 740
1718203574892 0.1151 750
1718203598389 0.1134 760
1718203621664 0.11 770
1718203644893 0.1263 780
1718203667979 0.1039 790
1718203690741 0.1107 800
1718203714238 0.1271 810
1718203737500 0.1177 820
1718203760702 0.1074 830
1718203783828 0.1084 840
1718203806541 0.1072 850
1718203830118 0.0998 860
1718203853389 0.1201 870
1718203876571 0.1092 880
1718203899691 0.1154 890
1718203922146 0.1168 900
1718204168289 0.1172 910
1718204191539 0.1069 920
1718204214841 0.1017 930
1718204237919 0.1163 940
1718204260635 0.0876 950
1718204284131 0.1169 960
1718204307427 0.1378 970
1718204330688 0.126 980
1718204353917 0.1164 990
1718204376746 0.1154 1000
1718204400265 0.1126 1010
1718204423525 0.1127 1020
1718204446772 0.1205 1030
1718204469802 0.1118 1040
1718204492366 0.1183 1050
1718204515890 0.1043 1060
1718204539088 0.1254 1070
1718204562195 0.1164 1080
1718204585255 0.1058 1090
1718204608092 0.1016 1100
1718204631640 0.1048 1110
1718204654872 0.0882 1120
1718204678066 0.1092 1130
1718204701200 0.102 1140
1718204723785 0.1092 1150
1718204747242 0.1225 1160
1718204770478 0.1014 1170
1718204793767 0.0981 1180
1718204816928 0.0984 1190
1718204839595 0.1168 1200
1718205085858 0.1092 1210
1718205109095 0.0984 1220
1718205132349 0.1013 1230
1718205155346 0.1052 1240
1718205177987 0.0977 1250
