1718205222738 0.0 0
1718205232757 7.9 1
1718205242774 6.2 2
1718205252792 6.2 3
1718205262811 6.1 4
1718205272827 6.1 5
1718205282844 6.2 6
1718205292881 6.1 7
1718205302899 6.7 8
1718205312914 6.1 9
1718205322932 6.2 10
1718205332952 6.5 11
1718205342972 6.2 12
1718205352989 6.2 13
1718205363009 6.1 14
1718205373058 6.2 15
1718205383077 6.2 16
1718205393095 6.0 17
1718205403115 6.2 18
1718205413132 6.2 19
1718205423149 6.3 20
1718205433171 6.2 21
1718205443191 6.3 22
1718205453210 6.3 23
1718205463230 6.0 24
1718205473257 6.2 25
1718205483279 6.3 26
1718205493314 6.1 27
1718205503331 6.0 28
1718205513351 6.0 29
1718205523377 6.3 30
1718205533402 6.1 31
1718205543431 6.7 32
1718205553460 6.3 33
1718205563481 6.0 34
1718205573511 6.5 35
1718205583536 6.3 36
1718205593563 6.4 37
1718205603590 6.3 38
1718205613622 6.4 39
1718205623646 6.2 40
1718205633674 6.3 41
1718205643705 6.4 42
1718205653725 6.1 43
1718205663743 6.2 44
1718205673762 6.0 45
1718205683780 6.4 46
1718205693803 6.5 47
1718205703821 6.2 48
1718205713839 6.2 49
1718205723856 6.1 50
1718205733876 6.2 51
1718205743895 6.2 52
1718205753914 5.9 53
1718205763934 6.0 54
1718205773955 6.5 55
1718205783974 6.2 56
1718205793992 6.1 57
1718205804010 6.1 58
1718205814031 6.3 59
