1718205222738 374244.4 0
1718205232757 374243.6 1
1718205242774 374243.6 2
1718205252792 374243.6 3
1718205262811 374243.5 4
1718205272827 374243.5 5
1718205282844 374243.5 6
1718205292881 374243.5 7
1718205302899 374243.5 8
1718205312914 374243.5 9
1718205322932 374243.5 10
1718205332952 374243.5 11
1718205342972 374243.5 12
1718205352989 374243.5 13
1718205363009 374243.5 14
1718205373058 374243.5 15
1718205383077 374243.5 16
1718205393095 374243.5 17
1718205403115 374243.5 18
1718205413132 374243.5 19
1718205423149 374243.5 20
1718205433171 374243.5 21
1718205443191 374243.5 22
1718205453210 374243.5 23
1718205463230 374243.5 24
1718205473257 374243.5 25
1718205483279 374243.5 26
1718205493314 374243.5 27
1718205503331 374243.5 28
1718205513351 374243.5 29
1718205523377 374243.5 30
1718205533402 374243.5 31
1718205543431 374243.5 32
1718205553460 374243.5 33
1718205563481 374243.5 34
1718205573511 374243.5 35
1718205583536 374243.5 36
1718205593563 374243.5 37
1718205603590 374243.5 38
1718205613622 374243.5 39
1718205623646 374243.5 40
1718205633674 374243.5 41
1718205643705 374243.5 42
1718205653725 374243.5 43
1718205663743 374243.5 44
1718205673762 374243.5 45
1718205683780 374243.5 46
1718205693803 374243.5 47
1718205703821 374243.5 48
1718205713839 374243.5 49
1718205723856 374243.5 50
1718205733876 374243.5 51
1718205743895 374243.5 52
1718205753914 374243.5 53
1718205763934 374243.5 54
1718205773955 374243.5 55
1718205783974 374243.5 56
1718205793992 374243.5 57
1718205804010 374243.5 58
1718205814031 374243.5 59
