1718205222738 59.9 0
1718205232757 59.9 1
1718205242774 59.9 2
1718205252792 59.9 3
1718205262811 59.9 4
1718205272827 59.9 5
1718205282844 59.9 6
1718205292881 59.9 7
1718205302899 59.9 8
1718205312914 59.9 9
1718205322932 59.9 10
1718205332952 59.9 11
1718205342972 59.9 12
1718205352989 59.9 13
1718205363009 59.9 14
1718205373058 59.9 15
1718205383077 59.9 16
1718205393095 59.9 17
1718205403115 59.9 18
1718205413132 59.9 19
1718205423149 59.9 20
1718205433171 59.9 21
1718205443191 59.9 22
1718205453210 59.9 23
1718205463230 59.9 24
1718205473257 59.9 25
1718205483279 59.9 26
1718205493314 59.9 27
1718205503331 59.9 28
1718205513351 59.9 29
1718205523377 59.9 30
1718205533402 59.9 31
1718205543431 59.9 32
1718205553460 59.9 33
1718205563481 59.9 34
1718205573511 59.9 35
1718205583536 59.9 36
1718205593563 59.9 37
1718205603590 59.9 38
1718205613622 59.9 39
1718205623646 59.9 40
1718205633674 59.9 41
1718205643705 59.9 42
1718205653725 59.9 43
1718205663743 59.9 44
1718205673762 59.9 45
1718205683780 59.9 46
1718205693803 59.9 47
1718205703821 59.9 48
1718205713839 59.9 49
1718205723856 59.9 50
1718205733876 59.9 51
1718205743895 59.9 52
1718205753914 59.9 53
1718205763934 59.9 54
1718205773955 59.9 55
1718205783974 59.9 56
1718205793992 59.9 57
1718205804010 59.9 58
1718205814031 59.9 59
