1718205222738 558576.4 0
1718205232757 558577.3 1
1718205242774 558577.3 2
1718205252792 558577.3 3
1718205262811 558577.3 4
1718205272827 558577.3 5
1718205282844 558577.3 6
1718205292881 558577.3 7
1718205302899 558577.3 8
1718205312914 558577.3 9
1718205322932 558577.3 10
1718205332952 558577.3 11
1718205342972 558577.3 12
1718205352989 558577.3 13
1718205363009 558577.3 14
1718205373058 558577.3 15
1718205383077 558577.3 16
1718205393095 558577.3 17
1718205403115 558577.3 18
1718205413132 558577.3 19
1718205423149 558577.3 20
1718205433171 558577.3 21
1718205443191 558577.3 22
1718205453210 558577.3 23
1718205463230 558577.3 24
1718205473257 558577.3 25
1718205483279 558577.3 26
1718205493314 558577.3 27
1718205503331 558577.3 28
1718205513351 558577.3 29
1718205523377 558577.3 30
1718205533402 558577.3 31
1718205543431 558577.3 32
1718205553460 558577.3 33
1718205563481 558577.3 34
1718205573511 558577.3 35
1718205583536 558577.3 36
1718205593563 558577.3 37
1718205603590 558577.3 38
1718205613622 558577.3 39
1718205623646 558577.3 40
1718205633674 558577.3 41
1718205643705 558577.3 42
1718205653725 558577.3 43
1718205663743 558577.3 44
1718205673762 558577.3 45
1718205683780 558577.3 46
1718205693803 558577.3 47
1718205703821 558577.3 48
1718205713839 558577.3 49
1718205723856 558577.3 50
1718205733876 558577.3 51
1718205743895 558577.3 52
1718205753914 558577.3 53
1718205763934 558577.3 54
1718205773955 558577.3 55
1718205783974 558577.3 56
1718205793992 558577.3 57
1718205804010 558577.3 58
1718205814031 558577.3 59
