1718205222738 7912.3 0
1718205232757 10950.9 1
1718205242774 11756.2 2
1718205252792 11756.2 3
1718205262811 11756.2 4
1718205272827 11756.2 5
1718205282844 11756.2 6
1718205292881 11752.0 7
1718205302899 11752.0 8
1718205312914 11752.0 9
1718205322932 11752.0 10
1718205332952 11752.0 11
1718205342972 11752.0 12
1718205352989 11775.1 13
1718205363009 11775.1 14
1718205373058 11775.1 15
1718205383077 11775.1 16
1718205393095 11775.1 17
1718205403115 11775.1 18
1718205413132 11775.1 19
1718205423149 11775.1 20
1718205433171 11775.1 21
1718205443191 11775.1 22
1718205453210 11775.1 23
1718205463230 11775.1 24
1718205473257 11779.3 25
1718205483279 11779.3 26
1718205493314 11779.3 27
1718205503331 11779.3 28
1718205513351 11779.3 29
1718205523377 11779.3 30
1718205533402 11779.3 31
1718205543431 11779.3 32
1718205553460 11779.3 33
1718205563481 11779.3 34
1718205573511 11779.3 35
1718205583536 11779.3 36
1718205593563 11779.2 37
1718205603590 11779.2 38
1718205613622 11779.2 39
1718205623646 11779.2 40
1718205633674 11779.2 41
1718205643705 11779.2 42
1718205653725 11779.2 43
1718205663743 11779.2 44
1718205673762 11779.2 45
1718205683780 11779.2 46
1718205693803 11779.2 47
1718205703821 11779.2 48
1718205713839 11779.2 49
1718205723856 11779.2 50
1718205733876 11779.2 51
1718205743895 11779.2 52
1718205753914 11779.2 53
1718205763934 11779.2 54
1718205773955 11779.2 55
1718205783974 11779.2 56
1718205793992 11779.2 57
1718205804010 11779.2 58
1718205814031 11779.2 59
