1718205222738 61.4 0
1718205232757 85.0 1
1718205242774 91.2 2
1718205252792 91.2 3
1718205262811 91.2 4
1718205272827 91.2 5
1718205282844 91.2 6
1718205292881 91.2 7
1718205302899 91.2 8
1718205312914 91.2 9
1718205322932 91.2 10
1718205332952 91.2 11
1718205342972 91.2 12
1718205352989 91.4 13
1718205363009 91.4 14
1718205373058 91.4 15
1718205383077 91.4 16
1718205393095 91.4 17
1718205403115 91.4 18
1718205413132 91.4 19
1718205423149 91.4 20
1718205433171 91.4 21
1718205443191 91.4 22
1718205453210 91.4 23
1718205463230 91.4 24
1718205473257 91.4 25
1718205483279 91.4 26
1718205493314 91.4 27
1718205503331 91.4 28
1718205513351 91.4 29
1718205523377 91.4 30
1718205533402 91.4 31
1718205543431 91.4 32
1718205553460 91.4 33
1718205563481 91.4 34
1718205573511 91.4 35
1718205583536 91.4 36
1718205593563 91.4 37
1718205603590 91.4 38
1718205613622 91.4 39
1718205623646 91.4 40
1718205633674 91.4 41
1718205643705 91.4 42
1718205653725 91.4 43
1718205663743 91.4 44
1718205673762 91.4 45
1718205683780 91.4 46
1718205693803 91.4 47
1718205703821 91.4 48
1718205713839 91.4 49
1718205723856 91.4 50
1718205733876 91.4 51
1718205743895 91.4 52
1718205753914 91.4 53
1718205763934 91.4 54
1718205773955 91.4 55
1718205783974 91.4 56
1718205793992 91.4 57
1718205804010 91.4 58
1718205814031 91.4 59
