1718205222738 10.0 0
1718205232757 96.0 1
1718205242774 91.0 2
1718205252792 96.0 3
1718205262811 95.0 4
1718205272827 97.0 5
1718205282844 97.0 6
1718205292881 92.0 7
1718205302899 97.0 8
1718205312914 97.0 9
1718205322932 91.0 10
1718205332952 97.0 11
1718205342972 91.0 12
1718205352989 96.0 13
1718205363009 96.0 14
1718205373058 91.0 15
1718205383077 96.0 16
1718205393095 97.0 17
1718205403115 97.0 18
1718205413132 95.0 19
1718205423149 96.0 20
1718205433171 96.0 21
1718205443191 75.0 22
1718205453210 97.0 23
1718205463230 97.0 24
1718205473257 91.0 25
1718205483279 96.0 26
1718205493314 95.0 27
1718205503331 97.0 28
1718205513351 96.0 29
1718205523377 90.0 30
1718205533402 93.0 31
1718205543431 96.0 32
1718205553460 93.0 33
1718205563481 89.0 34
1718205573511 91.0 35
1718205583536 97.0 36
1718205593563 87.0 37
1718205603590 97.0 38
1718205613622 92.0 39
1718205623646 95.0 40
1718205633674 95.0 41
1718205643705 88.0 42
1718205653725 95.0 43
1718205663743 98.0 44
1718205673762 91.0 45
1718205683780 96.0 46
1718205693803 97.0 47
1718205703821 96.0 48
1718205713839 95.0 49
1718205723856 92.0 50
1718205733876 95.0 51
1718205743895 95.0 52
1718205753914 98.0 53
1718205763934 95.0 54
1718205773955 92.0 55
1718205783974 96.0 56
1718205793992 96.0 57
1718205804010 91.0 58
1718205814031 75.0 59
