1718205222738 0.0 0
1718205232757 0.0 1
1718205242774 0.0 2
1718205252792 0.006347000000459957 3
1718205262811 0.006347000000459957 4
1718205272827 0.006447000001571723 5
1718205282844 0.006447000001571723 6
1718205292881 0.006447000001571723 7
1718205302899 0.006507000000055996 8
1718205312914 0.010691000001315842 9
1718205322932 0.010691000001315842 10
1718205332952 0.010691000001315842 11
1718205342972 0.011719000000084634 12
1718205352989 0.011779000000387896 13
1718205363009 0.011779000000387896 14
1718205373058 0.03260700000100769 15
1718205383077 0.057233999999880325 16
1718205393095 0.068570000001273 17
1718205403115 0.06899100000009639 18
1718205413132 0.06937800000014249 19
1718205423149 0.06951000000117347 20
1718205433171 0.07444700000087323 21
1718205443191 0.07460300000093412 22
1718205453210 0.07460300000093412 23
1718205463230 0.074759000000995 24
1718205473257 0.07495100000051025 25
1718205483279 0.07495100000051025 26
1718205493314 0.0791349999999511 27
1718205503331 0.07919500000025437 28
1718205513351 0.07958200000030047 29
1718205523377 0.07958200000030047 30
1718205533402 0.07968200000141223 31
1718205543431 0.07968200000141223 32
1718205553460 0.08386600000085309 33
1718205563481 0.08392600000115635 34
1718205573511 0.08392600000115635 35
1718205583536 0.08392600000115635 36
1718205593563 0.08392600000115635 37
1718205603590 0.08398600000145962 38
1718205613622 0.08823800000027404 39
1718205623646 0.08823800000027404 40
1718205633674 0.08823800000027404 41
1718205643705 0.11002300000109244 42
1718205653725 0.11012300000038522 43
1718205663743 0.11012300000038522 44
1718205673762 0.11430699999982608 45
1718205683780 0.13972300000023097 46
1718205693803 0.13995500000055472 47
1718205703821 0.13995500000055472 48
1718205713839 0.13995500000055472 49
1718205723856 0.14023700000143435 50
1718205733876 0.14523600000029546 51
1718205743895 0.14523600000029546 52
1718205753914 0.14523600000029546 53
1718205763934 0.14523600000029546 54
1718205773955 0.14605800000026647 55
1718205783974 0.14645800000107556 56
1718205793992 0.15064200000051642 57
1718205804010 0.15076200000112294 58
1718205814031 0.1508880000001227 59
