1718205222738 0.0 0
1718205232757 0.0 1
1718205242774 0.0 2
1718205252792 0.004270000000019536 3
1718205262811 0.004270000000019536 4
1718205272827 0.004270000000019536 5
1718205282844 0.004344000000003234 6
1718205292881 0.004344000000003234 7
1718205302899 0.004492000000027474 8
1718205312914 0.008676000000036765 9
1718205322932 0.008899000000042179 10
1718205332952 0.009102000000041244 11
1718205342972 0.010084000000006199 12
1718205352989 0.010146000000020194 13
1718205363009 0.010146000000020194 14
1718205373058 0.023408000000017637 15
1718205383077 0.041285000000016225 16
1718205393095 0.05424900000002708 17
1718205403115 0.055607000000009066 18
1718205413132 0.056357000000048174 19
1718205423149 0.05669500000004746 20
1718205433171 0.061776000000008935 21
1718205443191 0.061948000000029424 22
1718205453210 0.061948000000029424 23
1718205463230 0.06212000000004991 24
1718205473257 0.06252000000000635 25
1718205483279 0.06252000000000635 26
1718205493314 0.06670400000001564 27
1718205503331 0.06670400000001564 28
1718205513351 0.06727600000004941 29
1718205523377 0.06727600000004941 30
1718205533402 0.0673500000000331 31
1718205543431 0.0673500000000331 32
1718205553460 0.0716199999999958 33
1718205563481 0.0716820000000098 34
1718205573511 0.0716820000000098 35
1718205583536 0.0716820000000098 36
1718205593563 0.0716820000000098 37
1718205603590 0.07183000000003403 38
1718205613622 0.07630600000004506 39
1718205623646 0.07630600000004506 40
1718205633674 0.07643000000001621 41
1718205643705 0.08783600000003844 42
1718205653725 0.08783600000003844 43
1718205663743 0.08791000000002214 44
1718205673762 0.09209400000003143 45
1718205683780 0.10344200000002957 46
1718205693803 0.1037600000000225 47
1718205703821 0.1037600000000225 48
1718205713839 0.10384600000003275 49
1718205723856 0.10427600000002712 50
1718205733876 0.10919100000000981 51
1718205743895 0.10927700000002005 52
1718205753914 0.10927700000002005 53
1718205763934 0.10927700000002005 54
1718205773955 0.10959700000000794 55
1718205783974 0.10973300000000563 56
1718205793992 0.11391700000001492 57
1718205804010 0.11391700000001492 58
1718205814031 0.11406500000003916 59
