1718205222738 20.6 0
1718205232757 24.4 1
1718205242774 24.4 2
1718205252792 24.5 3
1718205262811 24.5 4
1718205272827 24.5 5
1718205282844 24.5 6
1718205292881 24.5 7
1718205302899 24.5 8
1718205312914 24.4 9
1718205322932 24.4 10
1718205332952 24.4 11
1718205342972 24.4 12
1718205352989 24.5 13
1718205363009 24.4 14
1718205373058 24.5 15
1718205383077 24.5 16
1718205393095 24.5 17
1718205403115 24.5 18
1718205413132 24.5 19
1718205423149 24.5 20
1718205433171 24.5 21
1718205443191 24.5 22
1718205453210 24.5 23
1718205463230 24.5 24
1718205473257 24.5 25
1718205483279 24.5 26
1718205493314 24.5 27
1718205503331 24.5 28
1718205513351 24.5 29
1718205523377 24.5 30
1718205533402 24.5 31
1718205543431 24.5 32
1718205553460 24.4 33
1718205563481 24.4 34
1718205573511 24.5 35
1718205583536 24.5 36
1718205593563 24.5 37
1718205603590 24.5 38
1718205613622 24.5 39
1718205623646 24.5 40
1718205633674 24.4 41
1718205643705 24.4 42
1718205653725 24.5 43
1718205663743 24.5 44
1718205673762 24.5 45
1718205683780 24.5 46
1718205693803 24.5 47
1718205703821 24.5 48
1718205713839 24.5 49
1718205723856 24.5 50
1718205733876 24.5 51
1718205743895 24.5 52
1718205753914 24.5 53
1718205763934 24.5 54
1718205773955 24.5 55
1718205783974 24.4 56
1718205793992 24.4 57
1718205804010 24.5 58
1718205814031 24.4 59
