1718205222738 6906.7 0
1718205232757 8199.2 1
1718205242774 8189.8 2
1718205252792 8205.0 3
1718205262811 8208.9 4
1718205272827 8212.2 5
1718205282844 8208.6 6
1718205292881 8204.6 7
1718205302899 8214.8 8
1718205312914 8198.6 9
1718205322932 8185.2 10
1718205332952 8199.6 11
1718205342972 8195.0 12
1718205352989 8204.2 13
1718205363009 8199.4 14
1718205373058 8212.0 15
1718205383077 8208.2 16
1718205393095 8213.0 17
1718205403115 8203.8 18
1718205413132 8207.6 19
1718205423149 8212.3 20
1718205433171 8207.3 21
1718205443191 8202.2 22
1718205453210 8209.9 23
1718205463230 8207.1 24
1718205473257 8205.1 25
1718205483279 8200.6 26
1718205493314 8210.7 27
1718205503331 8209.1 28
1718205513351 8203.9 29
1718205523377 8214.4 30
1718205533402 8207.8 31
1718205543431 8208.8 32
1718205553460 8197.1 33
1718205563481 8198.9 34
1718205573511 8203.8 35
1718205583536 8202.3 36
1718205593563 8210.4 37
1718205603590 8202.3 38
1718205613622 8207.3 39
1718205623646 8201.8 40
1718205633674 8199.5 41
1718205643705 8197.0 42
1718205653725 8215.1 43
1718205663743 8210.2 44
1718205673762 8214.7 45
1718205683780 8214.6 46
1718205693803 8213.8 47
1718205703821 8206.0 48
1718205713839 8208.4 49
1718205723856 8214.4 50
1718205733876 8211.9 51
1718205743895 8209.2 52
1718205753914 8203.6 53
1718205763934 8205.1 54
1718205773955 8201.3 55
1718205783974 8195.9 56
1718205793992 8193.2 57
1718205804010 8200.9 58
1718205814031 8195.6 59
