1718447704868 0.0 0
1718447714888 9.0 1
1718447724908 6.1 2
1718447734928 8.4 3
1718447744951 7.8 4
1718447754979 6.1 5
1718447765003 5.4 6
1718447775031 5.5 7
1718447785057 5.3 8
1718447795084 5.3 9
1718447805107 5.5 10
1718447815123 5.4 11
1718447825142 5.5 12
1718447835161 5.3 13
1718447845180 5.4 14
1718447855204 5.4 15
1718447865224 5.6 16
1718447875243 5.3 17
1718447885267 5.5 18
1718447895333 5.1 19
1718447905352 5.3 20
1718447915429 5.3 21
1718447925448 5.3 22
1718447935475 5.4 23
1718447945504 5.4 24
1718447955527 5.3 25
1718447965552 5.5 26
1718447975583 5.5 27
1718447985606 5.6 28
1718447995659 5.3 29
1718448005681 5.4 30
1718448015701 6.7 31
1718448025721 5.5 32
1718448035745 5.3 33
1718448045792 5.3 34
1718448055811 5.6 35
1718448065831 5.3 36
1718448075848 6.0 37
1718448085867 5.3 38
1718448095888 5.4 39
1718448105922 5.3 40
1718448115945 5.6 41
1718448125966 5.2 42
1718448135986 5.4 43
1718448146014 5.4 44
1718448156033 5.5 45
1718448166055 5.4 46
1718448176074 5.4 47
1718448186099 5.3 48
1718448196120 5.3 49
1718448206158 5.3 50
1718448216187 5.2 51
1718448226248 5.4 52
1718448236277 5.7 53
1718448246300 5.3 54
1718448256354 5.2 55
1718448266382 5.8 56
1718448276403 5.3 57
1718448286425 5.3 58
1718448296458 5.9 59
1718448306487 8.4 60
1718448316516 8.1 61
1718448326540 7.8 62
1718448336570 6.4 63
1718448346600 6.9 64
1718448356623 7.2 65
1718448366651 7.0 66
1718448376673 6.2 67
1718448386701 6.4 68
1718448396725 5.5 69
1718448406753 5.6 70
1718448416779 5.8 71
1718448426807 7.4 72
1718448436830 7.5 73
1718448446853 7.5 74
1718448456874 6.9 75
1718448466896 9.3 76
1718448476924 7.7 77
1718448486957 5.6 78
1718448497015 5.9 79
1718448507045 5.6 80
1718448517071 5.5 81
1718448527094 6.1 82
1718448537118 8.7 83
1718448550016 9.4 84
1718448560051 5.4 85
1718448570083 6.6 86
1718448580106 9.2 87
1718448590128 9.4 88
1718448600157 8.5 89
1718448610187 7.6 90
1718448620213 7.3 91
1718448630236 6.6 92
1718448640260 7.4 93
1718448650288 7.3 94
1718448660313 8.0 95
1718448670336 7.8 96
1718448680359 6.5 97
1718448690391 7.0 98
1718448700418 8.0 99
1718448710438 7.8 100
1718448720456 6.4 101
1718448730477 5.4 102
1718448740500 5.4 103
1718448750523 5.2 104
1718448760559 5.6 105
1718448770581 5.3 106
1718448780605 5.3 107
1718448790637 5.3 108
1718448800676 5.5 109
1718448810719 5.2 110
1718448820758 5.5 111
1718448830794 5.3 112
1718448840825 5.3 113
1718448850851 5.4 114
1718448860880 5.4 115
1718448870922 5.2 116
1718448880966 5.3 117
1718448890998 6.1 118
1718448901020 6.9 119
1718448911046 6.2 120
1718448921069 7.3 121
1718448931090 7.2 122
1718448941135 5.9 123
1718448951165 7.8 124
1718448961197 5.7 125
1718448971225 5.7 126
1718448981247 5.3 127
1718448991277 5.4 128
1718449001305 5.3 129
1718449011334 5.3 130
1718449021364 5.3 131
1718449031386 5.4 132
1718449041410 5.3 133
1718449051436 5.2 134
1718449061467 5.6 135
1718449071499 5.5 136
1718449081527 5.7 137
1718449091559 5.2 138
1718449101591 5.4 139
1718449111624 5.3 140
1718449121654 5.4 141
1718449131701 5.3 142
1718449141729 5.7 143
1718449151772 5.3 144
1718449161805 5.4 145
1718449171832 5.6 146
1718449181862 6.0 147
1718449191893 5.4 148
1718449201931 5.6 149
1718449211962 5.7 150
1718449221988 5.9 151
1718449232019 5.7 152
1718449242044 6.1 153
1718449252072 5.7 154
1718449262165 7.2 155
1718449272203 6.2 156
1718449282246 5.7 157
1718449292283 5.9 158
1718449302313 5.9 159
1718449312335 5.8 160
1718449322375 5.7 161
1718449332416 5.7 162
1718449342446 6.0 163
1718449352488 5.6 164
1718449362517 6.1 165
1718449372554 5.9 166
1718449382625 5.7 167
1718449398420 5.6 168
1718449408448 3.6 169
1718449418475 5.3 170
1718449428516 5.6 171
1718449438543 5.3 172
1718449448570 5.3 173
1718449458635 5.5 174
1718449468665 5.5 175
1718449478695 5.6 176
1718449488719 5.6 177
1718449498756 5.3 178
1718449508792 5.3 179
1718449518835 5.4 180
1718449528880 5.6 181
1718449538910 5.5 182
1718449548940 5.4 183
1718449558966 5.4 184
1718449568997 6.7 185
1718449579020 5.5 186
1718449589045 5.2 187
1718449599081 5.3 188
1718449609107 5.5 189
1718449619143 5.6 190
1718449629205 5.3 191
1718449639231 5.6 192
1718449649253 5.5 193
1718449659283 5.5 194
1718449669307 5.6 195
1718449679388 5.2 196
1718449689414 5.3 197
1718449699438 5.2 198
1718449709464 5.3 199
1718449719495 5.5 200
1718449729565 5.7 201
1718449739590 5.2 202
1718449749645 5.6 203
1718449759713 5.4 204
1718449769739 5.4 205
1718449779764 5.3 206
1718449789788 5.4 207
1718449799814 5.1 208
1718449809840 5.5 209
1718449819878 5.5 210
1718449829904 5.7 211
1718449839926 5.3 212
1718449849950 5.5 213
1718449859975 5.2 214
1718449870013 5.7 215
1718449880037 5.9 216
1718449890061 5.2 217
1718449900117 5.4 218
1718449910154 5.4 219
1718449920179 5.4 220
1718449930204 5.3 221
1718449940230 5.5 222
1718449950254 5.4 223
1718449960275 5.5 224
1718449970301 5.5 225
1718449980325 5.3 226
1718449990349 5.3 227
1718450000377 5.4 228
1718450010421 5.4 229
1718450020459 5.3 230
1718450030488 6.9 231
1718450040512 7.8 232
1718450050542 7.0 233
1718450060582 7.4 234
1718450070610 6.6 235
1718450080688 7.5 236
1718450090716 7.3 237
1718450100742 6.7 238
1718450110768 7.6 239
1718450120793 7.1 240
1718450130820 7.3 241
1718450140846 7.0 242
1718450150874 8.2 243
1718450160916 7.1 244
1718450170949 7.1 245
1718450180976 7.8 246
1718450191003 8.0 247
1718450201027 6.0 248
1718450211054 5.5 249
1718450221085 5.7 250
1718450231165 5.9 251
1718450241197 5.6 252
1718450251225 4.5 253
1718450261251 5.7 254
1718450271277 5.6 255
1718450281304 5.4 256
1718450291401 5.5 257
1718450301430 5.9 258
1718450311459 6.7 259
1718450321485 6.7 260
1718450331513 5.4 261
1718450341538 5.7 262
1718450351563 6.6 263
1718450361590 7.3 264
1718450371614 5.9 265
1718450381650 7.6 266
1718450391680 6.7 267
1718450401708 7.3 268
1718450411793 6.1 269
1718450421827 6.1 270
1718450431850 6.3 271
1718450441883 7.7 272
1718450451920 6.3 273
1718450461946 6.8 274
1718450471987 8.8 275
1718450482015 7.7 276
1718450492043 6.9 277
1718450502087 7.6 278
1718450512176 6.5 279
1718450522214 6.6 280
1718450532245 6.8 281
1718450542327 6.5 282
1718450552359 9.2 283
1718450562386 6.1 284
1718450572420 6.3 285
1718450582457 7.4 286
1718450592496 6.7 287
1718450602524 7.8 288
1718450612558 6.6 289
1718450622585 7.0 290
1718450632615 7.0 291
1718450642644 6.6 292
1718450652677 7.1 293
1718450662757 8.3 294
1718450672818 6.9 295
1718450682846 7.1 296
1718450692913 7.2 297
1718450702941 5.9 298
1718450712977 7.5 299
1718450723018 7.0 300
1718450733050 7.2 301
1718450743079 5.9 302
1718450753135 5.9 303
1718450763173 6.0 304
1718450773205 7.4 305
1718450783292 5.3 306
1718450793325 5.3 307
1718450803350 5.4 308
1718450813380 7.0 309
1718450823409 5.5 310
1718450833437 7.6 311
1718450843523 6.5 312
1718450853557 6.1 313
1718450863593 5.6 314
1718450873676 5.6 315
1718450883757 5.5 316
1718450893791 7.0 317
1718450903875 8.6 318
1718450913898 6.9 319
1718450923924 6.9 320
1718450934019 6.5 321
1718450944055 5.8 322
1718450954084 6.1 323
1718450964157 5.8 324
1718450974188 6.0 325
1718450984238 6.2 326
1718450994280 6.6 327
1718451004311 6.6 328
1718451014341 5.9 329
1718451024368 5.8 330
1718451034398 6.8 331
1718451044430 6.8 332
1718451054462 6.1 333
1718451064494 7.2 334
1718451074522 6.3 335
1718451088634 5.9 336
1718451098663 5.2 337
1718451108691 5.6 338
1718451118732 8.8 339
1718451128775 6.5 340
1718451138806 5.9 341
1718451148842 5.9 342
1718451158887 6.0 343
1718451168918 5.5 344
1718451178962 6.0 345
1718451188991 13.2 346
