1718447704868 646160.2 0
1718447714888 646161.3 1
1718447724908 646161.4 2
1718447734928 646161.7 3
1718447744951 646161.5 4
1718447754979 646161.5 5
1718447765003 646161.5 6
1718447775031 646160.7 7
1718447785057 646160.7 8
1718447795084 646160.7 9
1718447805107 646160.7 10
1718447815123 646160.7 11
1718447825142 646160.7 12
1718447835161 646160.7 13
1718447845180 646160.7 14
1718447855204 646160.7 15
1718447865224 646157.7 16
1718447875243 646157.7 17
1718447885267 646157.7 18
1718447895333 646157.8 19
1718447905352 646157.8 20
1718447915429 646157.8 21
1718447925448 646157.8 22
1718447935475 646157.8 23
1718447945504 646157.8 24
1718447955527 646157.8 25
1718447965552 646157.8 26
1718447975583 646157.8 27
1718447985606 646157.8 28
1718447995659 646157.8 29
1718448005681 646157.8 30
1718448015701 646157.9 31
1718448025721 646158.1 32
1718448035745 646158.1 33
1718448045792 646158.1 34
1718448055811 646158.1 35
1718448065831 646158.1 36
1718448075848 646158.2 37
1718448085867 646158.2 38
1718448095888 646158.2 39
1718448105922 646158.2 40
1718448115945 646158.2 41
1718448125966 646158.2 42
1718448135986 646158.2 43
1718448146014 646158.2 44
1718448156033 646158.2 45
1718448166055 646158.2 46
1718448176074 646158.2 47
1718448186099 646158.2 48
1718448196120 646158.2 49
1718448206158 646158.2 50
1718448216187 646158.2 51
1718448226248 646158.2 52
1718448236277 646158.2 53
1718448246300 646158.2 54
1718448256354 646158.2 55
1718448266382 646158.2 56
1718448276403 646158.2 57
1718448286425 646158.2 58
1718448296458 646158.2 59
1718448306487 646158.8 60
1718448316516 646159.4 61
1718448326540 646160.5 62
1718448336570 646160.6 63
1718448346600 646160.6 64
1718448356623 646160.8 65
1718448366651 646161.2 66
1718448376673 646161.2 67
1718448386701 646161.2 68
1718448396725 646161.2 69
1718448406753 646161.2 70
1718448416779 646161.2 71
1718448426807 646164.6 72
1718448436830 646164.6 73
1718448446853 646164.6 74
1718448456874 646164.6 75
1718448466896 646164.6 76
1718448476924 646164.6 77
1718448486957 646164.6 78
1718448497015 646164.6 79
1718448507045 646164.6 80
1718448517071 646164.6 81
1718448527094 646164.6 82
1718448537118 646164.6 83
1718448550016 646164.6 84
1718448560051 646164.7 85
1718448570083 646164.7 86
1718448580106 646164.7 87
1718448590128 646164.7 88
1718448600157 646164.7 89
1718448610187 646164.7 90
1718448620213 646164.6 91
1718448630236 646164.7 92
1718448640260 646164.7 93
1718448650288 646164.7 94
1718448660313 646164.7 95
1718448670336 646164.7 96
1718448680359 646164.7 97
1718448690391 646164.7 98
1718448700418 646164.7 99
1718448710438 646164.7 100
1718448720456 646164.7 101
1718448730477 646164.7 102
1718448740500 646164.7 103
1718448750523 646164.7 104
1718448760559 646164.7 105
1718448770581 646164.7 106
1718448780605 646164.7 107
1718448790637 646164.7 108
1718448800676 646164.7 109
1718448810719 646164.7 110
1718448820758 646164.7 111
1718448830794 646164.7 112
1718448840825 646164.7 113
1718448850851 646164.7 114
1718448860880 646164.7 115
1718448870922 646164.7 116
1718448880966 646164.7 117
1718448890998 646164.7 118
1718448901020 646164.4 119
1718448911046 646164.3 120
1718448921069 646164.3 121
1718448931090 646164.2 122
1718448941135 646164.2 123
1718448951165 646164.3 124
1718448961197 646164.3 125
1718448971225 646164.3 126
1718448981247 646164.2 127
1718448991277 646164.2 128
1718449001305 646164.2 129
1718449011334 646164.2 130
1718449021364 646164.2 131
1718449031386 646164.2 132
1718449041410 646164.2 133
1718449051436 646164.2 134
1718449061467 646164.2 135
1718449071499 646164.2 136
1718449081527 646164.2 137
1718449091559 646164.2 138
1718449101591 646164.2 139
1718449111624 646164.2 140
1718449121654 646164.2 141
1718449131701 646164.2 142
1718449141729 646164.2 143
1718449151772 646164.2 144
1718449161805 646164.2 145
1718449171832 646164.2 146
1718449181862 646164.2 147
1718449191893 646164.2 148
1718449201931 646164.2 149
1718449211962 646164.2 150
1718449221988 646164.2 151
1718449232019 646164.2 152
1718449242044 646164.2 153
1718449252072 646164.2 154
1718449262165 646164.3 155
1718449272203 646164.2 156
1718449282246 646164.2 157
1718449292283 646164.2 158
1718449302313 646164.2 159
1718449312335 646164.2 160
1718449322375 646164.2 161
1718449332416 646164.2 162
1718449342446 646164.2 163
1718449352488 646164.3 164
1718449362517 646164.3 165
1718449372554 646164.3 166
1718449382625 646164.3 167
1718449398420 646164.2 168
1718449408448 646164.3 169
1718449418475 646164.3 170
1718449428516 646164.3 171
1718449438543 646164.3 172
1718449448570 646164.3 173
1718449458635 646164.3 174
1718449468665 646164.3 175
1718449478695 646164.3 176
1718449488719 646164.2 177
1718449498756 646164.3 178
1718449508792 646164.3 179
1718449518835 646164.3 180
1718449528880 646164.3 181
1718449538910 646164.3 182
1718449548940 646164.3 183
1718449558966 646164.3 184
1718449568997 646164.3 185
1718449579020 646164.3 186
1718449589045 646164.3 187
1718449599081 646164.3 188
1718449609107 646164.3 189
1718449619143 646164.3 190
1718449629205 646164.3 191
1718449639231 646164.3 192
1718449649253 646164.3 193
1718449659283 646164.3 194
1718449669307 646164.3 195
1718449679388 646164.3 196
1718449689414 646164.3 197
1718449699438 646164.3 198
1718449709464 646164.3 199
1718449719495 646164.3 200
1718449729565 646164.3 201
1718449739590 646164.3 202
1718449749645 646164.3 203
1718449759713 646164.3 204
1718449769739 646164.3 205
1718449779764 646164.3 206
1718449789788 646164.3 207
1718449799814 646164.3 208
1718449809840 646164.3 209
1718449819878 646164.3 210
1718449829904 646164.3 211
1718449839926 646164.3 212
1718449849950 646164.3 213
1718449859975 646164.3 214
1718449870013 646164.3 215
1718449880037 646164.3 216
1718449890061 646164.3 217
1718449900117 646164.3 218
1718449910154 646164.3 219
1718449920179 646164.3 220
1718449930204 646164.3 221
1718449940230 646164.3 222
1718449950254 646164.3 223
1718449960275 646164.3 224
1718449970301 646164.3 225
1718449980325 646164.3 226
1718449990349 646164.3 227
1718450000377 646164.3 228
1718450010421 646164.3 229
1718450020459 646164.3 230
1718450030488 646164.3 231
1718450040512 646164.5 232
1718450050542 646164.5 233
1718450060582 646164.7 234
1718450070610 646164.5 235
1718450080688 646164.7 236
1718450090716 646164.6 237
1718450100742 646164.7 238
1718450110768 646164.8 239
1718450120793 646164.7 240
1718450130820 646164.7 241
1718450140846 646164.7 242
1718450150874 646164.9 243
1718450160916 646164.8 244
1718450170949 646164.9 245
1718450180976 646164.9 246
1718450191003 646165.0 247
1718450201027 646165.0 248
1718450211054 646165.0 249
1718450221085 646165.0 250
1718450231165 646165.0 251
1718450241197 646165.0 252
1718450251225 646165.0 253
1718450261251 646165.0 254
1718450271277 646165.0 255
1718450281304 646165.0 256
1718450291401 646165.0 257
1718450301430 646165.1 258
1718450311459 646165.3 259
1718450321485 646165.3 260
1718450331513 646165.3 261
1718450341538 646165.3 262
1718450351563 646165.4 263
1718450361590 646165.5 264
1718450371614 646165.5 265
1718450381650 646165.5 266
1718450391680 646165.5 267
1718450401708 646165.6 268
1718450411793 646165.6 269
1718450421827 646165.6 270
1718450431850 646165.6 271
1718450441883 646165.7 272
1718450451920 646165.7 273
1718450461946 646165.8 274
1718450471987 646165.8 275
1718450482015 646165.7 276
1718450492043 646165.7 277
1718450502087 646165.8 278
1718450512176 646166.1 279
1718450522214 646166.2 280
1718450532245 646166.2 281
1718450542327 646166.2 282
1718450552359 646166.3 283
1718450562386 646166.3 284
1718450572420 646166.4 285
1718450582457 646166.4 286
1718450592496 646166.4 287
1718450602524 646166.4 288
1718450612558 646166.4 289
1718450622585 646166.4 290
1718450632615 646166.4 291
1718450642644 646166.4 292
1718450652677 646166.5 293
1718450662757 646166.5 294
1718450672818 646166.5 295
1718450682846 646166.5 296
1718450692913 646166.5 297
1718450702941 646166.5 298
1718450712977 646166.5 299
1718450723018 646166.4 300
1718450733050 646166.6 301
1718450743079 646166.6 302
1718450753135 646166.6 303
1718450763173 646166.7 304
1718450773205 646166.9 305
1718450783292 646167.0 306
1718450793325 646167.0 307
1718450803350 646167.0 308
1718450813380 646167.0 309
1718450823409 646167.2 310
1718450833437 646167.2 311
1718450843523 646167.3 312
1718450853557 646167.2 313
1718450863593 646167.2 314
1718450873676 646167.2 315
1718450883757 646167.2 316
1718450893791 646167.3 317
1718450903875 646167.3 318
1718450913898 646167.3 319
1718450923924 646167.4 320
1718450934019 646167.4 321
1718450944055 646167.4 322
1718450954084 646167.4 323
1718450964157 646167.4 324
1718450974188 646167.4 325
1718450984238 646167.4 326
1718450994280 646167.3 327
1718451004311 646167.5 328
1718451014341 646167.6 329
1718451024368 646167.6 330
1718451034398 646167.6 331
1718451044430 646167.7 332
1718451054462 646167.9 333
1718451064494 646167.9 334
1718451074522 646167.9 335
1718451088634 646167.9 336
1718451098663 646167.9 337
1718451108691 646168.0 338
1718451118732 646168.0 339
1718451128775 646168.0 340
1718451138806 646168.0 341
1718451148842 646168.0 342
1718451158887 646168.0 343
1718451168918 646168.1 344
1718451178962 646168.1 345
1718451188991 646170.3 346
