1718447704868 286660.6 0
1718447714888 286659.5 1
1718447724908 286659.4 2
1718447734928 286659.2 3
1718447744951 286659.3 4
1718447754979 286659.3 5
1718447765003 286659.3 6
1718447775031 286660.1 7
1718447785057 286660.1 8
1718447795084 286660.1 9
1718447805107 286660.1 10
1718447815123 286660.1 11
1718447825142 286660.1 12
1718447835161 286660.1 13
1718447845180 286660.1 14
1718447855204 286660.1 15
1718447865224 286663.1 16
1718447875243 286663.1 17
1718447885267 286663.1 18
1718447895333 286663.1 19
1718447905352 286663.1 20
1718447915429 286663.1 21
1718447925448 286663.0 22
1718447935475 286663.0 23
1718447945504 286663.0 24
1718447955527 286663.0 25
1718447965552 286663.0 26
1718447975583 286663.0 27
1718447985606 286663.0 28
1718447995659 286663.0 29
1718448005681 286663.0 30
1718448015701 286662.9 31
1718448025721 286662.7 32
1718448035745 286662.7 33
1718448045792 286662.7 34
1718448055811 286662.7 35
1718448065831 286662.7 36
1718448075848 286662.7 37
1718448085867 286662.7 38
1718448095888 286662.7 39
1718448105922 286662.7 40
1718448115945 286662.6 41
1718448125966 286662.6 42
1718448135986 286662.6 43
1718448146014 286662.6 44
1718448156033 286662.6 45
1718448166055 286662.6 46
1718448176074 286662.6 47
1718448186099 286662.6 48
1718448196120 286662.6 49
1718448206158 286662.6 50
1718448216187 286662.6 51
1718448226248 286662.7 52
1718448236277 286662.6 53
1718448246300 286662.6 54
1718448256354 286662.6 55
1718448266382 286662.6 56
1718448276403 286662.6 57
1718448286425 286662.6 58
1718448296458 286662.6 59
1718448306487 286662.0 60
1718448316516 286661.4 61
1718448326540 286660.3 62
1718448336570 286660.2 63
1718448346600 286660.2 64
1718448356623 286660.0 65
1718448366651 286659.6 66
1718448376673 286659.6 67
1718448386701 286659.6 68
1718448396725 286659.6 69
1718448406753 286659.6 70
1718448416779 286659.6 71
1718448426807 286656.2 72
1718448436830 286656.2 73
1718448446853 286656.2 74
1718448456874 286656.2 75
1718448466896 286656.2 76
1718448476924 286656.2 77
1718448486957 286656.2 78
1718448497015 286656.2 79
1718448507045 286656.2 80
1718448517071 286656.2 81
1718448527094 286656.2 82
1718448537118 286656.2 83
1718448550016 286656.2 84
1718448560051 286656.1 85
1718448570083 286656.2 86
1718448580106 286656.2 87
1718448590128 286656.2 88
1718448600157 286656.2 89
1718448610187 286656.1 90
1718448620213 286656.2 91
1718448630236 286656.1 92
1718448640260 286656.1 93
1718448650288 286656.1 94
1718448660313 286656.1 95
1718448670336 286656.1 96
1718448680359 286656.1 97
1718448690391 286656.1 98
1718448700418 286656.1 99
1718448710438 286656.1 100
1718448720456 286656.1 101
1718448730477 286656.1 102
1718448740500 286656.1 103
1718448750523 286656.2 104
1718448760559 286656.1 105
1718448770581 286656.1 106
1718448780605 286656.1 107
1718448790637 286656.1 108
1718448800676 286656.1 109
1718448810719 286656.1 110
1718448820758 286656.1 111
1718448830794 286656.1 112
1718448840825 286656.1 113
1718448850851 286656.2 114
1718448860880 286656.1 115
1718448870922 286656.1 116
1718448880966 286656.1 117
1718448890998 286656.1 118
1718448901020 286656.4 119
1718448911046 286656.6 120
1718448921069 286656.5 121
1718448931090 286656.6 122
1718448941135 286656.6 123
1718448951165 286656.5 124
1718448961197 286656.5 125
1718448971225 286656.5 126
1718448981247 286656.6 127
1718448991277 286656.6 128
1718449001305 286656.6 129
1718449011334 286656.6 130
1718449021364 286656.6 131
1718449031386 286656.6 132
1718449041410 286656.6 133
1718449051436 286656.6 134
1718449061467 286656.6 135
1718449071499 286656.6 136
1718449081527 286656.6 137
1718449091559 286656.6 138
1718449101591 286656.6 139
1718449111624 286656.6 140
1718449121654 286656.6 141
1718449131701 286656.6 142
1718449141729 286656.6 143
1718449151772 286656.6 144
1718449161805 286656.6 145
1718449171832 286656.6 146
1718449181862 286656.6 147
1718449191893 286656.6 148
1718449201931 286656.6 149
1718449211962 286656.6 150
1718449221988 286656.6 151
1718449232019 286656.6 152
1718449242044 286656.6 153
1718449252072 286656.6 154
1718449262165 286656.5 155
1718449272203 286656.6 156
1718449282246 286656.6 157
1718449292283 286656.6 158
1718449302313 286656.6 159
1718449312335 286656.6 160
1718449322375 286656.6 161
1718449332416 286656.6 162
1718449342446 286656.6 163
1718449352488 286656.6 164
1718449362517 286656.6 165
1718449372554 286656.6 166
1718449382625 286656.6 167
1718449398420 286656.6 168
1718449408448 286656.6 169
1718449418475 286656.6 170
1718449428516 286656.6 171
1718449438543 286656.6 172
1718449448570 286656.6 173
1718449458635 286656.6 174
1718449468665 286656.6 175
1718449478695 286656.6 176
1718449488719 286656.6 177
1718449498756 286656.6 178
1718449508792 286656.6 179
1718449518835 286656.6 180
1718449528880 286656.6 181
1718449538910 286656.6 182
1718449548940 286656.5 183
1718449558966 286656.5 184
1718449568997 286656.5 185
1718449579020 286656.5 186
1718449589045 286656.5 187
1718449599081 286656.5 188
1718449609107 286656.5 189
1718449619143 286656.5 190
1718449629205 286656.5 191
1718449639231 286656.5 192
1718449649253 286656.5 193
1718449659283 286656.5 194
1718449669307 286656.5 195
1718449679388 286656.5 196
1718449689414 286656.5 197
1718449699438 286656.5 198
1718449709464 286656.5 199
1718449719495 286656.5 200
1718449729565 286656.5 201
1718449739590 286656.5 202
1718449749645 286656.5 203
1718449759713 286656.5 204
1718449769739 286656.5 205
1718449779764 286656.5 206
1718449789788 286656.5 207
1718449799814 286656.5 208
1718449809840 286656.5 209
1718449819878 286656.5 210
1718449829904 286656.5 211
1718449839926 286656.5 212
1718449849950 286656.5 213
1718449859975 286656.5 214
1718449870013 286656.5 215
1718449880037 286656.5 216
1718449890061 286656.5 217
1718449900117 286656.5 218
1718449910154 286656.5 219
1718449920179 286656.5 220
1718449930204 286656.5 221
1718449940230 286656.5 222
1718449950254 286656.5 223
1718449960275 286656.5 224
1718449970301 286656.5 225
1718449980325 286656.5 226
1718449990349 286656.5 227
1718450000377 286656.5 228
1718450010421 286656.5 229
1718450020459 286656.5 230
1718450030488 286656.5 231
1718450040512 286656.4 232
1718450050542 286656.3 233
1718450060582 286656.2 234
1718450070610 286656.3 235
1718450080688 286656.1 236
1718450090716 286656.2 237
1718450100742 286656.1 238
1718450110768 286656.0 239
1718450120793 286656.1 240
1718450130820 286656.1 241
1718450140846 286656.1 242
1718450150874 286655.9 243
1718450160916 286656.0 244
1718450170949 286656.0 245
1718450180976 286656.0 246
1718450191003 286655.8 247
1718450201027 286655.8 248
1718450211054 286655.8 249
1718450221085 286655.8 250
1718450231165 286655.8 251
1718450241197 286655.8 252
1718450251225 286655.8 253
1718450261251 286655.8 254
1718450271277 286655.8 255
1718450281304 286655.8 256
1718450291401 286655.8 257
1718450301430 286655.7 258
1718450311459 286655.6 259
1718450321485 286655.5 260
1718450331513 286655.5 261
1718450341538 286655.5 262
1718450351563 286655.5 263
1718450361590 286655.3 264
1718450371614 286655.3 265
1718450381650 286655.3 266
1718450391680 286655.3 267
1718450401708 286655.2 268
1718450411793 286655.2 269
1718450421827 286655.2 270
1718450431850 286655.2 271
1718450441883 286655.2 272
1718450451920 286655.1 273
1718450461946 286655.0 274
1718450471987 286655.0 275
1718450482015 286655.1 276
1718450492043 286655.1 277
1718450502087 286655.0 278
1718450512176 286654.7 279
1718450522214 286654.6 280
1718450532245 286654.6 281
1718450542327 286654.6 282
1718450552359 286654.5 283
1718450562386 286654.6 284
1718450572420 286654.4 285
1718450582457 286654.4 286
1718450592496 286654.4 287
1718450602524 286654.4 288
1718450612558 286654.4 289
1718450622585 286654.4 290
1718450632615 286654.4 291
1718450642644 286654.4 292
1718450652677 286654.4 293
1718450662757 286654.4 294
1718450672818 286654.3 295
1718450682846 286654.3 296
1718450692913 286654.3 297
1718450702941 286654.3 298
1718450712977 286654.3 299
1718450723018 286654.4 300
1718450733050 286654.2 301
1718450743079 286654.2 302
1718450753135 286654.2 303
1718450763173 286654.1 304
1718450773205 286653.9 305
1718450783292 286653.9 306
1718450793325 286653.9 307
1718450803350 286653.8 308
1718450813380 286653.8 309
1718450823409 286653.6 310
1718450833437 286653.6 311
1718450843523 286653.5 312
1718450853557 286653.6 313
1718450863593 286653.6 314
1718450873676 286653.6 315
1718450883757 286653.6 316
1718450893791 286653.5 317
1718450903875 286653.5 318
1718450913898 286653.5 319
1718450923924 286653.4 320
1718450934019 286653.4 321
1718450944055 286653.4 322
1718450954084 286653.4 323
1718450964157 286653.4 324
1718450974188 286653.5 325
1718450984238 286653.4 326
1718450994280 286653.5 327
1718451004311 286653.3 328
1718451014341 286653.3 329
1718451024368 286653.3 330
1718451034398 286653.2 331
1718451044430 286653.1 332
1718451054462 286653.0 333
1718451064494 286653.0 334
1718451074522 286652.9 335
1718451088634 286652.9 336
1718451098663 286652.9 337
1718451108691 286652.8 338
1718451118732 286652.8 339
1718451128775 286652.8 340
1718451138806 286652.8 341
1718451148842 286652.8 342
1718451158887 286652.8 343
1718451168918 286652.7 344
1718451178962 286652.7 345
1718451188991 286650.5 346
