1718447704868 69.3 0
1718447714888 69.3 1
1718447724908 69.3 2
1718447734928 69.3 3
1718447744951 69.3 4
1718447754979 69.3 5
1718447765003 69.3 6
1718447775031 69.3 7
1718447785057 69.3 8
1718447795084 69.3 9
1718447805107 69.3 10
1718447815123 69.3 11
1718447825142 69.3 12
1718447835161 69.3 13
1718447845180 69.3 14
1718447855204 69.3 15
1718447865224 69.3 16
1718447875243 69.3 17
1718447885267 69.3 18
1718447895333 69.3 19
1718447905352 69.3 20
1718447915429 69.3 21
1718447925448 69.3 22
1718447935475 69.3 23
1718447945504 69.3 24
1718447955527 69.3 25
1718447965552 69.3 26
1718447975583 69.3 27
1718447985606 69.3 28
1718447995659 69.3 29
1718448005681 69.3 30
1718448015701 69.3 31
1718448025721 69.3 32
1718448035745 69.3 33
1718448045792 69.3 34
1718448055811 69.3 35
1718448065831 69.3 36
1718448075848 69.3 37
1718448085867 69.3 38
1718448095888 69.3 39
1718448105922 69.3 40
1718448115945 69.3 41
1718448125966 69.3 42
1718448135986 69.3 43
1718448146014 69.3 44
1718448156033 69.3 45
1718448166055 69.3 46
1718448176074 69.3 47
1718448186099 69.3 48
1718448196120 69.3 49
1718448206158 69.3 50
1718448216187 69.3 51
1718448226248 69.3 52
1718448236277 69.3 53
1718448246300 69.3 54
1718448256354 69.3 55
1718448266382 69.3 56
1718448276403 69.3 57
1718448286425 69.3 58
1718448296458 69.3 59
1718448306487 69.3 60
1718448316516 69.3 61
1718448326540 69.3 62
1718448336570 69.3 63
1718448346600 69.3 64
1718448356623 69.3 65
1718448366651 69.3 66
1718448376673 69.3 67
1718448386701 69.3 68
1718448396725 69.3 69
1718448406753 69.3 70
1718448416779 69.3 71
1718448426807 69.3 72
1718448436830 69.3 73
1718448446853 69.3 74
1718448456874 69.3 75
1718448466896 69.3 76
1718448476924 69.3 77
1718448486957 69.3 78
1718448497015 69.3 79
1718448507045 69.3 80
1718448517071 69.3 81
1718448527094 69.3 82
1718448537118 69.3 83
1718448550016 69.3 84
1718448560051 69.3 85
1718448570083 69.3 86
1718448580106 69.3 87
1718448590128 69.3 88
1718448600157 69.3 89
1718448610187 69.3 90
1718448620213 69.3 91
1718448630236 69.3 92
1718448640260 69.3 93
1718448650288 69.3 94
1718448660313 69.3 95
1718448670336 69.3 96
1718448680359 69.3 97
1718448690391 69.3 98
1718448700418 69.3 99
1718448710438 69.3 100
1718448720456 69.3 101
1718448730477 69.3 102
1718448740500 69.3 103
1718448750523 69.3 104
1718448760559 69.3 105
1718448770581 69.3 106
1718448780605 69.3 107
1718448790637 69.3 108
1718448800676 69.3 109
1718448810719 69.3 110
1718448820758 69.3 111
1718448830794 69.3 112
1718448840825 69.3 113
1718448850851 69.3 114
1718448860880 69.3 115
1718448870922 69.3 116
1718448880966 69.3 117
1718448890998 69.3 118
1718448901020 69.3 119
1718448911046 69.3 120
1718448921069 69.3 121
1718448931090 69.3 122
1718448941135 69.3 123
1718448951165 69.3 124
1718448961197 69.3 125
1718448971225 69.3 126
1718448981247 69.3 127
1718448991277 69.3 128
1718449001305 69.3 129
1718449011334 69.3 130
1718449021364 69.3 131
1718449031386 69.3 132
1718449041410 69.3 133
1718449051436 69.3 134
1718449061467 69.3 135
1718449071499 69.3 136
1718449081527 69.3 137
1718449091559 69.3 138
1718449101591 69.3 139
1718449111624 69.3 140
1718449121654 69.3 141
1718449131701 69.3 142
1718449141729 69.3 143
1718449151772 69.3 144
1718449161805 69.3 145
1718449171832 69.3 146
1718449181862 69.3 147
1718449191893 69.3 148
1718449201931 69.3 149
1718449211962 69.3 150
1718449221988 69.3 151
1718449232019 69.3 152
1718449242044 69.3 153
1718449252072 69.3 154
1718449262165 69.3 155
1718449272203 69.3 156
1718449282246 69.3 157
1718449292283 69.3 158
1718449302313 69.3 159
1718449312335 69.3 160
1718449322375 69.3 161
1718449332416 69.3 162
1718449342446 69.3 163
1718449352488 69.3 164
1718449362517 69.3 165
1718449372554 69.3 166
1718449382625 69.3 167
1718449398420 69.3 168
1718449408448 69.3 169
1718449418475 69.3 170
1718449428516 69.3 171
1718449438543 69.3 172
1718449448570 69.3 173
1718449458635 69.3 174
1718449468665 69.3 175
1718449478695 69.3 176
1718449488719 69.3 177
1718449498756 69.3 178
1718449508792 69.3 179
1718449518835 69.3 180
1718449528880 69.3 181
1718449538910 69.3 182
1718449548940 69.3 183
1718449558966 69.3 184
1718449568997 69.3 185
1718449579020 69.3 186
1718449589045 69.3 187
1718449599081 69.3 188
1718449609107 69.3 189
1718449619143 69.3 190
1718449629205 69.3 191
1718449639231 69.3 192
1718449649253 69.3 193
1718449659283 69.3 194
1718449669307 69.3 195
1718449679388 69.3 196
1718449689414 69.3 197
1718449699438 69.3 198
1718449709464 69.3 199
1718449719495 69.3 200
1718449729565 69.3 201
1718449739590 69.3 202
1718449749645 69.3 203
1718449759713 69.3 204
1718449769739 69.3 205
1718449779764 69.3 206
1718449789788 69.3 207
1718449799814 69.3 208
1718449809840 69.3 209
1718449819878 69.3 210
1718449829904 69.3 211
1718449839926 69.3 212
1718449849950 69.3 213
1718449859975 69.3 214
1718449870013 69.3 215
1718449880037 69.3 216
1718449890061 69.3 217
1718449900117 69.3 218
1718449910154 69.3 219
1718449920179 69.3 220
1718449930204 69.3 221
1718449940230 69.3 222
1718449950254 69.3 223
1718449960275 69.3 224
1718449970301 69.3 225
1718449980325 69.3 226
1718449990349 69.3 227
1718450000377 69.3 228
1718450010421 69.3 229
1718450020459 69.3 230
1718450030488 69.3 231
1718450040512 69.3 232
1718450050542 69.3 233
1718450060582 69.3 234
1718450070610 69.3 235
1718450080688 69.3 236
1718450090716 69.3 237
1718450100742 69.3 238
1718450110768 69.3 239
1718450120793 69.3 240
1718450130820 69.3 241
1718450140846 69.3 242
1718450150874 69.3 243
1718450160916 69.3 244
1718450170949 69.3 245
1718450180976 69.3 246
1718450191003 69.3 247
1718450201027 69.3 248
1718450211054 69.3 249
1718450221085 69.3 250
1718450231165 69.3 251
1718450241197 69.3 252
1718450251225 69.3 253
1718450261251 69.3 254
1718450271277 69.3 255
1718450281304 69.3 256
1718450291401 69.3 257
1718450301430 69.3 258
1718450311459 69.3 259
1718450321485 69.3 260
1718450331513 69.3 261
1718450341538 69.3 262
1718450351563 69.3 263
1718450361590 69.3 264
1718450371614 69.3 265
1718450381650 69.3 266
1718450391680 69.3 267
1718450401708 69.3 268
1718450411793 69.3 269
1718450421827 69.3 270
1718450431850 69.3 271
1718450441883 69.3 272
1718450451920 69.3 273
1718450461946 69.3 274
1718450471987 69.3 275
1718450482015 69.3 276
1718450492043 69.3 277
1718450502087 69.3 278
1718450512176 69.3 279
1718450522214 69.3 280
1718450532245 69.3 281
1718450542327 69.3 282
1718450552359 69.3 283
1718450562386 69.3 284
1718450572420 69.3 285
1718450582457 69.3 286
1718450592496 69.3 287
1718450602524 69.3 288
1718450612558 69.3 289
1718450622585 69.3 290
1718450632615 69.3 291
1718450642644 69.3 292
1718450652677 69.3 293
1718450662757 69.3 294
1718450672818 69.3 295
1718450682846 69.3 296
1718450692913 69.3 297
1718450702941 69.3 298
1718450712977 69.3 299
1718450723018 69.3 300
1718450733050 69.3 301
1718450743079 69.3 302
1718450753135 69.3 303
1718450763173 69.3 304
1718450773205 69.3 305
1718450783292 69.3 306
1718450793325 69.3 307
1718450803350 69.3 308
1718450813380 69.3 309
1718450823409 69.3 310
1718450833437 69.3 311
1718450843523 69.3 312
1718450853557 69.3 313
1718450863593 69.3 314
1718450873676 69.3 315
1718450883757 69.3 316
1718450893791 69.3 317
1718450903875 69.3 318
1718450913898 69.3 319
1718450923924 69.3 320
1718450934019 69.3 321
1718450944055 69.3 322
1718450954084 69.3 323
1718450964157 69.3 324
1718450974188 69.3 325
1718450984238 69.3 326
1718450994280 69.3 327
1718451004311 69.3 328
1718451014341 69.3 329
1718451024368 69.3 330
1718451034398 69.3 331
1718451044430 69.3 332
1718451054462 69.3 333
1718451064494 69.3 334
1718451074522 69.3 335
1718451088634 69.3 336
1718451098663 69.3 337
1718451108691 69.3 338
1718451118732 69.3 339
1718451128775 69.3 340
1718451138806 69.3 341
1718451148842 69.3 342
1718451158887 69.3 343
1718451168918 69.3 344
1718451178962 69.3 345
1718451188991 69.3 346
