1718447704868 0.0 0
1718447714888 94.0 1
1718447724908 94.0 2
1718447734928 90.0 3
1718447744951 95.0 4
1718447754979 94.0 5
1718447765003 95.0 6
1718447775031 95.0 7
1718447785057 93.0 8
1718447795084 95.0 9
1718447805107 95.0 10
1718447815123 85.0 11
1718447825142 87.0 12
1718447835161 72.0 13
1718447845180 88.0 14
1718447855204 94.0 15
1718447865224 93.0 16
1718447875243 95.0 17
1718447885267 95.0 18
1718447895333 88.0 19
1718447905352 87.0 20
1718447915429 95.0 21
1718447925448 88.0 22
1718447935475 73.0 23
1718447945504 88.0 24
1718447955527 88.0 25
1718447965552 86.0 26
1718447975583 71.0 27
1718447985606 95.0 28
1718447995659 94.0 29
1718448005681 95.0 30
1718448015701 88.0 31
1718448025721 93.0 32
1718448035745 74.0 33
1718448045792 95.0 34
1718448055811 89.0 35
1718448065831 87.0 36
1718448075848 71.0 37
1718448085867 86.0 38
1718448095888 87.0 39
1718448105922 87.0 40
1718448115945 93.0 41
1718448125966 71.0 42
1718448135986 92.0 43
1718448146014 86.0 44
1718448156033 88.0 45
1718448166055 72.0 46
1718448176074 93.0 47
1718448186099 86.0 48
1718448196120 94.0 49
1718448206158 94.0 50
1718448216187 95.0 51
1718448226248 88.0 52
1718448236277 95.0 53
1718448246300 93.0 54
1718448256354 94.0 55
1718448266382 94.0 56
1718448276403 94.0 57
1718448286425 93.0 58
1718448296458 94.0 59
1718448306487 88.0 60
1718448316516 86.0 61
1718448326540 95.0 62
1718448336570 93.0 63
1718448346600 93.0 64
1718448356623 94.0 65
1718448366651 93.0 66
1718448376673 93.0 67
1718448386701 93.0 68
1718448396725 93.0 69
1718448406753 93.0 70
1718448416779 93.0 71
1718448426807 92.0 72
1718448436830 93.0 73
1718448446853 93.0 74
1718448456874 92.0 75
1718448466896 93.0 76
1718448476924 92.0 77
1718448486957 93.0 78
1718448497015 93.0 79
1718448507045 93.0 80
1718448517071 93.0 81
1718448527094 92.0 82
1718448537118 93.0 83
1718448550016 93.0 84
1718448560051 10.0 85
1718448570083 85.0 86
1718448580106 94.0 87
1718448590128 87.0 88
1718448600157 87.0 89
1718448610187 94.0 90
1718448620213 72.0 91
1718448630236 95.0 92
1718448640260 91.0 93
1718448650288 72.0 94
1718448660313 91.0 95
1718448670336 86.0 96
1718448680359 88.0 97
1718448690391 96.0 98
1718448700418 68.0 99
1718448710438 93.0 100
1718448720456 87.0 101
1718448730477 73.0 102
1718448740500 94.0 103
1718448750523 86.0 104
1718448760559 94.0 105
1718448770581 95.0 106
1718448780605 95.0 107
1718448790637 94.0 108
1718448800676 94.0 109
1718448810719 94.0 110
1718448820758 94.0 111
1718448830794 94.0 112
1718448840825 94.0 113
1718448850851 85.0 114
1718448860880 95.0 115
1718448870922 87.0 116
1718448880966 94.0 117
1718448890998 94.0 118
1718448901020 95.0 119
1718448911046 87.0 120
1718448921069 95.0 121
1718448931090 95.0 122
1718448941135 86.0 123
1718448951165 94.0 124
1718448961197 94.0 125
1718448971225 95.0 126
1718448981247 87.0 127
1718448991277 94.0 128
1718449001305 93.0 129
1718449011334 94.0 130
1718449021364 94.0 131
1718449031386 94.0 132
1718449041410 95.0 133
1718449051436 72.0 134
1718449061467 87.0 135
1718449071499 93.0 136
1718449081527 93.0 137
1718449091559 86.0 138
1718449101591 78.0 139
1718449111624 87.0 140
1718449121654 94.0 141
1718449131701 94.0 142
1718449141729 94.0 143
1718449151772 95.0 144
1718449161805 87.0 145
1718449171832 93.0 146
1718449181862 92.0 147
1718449191893 93.0 148
1718449201931 89.0 149
1718449211962 94.0 150
1718449221988 93.0 151
1718449232019 93.0 152
1718449242044 93.0 153
1718449252072 93.0 154
1718449262165 93.0 155
1718449272203 93.0 156
1718449282246 93.0 157
1718449292283 93.0 158
1718449302313 93.0 159
1718449312335 93.0 160
1718449322375 92.0 161
1718449332416 93.0 162
1718449342446 93.0 163
1718449352488 93.0 164
1718449362517 93.0 165
1718449372554 93.0 166
1718449382625 92.0 167
1718449398420 93.0 168
1718449408448 1.0 169
1718449418475 93.0 170
1718449428516 94.0 171
1718449438543 95.0 172
1718449448570 85.0 173
1718449458635 88.0 174
1718449468665 92.0 175
1718449478695 89.0 176
1718449488719 93.0 177
1718449498756 94.0 178
1718449508792 94.0 179
1718449518835 95.0 180
1718449528880 94.0 181
1718449538910 75.0 182
1718449548940 87.0 183
1718449558966 89.0 184
1718449568997 94.0 185
1718449579020 70.0 186
1718449589045 95.0 187
1718449599081 93.0 188
1718449609107 93.0 189
1718449619143 96.0 190
1718449629205 95.0 191
1718449639231 94.0 192
1718449649253 88.0 193
1718449659283 89.0 194
1718449669307 73.0 195
1718449679388 88.0 196
1718449689414 95.0 197
1718449699438 94.0 198
1718449709464 88.0 199
1718449719495 76.0 200
1718449729565 94.0 201
1718449739590 93.0 202
1718449749645 95.0 203
1718449759713 95.0 204
1718449769739 82.0 205
1718449779764 89.0 206
1718449789788 88.0 207
1718449799814 95.0 208
1718449809840 95.0 209
1718449819878 72.0 210
1718449829904 95.0 211
1718449839926 94.0 212
1718449849950 94.0 213
1718449859975 88.0 214
1718449870013 71.0 215
1718449880037 93.0 216
1718449890061 93.0 217
1718449900117 93.0 218
1718449910154 94.0 219
1718449920179 71.0 220
1718449930204 92.0 221
1718449940230 93.0 222
1718449950254 88.0 223
1718449960275 88.0 224
1718449970301 93.0 225
1718449980325 95.0 226
1718449990349 94.0 227
1718450000377 89.0 228
1718450010421 71.0 229
1718450020459 87.0 230
1718450030488 95.0 231
1718450040512 93.0 232
1718450050542 92.0 233
1718450060582 92.0 234
1718450070610 93.0 235
1718450080688 93.0 236
1718450090716 93.0 237
1718450100742 93.0 238
1718450110768 93.0 239
1718450120793 93.0 240
1718450130820 93.0 241
1718450140846 93.0 242
1718450150874 93.0 243
1718450160916 94.0 244
1718450170949 92.0 245
1718450180976 94.0 246
1718450191003 93.0 247
1718450201027 93.0 248
1718450211054 93.0 249
1718450221085 93.0 250
1718450231165 93.0 251
1718450241197 0.0 252
1718450251225 87.0 253
1718450261251 95.0 254
1718450271277 88.0 255
1718450281304 86.0 256
1718450291401 87.0 257
1718450301430 71.0 258
1718450311459 95.0 259
1718450321485 94.0 260
1718450331513 91.0 261
1718450341538 72.0 262
1718450351563 94.0 263
1718450361590 89.0 264
1718450371614 76.0 265
1718450381650 88.0 266
1718450391680 94.0 267
1718450401708 94.0 268
1718450411793 94.0 269
1718450421827 93.0 270
1718450431850 87.0 271
1718450441883 93.0 272
1718450451920 71.0 273
1718450461946 91.0 274
1718450471987 89.0 275
1718450482015 94.0 276
1718450492043 95.0 277
1718450502087 95.0 278
1718450512176 63.0 279
1718450522214 94.0 280
1718450532245 93.0 281
1718450542327 93.0 282
1718450552359 85.0 283
1718450562386 88.0 284
1718450572420 93.0 285
1718450582457 93.0 286
1718450592496 87.0 287
1718450602524 71.0 288
1718450612558 93.0 289
1718450622585 86.0 290
1718450632615 95.0 291
1718450642644 95.0 292
1718450652677 92.0 293
1718450662757 71.0 294
1718450672818 95.0 295
1718450682846 94.0 296
1718450692913 73.0 297
1718450702941 87.0 298
1718450712977 89.0 299
1718450723018 95.0 300
1718450733050 94.0 301
1718450743079 94.0 302
1718450753135 96.0 303
1718450763173 95.0 304
1718450773205 94.0 305
1718450783292 90.0 306
1718450793325 95.0 307
1718450803350 94.0 308
1718450813380 93.0 309
1718450823409 93.0 310
1718450833437 95.0 311
1718450843523 93.0 312
1718450853557 88.0 313
1718450863593 87.0 314
1718450873676 86.0 315
1718450883757 94.0 316
1718450893791 93.0 317
1718450903875 93.0 318
1718450913898 94.0 319
1718450923924 93.0 320
1718450934019 93.0 321
1718450944055 92.0 322
1718450954084 92.0 323
1718450964157 94.0 324
1718450974188 93.0 325
1718450984238 93.0 326
1718450994280 93.0 327
1718451004311 93.0 328
1718451014341 93.0 329
1718451024368 93.0 330
1718451034398 95.0 331
1718451044430 93.0 332
1718451054462 93.0 333
1718451064494 93.0 334
1718451074522 93.0 335
1718451088634 93.0 336
1718451098663 2.0 337
1718451108691 87.0 338
1718451118732 94.0 339
1718451128775 92.0 340
1718451138806 95.0 341
1718451148842 94.0 342
1718451158887 93.0 343
1718451168918 94.0 344
1718451178962 94.0 345
1718451188991 95.0 346
