1718447704868 64.6 0
1718447714888 86.3 1
1718447724908 94.3 2
1718447734928 94.5 3
1718447744951 94.4 4
1718447754979 94.2 5
1718447765003 94.2 6
1718447775031 94.2 7
1718447785057 94.2 8
1718447795084 94.2 9
1718447805107 94.2 10
1718447815123 94.4 11
1718447825142 94.4 12
1718447835161 94.4 13
1718447845180 94.4 14
1718447855204 94.4 15
1718447865224 94.4 16
1718447875243 94.4 17
1718447885267 94.4 18
1718447895333 94.4 19
1718447905352 94.4 20
1718447915429 94.4 21
1718447925448 94.4 22
1718447935475 94.4 23
1718447945504 94.4 24
1718447955527 94.4 25
1718447965552 93.4 26
1718447975583 93.4 27
1718447985606 93.5 28
1718447995659 93.5 29
1718448005681 93.4 30
1718448015701 93.4 31
1718448025721 93.4 32
1718448035745 93.4 33
1718448045792 93.4 34
1718448055811 93.3 35
1718448065831 93.3 36
1718448075848 93.3 37
1718448085867 93.3 38
1718448095888 93.3 39
1718448105922 93.3 40
1718448115945 93.3 41
1718448125966 93.3 42
1718448135986 93.3 43
1718448146014 93.3 44
1718448156033 93.3 45
1718448166055 93.3 46
1718448176074 93.3 47
1718448186099 93.3 48
1718448196120 93.3 49
1718448206158 93.3 50
1718448216187 93.3 51
1718448226248 93.3 52
1718448236277 93.3 53
1718448246300 93.3 54
1718448256354 93.3 55
1718448266382 93.8 56
1718448276403 93.8 57
1718448286425 93.8 58
1718448296458 95.1 59
1718448306487 96.5 60
1718448316516 97.1 61
1718448326540 96.6 62
1718448336570 96.6 63
1718448346600 97.4 64
1718448356623 97.5 65
1718448366651 97.2 66
1718448376673 97.0 67
1718448386701 97.4 68
1718448396725 97.1 69
1718448406753 97.1 70
1718448416779 97.1 71
1718448426807 97.4 72
1718448436830 97.5 73
1718448446853 97.7 74
1718448456874 97.7 75
1718448466896 97.9 76
1718448476924 98.1 77
1718448486957 97.5 78
1718448497015 97.4 79
1718448507045 97.4 80
1718448517071 97.4 81
1718448527094 97.7 82
1718448537118 97.8 83
1718448550016 97.9 84
1718448560051 97.5 85
1718448570083 97.9 86
1718448580106 97.6 87
1718448590128 97.9 88
1718448600157 97.7 89
1718448610187 97.8 90
1718448620213 97.4 91
1718448630236 97.5 92
1718448640260 97.7 93
1718448650288 97.9 94
1718448660313 97.5 95
1718448670336 97.6 96
1718448680359 97.4 97
1718448690391 97.9 98
1718448700418 97.7 99
1718448710438 97.6 100
1718448720456 97.7 101
1718448730477 97.0 102
1718448740500 97.0 103
1718448750523 97.0 104
1718448760559 97.0 105
1718448770581 97.0 106
1718448780605 97.0 107
1718448790637 97.0 108
1718448800676 97.0 109
1718448810719 97.0 110
1718448820758 97.0 111
1718448830794 97.0 112
1718448840825 97.0 113
1718448850851 97.0 114
1718448860880 97.0 115
1718448870922 97.0 116
1718448880966 97.0 117
1718448890998 96.1 118
1718448901020 96.5 119
1718448911046 96.3 120
1718448921069 96.3 121
1718448931090 96.2 122
1718448941135 96.2 123
1718448951165 96.2 124
1718448961197 95.8 125
1718448971225 95.6 126
1718448981247 95.6 127
1718448991277 95.6 128
1718449001305 95.7 129
1718449011334 95.7 130
1718449021364 95.7 131
1718449031386 95.6 132
1718449041410 95.6 133
1718449051436 95.6 134
1718449061467 95.6 135
1718449071499 95.6 136
1718449081527 95.6 137
1718449091559 95.6 138
1718449101591 95.6 139
1718449111624 95.6 140
1718449121654 95.6 141
1718449131701 95.6 142
1718449141729 95.6 143
1718449151772 95.6 144
1718449161805 95.6 145
1718449171832 95.6 146
1718449181862 95.6 147
1718449191893 95.6 148
1718449201931 95.0 149
1718449211962 95.0 150
1718449221988 94.9 151
1718449232019 94.9 152
1718449242044 94.9 153
1718449252072 94.9 154
1718449262165 94.8 155
1718449272203 94.8 156
1718449282246 94.8 157
1718449292283 94.8 158
1718449302313 94.8 159
1718449312335 94.8 160
1718449322375 94.8 161
1718449332416 94.8 162
1718449342446 94.8 163
1718449352488 94.8 164
1718449362517 94.9 165
1718449372554 94.8 166
1718449382625 94.8 167
1718449398420 94.8 168
1718449408448 94.8 169
1718449418475 94.8 170
1718449428516 94.8 171
1718449438543 94.8 172
1718449448570 94.8 173
1718449458635 94.8 174
1718449468665 94.8 175
1718449478695 94.8 176
1718449488719 94.8 177
1718449498756 94.8 178
1718449508792 94.8 179
1718449518835 94.8 180
1718449528880 94.5 181
1718449538910 94.5 182
1718449548940 94.5 183
1718449558966 94.5 184
1718449568997 94.5 185
1718449579020 94.5 186
1718449589045 94.5 187
1718449599081 94.5 188
1718449609107 94.5 189
1718449619143 94.5 190
1718449629205 94.5 191
1718449639231 94.5 192
1718449649253 94.5 193
1718449659283 94.5 194
1718449669307 94.5 195
1718449679388 94.5 196
1718449689414 94.5 197
1718449699438 94.5 198
1718449709464 94.5 199
1718449719495 94.5 200
1718449729565 94.5 201
1718449739590 94.5 202
1718449749645 94.5 203
1718449759713 94.5 204
1718449769739 94.5 205
1718449779764 94.5 206
1718449789788 94.5 207
1718449799814 94.5 208
1718449809840 94.5 209
1718449819878 94.4 210
1718449829904 94.4 211
1718449839926 94.4 212
1718449849950 94.4 213
1718449859975 94.4 214
1718449870013 94.4 215
1718449880037 94.4 216
1718449890061 94.4 217
1718449900117 94.4 218
1718449910154 94.4 219
1718449920179 94.4 220
1718449930204 94.4 221
1718449940230 94.4 222
1718449950254 94.4 223
1718449960275 94.4 224
1718449970301 94.4 225
1718449980325 94.4 226
1718449990349 94.4 227
1718450000377 94.4 228
1718450010421 94.4 229
1718450020459 94.4 230
1718450030488 95.0 231
1718450040512 96.0 232
1718450050542 96.3 233
1718450060582 95.7 234
1718450070610 95.5 235
1718450080688 95.9 236
1718450090716 95.8 237
1718450100742 95.7 238
1718450110768 95.9 239
1718450120793 95.8 240
1718450130820 95.7 241
1718450140846 95.7 242
1718450150874 96.6 243
1718450160916 95.9 244
1718450170949 96.0 245
1718450180976 97.2 246
1718450191003 95.9 247
1718450201027 95.8 248
1718450211054 95.8 249
1718450221085 95.8 250
1718450231165 95.8 251
1718450241197 95.8 252
1718450251225 95.8 253
1718450261251 95.8 254
1718450271277 95.8 255
1718450281304 95.8 256
1718450291401 95.9 257
1718450301430 95.8 258
1718450311459 96.0 259
1718450321485 95.7 260
1718450331513 95.7 261
1718450341538 95.4 262
1718450351563 95.6 263
1718450361590 95.7 264
1718450371614 95.5 265
1718450381650 95.8 266
1718450391680 95.8 267
1718450401708 95.6 268
1718450411793 95.5 269
1718450421827 95.4 270
1718450431850 95.4 271
1718450441883 96.8 272
1718450451920 96.4 273
1718450461946 95.7 274
1718450471987 96.5 275
1718450482015 95.8 276
1718450492043 96.3 277
1718450502087 95.7 278
1718450512176 96.0 279
1718450522214 96.0 280
1718450532245 95.7 281
1718450542327 95.7 282
1718450552359 96.3 283
1718450562386 96.1 284
1718450572420 96.2 285
1718450582457 96.9 286
1718450592496 95.5 287
1718450602524 96.3 288
1718450612558 95.7 289
1718450622585 95.8 290
1718450632615 95.3 291
1718450642644 95.1 292
1718450652677 95.4 293
1718450662757 95.0 294
1718450672818 95.7 295
1718450682846 95.5 296
1718450692913 95.3 297
1718450702941 95.2 298
1718450712977 95.9 299
1718450723018 95.8 300
1718450733050 94.9 301
1718450743079 94.9 302
1718450753135 95.0 303
1718450763173 94.8 304
1718450773205 95.2 305
1718450783292 94.7 306
1718450793325 94.7 307
1718450803350 94.7 308
1718450813380 94.7 309
1718450823409 94.9 310
1718450833437 95.8 311
1718450843523 95.4 312
1718450853557 95.2 313
1718450863593 94.7 314
1718450873676 94.7 315
1718450883757 94.9 316
1718450893791 95.1 317
1718450903875 95.9 318
1718450913898 95.2 319
1718450923924 95.4 320
1718450934019 95.3 321
1718450944055 95.3 322
1718450954084 95.3 323
1718450964157 95.0 324
1718450974188 95.0 325
1718450984238 94.7 326
1718450994280 95.8 327
1718451004311 94.9 328
1718451014341 94.6 329
1718451024368 94.2 330
1718451034398 94.6 331
1718451044430 94.3 332
1718451054462 94.3 333
1718451064494 94.5 334
1718451074522 94.2 335
1718451088634 94.2 336
1718451098663 94.4 337
1718451108691 94.3 338
1718451118732 95.0 339
1718451128775 94.2 340
1718451138806 94.2 341
1718451148842 94.2 342
1718451158887 94.2 343
1718451168918 94.2 344
1718451178962 95.1 345
1718451188991 95.5 346
