1718447704868 8327.6 0
1718447714888 11124.5 1
1718447724908 12147.4 2
1718447734928 12181.5 3
1718447744951 12162.0 4
1718447754979 12134.4 5
1718447765003 12134.4 6
1718447775031 12134.4 7
1718447785057 12134.4 8
1718447795084 12134.4 9
1718447805107 12134.6 10
1718447815123 12161.9 11
1718447825142 12161.8 12
1718447835161 12161.8 13
1718447845180 12161.8 14
1718447855204 12161.8 15
1718447865224 12161.8 16
1718447875243 12161.8 17
1718447885267 12161.8 18
1718447895333 12161.8 19
1718447905352 12161.8 20
1718447915429 12161.8 21
1718447925448 12161.8 22
1718447935475 12161.8 23
1718447945504 12161.8 24
1718447955527 12161.8 25
1718447965552 12037.6 26
1718447975583 12037.6 27
1718447985606 12041.9 28
1718447995659 12041.9 29
1718448005681 12037.7 30
1718448015701 12037.7 31
1718448025721 12037.7 32
1718448035745 12037.7 33
1718448045792 12037.7 34
1718448055811 12020.2 35
1718448065831 12020.2 36
1718448075848 12020.2 37
1718448085867 12020.2 38
1718448095888 12020.2 39
1718448105922 12020.2 40
1718448115945 12020.8 41
1718448125966 12020.2 42
1718448135986 12020.2 43
1718448146014 12020.2 44
1718448156033 12020.2 45
1718448166055 12024.3 46
1718448176074 12024.3 47
1718448186099 12024.3 48
1718448196120 12024.3 49
1718448206158 12024.3 50
1718448216187 12024.3 51
1718448226248 12024.3 52
1718448236277 12024.3 53
1718448246300 12024.3 54
1718448256354 12024.3 55
1718448266382 12086.5 56
1718448276403 12086.5 57
1718448286425 12086.5 58
1718448296458 12249.7 59
1718448306487 12436.3 60
1718448316516 12509.3 61
1718448326540 12447.3 62
1718448336570 12441.6 63
1718448346600 12549.9 64
1718448356623 12566.7 65
1718448366651 12527.5 66
1718448376673 12492.3 67
1718448386701 12544.8 68
1718448396725 12512.3 69
1718448406753 12512.3 70
1718448416779 12512.3 71
1718448426807 12551.9 72
1718448436830 12556.8 73
1718448446853 12590.1 74
1718448456874 12586.1 75
1718448466896 12618.6 76
1718448476924 12633.8 77
1718448486957 12565.4 78
1718448497015 12554.9 79
1718448507045 12554.9 80
1718448517071 12554.9 81
1718448527094 12592.5 82
1718448537118 12607.6 83
1718448550016 12608.5 84
1718448560051 12566.0 85
1718448570083 12610.3 86
1718448580106 12577.9 87
1718448590128 12609.1 88
1718448600157 12593.9 89
1718448610187 12600.6 90
1718448620213 12554.9 91
1718448630236 12558.4 92
1718448640260 12594.4 93
1718448650288 12616.4 94
1718448660313 12558.9 95
1718448670336 12580.0 96
1718448680359 12549.3 97
1718448690391 12609.7 98
1718448700418 12589.9 99
1718448710438 12576.5 100
1718448720456 12583.0 101
1718448730477 12497.6 102
1718448740500 12497.6 103
1718448750523 12497.6 104
1718448760559 12503.9 105
1718448770581 12503.9 106
1718448780605 12503.9 107
1718448790637 12503.9 108
1718448800676 12503.9 109
1718448810719 12503.9 110
1718448820758 12503.4 111
1718448830794 12501.5 112
1718448840825 12501.5 113
1718448850851 12501.5 114
1718448860880 12501.5 115
1718448870922 12501.5 116
1718448880966 12501.5 117
1718448890998 12387.3 118
1718448901020 12434.3 119
1718448911046 12405.6 120
1718448921069 12403.4 121
1718448931090 12389.3 122
1718448941135 12392.7 123
1718448951165 12398.7 124
1718448961197 12346.2 125
1718448971225 12322.5 126
1718448981247 12322.5 127
1718448991277 12322.5 128
1718449001305 12327.0 129
1718449011334 12325.1 130
1718449021364 12325.1 131
1718449031386 12324.2 132
1718449041410 12324.2 133
1718449051436 12324.2 134
1718449061467 12324.2 135
1718449071499 12324.2 136
1718449081527 12324.2 137
1718449091559 12324.2 138
1718449101591 12324.2 139
1718449111624 12324.2 140
1718449121654 12324.2 141
1718449131701 12324.2 142
1718449141729 12324.2 143
1718449151772 12324.2 144
1718449161805 12324.2 145
1718449171832 12324.2 146
1718449181862 12323.7 147
1718449191893 12321.8 148
1718449201931 12246.4 149
1718449211962 12246.4 150
1718449221988 12230.8 151
1718449232019 12230.8 152
1718449242044 12230.8 153
1718449252072 12230.8 154
1718449262165 12220.6 155
1718449272203 12220.6 156
1718449282246 12220.6 157
1718449292283 12220.6 158
1718449302313 12220.6 159
1718449312335 12220.6 160
1718449322375 12220.6 161
1718449332416 12220.6 162
1718449342446 12220.6 163
1718449352488 12220.6 164
1718449362517 12222.6 165
1718449372554 12220.8 166
1718449382625 12220.8 167
1718449398420 12220.8 168
1718449408448 12220.8 169
1718449418475 12220.8 170
1718449428516 12220.8 171
1718449438543 12220.8 172
1718449448570 12220.8 173
1718449458635 12220.8 174
1718449468665 12220.8 175
1718449478695 12220.8 176
1718449488719 12220.8 177
1718449498756 12220.8 178
1718449508792 12220.8 179
1718449518835 12220.8 180
1718449528880 12169.9 181
1718449538910 12169.9 182
1718449548940 12169.9 183
1718449558966 12169.9 184
1718449568997 12169.9 185
1718449579020 12169.9 186
1718449589045 12169.9 187
1718449599081 12169.9 188
1718449609107 12169.9 189
1718449619143 12169.9 190
1718449629205 12169.9 191
1718449639231 12169.9 192
1718449649253 12169.9 193
1718449659283 12169.9 194
1718449669307 12170.0 195
1718449679388 12170.0 196
1718449689414 12170.0 197
1718449699438 12170.0 198
1718449709464 12170.0 199
1718449719495 12170.0 200
1718449729565 12170.0 201
1718449739590 12170.0 202
1718449749645 12170.0 203
1718449759713 12170.0 204
1718449769739 12170.0 205
1718449779764 12170.0 206
1718449789788 12170.0 207
1718449799814 12170.0 208
1718449809840 12170.0 209
1718449819878 12157.5 210
1718449829904 12157.5 211
1718449839926 12157.5 212
1718449849950 12160.1 213
1718449859975 12160.1 214
1718449870013 12160.1 215
1718449880037 12160.1 216
1718449890061 12160.1 217
1718449900117 12160.1 218
1718449910154 12160.1 219
1718449920179 12160.1 220
1718449930204 12160.1 221
1718449940230 12160.1 222
1718449950254 12160.1 223
1718449960275 12160.1 224
1718449970301 12160.1 225
1718449980325 12160.1 226
1718449990349 12160.1 227
1718450000377 12160.1 228
1718450010421 12160.1 229
1718450020459 12160.1 230
1718450030488 12235.9 231
1718450040512 12363.2 232
1718450050542 12408.3 233
1718450060582 12333.8 234
1718450070610 12311.1 235
1718450080688 12356.2 236
1718450090716 12347.0 237
1718450100742 12333.5 238
1718450110768 12358.8 239
1718450120793 12337.4 240
1718450130820 12334.9 241
1718450140846 12332.1 242
1718450150874 12442.2 243
1718450160916 12358.2 244
1718450170949 12374.5 245
1718450180976 12518.6 246
1718450191003 12351.1 247
1718450201027 12344.3 248
1718450211054 12342.5 249
1718450221085 12342.5 250
1718450231165 12342.5 251
1718450241197 12342.5 252
1718450251225 12342.5 253
1718450261251 12342.5 254
1718450271277 12342.5 255
1718450281304 12342.5 256
1718450291401 12352.4 257
1718450301430 12342.5 258
1718450311459 12365.1 259
1718450321485 12325.6 260
1718450331513 12325.6 261
1718450341538 12294.8 262
1718450351563 12324.1 263
1718450361590 12335.8 264
1718450371614 12300.5 265
1718450381650 12337.5 266
1718450391680 12346.8 267
1718450401708 12324.0 268
1718450411793 12303.7 269
1718450421827 12291.2 270
1718450431850 12297.0 271
1718450441883 12468.6 272
1718450451920 12419.7 273
1718450461946 12331.6 274
1718450471987 12428.1 275
1718450482015 12346.9 276
1718450492043 12406.7 277
1718450502087 12329.3 278
1718450512176 12374.0 279
1718450522214 12371.2 280
1718450532245 12324.8 281
1718450542327 12335.3 282
1718450552359 12409.0 283
1718450562386 12378.4 284
1718450572420 12390.6 285
1718450582457 12482.2 286
1718450592496 12309.1 287
1718450602524 12406.2 288
1718450612558 12327.8 289
1718450622585 12345.2 290
1718450632615 12278.8 291
1718450642644 12253.4 292
1718450652677 12293.8 293
1718450662757 12235.1 294
1718450672818 12337.0 295
1718450682846 12305.7 296
1718450692913 12282.2 297
1718450702941 12268.1 298
1718450712977 12355.2 299
1718450723018 12350.1 300
1718450733050 12229.2 301
1718450743079 12229.2 302
1718450753135 12238.7 303
1718450763173 12220.1 304
1718450773205 12262.7 305
1718450783292 12205.7 306
1718450793325 12205.7 307
1718450803350 12205.7 308
1718450813380 12205.7 309
1718450823409 12229.7 310
1718450833437 12344.1 311
1718450843523 12292.8 312
1718450853557 12268.9 313
1718450863593 12200.3 314
1718450873676 12200.3 315
1718450883757 12233.8 316
1718450893791 12249.7 317
1718450903875 12356.7 318
1718450913898 12272.1 319
1718450923924 12290.6 320
1718450934019 12277.6 321
1718450944055 12277.6 322
1718450954084 12277.6 323
1718450964157 12246.2 324
1718450974188 12246.2 325
1718450984238 12197.2 326
1718450994280 12348.6 327
1718451004311 12224.1 328
1718451014341 12190.3 329
1718451024368 12136.9 330
1718451034398 12194.9 331
1718451044430 12150.5 332
1718451054462 12150.0 333
1718451064494 12176.1 334
1718451074522 12143.8 335
1718451088634 12143.8 336
1718451098663 12168.5 337
1718451108691 12147.8 338
1718451118732 12245.0 339
1718451128775 12143.6 340
1718451138806 12142.1 341
1718451148842 12142.1 342
1718451158887 12142.1 343
1718451168918 12142.1 344
1718451178962 12256.9 345
1718451188991 12298.9 346
