1718447704868 0.0 0
1718447714888 0.022360000000006153 1
1718447724908 0.03102400000000216 2
1718447734928 0.9302729999999997 3
1718447744951 0.9405619999999999 4
1718447754979 0.9507150000000024 5
1718447765003 0.9528960000000097 6
1718447775031 1.122950000000003 7
1718447785057 1.1340990000000062 8
1718447795084 1.148493000000002 9
1718447805107 1.1650589999999994 10
1718447815123 1.1694500000000119 11
1718447825142 1.175571000000005 12
1718447835161 1.177264000000008 13
1718447845180 1.189181000000005 14
1718447855204 1.1990090000000038 15
1718447865224 1.2222540000000066 16
1718447875243 1.2288340000000062 17
1718447885267 1.2312180000000126 18
1718447895333 1.237836999999999 19
1718447905352 1.2455360000000013 20
1718447915429 1.2585530000000063 21
1718447925448 1.2677809999999994 22
1718447935475 1.2729110000000077 23
1718447945504 1.2767670000000066 24
1718447955527 1.277776000000003 25
1718447965552 1.2848840000000052 26
1718447975583 1.294107000000011 27
1718447985606 1.307323000000011 28
1718447995659 1.315486000000007 29
1718448005681 1.3250210000000067 30
1718448015701 1.3374540000000081 31
1718448025721 1.3455630000000127 32
1718448035745 1.3549310000000077 33
1718448045792 1.3798480000000097 34
1718448055811 1.394918000000004 35
1718448065831 1.3981310000000065 36
1718448075848 1.4173410000000075 37
1718448085867 1.4245310000000018 38
1718448095888 1.4335939999999994 39
1718448105922 1.4438050000000118 40
1718448115945 1.4491960000000006 41
1718448125966 1.454648000000006 42
1718448135986 1.4645240000000115 43
1718448146014 1.4716380000000129 44
1718448156033 1.4799420000000083 45
1718448166055 1.4879360000000048 46
1718448176074 1.492715000000004 47
1718448186099 1.4955360000000013 48
1718448196120 1.511605000000003 49
1718448206158 1.518322000000012 50
1718448216187 1.5316430000000025 51
1718448226248 1.5617110000000025 52
1718448236277 1.5670590000000004 53
1718448246300 1.5705000000000098 54
1718448256354 1.5742450000000048 55
1718448266382 1.5816130000000044 56
1718448276403 1.5899200000000064 57
1718448286425 1.5921260000000075 58
1718448296458 1.605505000000008 59
1718448306487 1.8082339999999988 60
1718448316516 1.9837690000000094 61
1718448326540 2.266114999999999 62
1718448336570 2.2891460000000023 63
1718448346600 2.329588000000001 64
1718448356623 2.345683000000008 65
1718448366651 2.3509670000000114 66
1718448376673 2.3615190000000013 67
1718448386701 2.3824360000000127 68
1718448396725 2.3983380000000096 69
1718448406753 2.4402120000000025 70
1718448416779 2.4451880000000017 71
1718448426807 2.516204000000002 72
1718448436830 2.5290140000000036 73
1718448446853 2.537146000000007 74
1718448456874 2.546321000000006 75
1718448466896 2.5505010000000112 76
1718448476924 2.5516330000000096 77
1718448486957 2.552627000000001 78
1718448497015 2.564940000000007 79
1718448507045 2.5709290000000067 80
1718448517071 2.5856840000000005 81
1718448527094 2.5887480000000096 82
1718448537118 2.5925690000000117 83
1718448550016 2.593613000000005 84
1718448560051 2.605834999999999 85
1718448570083 2.6174370000000096 86
1718448580106 2.631571000000008 87
1718448590128 2.6441410000000047 88
1718448600157 2.6471030000000013 89
1718448610187 2.6512480000000096 90
1718448620213 2.656971000000013 91
1718448630236 2.6708130000000097 92
1718448640260 2.672037000000003 93
1718448650288 2.6927160000000043 94
1718448660313 2.7120160000000055 95
1718448670336 2.71999000000001 96
1718448680359 2.724999000000011 97
1718448690391 2.7350520000000103 98
1718448700418 2.743499 99
1718448710438 2.77395700000001 100
1718448720456 2.775452999999999 101
1718448730477 2.7762580000000128 102
1718448740500 2.781105000000011 103
1718448750523 2.78894600000001 104
1718448760559 2.7988950000000017 105
1718448770581 2.8033010000000047 106
1718448780605 2.8113480000000095 107
1718448790637 2.812088000000003 108
1718448800676 2.817934000000008 109
1718448810719 2.8297510000000017 110
1718448820758 2.8348730000000018 111
1718448830794 2.840764000000007 112
1718448840825 2.8420520000000096 113
1718448850851 2.8484810000000067 114
1718448860880 2.8537299999999988 115
1718448870922 2.860828000000012 116
1718448880966 2.873795000000001 117
1718448890998 2.875076000000007 118
1718448901020 3.102511000000007 119
1718448911046 3.2984380000000044 120
1718448921069 3.6040449999999993 121
1718448931090 3.6207200000000057 122
1718448941135 3.6376650000000126 123
1718448951165 3.8229749999999996 124
1718448961197 3.8310440000000057 125
1718448971225 3.848601000000002 126
1718448981247 3.864366000000004 127
1718448991277 3.9440620000000024 128
1718449001305 3.954533000000012 129
1718449011334 3.9567570000000103 130
1718449021364 3.9631080000000054 131
1718449031386 3.963692000000009 132
1718449041410 3.9704480000000046 133
1718449051436 3.9811420000000055 134
1718449061467 4.009017 135
1718449071499 4.015439000000001 136
1718449081527 4.018266000000011 137
1718449091559 4.019705999999999 138
1718449101591 4.027595000000005 139
1718449111624 4.037154000000001 140
1718449121654 4.045431000000008 141
1718449131701 4.047971000000004 142
1718449141729 4.0540260000000075 143
1718449151772 4.056249000000008 144
1718449161805 4.06317700000001 145
1718449171832 4.073597000000007 146
1718449181862 4.07759200000001 147
1718449191893 4.083282000000011 148
1718449201931 4.092343 149
1718449211962 4.126614000000004 150
1718449221988 4.133070000000004 151
1718449232019 4.14207900000001 152
1718449242044 4.1614290000000125 153
1718449252072 4.164892000000009 154
1718449262165 4.170783 155
1718449272203 4.1861120000000085 156
1718449282246 4.192741000000012 157
1718449292283 4.208142000000009 158
1718449302313 4.218047000000013 159
1718449312335 4.223993000000007 160
1718449322375 4.226755000000011 161
1718449332416 4.227455000000006 162
1718449342446 4.234363999999999 163
1718449352488 4.2438199999999995 164
1718449362517 4.248491999999999 165
1718449372554 4.254936000000001 166
1718449382625 4.260660999999999 167
1718449398420 4.2618010000000055 168
1718449408448 4.275283999999999 169
1718449418475 4.284992000000003 170
1718449428516 4.324823000000009 171
1718449438543 4.325839000000002 172
1718449448570 4.328541999999999 173
1718449458635 4.331942000000012 174
1718449468665 4.343134000000006 175
1718449478695 4.34563 176
1718449488719 4.358085000000003 177
1718449498756 4.368245000000002 178
1718449508792 4.374234999999999 179
1718449518835 4.380947000000006 180
1718449528880 4.392747 181
1718449538910 4.396452000000011 182
1718449548940 4.408487000000008 183
1718449558966 4.409639000000013 184
1718449568997 4.425042000000005 185
1718449579020 4.442160000000001 186
1718449589045 4.448705000000004 187
1718449599081 4.456952000000001 188
1718449609107 4.468847000000011 189
1718449619143 4.47727900000001 190
1718449629205 4.482680000000002 191
1718449639231 4.49040500000001 192
1718449649253 4.499030000000005 193
1718449659283 4.501866000000007 194
1718449669307 4.516891000000001 195
1718449679388 4.518275000000003 196
1718449689414 4.520862000000008 197
1718449699438 4.528780000000012 198
1718449709464 4.537042 199
1718449719495 4.539090999999999 200
1718449729565 4.553518000000011 201
1718449739590 4.558693000000005 202
1718449749645 4.5613870000000105 203
1718449759713 4.567945000000009 204
1718449769739 4.577984000000001 205
1718449779764 4.581208000000004 206
1718449789788 4.601715000000013 207
1718449799814 4.603361000000007 208
1718449809840 4.606065000000001 209
1718449819878 4.612679 210
1718449829904 4.619569000000013 211
1718449839926 4.622115000000008 212
1718449849950 4.636234999999999 213
1718449859975 4.645108000000008 214
1718449870013 4.666973000000013 215
1718449880037 4.673378 216
1718449890061 4.683413000000002 217
1718449900117 4.685110000000009 218
1718449910154 4.705346000000006 219
1718449920179 4.707715000000007 220
1718449930204 4.709392000000008 221
1718449940230 4.71627500000001 222
1718449950254 4.724878000000004 223
1718449960275 4.72569 224
1718449970301 4.734997000000007 225
1718449980325 4.740860000000012 226
1718449990349 4.743121000000002 227
1718450000377 4.7496440000000035 228
1718450010421 4.761111 229
1718450020459 4.761634000000001 230
1718450030488 4.785683000000006 231
1718450040512 4.817664000000008 232
1718450050542 4.842770999999999 233
1718450060582 5.395921999999999 234
1718450070610 5.405963 235
1718450080688 6.149777 236
1718450090716 6.156649999999999 237
1718450100742 6.433062000000007 238
1718450110768 6.9117530000000045 239
1718450120793 6.916996000000012 240
1718450130820 6.927683999999999 241
1718450140846 6.946741000000003 242
1718450150874 6.984259000000009 243
1718450160916 7.006259 244
1718450170949 7.017801000000006 245
1718450180976 7.036417 246
1718450191003 7.045406 247
1718450201027 7.066689000000011 248
1718450211054 7.0673340000000024 249
1718450221085 7.072981000000013 250
1718450231165 7.082666000000003 251
1718450241197 7.090924000000001 252
1718450251225 7.101838000000001 253
1718450261251 7.12385900000001 254
1718450271277 7.127711000000005 255
1718450281304 7.131472000000002 256
1718450291401 7.139208000000011 257
1718450301430 7.1456130000000115 258
1718450311459 7.159472000000008 259
1718450321485 7.175661000000005 260
1718450331513 7.176804000000004 261
1718450341538 7.1860810000000015 262
1718450351563 7.201946000000007 263
1718450361590 7.215350000000001 264
1718450371614 7.22533700000001 265
1718450381650 7.231573000000012 266
1718450391680 7.232448000000005 267
1718450401708 7.235860000000002 268
1718450411793 7.244583000000006 269
1718450421827 7.250550000000004 270
1718450431850 7.2592460000000045 271
1718450441883 7.281078000000008 272
1718450451920 7.282750000000007 273
1718450461946 7.2934760000000125 274
1718450471987 7.312109000000007 275
1718450482015 7.331246000000007 276
1718450492043 7.35260000000001 277
1718450502087 7.3735810000000015 278
1718450512176 7.37654400000001 279
1718450522214 7.377990000000011 280
1718450532245 7.387962999999999 281
1718450542327 7.394587999999999 282
1718450552359 7.4350100000000054 283
1718450562386 7.44960300000001 284
1718450572420 7.453216000000012 285
1718450582457 7.46325800000001 286
1718450592496 7.488126000000008 287
1718450602524 7.495915000000011 288
1718450612558 7.5033810000000045 289
1718450622585 7.542299 290
1718450632615 7.5453700000000055 291
1718450642644 7.549077000000011 292
1718450652677 7.555906000000007 293
1718450662757 7.5623330000000095 294
1718450672818 7.604682000000011 295
1718450682846 7.620856000000003 296
1718450692913 7.623683 297
1718450702941 7.629640000000009 298
1718450712977 7.650861000000006 299
1718450723018 7.671588 300
1718450733050 7.687347000000003 301
1718450743079 7.714710000000011 302
1718450753135 7.717493000000005 303
1718450763173 7.718400000000003 304
1718450773205 7.737577000000002 305
1718450783292 7.756914000000009 306
1718450793325 7.815638000000007 307
1718450803350 7.825248000000002 308
1718450813380 7.833669 309
1718450823409 7.840933000000007 310
1718450833437 7.858499000000009 311
1718450843523 7.866824000000008 312
1718450853557 7.881007000000011 313
1718450863593 7.916086000000007 314
1718450873676 7.91937200000001 315
1718450883757 7.919983000000002 316
1718450893791 7.92783 317
1718450903875 7.973490000000012 318
1718450913898 8.048846000000012 319
1718450923924 8.076126000000002 320
1718450934019 8.080501000000012 321
1718450944055 8.086373000000009 322
1718450954084 8.093286000000006 323
1718450964157 8.099914000000012 324
1718450974188 8.10957900000001 325
1718450984238 8.120682000000002 326
1718450994280 8.134026000000006 327
1718451004311 8.136894000000012 328
1718451014341 8.169688000000008 329
1718451024368 8.176932000000008 330
1718451034398 8.189886999999999 331
1718451044430 8.210744000000005 332
1718451054462 8.217558000000011 333
1718451064494 8.225250000000003 334
1718451074522 8.246701000000002 335
1718451088634 8.26603200000001 336
1718451098663 8.292798000000005 337
1718451108691 8.313079000000002 338
1718451118732 8.317541000000006 339
1718451128775 8.327501000000012 340
1718451138806 8.328404000000006 341
1718451148842 8.34327300000001 342
1718451158887 8.345622000000006 343
1718451168918 8.346587 344
1718451178962 8.350169000000008 345
1718451188991 8.63049500000001 346
