1718447704868 0.0 0
1718447714888 0.022453999999925145 1
1718447724908 0.03071799999997893 2
1718447734928 0.9250569999999243 3
1718447744951 0.934304000000111 4
1718447754979 0.9425269999999273 5
1718447765003 0.9447680000000673 6
1718447775031 0.9729780000000119 7
1718447785057 0.98423200000002 8
1718447795084 0.9936339999999291 9
1718447805107 1.016010999999935 10
1718447815123 1.0203329999999369 11
1718447825142 1.026491999999962 12
1718447835161 1.0280760000000555 13
1718447845180 1.0439550000000963 14
1718447855204 1.0474699999999757 15
1718447865224 1.0636300000001029 16
1718447875243 1.070257999999967 17
1718447885267 1.0725210000000516 18
1718447895333 1.080009999999902 19
1718447905352 1.0876279999999952 20
1718447915429 1.0956189999999424 21
1718447925448 1.1026429999999436 22
1718447935475 1.1080999999999221 23
1718447945504 1.1119850000000042 24
1718447955527 1.1130889999999454 25
1718447965552 1.1196840000000066 26
1718447975583 1.123354000000063 27
1718447985606 1.1394470000000183 28
1718447995659 1.1484709999999723 29
1718448005681 1.1887839999999414 30
1718448015701 1.2443510000000515 31
1718448025721 1.2522120000000996 32
1718448035745 1.2559530000000905 33
1718448045792 1.273298000000068 34
1718448055811 1.2976419999999962 35
1718448065831 1.3006649999999809 36
1718448075848 1.318948999999975 37
1718448085867 1.325448999999935 38
1718448095888 1.3285129999999299 39
1718448105922 1.3362790000001041 40
1718448115945 1.342294000000038 41
1718448125966 1.3467789999999695 42
1718448135986 1.3564120000000912 43
1718448146014 1.3622620000001007 44
1718448156033 1.365191999999979 45
1718448166055 1.3787359999998898 46
1718448176074 1.3847249999998894 47
1718448186099 1.3874279999999999 48
1718448196120 1.416688000000022 49
1718448206158 1.4226770000000215 50
1718448216187 1.4355760000000828 51
1718448226248 1.4564920000000257 52
1718448236277 1.461420999999973 53
1718448246300 1.4646629999999732 54
1718448256354 1.468059999999923 55
1718448266382 1.47558499999991 56
1718448276403 1.4784380000000965 57
1718448286425 1.4806249999999181 58
1718448296458 1.4936319999999341 59
1718448306487 1.548772000000099 60
1718448316516 1.585307000000057 61
1718448326540 1.6162340000000768 62
1718448336570 1.631364000000076 63
1718448346600 1.6821330000000216 64
1718448356623 1.697840000000042 65
1718448366651 1.7022289999999884 66
1718448376673 1.7105670000000828 67
1718448386701 1.915414999999939 68
1718448396725 1.926823000000013 69
1718448406753 1.9510150000000976 70
1718448416779 1.956241000000091 71
1718448426807 5.536119000000099 72
1718448436830 5.548592999999983 73
1718448446853 5.55575900000008 74
1718448456874 5.559252000000015 75
1718448466896 5.562591000000111 76
1718448476924 5.563419999999951 77
1718448486957 5.564397000000099 78
1718448497015 5.580652999999984 79
1718448507045 5.586651999999958 80
1718448517071 5.602603000000045 81
1718448527094 5.606381000000056 82
1718448537118 5.610736000000088 83
1718448550016 5.611795999999913 84
1718448560051 5.629208999999946 85
1718448570083 5.635105000000067 86
1718448580106 5.648932000000059 87
1718448590128 5.658529000000044 88
1718448600157 5.662777999999889 89
1718448610187 5.667856000000029 90
1718448620213 5.673420999999962 91
1718448630236 5.6927740000000995 92
1718448640260 5.693727999999965 93
1718448650288 5.723570999999993 94
1718448660313 5.9331039999999575 95
1718448670336 5.9416459999999915 96
1718448680359 5.94652300000007 97
1718448690391 5.950847999999951 98
1718448700418 5.957384000000047 99
1718448710438 5.973023000000012 100
1718448720456 5.97429000000011 101
1718448730477 5.975496000000021 102
1718448740500 5.980397000000039 103
1718448750523 5.982717000000093 104
1718448760559 5.988119999999981 105
1718448770581 5.9982709999999315 106
1718448780605 6.007982000000084 107
1718448790637 6.00875300000007 108
1718448800676 6.014376999999968 109
1718448810719 6.0194779999999355 110
1718448820758 6.026055000000042 111
1718448830794 6.0320050000000265 112
1718448840825 6.033165000000054 113
1718448850851 6.040801000000101 114
1718448860880 6.046059000000014 115
1718448870922 6.047579000000042 116
1718448880966 6.051406000000043 117
1718448890998 6.052625000000035 118
1718448901020 6.288825000000088 119
1718448911046 6.485590000000002 120
1718448921069 6.790023000000019 121
1718448931090 6.799181999999973 122
1718448941135 6.813223000000107 123
1718448951165 6.995824000000084 124
1718448961197 7.003721999999925 125
1718448971225 7.020559999999932 126
1718448981247 7.035904999999957 127
1718448991277 7.0444290000000365 128
1718449001305 7.059974999999895 129
1718449011334 7.062175000000025 130
1718449021364 7.06860400000005 131
1718449031386 7.069209000000001 132
1718449041410 7.075837999999976 133
1718449051436 7.0803410000000895 134
1718449061467 7.0999420000000555 135
1718449071499 7.1065830000000005 136
1718449081527 7.109662000000071 137
1718449091559 7.111697000000049 138
1718449101591 7.120112000000063 139
1718449111624 7.124115000000074 140
1718449121654 7.130787000000055 141
1718449131701 7.133154000000104 142
1718449141729 7.139588000000003 143
1718449151772 7.1422419999998965 144
1718449161805 7.148946000000024 145
1718449171832 7.153180999999904 146
1718449181862 7.163745000000063 147
1718449191893 7.169877999999926 148
1718449201931 7.176506999999901 149
1718449211962 7.2341939999998885 150
1718449221988 7.241035999999895 151
1718449232019 7.244617999999946 152
1718449242044 7.262668000000076 153
1718449252072 7.266526999999996 154
1718449262165 7.272768999999926 155
1718449272203 7.298281999999972 156
1718449282246 7.304945999999973 157
1718449292283 7.319087999999965 158
1718449302313 7.326090000000022 159
1718449312335 7.332355000000007 160
1718449322375 7.335057000000006 161
1718449332416 7.335636000000022 162
1718449342446 7.342538000000104 163
1718449352488 7.34615400000007 164
1718449362517 7.3584209999999075 165
1718449372554 7.365320000000111 166
1718449382625 7.371564999999919 167
1718449398420 7.372781999999916 168
1718449408448 7.391892999999982 169
1718449418475 7.396314999999959 170
1718449428516 7.429542999999967 171
1718449438543 7.4306309999999485 172
1718449448570 7.432992000000013 173
1718449458635 7.435975999999982 174
1718449468665 7.44126899999992 175
1718449478695 7.44405299999994 176
1718449488719 7.454878000000008 177
1718449498756 7.477180000000089 178
1718449508792 7.483606000000009 179
1718449518835 7.490835000000061 180
1718449528880 7.495611999999937 181
1718449538910 7.498865000000023 182
1718449548940 7.520111000000043 183
1718449558966 7.521205000000009 184
1718449568997 7.5435090000000855 185
1718449579020 7.561674999999923 186
1718449589045 7.56268 187
1718449599081 7.571083999999928 188
1718449609107 7.583986000000095 189
1718449619143 7.595094999999901 190
1718449629205 7.599742000000106 191
1718449639231 7.607944000000089 192
1718449649253 7.6102330000001075 193
1718449659283 7.613164000000097 194
1718449669307 7.633389999999963 195
1718449679388 7.634624000000031 196
1718449689414 7.637152999999898 197
1718449699438 7.645199999999932 198
1718449709464 7.647813999999926 199
1718449719495 7.649953000000096 200
1718449729565 7.661391000000094 201
1718449739590 7.666874000000007 202
1718449749645 7.669491999999991 203
1718449759713 7.676676999999927 204
1718449769739 7.679855000000089 205
1718449779764 7.683811000000105 206
1718449789788 7.698728000000074 207
1718449799814 7.700456000000031 208
1718449809840 7.703226000000086 209
1718449819878 7.709884000000102 210
1718449829904 7.7116490000000795 211
1718449839926 7.714124999999967 212
1718449849950 7.732508999999936 213
1718449859975 7.7448400000000674 214
1718449870013 7.778503000000001 215
1718449880037 7.784922000000051 216
1718449890061 7.7885610000000725 217
1718449900117 7.790015000000039 218
1718449910154 7.808774000000085 219
1718449920179 7.811058000000003 220
1718449930204 7.812652000000071 221
1718449940230 7.820202999999992 222
1718449950254 7.8230049999999665 223
1718449960275 7.823750000000018 224
1718449970301 7.830911999999898 225
1718449980325 7.837267000000111 226
1718449990349 7.839246999999887 227
1718450000377 7.845788999999968 228
1718450010421 7.850961000000098 229
1718450020459 7.851724999999988 230
1718450030488 7.885612000000037 231
1718450040512 7.924719999999979 232
1718450050542 7.943068000000039 233
1718450060582 8.494081000000051 234
1718450070610 8.497014000000036 235
1718450080688 9.238047000000051 236
1718450090716 9.242011000000048 237
1718450100742 9.522991000000047 238
1718450110768 10.011514000000034 239
1718450120793 10.016697999999906 240
1718450130820 10.02108700000008 241
1718450140846 10.034519000000046 242
1718450150874 10.073787000000038 243
1718450160916 10.09357799999998 244
1718450170949 10.105039999999917 245
1718450180976 10.200667000000067 246
1718450191003 10.20379099999991 247
1718450201027 10.23311600000011 248
1718450211054 10.233788999999888 249
1718450221085 10.240027000000055 250
1718450231165 10.255873000000065 251
1718450241197 10.270287000000053 252
1718450251225 10.27432500000009 253
1718450261251 10.29370199999994 254
1718450271277 10.299303000000009 255
1718450281304 10.304521999999906 256
1718450291401 10.315472 257
1718450301430 10.32218499999999 258
1718450311459 10.330625000000055 259
1718450321485 10.343595999999934 260
1718450331513 10.345213999999942 261
1718450341538 10.355109000000084 262
1718450351563 10.376545000000078 263
1718450361590 10.394050000000107 264
1718450371614 10.397754000000077 265
1718450381650 10.410462000000052 266
1718450391680 10.411137999999937 267
1718450401708 10.414451999999983 268
1718450411793 10.425764999999956 269
1718450421827 10.431667000000061 270
1718450431850 10.435042000000067 271
1718450441883 10.454312999999956 272
1718450451920 10.455960000000005 273
1718450461946 10.467225000000099 274
1718450471987 10.487167 275
1718450482015 10.507139999999936 276
1718450492043 10.646797000000106 277
1718450502087 10.666999000000033 278
1718450512176 10.67129900000009 279
1718450522214 10.67250399999989 280
1718450532245 10.68382900000006 281
1718450542327 10.69043499999998 282
1718450552359 10.7259489999999 283
1718450562386 10.737691999999925 284
1718450572420 10.742412999999942 285
1718450582457 10.757953999999927 286
1718450592496 10.781248000000005 287
1718450602524 10.789027000000033 288
1718450612558 10.790074999999888 289
1718450622585 10.796544999999924 290
1718450632615 10.79947900000002 291
1718450642644 10.80014499999993 292
1718450652677 10.814466999999922 293
1718450662757 10.823503999999957 294
1718450672818 10.861272000000099 295
1718450682846 10.881075999999894 296
1718450692913 10.884262000000035 297
1718450702941 10.89084600000001 298
1718450712977 11.012028999999984 299
1718450723018 11.18730400000004 300
1718450733050 11.257738999999901 301
1718450743079 11.282934999999952 302
1718450753135 11.285597000000053 303
1718450763173 11.286378999999897 304
1718450773205 11.343151999999918 305
1718450783292 11.364557000000104 306
1718450793325 11.372556000000031 307
1718450803350 11.385393000000022 308
1718450813380 11.414203999999927 309
1718450823409 11.422730999999885 310
1718450833437 11.438403000000108 311
1718450843523 11.44641700000011 312
1718450853557 11.451589000000013 313
1718450863593 11.487945000000082 314
1718450873676 11.49097699999993 315
1718450883757 11.491494000000102 316
1718450893791 11.501868000000059 317
1718450903875 11.548046999999997 318
1718450913898 11.623172000000068 319
1718450923924 11.643469000000096 320
1718450934019 11.647341000000097 321
1718450944055 11.653348999999935 322
1718450954084 11.662632999999914 323
1718450964157 11.668981999999914 324
1718450974188 11.672649000000092 325
1718450984238 11.682346000000052 326
1718450994280 11.831208999999944 327
1718451004311 11.83499299999994 328
1718451014341 11.908672000000024 329
1718451024368 11.915600999999924 330
1718451034398 11.927609000000075 331
1718451044430 11.961135999999897 332
1718451054462 11.970289999999977 333
1718451064494 11.975470000000087 334
1718451074522 12.02171700000008 335
1718451088634 12.055871999999908 336
1718451098663 12.124236999999994 337
1718451108691 12.139605000000074 338
1718451118732 12.14412900000002 339
1718451128775 12.152174000000059 340
1718451138806 12.152978000000076 341
1718451148842 12.162066999999979 342
1718451158887 12.164154000000053 343
1718451168918 12.165140000000065 344
1718451178962 12.168177000000014 345
1718451188991 14.254762999999912 346
