1718447704868 33.0 0
1718447714888 36.4 1
1718447724908 36.5 2
1718447734928 36.6 3
1718447744951 36.2 4
1718447754979 36.2 5
1718447765003 36.1 6
1718447775031 36.2 7
1718447785057 36.2 8
1718447795084 36.1 9
1718447805107 36.1 10
1718447815123 36.1 11
1718447825142 36.1 12
1718447835161 36.1 13
1718447845180 36.1 14
1718447855204 36.1 15
1718447865224 36.2 16
1718447875243 36.2 17
1718447885267 36.1 18
1718447895333 36.0 19
1718447905352 36.1 20
1718447915429 36.1 21
1718447925448 36.2 22
1718447935475 36.1 23
1718447945504 36.1 24
1718447955527 36.1 25
1718447965552 36.2 26
1718447975583 36.1 27
1718447985606 36.1 28
1718447995659 36.2 29
1718448005681 36.3 30
1718448015701 36.2 31
1718448025721 36.1 32
1718448035745 36.1 33
1718448045792 36.1 34
1718448055811 36.1 35
1718448065831 36.1 36
1718448075848 36.3 37
1718448085867 36.2 38
1718448095888 36.2 39
1718448105922 36.2 40
1718448115945 36.3 41
1718448125966 36.3 42
1718448135986 36.2 43
1718448146014 36.1 44
1718448156033 36.2 45
1718448166055 36.3 46
1718448176074 36.2 47
1718448186099 36.2 48
1718448196120 36.2 49
1718448206158 36.2 50
1718448216187 36.2 51
1718448226248 36.2 52
1718448236277 36.1 53
1718448246300 36.1 54
1718448256354 36.1 55
1718448266382 36.1 56
1718448276403 36.1 57
1718448286425 36.2 58
1718448296458 36.2 59
1718448306487 36.4 60
1718448316516 36.4 61
1718448326540 36.4 62
1718448336570 36.4 63
1718448346600 36.7 64
1718448356623 36.8 65
1718448366651 36.6 66
1718448376673 36.6 67
1718448386701 36.7 68
1718448396725 36.7 69
1718448406753 36.7 70
1718448416779 36.7 71
1718448426807 36.8 72
1718448436830 36.7 73
1718448446853 36.8 74
1718448456874 36.8 75
1718448466896 36.8 76
1718448476924 36.7 77
1718448486957 36.7 78
1718448497015 36.6 79
1718448507045 36.6 80
1718448517071 36.6 81
1718448527094 36.8 82
1718448537118 36.7 83
1718448550016 36.7 84
1718448560051 41.9 85
1718448570083 41.9 86
1718448580106 42.0 87
1718448590128 42.0 88
1718448600157 41.9 89
1718448610187 42.0 90
1718448620213 41.9 91
1718448630236 41.9 92
1718448640260 41.9 93
1718448650288 42.0 94
1718448660313 41.9 95
1718448670336 42.0 96
1718448680359 42.1 97
1718448690391 42.2 98
1718448700418 42.0 99
1718448710438 42.0 100
1718448720456 41.9 101
1718448730477 41.8 102
1718448740500 41.8 103
1718448750523 41.8 104
1718448760559 41.8 105
1718448770581 41.8 106
1718448780605 41.8 107
1718448790637 41.8 108
1718448800676 41.8 109
1718448810719 41.8 110
1718448820758 42.0 111
1718448830794 41.8 112
1718448840825 41.8 113
1718448850851 41.8 114
1718448860880 41.8 115
1718448870922 41.8 116
1718448880966 41.8 117
1718448890998 42.2 118
1718448901020 42.1 119
1718448911046 42.1 120
1718448921069 42.2 121
1718448931090 42.0 122
1718448941135 42.0 123
1718448951165 42.2 124
1718448961197 42.3 125
1718448971225 42.3 126
1718448981247 42.2 127
1718448991277 42.1 128
1718449001305 42.1 129
1718449011334 42.1 130
1718449021364 42.1 131
1718449031386 42.1 132
1718449041410 42.1 133
1718449051436 42.0 134
1718449061467 42.2 135
1718449071499 42.2 136
1718449081527 42.1 137
1718449091559 42.1 138
1718449101591 42.1 139
1718449111624 42.1 140
1718449121654 42.1 141
1718449131701 42.1 142
1718449141729 42.0 143
1718449151772 42.2 144
1718449161805 42.1 145
1718449171832 42.0 146
1718449181862 42.0 147
1718449191893 42.0 148
1718449201931 42.0 149
1718449211962 42.0 150
1718449221988 42.0 151
1718449232019 41.9 152
1718449242044 42.1 153
1718449252072 42.1 154
1718449262165 42.1 155
1718449272203 42.1 156
1718449282246 42.1 157
1718449292283 42.0 158
1718449302313 42.0 159
1718449312335 42.1 160
1718449322375 42.0 161
1718449332416 42.0 162
1718449342446 41.9 163
1718449352488 42.1 164
1718449362517 42.0 165
1718449372554 42.1 166
1718449382625 42.0 167
1718449398420 42.0 168
1718449408448 42.0 169
1718449418475 42.1 170
1718449428516 42.1 171
1718449438543 42.1 172
1718449448570 42.1 173
1718449458635 42.0 174
1718449468665 42.0 175
1718449478695 42.0 176
1718449488719 42.0 177
1718449498756 42.1 178
1718449508792 42.1 179
1718449518835 42.1 180
1718449528880 42.0 181
1718449538910 42.0 182
1718449548940 42.2 183
1718449558966 42.1 184
1718449568997 42.0 185
1718449579020 42.0 186
1718449589045 42.0 187
1718449599081 42.0 188
1718449609107 42.1 189
1718449619143 42.2 190
1718449629205 42.2 191
1718449639231 42.0 192
1718449649253 42.0 193
1718449659283 42.0 194
1718449669307 42.0 195
1718449679388 42.0 196
1718449689414 42.0 197
1718449699438 42.0 198
1718449709464 42.0 199
1718449719495 42.0 200
1718449729565 42.1 201
1718449739590 42.0 202
1718449749645 42.1 203
1718449759713 42.0 204
1718449769739 42.0 205
1718449779764 42.0 206
1718449789788 42.1 207
1718449799814 42.1 208
1718449809840 42.0 209
1718449819878 42.0 210
1718449829904 42.0 211
1718449839926 42.0 212
1718449849950 42.1 213
1718449859975 42.0 214
1718449870013 42.1 215
1718449880037 42.2 216
1718449890061 42.0 217
1718449900117 42.0 218
1718449910154 42.1 219
1718449920179 42.0 220
1718449930204 42.1 221
1718449940230 42.0 222
1718449950254 42.0 223
1718449960275 42.0 224
1718449970301 42.1 225
1718449980325 42.1 226
1718449990349 42.1 227
1718450000377 42.1 228
1718450010421 42.0 229
1718450020459 42.0 230
1718450030488 42.2 231
1718450040512 42.5 232
1718450050542 42.3 233
1718450060582 42.3 234
1718450070610 42.5 235
1718450080688 42.4 236
1718450090716 42.4 237
1718450100742 42.4 238
1718450110768 42.2 239
1718450120793 42.1 240
1718450130820 42.0 241
1718450140846 42.1 242
1718450150874 42.4 243
1718450160916 42.7 244
1718450170949 42.9 245
1718450180976 42.2 246
1718450191003 42.0 247
1718450201027 42.0 248
1718450211054 41.9 249
1718450221085 42.1 250
1718450231165 41.9 251
1718450241197 41.9 252
1718450251225 41.6 253
1718450261251 41.7 254
1718450271277 41.7 255
1718450281304 41.8 256
1718450291401 41.7 257
1718450301430 41.7 258
1718450311459 41.9 259
1718450321485 41.7 260
1718450331513 41.7 261
1718450341538 41.7 262
1718450351563 41.9 263
1718450361590 42.0 264
1718450371614 42.0 265
1718450381650 42.0 266
1718450391680 41.9 267
1718450401708 41.9 268
1718450411793 41.8 269
1718450421827 41.8 270
1718450431850 41.9 271
1718450441883 42.1 272
1718450451920 42.1 273
1718450461946 42.1 274
1718450471987 42.2 275
1718450482015 42.1 276
1718450492043 42.2 277
1718450502087 41.8 278
1718450512176 41.8 279
1718450522214 41.9 280
1718450532245 41.8 281
1718450542327 41.8 282
1718450552359 41.9 283
1718450562386 41.9 284
1718450572420 41.9 285
1718450582457 42.3 286
1718450592496 41.9 287
1718450602524 41.7 288
1718450612558 41.8 289
1718450622585 42.0 290
1718450632615 42.0 291
1718450642644 42.0 292
1718450652677 42.1 293
1718450662757 42.1 294
1718450672818 42.1 295
1718450682846 42.3 296
1718450692913 42.2 297
1718450702941 42.2 298
1718450712977 42.3 299
1718450723018 42.0 300
1718450733050 42.0 301
1718450743079 42.0 302
1718450753135 42.0 303
1718450763173 42.0 304
1718450773205 42.0 305
1718450783292 41.9 306
1718450793325 41.9 307
1718450803350 41.9 308
1718450813380 41.9 309
1718450823409 42.1 310
1718450833437 42.0 311
1718450843523 42.1 312
1718450853557 42.0 313
1718450863593 42.1 314
1718450873676 42.0 315
1718450883757 42.0 316
1718450893791 42.0 317
1718450903875 42.3 318
1718450913898 42.7 319
1718450923924 42.7 320
1718450934019 41.8 321
1718450944055 41.7 322
1718450954084 41.7 323
1718450964157 41.7 324
1718450974188 41.7 325
1718450984238 41.8 326
1718450994280 42.1 327
1718451004311 42.1 328
1718451014341 41.9 329
1718451024368 41.8 330
1718451034398 41.9 331
1718451044430 41.9 332
1718451054462 41.8 333
1718451064494 41.9 334
1718451074522 41.9 335
1718451088634 42.0 336
1718451098663 41.9 337
1718451108691 41.7 338
1718451118732 41.8 339
1718451128775 41.8 340
1718451138806 41.7 341
1718451148842 41.7 342
1718451158887 41.7 343
1718451168918 41.8 344
1718451178962 41.9 345
1718451188991 44.6 346
