1718447704868 11076.4 0
1718447714888 12212.2 1
1718447724908 12240.2 2
1718447734928 12273.8 3
1718447744951 12147.9 4
1718447754979 12133.0 5
1718447765003 12116.1 6
1718447775031 12143.2 7
1718447785057 12129.4 8
1718447795084 12118.8 9
1718447805107 12119.6 10
1718447815123 12112.8 11
1718447825142 12115.2 12
1718447835161 12095.3 13
1718447845180 12092.4 14
1718447855204 12119.5 15
1718447865224 12130.9 16
1718447875243 12124.6 17
1718447885267 12122.7 18
1718447895333 12089.3 19
1718447905352 12096.8 20
1718447915429 12102.9 21
1718447925448 12129.4 22
1718447935475 12121.9 23
1718447945504 12111.5 24
1718447955527 12093.2 25
1718447965552 12125.6 26
1718447975583 12119.7 27
1718447985606 12119.5 28
1718447995659 12123.9 29
1718448005681 12158.3 30
1718448015701 12133.1 31
1718448025721 12103.1 32
1718448035745 12108.2 33
1718448045792 12113.9 34
1718448055811 12121.2 35
1718448065831 12118.8 36
1718448075848 12175.2 37
1718448085867 12148.9 38
1718448095888 12139.3 39
1718448105922 12151.7 40
1718448115945 12173.0 41
1718448125966 12170.3 42
1718448135986 12147.3 43
1718448146014 12116.9 44
1718448156033 12145.3 45
1718448166055 12167.5 46
1718448176074 12141.4 47
1718448186099 12138.0 48
1718448196120 12143.2 49
1718448206158 12133.7 50
1718448216187 12130.9 51
1718448226248 12145.3 52
1718448236277 12115.9 53
1718448246300 12111.8 54
1718448256354 12103.1 55
1718448266382 12112.4 56
1718448276403 12112.2 57
1718448286425 12131.1 58
1718448296458 12147.0 59
1718448306487 12200.1 60
1718448316516 12195.5 61
1718448326540 12222.0 62
1718448336570 12211.0 63
1718448346600 12320.3 64
1718448356623 12348.0 65
1718448366651 12289.4 66
1718448376673 12279.4 67
1718448386701 12312.4 68
1718448396725 12302.2 69
1718448406753 12307.1 70
1718448416779 12300.9 71
1718448426807 12332.0 72
1718448436830 12310.1 73
1718448446853 12326.4 74
1718448456874 12329.0 75
1718448466896 12325.5 76
1718448476924 12302.7 77
1718448486957 12306.7 78
1718448497015 12272.3 79
1718448507045 12272.0 80
1718448517071 12284.4 81
1718448527094 12328.2 82
1718448537118 12311.4 83
1718448550016 12313.4 84
1718448560051 14047.6 85
1718448570083 14068.1 86
1718448580106 14098.9 87
1718448590128 14083.2 88
1718448600157 14068.6 89
1718448610187 14075.7 90
1718448620213 14067.0 91
1718448630236 14063.4 92
1718448640260 14050.6 93
1718448650288 14093.3 94
1718448660313 14064.6 95
1718448670336 14092.5 96
1718448680359 14102.8 97
1718448690391 14139.6 98
1718448700418 14098.6 99
1718448710438 14080.3 100
1718448720456 14053.2 101
1718448730477 14030.2 102
1718448740500 14032.8 103
1718448750523 14029.3 104
1718448760559 14022.8 105
1718448770581 14029.0 106
1718448780605 14016.5 107
1718448790637 14010.8 108
1718448800676 14014.0 109
1718448810719 14009.7 110
1718448820758 14082.8 111
1718448830794 14031.9 112
1718448840825 14015.3 113
1718448850851 14013.6 114
1718448860880 14023.9 115
1718448870922 14011.4 116
1718448880966 14018.7 117
1718448890998 14152.2 118
1718448901020 14114.0 119
1718448911046 14109.8 120
1718448921069 14146.9 121
1718448931090 14093.1 122
1718448941135 14098.1 123
1718448951165 14156.3 124
1718448961197 14181.5 125
1718448971225 14188.9 126
1718448981247 14152.3 127
1718448991277 14106.3 128
1718449001305 14133.5 129
1718449011334 14131.9 130
1718449021364 14114.0 131
1718449031386 14115.5 132
1718449041410 14113.8 133
1718449051436 14099.7 134
1718449061467 14142.3 135
1718449071499 14146.2 136
1718449081527 14122.6 137
1718449091559 14115.4 138
1718449101591 14111.3 139
1718449111624 14109.0 140
1718449121654 14130.7 141
1718449131701 14130.5 142
1718449141729 14096.5 143
1718449151772 14163.9 144
1718449161805 14102.6 145
1718449171832 14084.6 146
1718449181862 14100.8 147
1718449191893 14098.8 148
1718449201931 14088.2 149
1718449211962 14071.5 150
1718449221988 14071.6 151
1718449232019 14064.4 152
1718449242044 14112.9 153
1718449252072 14106.9 154
1718449262165 14114.8 155
1718449272203 14106.0 156
1718449282246 14110.4 157
1718449292283 14087.6 158
1718449302313 14092.8 159
1718449312335 14110.9 160
1718449322375 14093.4 161
1718449332416 14087.0 162
1718449342446 14064.5 163
1718449352488 14123.3 164
1718449362517 14096.3 165
1718449372554 14107.0 166
1718449382625 14101.7 167
1718449398420 14086.8 168
1718449408448 14097.3 169
1718449418475 14121.9 170
1718449428516 14106.8 171
1718449438543 14119.2 172
1718449448570 14115.8 173
1718449458635 14098.1 174
1718449468665 14098.5 175
1718449478695 14094.6 176
1718449488719 14100.5 177
1718449498756 14131.8 178
1718449508792 14117.0 179
1718449518835 14102.4 180
1718449528880 14094.2 181
1718449538910 14085.8 182
1718449548940 14151.8 183
1718449558966 14104.8 184
1718449568997 14096.9 185
1718449579020 14078.3 186
1718449589045 14080.0 187
1718449599081 14085.2 188
1718449609107 14106.8 189
1718449619143 14148.7 190
1718449629205 14137.5 191
1718449639231 14091.5 192
1718449649253 14091.3 193
1718449659283 14074.3 194
1718449669307 14091.6 195
1718449679388 14086.9 196
1718449689414 14088.7 197
1718449699438 14082.6 198
1718449709464 14082.5 199
1718449719495 14074.8 200
1718449729565 14114.7 201
1718449739590 14097.5 202
1718449749645 14103.9 203
1718449759713 14087.6 204
1718449769739 14091.1 205
1718449779764 14092.7 206
1718449789788 14110.5 207
1718449799814 14104.0 208
1718449809840 14086.4 209
1718449819878 14092.6 210
1718449829904 14072.4 211
1718449839926 14074.2 212
1718449849950 14104.2 213
1718449859975 14095.2 214
1718449870013 14127.9 215
1718449880037 14147.1 216
1718449890061 14086.5 217
1718449900117 14080.8 218
1718449910154 14109.0 219
1718449920179 14099.7 220
1718449930204 14104.7 221
1718449940230 14096.3 222
1718449950254 14082.6 223
1718449960275 14094.8 224
1718449970301 14104.8 225
1718449980325 14108.5 226
1718449990349 14110.9 227
1718450000377 14106.0 228
1718450010421 14101.3 229
1718450020459 14091.7 230
1718450030488 14147.0 231
1718450040512 14237.2 232
1718450050542 14186.5 233
1718450060582 14188.1 234
1718450070610 14236.4 235
1718450080688 14234.2 236
1718450090716 14205.4 237
1718450100742 14223.0 238
1718450110768 14139.0 239
1718450120793 14108.6 240
1718450130820 14100.0 241
1718450140846 14131.6 242
1718450150874 14225.4 243
1718450160916 14314.0 244
1718450170949 14370.9 245
1718450180976 14146.9 246
1718450191003 14095.2 247
1718450201027 14098.1 248
1718450211054 14066.4 249
1718450221085 14131.6 250
1718450231165 14064.8 251
1718450241197 14055.0 252
1718450251225 13959.9 253
1718450261251 13999.9 254
1718450271277 13987.4 255
1718450281304 14004.4 256
1718450291401 13981.1 257
1718450301430 13978.3 258
1718450311459 14035.8 259
1718450321485 13987.7 260
1718450331513 13970.1 261
1718450341538 13999.0 262
1718450351563 14051.2 263
1718450361590 14081.2 264
1718450371614 14071.3 265
1718450381650 14087.2 266
1718450391680 14054.4 267
1718450401708 14036.6 268
1718450411793 14019.3 269
1718450421827 14020.0 270
1718450431850 14037.9 271
1718450441883 14118.9 272
1718450451920 14109.7 273
1718450461946 14117.1 274
1718450471987 14141.2 275
1718450482015 14132.3 276
1718450492043 14138.1 277
1718450502087 14004.3 278
1718450512176 14025.2 279
1718450522214 14045.5 280
1718450532245 14032.7 281
1718450542327 14032.5 282
1718450552359 14062.3 283
1718450562386 14058.5 284
1718450572420 14058.7 285
1718450582457 14178.5 286
1718450592496 14044.2 287
1718450602524 13980.6 288
1718450612558 14009.0 289
1718450622585 14074.7 290
1718450632615 14092.8 291
1718450642644 14080.9 292
1718450652677 14111.0 293
1718450662757 14105.3 294
1718450672818 14133.6 295
1718450682846 14189.2 296
1718450692913 14162.5 297
1718450702941 14154.6 298
1718450712977 14178.5 299
1718450723018 14074.9 300
1718450733050 14091.1 301
1718450743079 14079.8 302
1718450753135 14080.4 303
1718450763173 14081.6 304
1718450773205 14097.4 305
1718450783292 14038.4 306
1718450793325 14042.2 307
1718450803350 14061.7 308
1718450813380 14057.7 309
1718450823409 14109.4 310
1718450833437 14094.9 311
1718450843523 14104.5 312
1718450853557 14095.4 313
1718450863593 14106.5 314
1718450873676 14089.7 315
1718450883757 14091.9 316
1718450893791 14093.1 317
1718450903875 14196.3 318
1718450913898 14320.9 319
1718450923924 14317.8 320
1718450934019 14005.8 321
1718450944055 13999.2 322
1718450954084 13990.0 323
1718450964157 13997.3 324
1718450974188 13997.1 325
1718450984238 14028.5 326
1718450994280 14107.8 327
1718451004311 14126.0 328
1718451014341 14046.1 329
1718451024368 14018.9 330
1718451034398 14061.6 331
1718451044430 14048.8 332
1718451054462 14032.1 333
1718451064494 14065.0 334
1718451074522 14061.1 335
1718451088634 14085.3 336
1718451098663 14036.0 337
1718451108691 13987.1 338
1718451118732 14007.3 339
1718451128775 14011.3 340
1718451138806 13993.6 341
1718451148842 13984.5 342
1718451158887 13968.5 343
1718451168918 14013.5 344
1718451178962 14041.6 345
1718451188991 14963.8 346
